TEFF   8250.  GRAVITY 1.00000 LTE 
TITLE TEST RUN WITH SDSC OPACITY  VTURB 2 KM/S    L/H 1.25                      
 OPACITY IFOP 1 1 1 1 1 1 1 1 1 1 1 1 1 0 1 0 0 0 0 0
 CONVECTION ON   1.25 TURBULENCE OFF  0.00  0.00  0.00  0.00
ABUNDANCE SCALE   1.00000 ABUNDANCE CHANGE 1 0.91100 2 0.08900
 ABUNDANCE CHANGE  3 -10.88  4 -10.89  5  -9.44  6  -3.48  7  -3.99  8  -3.11
 ABUNDANCE CHANGE  9  -7.48 10  -3.95 11  -5.71 12  -4.46 13  -5.57 14  -4.49
 ABUNDANCE CHANGE 15  -6.59 16  -4.83 17  -6.54 18  -5.48 19  -6.82 20  -5.68
 ABUNDANCE CHANGE 21  -8.94 22  -7.05 23  -8.04 24  -6.37 25  -6.65 26  -4.37
 ABUNDANCE CHANGE 27  -7.12 28  -5.79 29  -7.83 30  -7.44 31  -9.16 32  -8.63
 ABUNDANCE CHANGE 33  -9.67 34  -8.69 35  -9.41 36  -8.81 37  -9.44 38  -9.14
 ABUNDANCE CHANGE 39  -9.80 40  -9.54 41 -10.62 42 -10.12 43 -20.00 44 -10.20
 ABUNDANCE CHANGE 45 -10.92 46 -10.35 47 -11.10 48 -10.18 49 -10.58 50 -10.04
 ABUNDANCE CHANGE 51 -11.04 52  -9.80 53 -10.53 54  -9.81 55 -10.92 56  -9.91
 ABUNDANCE CHANGE 57 -10.82 58 -10.49 59 -11.33 60 -10.54 61 -20.00 62 -11.04
 ABUNDANCE CHANGE 63 -11.53 64 -10.92 65 -11.94 66 -10.94 67 -11.78 68 -11.11
 ABUNDANCE CHANGE 69 -12.04 70 -10.96 71 -11.28 72 -11.16 73 -11.91 74 -10.93
 ABUNDANCE CHANGE 75 -11.77 76 -10.59 77 -10.69 78 -10.24 79 -11.03 80 -10.95
 ABUNDANCE CHANGE 81 -11.14 82 -10.19 83 -11.33 84 -20.00 85 -20.00 86 -20.00
 ABUNDANCE CHANGE 87 -20.00 88 -20.00 89 -20.00 90 -11.92 91 -20.00 92 -12.51
 ABUNDANCE CHANGE 93 -20.00 94 -20.00 95 -20.00 96 -20.00 97 -20.00 98 -20.00
 ABUNDANCE CHANGE 99 -20.00
READ DECK6 64 RHOX,T,P,XNE,ABROSS,ACCRAD,VTURB
 3.47339533E-05   4546.0 2.528E-04 1.467E+07 5.470E-02 2.721E+00 2.000E+05
 3.61534363E-05   4956.0 2.636E-04 5.562E+07 5.470E-02 2.090E+00 2.000E+05
 4.35387472E-05   4982.5 3.224E-04 6.714E+07 5.429E-02 1.976E+00 2.000E+05
 5.81738702E-05   5026.7 4.407E-04 9.053E+07 5.412E-02 1.856E+00 2.000E+05
 7.77481421E-05   5067.3 6.012E-04 1.206E+08 5.327E-02 1.751E+00 2.000E+05
 1.04327246E-04   5107.5 8.218E-04 1.603E+08 5.222E-02 1.659E+00 2.000E+05
 1.40533244E-04   5147.9 1.125E-03 2.131E+08 5.109E-02 1.571E+00 2.000E+05
 1.89989048E-04   5188.5 1.545E-03 2.833E+08 4.989E-02 1.484E+00 2.000E+05
 2.57673220E-04   5228.6 2.124E-03 3.760E+08 4.852E-02 1.400E+00 2.000E+05
 3.50777331E-04   5267.8 2.928E-03 4.978E+08 4.694E-02 1.323E+00 2.000E+05
 4.79463248E-04   5306.3 4.050E-03 6.581E+08 4.520E-02 1.256E+00 2.000E+05
 6.57927235E-04   5345.1 5.616E-03 8.704E+08 4.345E-02 1.200E+00 2.000E+05
 9.05316970E-04   5385.3 7.799E-03 1.154E+09 4.186E-02 1.153E+00 2.000E+05
 1.24651607E-03   5428.4 1.082E-02 1.538E+09 4.065E-02 1.115E+00 2.000E+05
 1.71230741E-03   5475.1 1.497E-02 2.059E+09 3.994E-02 1.087E+00 2.000E+05
 2.34100562E-03   5525.2 2.058E-02 2.763E+09 3.967E-02 1.063E+00 2.000E+05
 3.18053271E-03   5578.2 2.809E-02 3.710E+09 3.981E-02 1.044E+00 2.000E+05
 4.29068020E-03   5633.8 3.805E-02 4.976E+09 4.032E-02 1.026E+00 2.000E+05
 5.74617969E-03   5691.3 5.112E-02 6.657E+09 4.116E-02 1.010E+00 2.000E+05
 7.64191833E-03   5750.2 6.818E-02 8.870E+09 4.226E-02 9.978E-01 2.000E+05
 1.00969341E-02   5810.2 9.029E-02 1.177E+10 4.363E-02 9.882E-01 2.000E+05
 1.32597643E-02   5871.5 1.188E-01 1.556E+10 4.528E-02 9.831E-01 2.000E+05
 1.73105736E-02   5934.2 1.553E-01 2.051E+10 4.729E-02 9.818E-01 2.000E+05
 2.24683055E-02   5998.0 2.018E-01 2.692E+10 4.965E-02 9.838E-01 2.000E+05
 2.90042653E-02   6062.5 2.608E-01 3.517E+10 5.235E-02 9.891E-01 2.000E+05
 3.72591141E-02   6126.8 3.351E-01 4.567E+10 5.534E-02 9.986E-01 2.000E+05
 4.76618076E-02   6190.9 4.287E-01 5.898E+10 5.862E-02 1.012E+00 2.000E+05
 6.07359440E-02   6254.9 5.461E-01 7.580E+10 6.229E-02 1.031E+00 2.000E+05
 7.71153487E-02   6318.9 6.928E-01 9.695E+10 6.642E-02 1.055E+00 2.000E+05
 9.75630057E-02   6382.9 8.754E-01 1.234E+11 7.108E-02 1.087E+00 2.000E+05
 1.22994776E-01   6446.6 1.102E+00 1.564E+11 7.635E-02 1.127E+00 2.000E+05
 1.54503457E-01   6510.2 1.380E+00 1.972E+11 8.234E-02 1.177E+00 2.000E+05
 1.93369589E-01   6574.1 1.722E+00 2.476E+11 8.925E-02 1.241E+00 2.000E+05
 2.41003477E-01   6639.4 2.137E+00 3.100E+11 9.749E-02 1.322E+00 2.000E+05
 2.98842579E-01   6707.3 2.636E+00 3.875E+11 1.076E-01 1.427E+00 2.000E+05
 3.68234620E-01   6779.4 3.226E+00 4.841E+11 1.205E-01 1.568E+00 2.000E+05
 4.50153019E-01   6858.3 3.910E+00 6.053E+11 1.374E-01 1.757E+00 2.000E+05
 5.44916382E-01   6946.1 4.679E+00 7.579E+11 1.601E-01 2.015E+00 2.000E+05
 6.51898071E-01   7046.2 5.515E+00 9.513E+11 1.917E-01 2.374E+00 2.000E+05
 7.69303800E-01   7162.5 6.382E+00 1.197E+12 2.364E-01 2.872E+00 2.000E+05
 8.94415989E-01   7297.6 7.232E+00 1.503E+12 3.000E-01 3.568E+00 2.000E+05
 1.02411551E+00   7455.2 8.007E+00 1.875E+12 3.905E-01 4.538E+00 2.000E+05
 1.15584681E+00   7639.6 8.644E+00 2.304E+12 5.152E-01 5.829E+00 2.000E+05
 1.28924080E+00   7853.4 9.098E+00 2.751E+12 6.723E-01 7.359E+00 2.000E+05
 1.42848934E+00   8099.9 9.356E+00 3.142E+12 8.426E-01 8.924E+00 2.000E+05
 1.58239796E+00   8381.0 9.437E+00 3.398E+12 9.740E-01 9.905E+00 2.000E+05
 1.76816050E+00   8698.6 9.422E+00 3.492E+12 1.032E+00 1.013E+01 2.000E+05
 2.01229069E+00   9053.0 9.459E+00 3.491E+12 1.012E+00 9.560E+00 2.000E+05
 2.35101520E+00   9454.2 9.744E+00 3.505E+12 9.570E-01 8.752E+00 2.000E+05
 2.83161003E+00   9888.1 1.054E+01 3.652E+12 8.972E-01 8.006E+00 2.000E+05
 3.51473103E+00  10393.6 1.213E+01 4.014E+12 8.440E-01 7.399E+00 2.000E+05
 4.47401587E+00  10942.3 1.482E+01 4.667E+12 8.082E-01 7.039E+00 2.000E+05
 5.80402298E+00  11586.4 1.893E+01 5.643E+12 7.808E-01 6.808E+00 2.000E+05
 7.62672730E+00  12292.0 2.489E+01 7.032E+12 7.650E-01 6.671E+00 2.000E+05
 1.00850429E+01  13096.5 3.309E+01 8.875E+12 7.625E-01 6.666E+00 2.000E+05
 1.33532995E+01  13966.3 4.392E+01 1.121E+13 7.679E-01 6.704E+00 2.000E+05
 1.76842521E+01  14937.5 5.810E+01 1.399E+13 7.717E-01 6.749E+00 2.000E+05
 2.34503541E+01  15977.7 7.692E+01 1.739E+13 7.708E-01 6.723E+00 2.000E+05
 3.11144528E+01  17122.8 1.018E+02 2.150E+13 7.768E-01 6.794E+00 2.000E+05
 4.12882812E+01  18349.6 1.344E+02 2.652E+13 7.775E-01 6.780E+00 2.000E+05
 5.48718001E+01  19691.9 1.783E+02 3.278E+13 7.748E-01 6.758E+00 2.000E+05
 7.31163885E+01  21126.4 2.385E+02 4.087E+13 7.667E-01 6.647E+00 2.000E+05
 9.76256977E+01  22686.8 3.212E+02 5.126E+13 7.657E-01 6.604E+00 2.000E+05
 1.29864726E+02  24356.0 4.327E+02 6.431E+13 7.859E-01 6.481E+00 2.000E+05
PRADK 8.5179E+00
BEGIN                    ITERATION  15 COMPLETED
