TEFF  15000.  GRAVITY 3.50000 LTE 
TITLE TEST MODEL WITH SDSC OPACITY  VTURB 2 KM/S                                
 OPACITY IFOP
FLUX   45    23.00        1.303446E+16   2.6902E-31   2.7082E-31   0.99334
FLUX   46    23.40        1.281165E+16   7.9085E-31   7.9341E-31   0.99677
FLUX   47    24.00        1.249135E+16   3.7331E-30   3.7406E-30   0.99798
FLUX   48    24.65        1.216197E+16   1.8554E-29   1.8555E-29   0.99997
FLUX   49    25.24        1.187767E+16   7.4376E-29   7.4379E-29   0.99997
FLUX   50    25.68        1.167416E+16   2.0160E-28   2.0166E-28   0.99971
FLUX   51    26.00        1.153048E+16   4.0842E-28   4.0843E-28   0.99997
FLUX   52    26.40        1.135578E+16   9.6499E-28   9.6501E-28   0.99998
FLUX   53    26.85        1.116546E+16   2.4536E-27   2.4537E-27   0.99998
FLUX   54    27.35        1.096133E+16   6.6857E-27   6.6869E-27   0.99982
FLUX   55    27.85        1.076454E+16   1.7721E-26   1.7722E-26   0.99998
FLUX   56    28.40        1.055607E+16   4.9803E-26   4.9805E-26   0.99997
FLUX   57    29.00        1.033767E+16   1.4718E-25   1.4718E-25   0.99997
FLUX   58    29.60        1.012813E+16   4.1529E-25   4.1532E-25   0.99991
FLUX   59    30.10        9.959884E+15   9.6195E-25   9.6233E-25   0.99961
FLUX   60    30.80        9.733523E+15   2.9818E-24   2.9837E-24   0.99935
FLUX   61    31.80        9.427437E+15   1.3829E-23   1.3829E-23   0.99997
FLUX   62    32.80        9.140015E+15   5.8690E-23   5.8770E-23   0.99863
FLUX   63    33.80        8.869601E+15   2.2979E-22   2.2980E-22   0.99999
FLUX   64    34.80        8.614727E+15   8.3523E-22   8.3534E-22   0.99986
FLUX   65    35.70        8.397549E+15   2.5501E-21   2.5546E-21   0.99822
FLUX   66    36.60        8.191052E+15   7.3056E-21   7.3090E-21   0.99953
FLUX   67    37.50        7.994467E+15   1.9828E-20   1.9874E-20   0.99770
FLUX   68    38.50        7.786818E+15   5.7224E-20   5.7306E-20   0.99857
FLUX   69    39.50        7.589684E+15   1.5656E-19   1.5681E-19   0.99840
FLUX   70    40.50        7.402284E+15   4.0880E-19   4.0927E-19   0.99886
FLUX   71    41.40        7.241365E+15   9.3331E-19   9.3408E-19   0.99918
FLUX   72    42.20        7.104088E+15   1.8850E-18   1.8895E-18   0.99759
FLUX   73    43.00        6.971919E+15   3.6998E-18   3.7243E-18   0.99342
FLUX   74    44.10        6.798016E+15   9.0921E-18   9.1064E-18   0.99844
FLUX   75    45.10        6.647284E+15   1.9736E-17   1.9759E-17   0.99884
FLUX   76    46.00        6.517228E+15   3.8512E-17   3.8566E-17   0.99862
FLUX   77    47.00        6.378564E+15   7.8648E-17   7.8736E-17   0.99887
FLUX   78    48.00        6.245677E+15   1.5587E-16   1.5603E-16   0.99897
FLUX   79    49.00        6.118214E+15   3.0085E-16   3.0094E-16   0.99972
FLUX   80    50.00        5.995850E+15   5.6461E-16   5.6468E-16   0.99988
FLUX   81    50.60        5.924753E+15   6.0292E-14   1.1480E-13   0.52519
FLUX   82    51.20        5.855322E+15   2.0575E-13   2.3735E-13   0.86685
FLUX   83    52.00        5.765240E+15   2.9677E-13   3.3756E-13   0.87916
FLUX   84    53.00        5.656462E+15   4.7984E-13   5.1653E-13   0.92897
FLUX   85    54.00        5.551713E+15   6.5882E-13   7.7822E-13   0.84658
FLUX   86    55.00        5.450773E+15   1.1224E-12   1.1558E-12   0.97113
FLUX   87    56.00        5.353438E+15   1.6397E-12   1.6926E-12   0.96872
FLUX   88    57.00        5.259518E+15   2.4218E-12   2.4460E-12   0.99012
FLUX   89    58.00        5.168836E+15   3.2081E-12   3.8957E-12   0.82351
FLUX   90    59.00        5.081229E+15   5.0937E-12   5.4429E-12   0.93585
FLUX   91    60.00        4.996542E+15   7.2511E-12   7.5221E-12   0.96398
FLUX   92    61.00        4.914631E+15   1.0263E-11   1.0288E-11   0.99758
FLUX   93    62.00        4.835363E+15   1.3683E-11   1.3932E-11   0.98206
FLUX   94    63.00        4.758611E+15   1.8618E-11   1.8693E-11   0.99601
FLUX   95    64.00        4.684258E+15   2.4038E-11   2.4867E-11   0.96669
FLUX   96    65.00        4.612192E+15   3.2237E-11   3.2797E-11   0.98293
FLUX   97    65.80        4.556117E+15   4.0511E-11   4.0685E-11   0.99572
FLUX   98    66.50        4.508158E+15   4.7719E-11   4.8924E-11   0.97538
FLUX   99    67.50        4.441370E+15   6.0958E-11   6.3256E-11   0.96366
FLUX  100    68.50        4.376533E+15   7.9153E-11   8.1185E-11   0.97497
FLUX  101    69.50        4.313561E+15   1.0236E-10   1.0345E-10   0.98945
FLUX  102    70.50        4.252376E+15   1.2909E-10   1.3094E-10   0.98589
FLUX  103    71.60        4.187046E+15   1.6448E-10   1.6840E-10   0.97671
FLUX  104    72.60        4.129373E+15   2.0610E-10   2.1031E-10   0.97999
FLUX  105    73.50        4.078810E+15   2.4668E-10   2.5559E-10   0.96515
FLUX  106    74.50        4.024060E+15   3.1004E-10   3.1572E-10   0.98199
FLUX  107    75.50        3.970762E+15   3.8297E-10   3.8784E-10   0.98745
FLUX  108    76.50        3.918856E+15   4.6635E-10   4.7437E-10   0.98309
FLUX  109    77.50        3.868290E+15   5.7330E-10   5.7662E-10   0.99424
FLUX  110    78.50        3.819013E+15   6.9514E-10   6.9739E-10   0.99677
FLUX  111    79.50        3.770975E+15   8.2669E-10   8.3938E-10   0.98488
FLUX  112    80.50        3.724130E+15   9.9280E-10   1.0056E-09   0.98729
FLUX  113    81.50        3.678436E+15   1.1675E-09   1.1993E-09   0.97352
FLUX  114    82.50        3.633848E+15   1.3994E-09   1.4243E-09   0.98257
FLUX  115    83.50        3.590329E+15   1.6078E-09   1.6845E-09   0.95444
FLUX  116    84.50        3.547840E+15   1.9225E-09   1.9843E-09   0.96886
FLUX  117    85.50        3.506345E+15   2.2627E-09   2.3286E-09   0.97172
FLUX  118    86.50        3.465809E+15   2.6557E-09   2.7221E-09   0.97563
FLUX  119    87.50        3.426200E+15   3.1056E-09   3.1703E-09   0.97960
FLUX  120    88.50        3.387486E+15   3.6577E-09   3.6795E-09   0.99408
FLUX  121    89.50        3.349637E+15   4.2198E-09   4.2557E-09   0.99158
FLUX  122    90.50        3.312624E+15   4.7160E-09   4.9057E-09   0.96135
FLUX  123    91.50        3.276421E+15   2.7598E-08   6.9256E-05   0.00040
FLUX  124    92.50        3.241000E+15   1.3638E-07   6.9839E-05   0.00195
FLUX  125    93.50        3.206337E+15   3.1939E-07   7.0415E-05   0.00454
FLUX  126    94.50        3.172407E+15   1.8839E-06   7.0983E-05   0.02654
FLUX  127    95.50        3.139188E+15   6.9985E-06   7.1546E-05   0.09782
FLUX  128    96.50        3.106658E+15   1.0601E-05   7.2107E-05   0.14702
FLUX  129    97.50        3.074795E+15   1.7800E-06   7.2674E-05   0.02449
FLUX  130    98.50        3.043579E+15   1.5444E-05   7.3237E-05   0.21088
FLUX  131    99.50        3.012990E+15   1.5083E-05   7.3796E-05   0.20439
FLUX  132   100.50        2.983010E+15   2.2990E-05   7.4352E-05   0.30921
FLUX  133   101.50        2.953621E+15   2.1170E-05   7.4906E-05   0.28262
FLUX  134   102.50        2.924805E+15   2.1227E-06   7.8782E-05   0.02694
FLUX  135   103.50        2.896546E+15   1.0222E-05   7.9295E-05   0.12891
FLUX  136   104.50        2.868828E+15   3.3477E-05   7.9806E-05   0.41947
FLUX  137   105.50        2.841635E+15   3.7792E-05   8.0315E-05   0.47055
FLUX  138   106.50        2.814953E+15   3.0106E-05   8.0823E-05   0.37249
FLUX  139   107.50        2.788767E+15   3.7647E-05   8.1330E-05   0.46290
FLUX  140   108.50        2.763065E+15   2.6536E-05   8.1837E-05   0.32426
FLUX  141   109.50        2.737831E+15   4.0022E-05   8.2344E-05   0.48604
FLUX  142   110.50        2.713054E+15   4.1345E-05   1.0487E-04   0.39425
FLUX  143   111.50        2.688722E+15   3.9226E-05   1.0531E-04   0.37249
FLUX  144   112.50        2.664822E+15   3.9377E-05   1.0572E-04   0.37246
FLUX  145   113.50        2.641344E+15   4.9991E-05   1.0710E-04   0.46678
FLUX  146   114.50        2.618275E+15   4.5793E-05   1.0747E-04   0.42611
FLUX  147   115.50        2.595606E+15   5.1441E-05   1.0783E-04   0.47708
FLUX  148   116.50        2.573326E+15   5.7178E-05   1.0817E-04   0.52861
FLUX  149   117.50        2.551426E+15   4.8408E-05   1.0882E-04   0.44485
FLUX  150   118.50        2.529895E+15   5.7117E-05   1.0914E-04   0.52334
FLUX  151   119.50        2.508724E+15   2.1940E-05   1.0945E-04   0.20046
FLUX  152   120.50        2.487905E+15   1.9741E-05   1.0974E-04   0.17988
FLUX  153   121.50        2.467428E+15   3.5348E-06   1.1003E-04   0.03213
FLUX  154   122.50        2.447286E+15   2.5813E-05   1.1102E-04   0.23252
FLUX  155   123.50        2.427470E+15   6.5816E-05   1.1128E-04   0.59143
FLUX  156   124.50        2.407972E+15   7.8065E-05   1.1564E-04   0.67505
FLUX  157   125.50        2.388785E+15   7.2827E-05   1.1586E-04   0.62859
FLUX  158   126.50        2.369901E+15   5.2444E-05   1.1606E-04   0.45188
FLUX  159   127.50        2.351314E+15   8.0820E-05   1.1625E-04   0.69525
FLUX  160   128.50        2.333016E+15   8.6772E-05   1.1642E-04   0.74532
FLUX  161   129.50        2.315000E+15   6.6487E-05   1.1659E-04   0.57027
FLUX  162   130.50        2.297261E+15   6.4535E-05   1.1674E-04   0.55279
FLUX  163   131.50        2.279791E+15   8.4455E-05   1.1689E-04   0.72251
FLUX  164   132.50        2.262585E+15   8.1599E-05   1.1704E-04   0.69719
FLUX  165   133.50        2.245637E+15   6.6640E-05   1.1718E-04   0.56869
FLUX  166   134.50        2.228941E+15   9.0085E-05   1.1731E-04   0.76792
FLUX  167   135.50        2.212491E+15   8.7107E-05   1.1743E-04   0.74178
FLUX  168   136.50        2.196282E+15   7.6078E-05   1.1754E-04   0.64724
FLUX  169   137.50        2.180309E+15   8.4359E-05   1.1765E-04   0.71704
FLUX  170   138.50        2.164567E+15   8.8313E-05   1.1775E-04   0.75003
FLUX  171   139.50        2.149050E+15   8.5412E-05   1.1784E-04   0.72483
FLUX  172   140.50        2.133754E+15   8.9337E-05   1.1792E-04   0.75760
FLUX  173   141.50        2.118675E+15   8.3919E-05   1.1800E-04   0.71117
FLUX  174   142.50        2.103807E+15   8.8120E-05   1.1810E-04   0.74613
FLUX  175   143.50        2.089146E+15   8.6782E-05   1.1817E-04   0.73439
FLUX  176   144.20        2.079005E+15   9.3252E-05   1.1821E-04   0.78886
FLUX  177   144.70        2.071821E+15   9.5605E-05   1.1845E-04   0.80716
FLUX  178   145.50        2.060430E+15   9.3553E-05   1.1849E-04   0.78958
FLUX  179   146.50        2.046365E+15   8.8192E-05   1.1853E-04   0.74405
FLUX  180   147.50        2.032492E+15   8.6515E-05   1.1857E-04   0.72968
FLUX  181   148.50        2.018805E+15   8.9116E-05   1.1860E-04   0.75142
FLUX  182   149.50        2.005301E+15   9.1803E-05   1.1862E-04   0.77391
FLUX  183   150.50        1.991977E+15   8.8648E-05   1.1864E-04   0.74719
FLUX  184   151.20        1.982755E+15   8.0067E-05   1.1865E-04   0.67480
FLUX  185   151.70        1.976220E+15   8.7005E-05   1.1866E-04   0.73323
FLUX  186   152.50        1.965852E+15   8.3869E-05   1.1870E-04   0.70659
FLUX  187   153.50        1.953046E+15   7.5769E-05   1.1870E-04   0.63831
FLUX  188   154.50        1.940405E+15   8.5412E-05   1.1870E-04   0.71954
FLUX  189   155.50        1.927926E+15   8.0442E-05   1.1870E-04   0.67769
FLUX  190   156.50        1.915607E+15   8.0817E-05   1.1869E-04   0.68089
FLUX  191   157.50        1.903444E+15   8.4380E-05   1.1868E-04   0.71098
FLUX  192   158.50        1.891435E+15   8.9866E-05   1.1867E-04   0.75730
FLUX  193   159.50        1.879577E+15   9.3009E-05   1.1865E-04   0.78393
FLUX  194   160.50        1.867866E+15   8.9588E-05   1.1862E-04   0.75524
FLUX  195   161.50        1.856300E+15   9.2041E-05   1.1860E-04   0.77609
FLUX  196   162.50        1.844877E+15   8.6792E-05   1.1857E-04   0.73202
FLUX  197   163.50        1.833593E+15   9.2110E-05   1.1853E-04   0.77709
FLUX  198   164.50        1.822447E+15   9.3641E-05   1.1849E-04   0.79025
FLUX  199   165.50        1.811435E+15   8.5423E-05   1.1846E-04   0.72114
FLUX  200   166.50        1.800556E+15   9.5330E-05   1.1842E-04   0.80504
FLUX  201   167.20        1.793017E+15   8.7212E-05   1.1839E-04   0.73666
FLUX  202   167.70        1.787671E+15   9.3320E-05   1.1837E-04   0.78834
FLUX  203   168.50        1.779184E+15   9.9857E-05   1.1834E-04   0.84382
FLUX  204   169.50        1.768687E+15   9.5016E-05   1.1829E-04   0.80324
FLUX  205   170.50        1.758314E+15   9.0593E-05   1.1824E-04   0.76618
FLUX  206   171.50        1.748061E+15   8.4600E-05   1.1819E-04   0.71582
FLUX  207   172.50        1.737928E+15   8.4834E-05   1.1813E-04   0.71814
FLUX  208   173.50        1.727911E+15   9.0805E-05   1.1807E-04   0.76907
FLUX  209   174.50        1.718009E+15   8.9360E-05   1.1801E-04   0.75722
FLUX  210   175.50        1.708219E+15   9.6915E-05   1.1795E-04   0.82168
FLUX  211   176.50        1.698541E+15   8.8257E-05   1.1788E-04   0.74869
FLUX  212   177.50        1.688972E+15   9.2595E-05   1.1781E-04   0.78594
FLUX  213   178.50        1.679510E+15   9.5233E-05   1.1774E-04   0.80881
FLUX  214   179.50        1.670153E+15   1.0109E-04   1.1767E-04   0.85906
FLUX  215   180.50        1.660900E+15   1.0100E-04   1.1760E-04   0.85888
FLUX  216   181.50        1.651749E+15   9.4049E-05   1.1752E-04   0.80026
FLUX  217   182.50        1.642699E+15   9.6479E-05   1.1745E-04   0.82146
FLUX  218   183.50        1.633747E+15   9.2953E-05   1.1738E-04   0.79190
FLUX  219   184.50        1.624892E+15   8.7114E-05   1.1731E-04   0.74260
FLUX  220   185.50        1.616132E+15   8.3804E-05   1.1724E-04   0.71483
FLUX  221   186.50        1.607466E+15   8.7540E-05   1.1716E-04   0.74716
FLUX  222   187.50        1.598893E+15   9.8775E-05   1.1709E-04   0.84359
FLUX  223   188.50        1.590411E+15   9.1078E-05   1.1701E-04   0.77836
FLUX  224   189.50        1.582018E+15   8.6696E-05   1.1694E-04   0.74140
FLUX  225   190.50        1.573714E+15   9.4446E-05   1.1686E-04   0.80822
FLUX  226   191.50        1.565496E+15   9.0110E-05   1.1685E-04   0.77119
FLUX  227   192.50        1.557364E+15   8.9428E-05   1.1677E-04   0.76588
FLUX  228   193.50        1.549315E+15   9.4428E-05   1.1668E-04   0.80928
FLUX  229   194.50        1.541350E+15   9.6612E-05   1.1660E-04   0.82858
FLUX  230   195.50        1.533465E+15   9.0727E-05   1.1651E-04   0.77867
FLUX  231   196.70        1.524110E+15   1.0026E-04   1.1642E-04   0.86122
FLUX  232   197.60        1.517169E+15   1.0422E-04   1.1635E-04   0.89574
FLUX  233   198.40        1.511051E+15   9.8466E-05   1.1630E-04   0.84663
FLUX  234   199.50        1.502719E+15   9.5424E-05   1.1621E-04   0.82110
FLUX  235   200.50        1.495224E+15   9.9682E-05   1.1613E-04   0.85836
FLUX  236   201.50        1.487804E+15   9.5740E-05   1.1605E-04   0.82501
FLUX  237   202.50        1.480457E+15   1.0347E-04   1.1596E-04   0.89227
FLUX  238   203.50        1.473182E+15   9.6575E-05   1.1588E-04   0.83343
FLUX  239   204.50        1.465978E+15   1.0032E-04   1.1579E-04   0.86639
FLUX  240   205.50        1.458844E+15   9.6178E-05   1.1570E-04   0.83125
FLUX  241   206.50        1.451780E+15   9.8743E-05   1.1561E-04   0.85408
FLUX  242   207.40        1.445480E+15   1.0411E-04   1.1553E-04   0.90112
FLUX  243   207.80        1.442697E+15   9.8486E-05   1.1550E-04   0.85271
FLUX  244   208.50        1.437854E+15   1.0293E-04   1.1543E-04   0.89171
FLUX  245   209.50        1.430990E+15   9.7335E-05   1.1534E-04   0.84388
FLUX  246   210.50        1.424192E+15   9.9630E-05   1.1525E-04   0.86447
FLUX  247   211.50        1.417459E+15   1.0081E-04   1.1516E-04   0.87544
FLUX  248   212.50        1.410788E+15   1.0300E-04   1.1506E-04   0.89518
FLUX  249   213.50        1.404180E+15   9.6738E-05   1.1497E-04   0.84145
FLUX  250   214.50        1.397634E+15   9.9412E-05   1.1487E-04   0.86543
FLUX  251   215.50        1.391148E+15   1.0384E-04   1.1477E-04   0.90470
FLUX  252   216.50        1.384723E+15   1.0084E-04   1.1468E-04   0.87931
FLUX  253   217.50        1.378356E+15   1.0034E-04   1.1458E-04   0.87572
FLUX  254   218.50        1.372048E+15   9.7844E-05   1.1448E-04   0.85469
FLUX  255   219.50        1.365797E+15   1.0313E-04   1.1438E-04   0.90162
FLUX  256   220.50        1.359603E+15   1.0058E-04   1.1428E-04   0.88013
FLUX  257   221.50        1.353465E+15   9.7215E-05   1.1418E-04   0.85143
FLUX  258   222.50        1.347382E+15   9.2988E-05   1.1408E-04   0.81514
FLUX  259   223.50        1.341353E+15   1.0071E-04   1.1397E-04   0.88364
FLUX  260   224.50        1.335379E+15   9.5669E-05   1.1387E-04   0.84015
FLUX  261   225.50        1.329457E+15   9.3273E-05   1.1377E-04   0.81985
FLUX  262   226.50        1.323587E+15   9.6021E-05   1.1367E-04   0.84477
FLUX  263   227.50        1.317769E+15   9.9649E-05   1.1356E-04   0.87749
FLUX  264   228.50        1.312002E+15   1.0169E-04   1.1346E-04   0.89626
FLUX  265   229.50        1.306285E+15   9.8294E-05   1.1335E-04   0.86716
FLUX  266   230.50        1.300618E+15   9.5641E-05   1.1325E-04   0.84454
FLUX  267   231.50        1.295000E+15   9.1973E-05   1.1314E-04   0.81291
FLUX  268   232.50        1.289430E+15   7.0776E-05   1.1303E-04   0.62615
FLUX  269   233.50        1.283908E+15   8.8256E-05   1.1293E-04   0.78152
FLUX  270   234.50        1.278433E+15   8.7025E-05   1.1282E-04   0.77135
FLUX  271   235.50        1.273004E+15   9.1673E-05   1.1271E-04   0.81333
FLUX  272   236.50        1.267622E+15   8.6548E-05   1.1261E-04   0.76859
FLUX  273   237.50        1.262284E+15   8.8566E-05   1.1250E-04   0.78727
FLUX  274   238.50        1.256992E+15   8.4193E-05   1.1239E-04   0.74912
FLUX  275   239.50        1.251743E+15   9.1095E-05   1.1228E-04   0.81132
FLUX  276   240.50        1.246538E+15   8.6777E-05   1.1217E-04   0.77362
FLUX  277   241.50        1.241377E+15   8.8689E-05   1.1206E-04   0.79143
FLUX  278   242.50        1.236258E+15   9.2208E-05   1.1195E-04   0.82364
FLUX  279   243.50        1.231181E+15   8.8143E-05   1.1184E-04   0.78810
FLUX  280   244.50        1.226145E+15   9.4277E-05   1.1173E-04   0.84378
FLUX  281   245.50        1.221151E+15   9.1721E-05   1.1162E-04   0.82172
FLUX  282   246.50        1.216197E+15   9.2632E-05   1.1151E-04   0.83069
FLUX  283   247.50        1.211283E+15   8.9420E-05   1.1140E-04   0.80269
FLUX  284   248.50        1.206408E+15   9.5669E-05   1.1129E-04   0.85964
FLUX  285   249.50        1.201573E+15   9.3283E-05   1.1118E-04   0.83905
FLUX  286   250.50        1.196776E+15   9.8298E-05   1.1107E-04   0.88505
FLUX  287   251.30        1.192967E+15   9.1897E-05   1.1098E-04   0.82809
FLUX  288   251.80        1.190598E+15   9.6011E-05   1.1092E-04   0.86559
FLUX  289   252.50        1.187297E+15   9.0851E-05   1.1084E-04   0.81966
FLUX  290   253.50        1.182613E+15   9.1939E-05   1.1073E-04   0.83027
FLUX  291   254.50        1.177967E+15   8.9868E-05   1.1063E-04   0.81236
FLUX  292   255.50        1.173356E+15   9.4318E-05   1.1052E-04   0.85342
FLUX  293   256.50        1.168782E+15   9.3524E-05   1.1041E-04   0.84707
FLUX  294   257.50        1.164243E+15   9.9090E-05   1.1030E-04   0.89836
FLUX  295   258.50        1.159739E+15   9.8878E-05   1.1019E-04   0.89733
FLUX  296   259.50        1.155270E+15   9.9857E-05   1.1008E-04   0.90711
FLUX  297   260.50        1.150835E+15   9.6318E-05   1.1040E-04   0.87246
FLUX  298   261.50        1.146434E+15   9.6434E-05   1.1028E-04   0.87446
FLUX  299   262.50        1.142067E+15   9.7923E-05   1.1016E-04   0.88891
FLUX  300   263.50        1.137732E+15   9.9044E-05   1.1004E-04   0.90007
FLUX  301   264.50        1.133431E+15   1.0370E-04   1.0992E-04   0.94341
FLUX  302   265.50        1.129162E+15   1.0318E-04   1.0980E-04   0.93970
FLUX  303   266.50        1.124925E+15   9.9166E-05   1.0968E-04   0.90410
FLUX  304   267.50        1.120720E+15   1.0264E-04   1.0957E-04   0.93679
FLUX  305   268.50        1.116546E+15   1.0154E-04   1.0945E-04   0.92778
FLUX  306   269.50        1.112403E+15   1.0021E-04   1.0933E-04   0.91656
FLUX  307   270.50        1.108290E+15   1.0168E-04   1.0921E-04   0.93102
FLUX  308   271.50        1.104208E+15   9.8995E-05   1.0909E-04   0.90746
FLUX  309   272.50        1.100156E+15   9.9399E-05   1.0897E-04   0.91217
FLUX  310   273.50        1.096133E+15   1.0327E-04   1.0885E-04   0.94875
FLUX  311   274.50        1.092140E+15   9.5889E-05   1.0873E-04   0.88188
FLUX  312   275.50        1.088176E+15   9.5770E-05   1.0861E-04   0.88175
FLUX  313   276.50        1.084241E+15   9.8501E-05   1.0849E-04   0.90789
FLUX  314   277.50        1.080333E+15   1.0145E-04   1.0837E-04   0.93612
FLUX  315   278.50        1.076454E+15   1.0218E-04   1.0825E-04   0.94392
FLUX  316   279.50        1.072603E+15   9.3448E-05   1.0813E-04   0.86418
FLUX  317   280.50        1.068779E+15   9.8246E-05   1.0801E-04   0.90956
FLUX  318   281.50        1.064982E+15   1.0339E-04   1.0789E-04   0.95829
FLUX  319   282.50        1.061212E+15   1.0272E-04   1.0777E-04   0.95312
FLUX  320   283.50        1.057469E+15   9.9078E-05   1.0765E-04   0.92034
FLUX  321   284.50        1.053752E+15   9.7410E-05   1.0753E-04   0.90586
FLUX  322   285.50        1.050061E+15   9.9207E-05   1.0741E-04   0.92360
FLUX  323   286.50        1.046396E+15   1.0173E-04   1.0729E-04   0.94814
FLUX  324   287.50        1.042757E+15   1.0041E-04   1.0717E-04   0.93687
FLUX  325   288.50        1.039142E+15   1.0151E-04   1.0705E-04   0.94823
FLUX  326   289.50        1.035553E+15   1.0134E-04   1.0693E-04   0.94768
FLUX  327   291.00        1.030215E+15   1.0416E-04   1.0675E-04   0.97575
FLUX  328   293.00        1.023183E+15   1.0283E-04   1.0651E-04   0.96547
FLUX  329   295.00        1.016246E+15   1.0237E-04   1.0627E-04   0.96331
FLUX  330   297.00        1.009402E+15   1.0266E-04   1.0602E-04   0.96832
FLUX  331   299.00        1.002651E+15   1.0265E-04   1.0578E-04   0.97041
FLUX  332   301.00        9.959884E+14   1.0416E-04   1.0554E-04   0.98698
FLUX  333   303.00        9.894142E+14   1.0431E-04   1.0530E-04   0.99062
FLUX  334   305.00        9.829262E+14   1.0361E-04   1.0505E-04   0.98630
FLUX  335   307.00        9.765228E+14   1.0314E-04   1.0481E-04   0.98404
FLUX  336   309.00        9.702023E+14   1.0377E-04   1.0456E-04   0.99242
FLUX  337   311.00        9.639630E+14   1.0266E-04   1.0432E-04   0.98413
FLUX  338   313.00        9.578035E+14   1.0265E-04   1.0411E-04   0.98607
FLUX  339   315.00        9.517222E+14   1.0273E-04   1.0386E-04   0.98908
FLUX  340   317.00        9.457177E+14   1.0225E-04   1.0362E-04   0.98682
FLUX  341   319.00        9.397884E+14   1.0030E-04   1.0337E-04   0.97029
FLUX  342   321.00        9.339330E+14   1.0165E-04   1.0313E-04   0.98567
FLUX  343   323.00        9.281502E+14   1.0164E-04   1.0289E-04   0.98792
FLUX  344   325.00        9.224385E+14   1.0135E-04   1.0264E-04   0.98740
FLUX  345   327.00        9.167966E+14   1.0155E-04   1.0240E-04   0.99175
FLUX  346   329.00        9.112234E+14   1.0140E-04   1.0215E-04   0.99261
FLUX  347   331.00        9.057175E+14   1.0160E-04   1.0190E-04   0.99698
FLUX  348   333.00        9.002778E+14   1.0117E-04   1.0166E-04   0.99516
FLUX  349   335.00        8.949030E+14   1.0053E-04   1.0141E-04   0.99130
FLUX  350   337.00        8.895920E+14   1.0041E-04   1.0116E-04   0.99258
FLUX  351   339.00        8.843437E+14   1.0007E-04   1.0092E-04   0.99160
FLUX  352   341.00        8.791569E+14   1.0017E-04   1.0067E-04   0.99502
FLUX  353   343.00        8.740306E+14   9.9776E-05   1.0054E-04   0.99242
FLUX  354   345.00        8.689638E+14   9.9559E-05   1.0029E-04   0.99275
FLUX  355   347.00        8.639553E+14   9.9089E-05   1.0003E-04   0.99054
FLUX  356   349.00        8.590043E+14   9.9041E-05   9.9784E-05   0.99256
FLUX  357   351.00        8.541097E+14   9.9196E-05   9.9532E-05   0.99662
FLUX  358   353.00        8.492705E+14   9.9075E-05   9.9281E-05   0.99793
FLUX  359   355.00        8.444859E+14   9.8853E-05   9.9029E-05   0.99823
FLUX  360   357.00        8.397549E+14   9.8630E-05   9.8777E-05   0.99852
FLUX  361   359.00        8.350766E+14   9.8069E-05   9.8525E-05   0.99537
FLUX  362   361.00        8.304501E+14   9.8003E-05   9.8274E-05   0.99723
FLUX  363   363.00        8.258747E+14   9.7682E-05   9.8021E-05   0.99655
FLUX  364   364.00        8.236058E+14   9.7857E-05   9.7896E-05   0.99960
FLUX  365   365.00        8.213493E+14   9.7991E-05   1.7918E-04   0.54689
FLUX  366   367.00        8.168733E+14   9.5935E-05   1.7810E-04   0.53867
FLUX  367   369.00        8.124458E+14   8.9954E-05   1.7900E-04   0.50253
FLUX  368   371.00        8.080660E+14   9.8747E-05   1.7791E-04   0.55502
FLUX  369   373.00        8.037332E+14   1.0216E-04   1.7684E-04   0.57772
FLUX  370   375.00        7.994467E+14   1.2132E-04   1.7577E-04   0.69022
FLUX  371   377.00        7.952056E+14   1.2397E-04   1.7471E-04   0.70958
FLUX  372   379.00        7.910092E+14   1.3691E-04   1.7365E-04   0.78841
FLUX  373   381.00        7.868570E+14   1.4882E-04   1.7261E-04   0.86219
FLUX  374   383.00        7.827480E+14   1.2836E-04   1.7158E-04   0.74814
FLUX  375   385.00        7.786818E+14   1.5554E-04   1.7055E-04   0.91197
FLUX  376   387.00        7.746576E+14   1.6163E-04   1.6953E-04   0.95340
FLUX  377   389.00        7.706748E+14   1.2245E-04   1.6852E-04   0.72659
FLUX  378   391.00        7.667327E+14   1.6255E-04   1.6752E-04   0.97034
FLUX  379   393.00        7.628308E+14   1.6055E-04   1.6653E-04   0.96409
FLUX  380   395.00        7.589684E+14   1.6126E-04   1.6555E-04   0.97411
FLUX  381   397.00        7.551448E+14   1.1927E-04   1.6457E-04   0.72470
FLUX  382   399.00        7.513596E+14   1.5805E-04   1.6361E-04   0.96602
FLUX  383   401.00        7.476122E+14   1.6013E-04   1.6265E-04   0.98453
FLUX  384   403.00        7.439020E+14   1.5556E-04   1.6170E-04   0.96205
FLUX  385   405.00        7.402284E+14   1.5976E-04   1.6075E-04   0.99381
FLUX  386   407.00        7.365909E+14   1.5735E-04   1.5982E-04   0.98456
FLUX  387   409.00        7.329890E+14   1.4509E-04   1.5889E-04   0.91315
FLUX  388   411.00        7.294221E+14   1.2344E-04   1.5797E-04   0.78138
FLUX  389   413.00        7.258898E+14   1.5137E-04   1.5706E-04   0.96379
FLUX  390   415.00        7.223916E+14   1.5360E-04   1.5616E-04   0.98364
FLUX  391   417.00        7.189269E+14   1.5367E-04   1.5527E-04   0.98976
FLUX  392   419.00        7.154952E+14   1.5356E-04   1.5438E-04   0.99469
FLUX  393   421.00        7.120962E+14   1.5300E-04   1.5350E-04   0.99677
FLUX  394   423.00        7.087293E+14   1.5195E-04   1.5263E-04   0.99557
FLUX  395   425.00        7.053941E+14   1.5092E-04   1.5176E-04   0.99444
FLUX  396   427.00        7.020902E+14   1.4827E-04   1.5091E-04   0.98255
FLUX  397   429.00        6.988170E+14   1.4926E-04   1.5006E-04   0.99466
FLUX  398   431.00        6.955742E+14   1.4740E-04   1.4921E-04   0.98785
FLUX  399   433.00        6.923614E+14   1.3193E-04   1.4838E-04   0.88915
FLUX  400   435.00        6.891782E+14   1.1873E-04   1.4755E-04   0.80470
FLUX  401   437.00        6.860240E+14   1.4449E-04   1.4672E-04   0.98477
FLUX  402   439.00        6.828986E+14   1.4276E-04   1.4591E-04   0.97840
FLUX  403   441.00        6.798016E+14   1.4443E-04   1.4510E-04   0.99543
FLUX  404   443.00        6.767325E+14   1.4271E-04   1.4429E-04   0.98904
FLUX  405   445.00        6.736910E+14   1.4310E-04   1.4349E-04   0.99726
FLUX  406   447.00        6.706767E+14   1.3832E-04   1.4270E-04   0.96928
FLUX  407   449.00        6.676893E+14   1.3996E-04   1.4192E-04   0.98622
FLUX  408   451.00        6.647284E+14   1.4051E-04   1.4114E-04   0.99556
FLUX  409   453.00        6.617936E+14   1.3948E-04   1.4037E-04   0.99371
FLUX  410   455.00        6.588846E+14   1.3840E-04   1.3960E-04   0.99142
FLUX  411   457.00        6.560011E+14   1.3854E-04   1.3884E-04   0.99787
FLUX  412   459.00        6.531427E+14   1.3746E-04   1.3809E-04   0.99549
FLUX  413   461.00        6.503091E+14   1.3699E-04   1.3734E-04   0.99747
FLUX  414   463.00        6.475000E+14   1.3551E-04   1.3660E-04   0.99204
FLUX  415   465.00        6.447151E+14   1.3529E-04   1.3586E-04   0.99583
FLUX  416   467.00        6.419540E+14   1.3461E-04   1.3513E-04   0.99619
FLUX  417   469.00        6.392164E+14   1.3418E-04   1.3440E-04   0.99830
FLUX  418   471.00        6.365021E+14   1.3129E-04   1.3369E-04   0.98211
FLUX  419   473.00        6.338108E+14   1.3202E-04   1.3297E-04   0.99285
FLUX  420   475.00        6.311421E+14   1.3116E-04   1.3226E-04   0.99168
FLUX  421   477.00        6.284958E+14   1.3149E-04   1.3156E-04   0.99945
FLUX  422   479.00        6.258716E+14   1.3061E-04   1.3087E-04   0.99808
FLUX  423   481.00        6.232692E+14   1.2921E-04   1.3017E-04   0.99261
FLUX  424   483.00        6.206884E+14   1.2794E-04   1.2949E-04   0.98802
FLUX  425   485.00        6.181289E+14   1.1708E-04   1.2881E-04   0.90892
FLUX  426   487.00        6.155903E+14   1.0255E-04   1.2813E-04   0.80030
FLUX  427   489.00        6.130726E+14   1.2568E-04   1.2746E-04   0.98597
FLUX  428   491.00        6.105754E+14   1.2594E-04   1.2680E-04   0.99323
FLUX  429   493.00        6.080984E+14   1.2354E-04   1.2614E-04   0.97937
FLUX  430   495.00        6.056414E+14   1.2509E-04   1.2549E-04   0.99688
FLUX  431   497.00        6.032042E+14   1.2467E-04   1.2484E-04   0.99862
FLUX  432   499.00        6.007866E+14   1.2376E-04   1.2419E-04   0.99649
FLUX  433   501.00        5.983882E+14   1.2085E-04   1.2356E-04   0.97809
FLUX  434   503.00        5.960089E+14   1.2185E-04   1.2292E-04   0.99128
FLUX  435   505.00        5.936485E+14   1.1932E-04   1.2229E-04   0.97567
FLUX  436   507.00        5.913067E+14   1.2096E-04   1.2167E-04   0.99415
FLUX  437   509.00        5.889833E+14   1.2029E-04   1.2105E-04   0.99373
FLUX  438   511.00        5.866781E+14   1.1933E-04   1.2043E-04   0.99081
FLUX  439   513.00        5.843908E+14   1.1896E-04   1.1982E-04   0.99283
FLUX  440   515.00        5.821214E+14   1.1785E-04   1.1922E-04   0.98852
FLUX  441   517.00        5.798694E+14   1.1758E-04   1.1861E-04   0.99126
FLUX  442   519.00        5.776349E+14   1.1720E-04   1.1802E-04   0.99311
FLUX  443   521.00        5.754175E+14   1.1565E-04   1.1742E-04   0.98486
FLUX  444   523.00        5.732170E+14   1.1568E-04   1.1683E-04   0.99011
FLUX  445   525.00        5.710333E+14   1.1553E-04   1.1625E-04   0.99381
FLUX  446   527.00        5.688662E+14   1.1448E-04   1.1567E-04   0.98967
FLUX  447   529.00        5.667155E+14   1.1475E-04   1.1510E-04   0.99697
FLUX  448   531.00        5.645810E+14   1.1375E-04   1.1452E-04   0.99319
FLUX  449   533.00        5.624625E+14   1.1343E-04   1.1396E-04   0.99540
FLUX  450   535.00        5.603598E+14   1.1268E-04   1.1340E-04   0.99369
FLUX  451   537.00        5.582728E+14   1.1244E-04   1.1284E-04   0.99645
FLUX  452   539.00        5.562013E+14   1.1183E-04   1.1228E-04   0.99594
FLUX  453   541.00        5.541451E+14   1.1113E-04   1.1173E-04   0.99462
FLUX  454   543.00        5.521041E+14   1.1044E-04   1.1119E-04   0.99332
FLUX  455   545.00        5.500780E+14   1.1011E-04   1.1065E-04   0.99516
FLUX  456   547.00        5.480667E+14   1.0943E-04   1.1011E-04   0.99382
FLUX  457   549.00        5.460701E+14   1.0915E-04   1.0957E-04   0.99615
FLUX  458   551.00        5.440880E+14   1.0851E-04   1.0904E-04   0.99513
FLUX  459   553.00        5.421203E+14   1.0816E-04   1.0852E-04   0.99676
FLUX  460   555.00        5.401667E+14   1.0770E-04   1.0799E-04   0.99725
FLUX  461   557.00        5.382271E+14   1.0716E-04   1.0747E-04   0.99706
FLUX  462   559.00        5.363014E+14   1.0667E-04   1.0696E-04   0.99731
FLUX  463   561.00        5.343895E+14   1.0620E-04   1.0645E-04   0.99772
FLUX  464   563.00        5.324911E+14   1.0586E-04   1.0594E-04   0.99927
FLUX  465   565.00        5.306062E+14   1.0459E-04   1.0544E-04   0.99202
FLUX  466   567.00        5.287346E+14   1.0429E-04   1.0493E-04   0.99389
FLUX  467   569.00        5.268761E+14   1.0413E-04   1.0444E-04   0.99708
FLUX  468   571.00        5.250306E+14   1.0376E-04   1.0394E-04   0.99823
FLUX  469   573.00        5.231981E+14   1.0333E-04   1.0345E-04   0.99881
FLUX  470   575.00        5.213783E+14   1.0285E-04   1.0297E-04   0.99884
FLUX  471   577.00        5.195711E+14   1.0239E-04   1.0249E-04   0.99906
FLUX  472   579.00        5.177763E+14   1.0180E-04   1.0201E-04   0.99800
FLUX  473   581.00        5.159940E+14   1.0135E-04   1.0153E-04   0.99822
FLUX  474   583.00        5.142238E+14   1.0091E-04   1.0106E-04   0.99858
FLUX  475   585.00        5.124658E+14   1.0045E-04   1.0059E-04   0.99859
FLUX  476   587.00        5.107198E+14   9.8033E-05   1.0012E-04   0.97912
FLUX  477   589.00        5.089856E+14   9.9207E-05   9.9660E-05   0.99546
FLUX  478   591.00        5.072631E+14   9.9038E-05   9.9200E-05   0.99836
FLUX  479   593.00        5.055523E+14   9.8680E-05   9.8743E-05   0.99936
FLUX  480   595.00        5.038529E+14   9.7706E-05   9.8289E-05   0.99406
FLUX  481   597.00        5.021650E+14   9.7651E-05   9.7839E-05   0.99808
FLUX  482   599.00        5.004883E+14   9.6898E-05   9.7391E-05   0.99494
FLUX  483   601.00        4.988228E+14   9.6890E-05   9.6946E-05   0.99942
FLUX  484   603.00        4.971683E+14   9.6410E-05   9.6505E-05   0.99902
FLUX  485   605.00        4.955248E+14   9.5977E-05   9.6067E-05   0.99907
FLUX  486   607.00        4.938921E+14   9.5516E-05   9.5632E-05   0.99879
FLUX  487   609.00        4.922701E+14   9.5062E-05   9.5200E-05   0.99855
FLUX  488   611.00        4.906588E+14   9.4737E-05   9.4771E-05   0.99964
FLUX  489   613.00        4.890579E+14   9.4288E-05   9.4345E-05   0.99940
FLUX  490   615.00        4.874675E+14   9.3383E-05   9.3922E-05   0.99426
FLUX  491   617.00        4.858874E+14   9.3390E-05   9.3501E-05   0.99881
FLUX  492   619.00        4.843174E+14   9.3041E-05   9.3084E-05   0.99953
FLUX  493   621.00        4.827576E+14   9.2617E-05   9.2669E-05   0.99943
FLUX  494   623.00        4.812079E+14   9.2106E-05   9.2258E-05   0.99836
FLUX  495   625.00        4.796680E+14   9.1356E-05   9.1849E-05   0.99463
FLUX  496   627.00        4.781380E+14   9.1359E-05   9.1442E-05   0.99909
FLUX  497   629.00        4.766176E+14   9.0919E-05   9.1039E-05   0.99869
FLUX  498   631.00        4.751070E+14   9.0409E-05   9.0638E-05   0.99748
FLUX  499   633.00        4.736058E+14   9.0118E-05   9.0240E-05   0.99865
FLUX  500   635.00        4.721142E+14   8.8755E-05   8.9844E-05   0.98788
FLUX  501   637.00        4.706319E+14   8.8679E-05   8.9451E-05   0.99137
FLUX  502   639.00        4.691588E+14   8.8902E-05   8.9061E-05   0.99821
FLUX  503   641.00        4.676950E+14   8.8383E-05   8.8673E-05   0.99673
FLUX  504   643.00        4.662403E+14   8.8225E-05   8.8287E-05   0.99929
FLUX  505   645.00        4.647946E+14   8.7668E-05   8.7904E-05   0.99731
FLUX  506   647.00        4.633578E+14   8.7421E-05   8.7524E-05   0.99882
FLUX  507   649.00        4.619299E+14   8.6949E-05   8.7146E-05   0.99773
FLUX  508   651.00        4.605108E+14   8.6351E-05   8.6771E-05   0.99516
FLUX  509   653.00        4.591003E+14   8.5611E-05   8.6398E-05   0.99089
FLUX  510   655.00        4.576985E+14   8.1352E-05   8.6027E-05   0.94565
FLUX  511   657.00        4.563052E+14   7.0663E-05   8.5659E-05   0.82492
FLUX  512   659.00        4.549203E+14   8.3715E-05   8.5294E-05   0.98149
FLUX  513   661.00        4.535439E+14   8.4556E-05   8.4930E-05   0.99559
FLUX  514   663.00        4.521757E+14   8.4443E-05   8.4569E-05   0.99851
FLUX  515   665.00        4.508158E+14   8.4153E-05   8.4227E-05   0.99913
FLUX  516   667.00        4.494640E+14   8.3330E-05   8.3870E-05   0.99357
FLUX  517   669.00        4.481203E+14   8.2983E-05   8.3515E-05   0.99363
FLUX  518   671.00        4.467846E+14   8.3049E-05   8.3163E-05   0.99862
FLUX  519   673.00        4.454569E+14   8.2728E-05   8.2813E-05   0.99897
FLUX  520   675.00        4.441370E+14   8.2397E-05   8.2466E-05   0.99917
FLUX  521   677.00        4.428250E+14   8.2072E-05   8.2120E-05   0.99941
FLUX  522   679.00        4.415206E+14   8.1624E-05   8.1777E-05   0.99813
FLUX  523   681.00        4.402239E+14   8.1339E-05   8.1436E-05   0.99881
FLUX  524   683.00        4.389348E+14   8.0919E-05   8.1097E-05   0.99781
FLUX  525   685.00        4.376533E+14   8.0650E-05   8.0760E-05   0.99864
FLUX  526   687.00        4.363792E+14   8.0347E-05   8.0425E-05   0.99903
FLUX  527   689.00        4.351125E+14   8.0004E-05   8.0092E-05   0.99890
FLUX  528   691.00        4.338531E+14   7.9677E-05   7.9761E-05   0.99894
FLUX  529   693.00        4.326010E+14   7.9192E-05   7.9432E-05   0.99698
FLUX  530   695.00        4.313561E+14   7.9023E-05   7.9106E-05   0.99895
FLUX  531   697.00        4.301184E+14   7.8729E-05   7.8781E-05   0.99933
FLUX  532   699.00        4.288877E+14   7.8412E-05   7.8459E-05   0.99940
FLUX  533   701.00        4.276641E+14   7.8039E-05   7.8138E-05   0.99873
FLUX  534   703.00        4.264474E+14   7.7731E-05   7.7820E-05   0.99886
FLUX  535   705.00        4.252376E+14   7.7241E-05   7.7503E-05   0.99662
FLUX  536   707.00        4.240347E+14   7.6466E-05   7.7188E-05   0.99064
FLUX  537   709.00        4.228385E+14   7.6849E-05   7.6875E-05   0.99966
FLUX  538   711.00        4.216491E+14   7.6425E-05   7.6565E-05   0.99818
FLUX  539   713.00        4.204663E+14   7.6139E-05   7.6256E-05   0.99847
FLUX  540   715.00        4.192902E+14   7.5860E-05   7.5948E-05   0.99884
FLUX  541   717.00        4.181206E+14   7.5582E-05   7.5643E-05   0.99919
FLUX  542   719.00        4.169576E+14   7.5308E-05   7.5340E-05   0.99958
FLUX  543   721.00        4.158010E+14   7.5010E-05   7.5038E-05   0.99962
FLUX  544   723.00        4.146508E+14   7.4342E-05   7.4739E-05   0.99470
FLUX  545   725.00        4.135069E+14   7.4346E-05   7.4441E-05   0.99873
FLUX  546   727.00        4.123693E+14   7.4121E-05   7.4145E-05   0.99968
FLUX  547   729.00        4.112380E+14   7.3579E-05   7.3851E-05   0.99633
FLUX  548   731.00        4.101129E+14   7.3524E-05   7.3558E-05   0.99954
FLUX  549   733.00        4.089939E+14   7.3238E-05   7.3267E-05   0.99960
FLUX  550   735.00        4.078810E+14   7.2973E-05   7.2978E-05   0.99992
FLUX  551   737.00        4.067741E+14   7.2681E-05   7.2691E-05   0.99986
FLUX  552   739.00        4.056732E+14   7.2397E-05   7.2405E-05   0.99989
FLUX  553   741.00        4.045783E+14   7.2099E-05   7.2121E-05   0.99969
FLUX  554   743.00        4.034892E+14   7.1711E-05   7.1839E-05   0.99822
FLUX  555   745.00        4.024060E+14   7.1488E-05   7.1560E-05   0.99899
FLUX  556   747.00        4.013286E+14   7.1119E-05   7.1281E-05   0.99772
FLUX  557   749.00        4.002570E+14   7.0907E-05   7.1004E-05   0.99864
FLUX  558   751.00        3.991911E+14   7.0644E-05   7.0728E-05   0.99881
FLUX  559   753.00        3.981308E+14   7.0410E-05   7.0454E-05   0.99938
FLUX  560   755.00        3.970762E+14   7.0145E-05   7.0182E-05   0.99948
FLUX  561   757.00        3.960271E+14   6.9884E-05   6.9911E-05   0.99962
FLUX  562   759.00        3.949835E+14   6.9589E-05   6.9642E-05   0.99924
FLUX  563   761.00        3.939455E+14   6.9368E-05   6.9374E-05   0.99991
FLUX  564   763.00        3.929128E+14   6.9087E-05   6.9108E-05   0.99970
FLUX  565   765.00        3.918856E+14   6.8807E-05   6.8843E-05   0.99947
FLUX  566   767.00        3.908638E+14   6.8548E-05   6.8580E-05   0.99953
FLUX  567   769.00        3.898472E+14   6.8281E-05   6.8319E-05   0.99945
FLUX  568   771.00        3.888359E+14   6.8020E-05   6.8059E-05   0.99944
FLUX  569   773.00        3.878299E+14   6.7765E-05   6.7800E-05   0.99949
FLUX  570   775.00        3.868290E+14   6.7503E-05   6.7543E-05   0.99941
FLUX  571   777.00        3.858333E+14   6.6491E-05   6.7287E-05   0.98817
FLUX  572   779.00        3.848427E+14   6.6997E-05   6.7033E-05   0.99946
FLUX  573   781.00        3.838572E+14   6.6763E-05   6.6781E-05   0.99974
FLUX  574   783.00        3.828768E+14   6.6515E-05   6.6529E-05   0.99978
FLUX  575   785.00        3.819013E+14   6.6035E-05   6.6292E-05   0.99612
FLUX  576   787.00        3.809307E+14   6.5784E-05   6.6044E-05   0.99608
FLUX  577   789.00        3.799651E+14   6.5462E-05   6.5796E-05   0.99492
FLUX  578   791.00        3.790044E+14   6.5478E-05   6.5551E-05   0.99890
FLUX  579   793.00        3.780485E+14   6.5269E-05   6.5306E-05   0.99944
FLUX  580   795.00        3.770975E+14   6.4808E-05   6.5063E-05   0.99607
FLUX  581   797.00        3.761512E+14   6.4772E-05   6.4822E-05   0.99923
FLUX  582   799.00        3.752096E+14   6.4186E-05   6.4581E-05   0.99388
FLUX  583   801.00        3.742728E+14   6.4298E-05   6.4342E-05   0.99931
FLUX  584   803.00        3.733406E+14   6.4059E-05   6.4104E-05   0.99929
FLUX  585   805.00        3.724130E+14   6.3811E-05   6.3868E-05   0.99911
FLUX  586   807.00        3.714901E+14   6.3610E-05   6.3633E-05   0.99964
FLUX  587   809.00        3.705717E+14   6.3330E-05   6.3399E-05   0.99891
FLUX  588   811.00        3.696578E+14   6.3095E-05   6.3166E-05   0.99887
FLUX  589   813.00        3.687485E+14   6.2887E-05   6.2935E-05   0.99924
FLUX  590   815.00        3.678436E+14   6.2648E-05   6.2705E-05   0.99908
FLUX  591   817.00        3.669431E+14   6.2459E-05   6.2477E-05   0.99971
FLUX  592   819.00        3.660470E+14   6.2171E-05   6.2249E-05   0.99874
FLUX  593   821.00        3.651553E+14   6.1776E-05   6.8673E-05   0.89957
FLUX  594   823.00        3.642679E+14   6.1477E-05   6.8408E-05   0.89868
FLUX  595   825.00        3.633848E+14   6.1572E-05   6.8144E-05   0.90355
FLUX  596   827.00        3.625060E+14   6.1346E-05   6.7895E-05   0.90354
FLUX  597   829.00        3.616315E+14   6.1029E-05   6.7634E-05   0.90233
FLUX  598   831.00        3.607611E+14   6.0825E-05   6.7375E-05   0.90279
FLUX  599   833.00        3.598950E+14   6.0408E-05   6.7117E-05   0.90003
FLUX  600   835.00        3.590329E+14   5.9786E-05   6.6861E-05   0.89418
FLUX  601   837.00        3.581750E+14   5.9249E-05   6.6607E-05   0.88953
FLUX  602   839.00        3.573212E+14   5.8645E-05   6.6353E-05   0.88383
FLUX  603   841.00        3.564715E+14   5.8164E-05   6.6101E-05   0.87992
FLUX  604   843.00        3.556257E+14   5.8098E-05   6.5851E-05   0.88226
FLUX  605   845.00        3.547840E+14   5.7939E-05   6.5602E-05   0.88318
FLUX  606   847.00        3.539463E+14   5.6358E-05   6.5355E-05   0.86234
FLUX  607   849.00        3.531125E+14   5.9079E-05   6.5108E-05   0.90739
FLUX  608   851.00        3.522826E+14   5.5833E-05   6.4864E-05   0.86077
FLUX  609   853.00        3.514566E+14   5.9993E-05   6.4620E-05   0.92840
FLUX  610   855.00        3.506345E+14   5.4068E-05   6.4378E-05   0.83985
FLUX  611   857.00        3.498162E+14   6.1101E-05   6.4138E-05   0.95266
FLUX  612   859.00        3.490017E+14   5.6595E-05   6.3898E-05   0.88571
FLUX  613   861.00        3.481911E+14   5.5615E-05   6.3660E-05   0.87363
FLUX  614   863.00        3.473841E+14   6.1551E-05   6.3424E-05   0.97047
FLUX  615   865.00        3.465809E+14   5.9169E-05   6.3188E-05   0.93638
FLUX  616   867.00        3.457814E+14   5.1830E-05   6.2954E-05   0.82329
FLUX  617   869.00        3.449856E+14   6.0284E-05   6.2722E-05   0.96114
FLUX  618   871.00        3.441935E+14   6.1541E-05   6.2490E-05   0.98481
FLUX  619   873.00        3.434049E+14   5.9771E-05   6.2260E-05   0.96003
FLUX  620   875.00        3.426200E+14   5.0819E-05   6.2031E-05   0.81926
FLUX  621   877.00        3.418387E+14   5.7928E-05   6.1803E-05   0.93730
FLUX  622   879.00        3.410609E+14   6.0751E-05   6.1577E-05   0.98658
FLUX  623   881.00        3.402866E+14   6.0821E-05   6.1352E-05   0.99135
FLUX  624   883.00        3.395159E+14   6.0052E-05   6.1128E-05   0.98240
FLUX  625   885.00        3.387486E+14   5.6235E-05   6.0905E-05   0.92332
FLUX  626   887.00        3.379848E+14   5.0104E-05   6.0684E-05   0.82566
FLUX  627   889.00        3.372244E+14   5.8718E-05   6.0464E-05   0.97113
FLUX  628   891.00        3.364675E+14   5.9664E-05   6.0245E-05   0.99035
FLUX  629   893.00        3.357139E+14   5.9537E-05   6.0027E-05   0.99184
FLUX  630   895.00        3.349637E+14   5.9561E-05   5.9811E-05   0.99583
FLUX  631   897.00        3.342168E+14   5.9179E-05   5.9596E-05   0.99300
FLUX  632   899.00        3.334733E+14   5.7774E-05   5.9381E-05   0.97293
FLUX  633   901.00        3.327331E+14   4.9876E-05   5.9168E-05   0.84295
FLUX  634   903.00        3.319961E+14   5.3386E-05   5.8957E-05   0.90551
FLUX  635   905.00        3.312624E+14   5.7830E-05   5.8746E-05   0.98440
FLUX  636   907.00        3.305320E+14   5.7777E-05   5.8536E-05   0.98702
FLUX  637   909.00        3.298047E+14   5.7799E-05   5.8328E-05   0.99093
FLUX  638   911.00        3.290807E+14   5.7914E-05   5.8121E-05   0.99645
FLUX  639   913.00        3.283598E+14   5.7721E-05   5.7914E-05   0.99667
FLUX  640   915.00        3.276421E+14   5.7607E-05   5.7709E-05   0.99822
FLUX  641   917.00        3.269275E+14   5.7138E-05   5.7505E-05   0.99361
FLUX  642   919.00        3.262160E+14   5.6557E-05   5.7302E-05   0.98700
FLUX  643   921.00        3.255076E+14   5.4554E-05   5.7101E-05   0.95541
FLUX  644   923.00        3.248023E+14   4.6209E-05   5.6900E-05   0.81212
FLUX  645   925.00        3.241000E+14   5.3558E-05   5.6700E-05   0.94459
FLUX  646   927.00        3.234008E+14   5.5104E-05   5.6502E-05   0.97526
FLUX  647   929.00        3.227045E+14   5.5926E-05   5.6304E-05   0.99329
FLUX  648   931.00        3.220113E+14   5.5910E-05   5.6107E-05   0.99648
FLUX  649   933.00        3.213210E+14   5.5772E-05   5.5912E-05   0.99749
FLUX  650   935.00        3.206337E+14   5.5651E-05   5.5717E-05   0.99880
FLUX  651   937.00        3.199493E+14   5.5467E-05   5.5524E-05   0.99899
FLUX  652   939.00        3.192678E+14   5.5215E-05   5.5331E-05   0.99790
FLUX  653   941.00        3.185893E+14   5.4627E-05   5.5140E-05   0.99070
FLUX  654   943.00        3.179136E+14   5.4883E-05   5.4949E-05   0.99880
FLUX  655   945.00        3.172407E+14   5.4728E-05   5.4759E-05   0.99942
FLUX  656   947.00        3.165707E+14   5.4359E-05   5.4571E-05   0.99612
FLUX  657   949.00        3.159036E+14   5.4132E-05   5.4383E-05   0.99539
FLUX  658   951.00        3.152392E+14   5.3439E-05   5.4196E-05   0.98603
FLUX  659   953.00        3.145776E+14   5.1090E-05   5.4011E-05   0.94593
FLUX  660   955.00        3.139188E+14   4.4133E-05   5.3826E-05   0.81991
FLUX  661   957.00        3.132628E+14   5.1586E-05   5.3642E-05   0.96168
FLUX  662   959.00        3.126095E+14   5.2993E-05   5.3459E-05   0.99128
FLUX  663   961.00        3.119589E+14   5.3028E-05   5.3277E-05   0.99531
FLUX  664   963.00        3.113110E+14   5.2597E-05   5.3096E-05   0.99059
FLUX  665   965.00        3.106658E+14   5.2891E-05   5.2916E-05   0.99952
FLUX  666   967.00        3.100233E+14   5.2618E-05   5.2737E-05   0.99774
FLUX  667   969.00        3.093834E+14   5.2514E-05   5.2559E-05   0.99916
FLUX  668   971.00        3.087461E+14   5.2332E-05   5.2381E-05   0.99905
FLUX  669   973.00        3.081115E+14   5.2192E-05   5.2205E-05   0.99975
FLUX  670   975.00        3.074795E+14   5.1999E-05   5.2029E-05   0.99941
FLUX  671   977.00        3.068501E+14   5.1853E-05   5.1855E-05   0.99997
FLUX  672   979.00        3.062232E+14   5.1669E-05   5.1681E-05   0.99977
FLUX  673   981.00        3.055989E+14   5.1490E-05   5.1508E-05   0.99965
FLUX  674   983.00        3.049771E+14   5.1273E-05   5.1336E-05   0.99878
FLUX  675   985.00        3.043579E+14   5.1136E-05   5.1165E-05   0.99943
FLUX  676   987.00        3.037411E+14   5.0958E-05   5.0995E-05   0.99928
FLUX  677   989.00        3.031269E+14   5.0722E-05   5.0825E-05   0.99798
FLUX  678   991.00        3.025151E+14   5.0574E-05   5.0656E-05   0.99836
FLUX  679   993.00        3.019058E+14   5.0464E-05   5.0489E-05   0.99951
FLUX  680   995.00        3.012990E+14   5.0289E-05   5.0322E-05   0.99934
FLUX  681   997.00        3.006946E+14   5.0056E-05   5.0156E-05   0.99802
FLUX  682   999.00        3.000926E+14   4.9799E-05   4.9990E-05   0.99617
FLUX  683  1002.50        2.990449E+14   4.7352E-05   4.9703E-05   0.95269
FLUX  684  1007.50        2.975608E+14   4.5822E-05   4.9297E-05   0.92951
FLUX  685  1012.50        2.960914E+14   4.8519E-05   4.8896E-05   0.99229
FLUX  686  1017.50        2.946364E+14   4.8429E-05   4.8499E-05   0.99855
FLUX  687  1022.50        2.931956E+14   4.8082E-05   4.8108E-05   0.99945
FLUX  688  1027.50        2.917689E+14   4.7704E-05   4.7721E-05   0.99964
FLUX  689  1032.50        2.903559E+14   4.7243E-05   4.7339E-05   0.99797
FLUX  690  1037.50        2.889566E+14   4.6944E-05   4.6962E-05   0.99962
FLUX  691  1042.50        2.875707E+14   4.6581E-05   4.6589E-05   0.99983
FLUX  692  1047.50        2.861981E+14   4.6193E-05   4.6220E-05   0.99941
FLUX  693  1052.50        2.848385E+14   4.5806E-05   4.5856E-05   0.99889
FLUX  694  1057.50        2.834917E+14   4.5471E-05   4.5497E-05   0.99944
FLUX  695  1062.50        2.821576E+14   4.5134E-05   4.5141E-05   0.99983
FLUX  696  1067.50        2.808361E+14   4.4613E-05   4.4790E-05   0.99604
FLUX  697  1072.50        2.795268E+14   4.4397E-05   4.4443E-05   0.99898
FLUX  698  1077.50        2.782297E+14   4.4076E-05   4.4100E-05   0.99947
FLUX  699  1082.50        2.769446E+14   4.3417E-05   4.3760E-05   0.99214
FLUX  700  1087.50        2.756713E+14   4.3242E-05   4.3425E-05   0.99577
FLUX  701  1092.50        2.744096E+14   3.9220E-05   4.3094E-05   0.91011
FLUX  702  1097.50        2.731595E+14   4.1627E-05   4.2766E-05   0.97338
FLUX  703  1102.50        2.719206E+14   4.2308E-05   4.2442E-05   0.99683
FLUX  704  1107.50        2.706930E+14   4.2116E-05   4.2122E-05   0.99986
FLUX  705  1112.50        2.694764E+14   4.1797E-05   4.1805E-05   0.99981
FLUX  706  1117.50        2.682707E+14   4.1475E-05   4.1492E-05   0.99959
FLUX  707  1122.50        2.670757E+14   4.1169E-05   4.1182E-05   0.99967
FLUX  708  1127.50        2.658914E+14   4.0676E-05   4.0876E-05   0.99510
FLUX  709  1132.50        2.647174E+14   4.0416E-05   4.0573E-05   0.99612
FLUX  710  1137.50        2.635538E+14   4.0262E-05   4.0274E-05   0.99971
FLUX  711  1142.50        2.624004E+14   3.9964E-05   3.9978E-05   0.99967
FLUX  712  1147.50        2.612571E+14   3.9681E-05   3.9685E-05   0.99989
FLUX  713  1152.50        2.601236E+14   3.9389E-05   3.9395E-05   0.99985
FLUX  714  1157.50        2.590000E+14   3.9103E-05   3.9109E-05   0.99985
FLUX  715  1162.50        2.578860E+14   3.8768E-05   3.8826E-05   0.99851
FLUX  716  1167.50        2.567816E+14   3.8492E-05   3.8546E-05   0.99862
FLUX  717  1172.50        2.556866E+14   3.8254E-05   3.8269E-05   0.99962
FLUX  718  1177.50        2.546008E+14   3.7873E-05   3.7994E-05   0.99682
FLUX  719  1182.50        2.535243E+14   3.7708E-05   3.7723E-05   0.99959
FLUX  720  1187.50        2.524568E+14   3.7421E-05   3.7455E-05   0.99910
FLUX  721  1192.50        2.513983E+14   3.7187E-05   3.7189E-05   0.99994
FLUX  722  1197.50        2.503486E+14   3.6844E-05   3.6927E-05   0.99776
FLUX  723  1202.50        2.493077E+14   3.6664E-05   3.6667E-05   0.99992
FLUX  724  1207.50        2.482754E+14   3.6406E-05   3.6410E-05   0.99989
FLUX  725  1212.50        2.472515E+14   3.6145E-05   3.6155E-05   0.99972
FLUX  726  1217.50        2.462361E+14   3.5898E-05   3.5904E-05   0.99985
FLUX  727  1222.50        2.452290E+14   3.5646E-05   3.5655E-05   0.99977
FLUX  728  1227.50        2.442301E+14   3.5395E-05   3.5408E-05   0.99964
FLUX  729  1232.50        2.432394E+14   3.5153E-05   3.5164E-05   0.99968
FLUX  730  1237.50        2.422566E+14   3.4914E-05   3.4923E-05   0.99976
FLUX  731  1242.50        2.412817E+14   3.4683E-05   3.4684E-05   0.99997
FLUX  732  1247.50        2.403146E+14   3.4395E-05   3.4447E-05   0.99849
FLUX  733  1252.50        2.393553E+14   3.4192E-05   3.4213E-05   0.99939
FLUX  734  1257.50        2.384036E+14   3.3944E-05   3.3982E-05   0.99888
FLUX  735  1262.50        2.374594E+14   3.3740E-05   3.3752E-05   0.99962
FLUX  736  1267.50        2.365227E+14   3.3521E-05   3.3525E-05   0.99988
FLUX  737  1272.50        2.355933E+14   3.3268E-05   3.3301E-05   0.99901
FLUX  738  1277.50        2.346712E+14   3.2615E-05   3.3078E-05   0.98598
FLUX  739  1282.50        2.337563E+14   2.9937E-05   3.2858E-05   0.91110
FLUX  740  1287.50        2.328485E+14   3.2387E-05   3.2640E-05   0.99224
FLUX  741  1292.50        2.319478E+14   3.2403E-05   3.2424E-05   0.99935
FLUX  742  1297.50        2.310539E+14   3.2171E-05   3.2211E-05   0.99875
FLUX  743  1302.50        2.301670E+14   3.1999E-05   3.1999E-05   0.99998
FLUX  744  1307.50        2.292868E+14   3.1789E-05   3.1790E-05   0.99997
FLUX  745  1312.50        2.284133E+14   3.1582E-05   3.1582E-05   0.99999
FLUX  746  1317.50        2.275465E+14   3.1346E-05   3.1377E-05   0.99901
FLUX  747  1322.50        2.266862E+14   3.1173E-05   3.1173E-05   0.99998
FLUX  748  1327.50        2.258324E+14   3.0971E-05   3.0972E-05   0.99999
FLUX  749  1332.50        2.249850E+14   3.0771E-05   3.0772E-05   0.99998
FLUX  750  1337.50        2.241439E+14   3.0574E-05   3.0574E-05   0.99998
FLUX  751  1342.50        2.233091E+14   3.0368E-05   3.0379E-05   0.99966
FLUX  752  1347.50        2.224805E+14   3.0179E-05   3.0185E-05   0.99979
FLUX  753  1352.50        2.216580E+14   2.9983E-05   2.9993E-05   0.99966
FLUX  754  1357.50        2.208416E+14   2.9796E-05   2.9803E-05   0.99978
FLUX  755  1362.50        2.200312E+14   2.9608E-05   2.9615E-05   0.99978
FLUX  756  1367.50        2.192267E+14   2.9412E-05   2.9428E-05   0.99945
FLUX  757  1372.50        2.184281E+14   2.9231E-05   2.9244E-05   0.99956
FLUX  758  1377.50        2.176352E+14   2.9060E-05   2.9061E-05   0.99997
FLUX  759  1382.50        2.168481E+14   2.8878E-05   2.8879E-05   0.99997
FLUX  760  1387.50        2.160667E+14   2.8699E-05   2.8700E-05   0.99997
FLUX  761  1392.50        2.152908E+14   2.8517E-05   2.8522E-05   0.99984
FLUX  762  1397.50        2.145206E+14   2.8342E-05   2.8346E-05   0.99988
FLUX  763  1402.50        2.137558E+14   2.8170E-05   2.8171E-05   0.99997
FLUX  764  1407.50        2.129964E+14   2.7995E-05   2.7998E-05   0.99988
FLUX  765  1412.50        2.122425E+14   2.7822E-05   2.7827E-05   0.99983
FLUX  766  1417.50        2.114938E+14   2.7656E-05   2.7657E-05   0.99998
FLUX  767  1422.50        2.107504E+14   2.7488E-05   2.7489E-05   0.99998
FLUX  768  1427.50        2.100123E+14   2.7322E-05   2.7322E-05   0.99999
FLUX  769  1432.50        2.092792E+14   2.7155E-05   2.7157E-05   0.99995
FLUX  770  1437.50        2.085513E+14   2.6991E-05   2.6993E-05   0.99990
FLUX  771  1442.50        2.078284E+14   2.6801E-05   2.6831E-05   0.99887
FLUX  772  1447.50        2.071105E+14   2.6661E-05   2.6670E-05   0.99967
FLUX  773  1452.50        2.063976E+14   2.6496E-05   2.6511E-05   0.99942
FLUX  774  1457.00        2.057601E+14   2.6369E-05   2.6369E-05   0.99998
FLUX  775  1462.00        2.050564E+14   2.6508E-05   2.6943E-05   0.98384
FLUX  776  1467.50        2.042879E+14   2.6733E-05   2.6765E-05   0.99880
FLUX  777  1472.50        2.035942E+14   2.6454E-05   2.6605E-05   0.99434
FLUX  778  1477.50        2.029052E+14   2.6137E-05   2.6446E-05   0.98833
FLUX  779  1482.50        2.022209E+14   2.5859E-05   2.6288E-05   0.98367
FLUX  780  1487.50        2.015412E+14   2.5592E-05   2.6132E-05   0.97932
FLUX  781  1492.50        2.008660E+14   2.5370E-05   2.5977E-05   0.97663
FLUX  782  1497.50        2.001953E+14   2.5079E-05   2.5824E-05   0.97116
FLUX  783  1502.50        1.995291E+14   2.4885E-05   2.5672E-05   0.96935
FLUX  784  1507.50        1.988673E+14   2.4667E-05   2.5521E-05   0.96651
FLUX  785  1512.50        1.982099E+14   2.4453E-05   2.5372E-05   0.96378
FLUX  786  1517.50        1.975568E+14   2.4297E-05   2.5224E-05   0.96326
FLUX  787  1522.50        1.969080E+14   2.4239E-05   2.5077E-05   0.96657
FLUX  788  1527.50        1.962635E+14   2.3963E-05   2.4932E-05   0.96114
FLUX  789  1532.50        1.956232E+14   2.3828E-05   2.4788E-05   0.96128
FLUX  790  1537.50        1.949870E+14   2.3900E-05   2.4645E-05   0.96977
FLUX  791  1542.50        1.943549E+14   2.3430E-05   2.4503E-05   0.95621
FLUX  792  1547.50        1.937270E+14   2.3679E-05   2.4363E-05   0.97194
FLUX  793  1552.50        1.931031E+14   2.3574E-05   2.4223E-05   0.97319
FLUX  794  1557.50        1.924831E+14   2.2844E-05   2.4085E-05   0.94846
FLUX  795  1562.50        1.918672E+14   2.3682E-05   2.3948E-05   0.98887
FLUX  796  1567.50        1.912552E+14   2.2987E-05   2.3813E-05   0.96535
FLUX  797  1572.50        1.906471E+14   2.2470E-05   2.3678E-05   0.94898
FLUX  798  1577.50        1.900428E+14   2.3365E-05   2.3545E-05   0.99237
FLUX  799  1582.50        1.894423E+14   2.3172E-05   2.3412E-05   0.98976
FLUX  800  1587.50        1.888457E+14   2.1678E-05   2.3281E-05   0.93115
FLUX  801  1592.50        1.882527E+14   2.2651E-05   2.3151E-05   0.97839
FLUX  802  1597.50        1.876635E+14   2.2959E-05   2.3022E-05   0.99726
FLUX  803  1605.00        1.867866E+14   2.2512E-05   2.2831E-05   0.98604
FLUX  804  1615.00        1.856300E+14   2.1658E-05   2.2579E-05   0.95919
FLUX  805  1625.00        1.844877E+14   2.2309E-05   2.2331E-05   0.99900
FLUX  806  1635.00        1.833593E+14   2.1740E-05   2.2088E-05   0.98425
FLUX  807  1645.00        1.822447E+14   2.0943E-05   2.1849E-05   0.95855
FLUX  808  1655.00        1.811435E+14   2.1599E-05   2.1613E-05   0.99934
FLUX  809  1665.00        1.800556E+14   2.1379E-05   2.1382E-05   0.99989
FLUX  810  1675.00        1.789806E+14   2.0804E-05   2.1154E-05   0.98348
FLUX  811  1685.00        1.779184E+14   2.0039E-05   2.0929E-05   0.95746
FLUX  812  1695.00        1.768687E+14   2.0682E-05   2.0709E-05   0.99873
FLUX  813  1705.00        1.758314E+14   2.0456E-05   2.0491E-05   0.99828
FLUX  814  1715.00        1.748061E+14   2.0266E-05   2.0277E-05   0.99944
FLUX  815  1725.00        1.737928E+14   2.0030E-05   2.0067E-05   0.99815
FLUX  816  1735.00        1.727911E+14   1.8812E-05   1.9860E-05   0.94727
FLUX  817  1745.00        1.718009E+14   1.9528E-05   1.9656E-05   0.99350
FLUX  818  1755.00        1.708219E+14   1.9446E-05   1.9455E-05   0.99956
FLUX  819  1765.00        1.698541E+14   1.9250E-05   1.9257E-05   0.99965
FLUX  820  1775.00        1.688972E+14   1.9051E-05   1.9062E-05   0.99942
FLUX  821  1785.00        1.679510E+14   1.8863E-05   1.8870E-05   0.99964
FLUX  822  1795.00        1.670153E+14   1.8680E-05   1.8681E-05   0.99997
FLUX  823  1805.00        1.660900E+14   1.8445E-05   1.8495E-05   0.99731
FLUX  824  1815.00        1.651749E+14   1.7425E-05   1.8311E-05   0.95160
FLUX  825  1825.00        1.642699E+14   1.7927E-05   1.8130E-05   0.98875
FLUX  826  1835.00        1.633747E+14   1.7946E-05   1.7952E-05   0.99966
FLUX  827  1845.00        1.624892E+14   1.7775E-05   1.7777E-05   0.99986
FLUX  828  1855.00        1.616132E+14   1.7594E-05   1.7604E-05   0.99941
FLUX  829  1865.00        1.607466E+14   1.7364E-05   1.7434E-05   0.99599
FLUX  830  1875.00        1.598893E+14   1.6429E-05   1.7266E-05   0.95151
FLUX  831  1885.00        1.590411E+14   1.7055E-05   1.7101E-05   0.99732
FLUX  832  1895.00        1.582018E+14   1.6932E-05   1.6937E-05   0.99970
FLUX  833  1905.00        1.573714E+14   1.6760E-05   1.6777E-05   0.99902
FLUX  834  1915.00        1.565496E+14   1.6617E-05   1.6618E-05   0.99990
FLUX  835  1925.00        1.557364E+14   1.6459E-05   1.6462E-05   0.99979
FLUX  836  1935.00        1.549315E+14   1.6256E-05   1.6308E-05   0.99679
FLUX  837  1945.00        1.541350E+14   1.5314E-05   1.6156E-05   0.94785
FLUX  838  1955.00        1.533465E+14   1.5951E-05   1.6006E-05   0.99652
FLUX  839  1965.00        1.525662E+14   1.5859E-05   1.5859E-05   0.99998
FLUX  840  1975.00        1.517937E+14   1.5712E-05   1.5713E-05   0.99994
FLUX  841  1985.00        1.510290E+14   1.5569E-05   1.5570E-05   0.99998
FLUX  842  1995.00        1.502719E+14   1.5428E-05   1.5428E-05   0.99998
FLUX  843  2005.00        1.495224E+14   1.5288E-05   1.5288E-05   0.99999
FLUX  844  2015.00        1.487804E+14   1.5150E-05   1.5150E-05   0.99999
FLUX  845  2025.00        1.480457E+14   1.5014E-05   1.5014E-05   0.99999
FLUX  846  2035.00        1.473182E+14   1.4880E-05   1.4880E-05   0.99998
FLUX  847  2045.00        1.465978E+14   1.4747E-05   1.4748E-05   0.99994
FLUX  848  2055.00        1.458844E+14   1.4605E-05   1.4617E-05   0.99915
FLUX  849  2065.00        1.451780E+14   1.4488E-05   1.4489E-05   0.99998
FLUX  850  2075.00        1.444783E+14   1.4361E-05   1.4361E-05   0.99998
FLUX  851  2085.00        1.437854E+14   1.4236E-05   1.4236E-05   0.99999
FLUX  852  2095.00        1.430990E+14   1.4111E-05   1.4112E-05   0.99992
FLUX  853  2105.00        1.424192E+14   1.3989E-05   1.3990E-05   0.99997
FLUX  854  2115.00        1.417459E+14   1.3856E-05   1.3869E-05   0.99907
FLUX  855  2125.00        1.410788E+14   1.3748E-05   1.3750E-05   0.99983
FLUX  856  2135.00        1.404180E+14   1.3629E-05   1.3632E-05   0.99977
FLUX  857  2145.00        1.397634E+14   1.3513E-05   1.3516E-05   0.99975
FLUX  858  2155.00        1.391148E+14   1.3366E-05   1.3402E-05   0.99732
FLUX  859  2165.00        1.384723E+14   1.2618E-05   1.3288E-05   0.94954
FLUX  860  2175.00        1.378356E+14   1.3106E-05   1.3177E-05   0.99460
FLUX  861  2185.00        1.372048E+14   1.3064E-05   1.3066E-05   0.99985
FLUX  862  2195.00        1.365797E+14   1.2955E-05   1.2957E-05   0.99978
FLUX  863  2205.00        1.359603E+14   1.2850E-05   1.2850E-05   0.99999
FLUX  864  2215.00        1.353465E+14   1.2743E-05   1.2744E-05   0.99993
FLUX  865  2225.00        1.347382E+14   1.2638E-05   1.2639E-05   0.99997
FLUX  866  2235.00        1.341353E+14   1.2535E-05   1.2535E-05   0.99999
FLUX  867  2245.00        1.335379E+14   1.2433E-05   1.2433E-05   0.99999
FLUX  868  2255.00        1.329457E+14   1.2331E-05   1.2331E-05   0.99999
FLUX  869  2265.00        1.323587E+14   1.2232E-05   1.2232E-05   0.99999
FLUX  870  2275.00        1.317769E+14   1.2133E-05   1.2133E-05   0.99999
FLUX  871  2285.00        1.312002E+14   1.2060E-05   1.2153E-05   0.99238
FLUX  872  2295.00        1.306285E+14   1.2055E-05   1.2055E-05   0.99997
FLUX  873  2305.00        1.300618E+14   1.1956E-05   1.1959E-05   0.99978
FLUX  874  2315.00        1.295000E+14   1.1831E-05   1.1863E-05   0.99730
FLUX  875  2325.00        1.289430E+14   1.1717E-05   1.1769E-05   0.99559
FLUX  876  2335.00        1.283908E+14   1.1605E-05   1.1676E-05   0.99396
FLUX  877  2345.00        1.278433E+14   1.1501E-05   1.1584E-05   0.99290
FLUX  878  2355.00        1.273004E+14   1.1392E-05   1.1493E-05   0.99123
FLUX  879  2365.00        1.267622E+14   1.1299E-05   1.1403E-05   0.99093
FLUX  880  2375.00        1.262284E+14   1.1188E-05   1.1314E-05   0.98889
FLUX  881  2385.00        1.256992E+14   1.1092E-05   1.1226E-05   0.98808
FLUX  882  2395.00        1.251743E+14   1.1005E-05   1.1139E-05   0.98791
FLUX  883  2405.00        1.246538E+14   1.0909E-05   1.1054E-05   0.98693
FLUX  884  2415.00        1.241377E+14   1.0812E-05   1.0969E-05   0.98574
FLUX  885  2425.00        1.236258E+14   1.0751E-05   1.0885E-05   0.98768
FLUX  886  2435.00        1.231181E+14   1.0657E-05   1.0802E-05   0.98661
FLUX  887  2445.00        1.226145E+14   1.0559E-05   1.0720E-05   0.98501
FLUX  888  2455.00        1.221151E+14   1.0522E-05   1.0639E-05   0.98902
FLUX  889  2465.00        1.216197E+14   1.0406E-05   1.0559E-05   0.98548
FLUX  890  2475.00        1.211283E+14   1.0334E-05   1.0480E-05   0.98609
FLUX  891  2485.00        1.206408E+14   1.0336E-05   1.0402E-05   0.99370
FLUX  892  2495.00        1.201573E+14   1.0082E-05   1.0324E-05   0.97655
FLUX  893  2505.00        1.196776E+14   1.0247E-05   1.0248E-05   0.99998
FLUX  894  2515.00        1.192018E+14   1.0131E-05   1.0172E-05   0.99594
FLUX  895  2525.00        1.187297E+14   9.8199E-06   1.0097E-05   0.97255
FLUX  896  2535.00        1.182613E+14   9.9532E-06   1.0023E-05   0.99303
FLUX  897  2545.00        1.177967E+14   9.9391E-06   9.9498E-06   0.99893
FLUX  898  2555.00        1.173356E+14   9.8082E-06   9.8774E-06   0.99300
FLUX  899  2565.00        1.168782E+14   9.4869E-06   9.8058E-06   0.96748
FLUX  900  2575.00        1.164243E+14   9.6865E-06   9.7349E-06   0.99503
FLUX  901  2585.00        1.159739E+14   9.6639E-06   9.6648E-06   0.99990
FLUX  902  2595.00        1.155270E+14   9.5862E-06   9.5955E-06   0.99903
FLUX  903  2605.00        1.150835E+14   9.4204E-06   9.5269E-06   0.98883
FLUX  904  2615.00        1.146434E+14   9.1082E-06   9.4590E-06   0.96292
FLUX  905  2625.00        1.142067E+14   8.8888E-06   9.3918E-06   0.94644
FLUX  906  2635.00        1.137732E+14   9.2574E-06   9.3254E-06   0.99271
FLUX  907  2645.00        1.133431E+14   9.2558E-06   9.2596E-06   0.99958
FLUX  908  2655.00        1.129162E+14   9.1921E-06   9.1946E-06   0.99973
FLUX  909  2665.00        1.124925E+14   9.0758E-06   9.1302E-06   0.99403
FLUX  910  2675.00        1.120720E+14   8.6865E-06   9.0665E-06   0.95808
FLUX  911  2685.00        1.116546E+14   8.9483E-06   9.0035E-06   0.99387
FLUX  912  2695.00        1.112403E+14   8.9403E-06   8.9411E-06   0.99991
FLUX  913  2705.00        1.108290E+14   8.8793E-06   8.8794E-06   0.99999
FLUX  914  2715.00        1.104208E+14   8.8182E-06   8.8183E-06   0.99999
FLUX  915  2725.00        1.100156E+14   8.7578E-06   8.7579E-06   0.99999
FLUX  916  2735.00        1.096133E+14   8.6978E-06   8.6980E-06   0.99997
FLUX  917  2745.00        1.092140E+14   8.6171E-06   8.6388E-06   0.99749
FLUX  918  2755.00        1.088176E+14   8.2434E-06   8.5802E-06   0.96076
FLUX  919  2765.00        1.084241E+14   8.3903E-06   8.5221E-06   0.98454
FLUX  920  2775.00        1.080333E+14   8.4587E-06   8.4647E-06   0.99929
FLUX  921  2785.00        1.076454E+14   8.4077E-06   8.4078E-06   0.99999
FLUX  922  2795.00        1.072603E+14   8.3515E-06   8.3515E-06   0.99999
FLUX  923  2805.00        1.068779E+14   8.2957E-06   8.2958E-06   0.99999
FLUX  924  2815.00        1.064982E+14   8.2403E-06   8.2406E-06   0.99996
FLUX  925  2825.00        1.061212E+14   8.1855E-06   8.1860E-06   0.99994
FLUX  926  2835.00        1.057469E+14   8.1307E-06   8.1319E-06   0.99986
FLUX  927  2845.00        1.053752E+14   8.0779E-06   8.0783E-06   0.99994
FLUX  928  2855.00        1.050061E+14   8.0201E-06   8.0253E-06   0.99935
FLUX  929  2865.00        1.046396E+14   7.8879E-06   7.9728E-06   0.98935
FLUX  930  2875.00        1.042757E+14   7.5599E-06   7.9208E-06   0.95443
FLUX  931  2885.00        1.039142E+14   7.8423E-06   7.8693E-06   0.99656
FLUX  932  2895.00        1.035553E+14   7.8154E-06   7.8184E-06   0.99963
FLUX  933  2905.00        1.031988E+14   7.7678E-06   7.7679E-06   0.99999
FLUX  934  2915.00        1.028448E+14   7.7171E-06   7.7179E-06   0.99990
FLUX  935  2925.00        1.024932E+14   7.6682E-06   7.6684E-06   0.99998
FLUX  936  2935.00        1.021440E+14   7.6189E-06   7.6193E-06   0.99994
FLUX  937  2945.00        1.017971E+14   7.5705E-06   7.5708E-06   0.99997
FLUX  938  2955.00        1.014526E+14   7.5226E-06   7.5227E-06   1.00000
FLUX  939  2965.00        1.011105E+14   7.4749E-06   7.4750E-06   0.99999
FLUX  940  2975.00        1.007706E+14   7.4278E-06   7.4278E-06   0.99999
FLUX  941  2985.00        1.004330E+14   7.3810E-06   7.3811E-06   1.00000
FLUX  942  2995.00        1.000977E+14   7.3347E-06   7.3348E-06   1.00000
FLUX  943  3005.00        9.976456E+13   7.2888E-06   7.2889E-06   0.99998
FLUX  944  3015.00        9.943367E+13   7.2432E-06   7.2434E-06   0.99997
FLUX  945  3025.00        9.910496E+13   7.1827E-06   7.1984E-06   0.99782
FLUX  946  3035.00        9.877842E+13   6.8860E-06   7.1538E-06   0.96257
FLUX  947  3045.00        9.845402E+13   6.9586E-06   7.1096E-06   0.97876
FLUX  948  3055.00        9.813175E+13   7.0556E-06   7.0658E-06   0.99855
FLUX  949  3065.00        9.781158E+13   7.0223E-06   7.0224E-06   0.99998
FLUX  950  3075.00        9.749350E+13   6.9793E-06   6.9794E-06   0.99998
FLUX  951  3085.00        9.717747E+13   6.9336E-06   6.9368E-06   0.99953
FLUX  952  3095.00        9.686349E+13   6.8945E-06   6.8946E-06   0.99998
FLUX  953  3105.00        9.655153E+13   6.8527E-06   6.8528E-06   0.99999
FLUX  954  3115.00        9.624157E+13   6.8113E-06   6.8113E-06   0.99999
FLUX  955  3125.00        9.593360E+13   6.7699E-06   6.7703E-06   0.99995
FLUX  956  3135.00        9.562759E+13   6.7295E-06   6.7296E-06   0.99999
FLUX  957  3145.00        9.532353E+13   6.6889E-06   6.6892E-06   0.99995
FLUX  958  3155.00        9.502139E+13   6.6492E-06   6.6492E-06   0.99999
FLUX  959  3165.00        9.472117E+13   6.6093E-06   6.6096E-06   0.99995
FLUX  960  3175.00        9.442283E+13   6.5702E-06   6.5703E-06   0.99998
FLUX  961  3185.00        9.412637E+13   6.5314E-06   6.5314E-06   0.99999
FLUX  962  3195.00        9.383177E+13   6.4927E-06   6.4928E-06   0.99998
FLUX  963  3210.00        9.339330E+13   6.4356E-06   6.4356E-06   0.99999
FLUX  964  3230.00        9.281502E+13   6.3605E-06   6.3605E-06   1.00000
FLUX  965  3250.00        9.224385E+13   6.2866E-06   6.2866E-06   0.99999
FLUX  966  3270.00        9.167966E+13   6.2135E-06   6.2141E-06   0.99990
FLUX  967  3290.00        9.112234E+13   5.9620E-06   6.1685E-06   0.96652
FLUX  968  3310.00        9.057175E+13   6.0564E-06   6.0980E-06   0.99318
FLUX  969  3330.00        9.002778E+13   6.0281E-06   6.0286E-06   0.99992
FLUX  970  3350.00        8.949030E+13   5.9603E-06   5.9605E-06   0.99997
FLUX  971  3370.00        8.895920E+13   5.8856E-06   5.8935E-06   0.99865
FLUX  972  3390.00        8.843437E+13   5.8122E-06   5.8276E-06   0.99736
FLUX  973  3410.00        8.791569E+13   5.7444E-06   5.7628E-06   0.99681
FLUX  974  3430.00        8.740306E+13   5.6774E-06   5.6991E-06   0.99619
FLUX  975  3450.00        8.689638E+13   5.6126E-06   5.6365E-06   0.99577
FLUX  976  3470.00        8.639553E+13   5.5496E-06   5.5749E-06   0.99546
FLUX  977  3490.00        8.590043E+13   5.4841E-06   5.5142E-06   0.99454
FLUX  978  3510.00        8.541097E+13   5.4245E-06   5.4546E-06   0.99449
FLUX  979  3530.00        8.492705E+13   5.3668E-06   5.3959E-06   0.99460
FLUX  980  3550.00        8.444859E+13   5.3067E-06   5.3382E-06   0.99411
FLUX  981  3570.00        8.397549E+13   5.2464E-06   5.2813E-06   0.99338
FLUX  982  3590.00        8.350766E+13   5.2025E-06   5.2254E-06   0.99561
FLUX  983  3610.00        8.304501E+13   5.1325E-06   5.1704E-06   0.99267
FLUX  984  3630.00        8.258747E+13   5.0966E-06   5.1162E-06   0.99616
FLUX  985  3650.00        8.213493E+13   5.0208E-06   5.0629E-06   0.99169
FLUX  986  3670.00        8.168733E+13   4.9989E-06   5.0104E-06   0.99771
FLUX  987  3690.00        8.124458E+13   4.9071E-06   4.9587E-06   0.98958
FLUX  988  3710.00        8.080660E+13   4.8912E-06   4.9079E-06   0.99661
FLUX  989  3730.00        8.037332E+13   4.7850E-06   4.8577E-06   0.98502
FLUX  990  3750.00        7.994467E+13   4.6678E-06   4.8084E-06   0.97075
FLUX  991  3770.00        7.952056E+13   4.7507E-06   4.7598E-06   0.99809
FLUX  992  3790.00        7.910092E+13   4.7115E-06   4.7119E-06   0.99991
FLUX  993  3810.00        7.868570E+13   4.6179E-06   4.6647E-06   0.98995
FLUX  994  3830.00        7.827480E+13   4.5800E-06   4.6183E-06   0.99170
FLUX  995  3850.00        7.786818E+13   4.5724E-06   4.5725E-06   0.99997
FLUX  996  3870.00        7.746576E+13   4.5271E-06   4.5274E-06   0.99993
FLUX  997  3890.00        7.706748E+13   4.4698E-06   4.4830E-06   0.99707
FLUX  998  3910.00        7.667327E+13   4.3601E-06   4.4392E-06   0.98218
FLUX  999  3930.00        7.628308E+13   4.3916E-06   4.3960E-06   0.99900
FLUX 1000  3950.00        7.589684E+13   4.3525E-06   4.3535E-06   0.99977
FLUX 1001  3970.00        7.551448E+13   4.3115E-06   4.3116E-06   0.99999
FLUX 1002  3990.00        7.513596E+13   4.2701E-06   4.2703E-06   0.99996
FLUX 1003  4010.00        7.476122E+13   4.1858E-06   4.2295E-06   0.98967
FLUX 1004  4030.00        7.439020E+13   4.1254E-06   4.1894E-06   0.98474
FLUX 1005  4050.00        7.402284E+13   4.0396E-06   4.1498E-06   0.97344
FLUX 1006  4070.00        7.365909E+13   4.1062E-06   4.1107E-06   0.99888
FLUX 1007  4090.00        7.329890E+13   4.0722E-06   4.0723E-06   0.99998
FLUX 1008  4110.00        7.294221E+13   4.0343E-06   4.0343E-06   0.99999
FLUX 1009  4130.00        7.258898E+13   3.9965E-06   3.9969E-06   0.99990
FLUX 1010  4150.00        7.223916E+13   3.9537E-06   3.9600E-06   0.99840
FLUX 1011  4170.00        7.189269E+13   3.8274E-06   3.9236E-06   0.97547
FLUX 1012  4190.00        7.154952E+13   3.8794E-06   3.8877E-06   0.99788
FLUX 1013  4210.00        7.120962E+13   3.8522E-06   3.8523E-06   0.99998
FLUX 1014  4230.00        7.087293E+13   3.8173E-06   3.8174E-06   1.00000
FLUX 1015  4250.00        7.053941E+13   3.7828E-06   3.7829E-06   0.99997
FLUX 1016  4270.00        7.020902E+13   3.7489E-06   3.7489E-06   1.00000
FLUX 1017  4290.00        6.988170E+13   3.7147E-06   3.7154E-06   0.99981
FLUX 1018  4310.00        6.955742E+13   3.6822E-06   3.6823E-06   0.99999
FLUX 1019  4330.00        6.923614E+13   3.6496E-06   3.6496E-06   0.99999
FLUX 1020  4350.00        6.891782E+13   3.6159E-06   3.6174E-06   0.99958
FLUX 1021  4370.00        6.860240E+13   3.4992E-06   3.5856E-06   0.97589
FLUX 1022  4390.00        6.828986E+13   3.5307E-06   3.5542E-06   0.99337
FLUX 1023  4410.00        6.798016E+13   3.5232E-06   3.5232E-06   0.99998
FLUX 1024  4430.00        6.767325E+13   3.4927E-06   3.4927E-06   1.00000
FLUX 1025  4450.00        6.736910E+13   3.4625E-06   3.4625E-06   1.00000
FLUX 1026  4470.00        6.706767E+13   3.4399E-06   3.4399E-06   1.00000
FLUX 1027  4490.00        6.676893E+13   3.4104E-06   3.4104E-06   0.99999
FLUX 1028  4510.00        6.647284E+13   3.3813E-06   3.3813E-06   1.00000
FLUX 1029  4530.00        6.617936E+13   3.3522E-06   3.3525E-06   0.99992
FLUX 1030  4550.00        6.588846E+13   3.3241E-06   3.3241E-06   0.99999
FLUX 1031  4570.00        6.560011E+13   3.2961E-06   3.2961E-06   0.99998
FLUX 1032  4590.00        6.531427E+13   3.2684E-06   3.2684E-06   0.99999
FLUX 1033  4610.00        6.503091E+13   3.2410E-06   3.2411E-06   0.99997
FLUX 1034  4630.00        6.475000E+13   3.2105E-06   3.2141E-06   0.99887
FLUX 1035  4650.00        6.447151E+13   3.0893E-06   3.1875E-06   0.96919
FLUX 1036  4670.00        6.419540E+13   3.0591E-06   3.1612E-06   0.96771
FLUX 1037  4690.00        6.392164E+13   3.1223E-06   3.1352E-06   0.99592
FLUX 1038  4710.00        6.365021E+13   3.1094E-06   3.1095E-06   0.99998
FLUX 1039  4730.00        6.338108E+13   3.0841E-06   3.0841E-06   0.99999
FLUX 1040  4750.00        6.311421E+13   3.0587E-06   3.0590E-06   0.99989
FLUX 1041  4770.00        6.284958E+13   3.0342E-06   3.0343E-06   0.99999
FLUX 1042  4790.00        6.258716E+13   3.0098E-06   3.0098E-06   1.00000
FLUX 1043  4810.00        6.232692E+13   2.9856E-06   2.9856E-06   1.00000
FLUX 1044  4830.00        6.206884E+13   2.9618E-06   2.9618E-06   1.00000
FLUX 1045  4850.00        6.181289E+13   2.9382E-06   2.9382E-06   1.00000
FLUX 1046  4870.00        6.155903E+13   2.9148E-06   2.9148E-06   1.00000
FLUX 1047  4890.00        6.130726E+13   2.8918E-06   2.8918E-06   1.00000
FLUX 1048  4910.00        6.105754E+13   2.8690E-06   2.8690E-06   1.00000
FLUX 1049  4930.00        6.080984E+13   2.8465E-06   2.8465E-06   1.00000
FLUX 1050  4950.00        6.056414E+13   2.8243E-06   2.8243E-06   1.00000
FLUX 1051  4970.00        6.032042E+13   2.8023E-06   2.8023E-06   1.00000
FLUX 1052  4990.00        6.007866E+13   2.7806E-06   2.7806E-06   1.00000
FLUX 1053  5010.00        5.983882E+13   2.7591E-06   2.7591E-06   0.99999
FLUX 1054  5030.00        5.960089E+13   2.7378E-06   2.7379E-06   0.99998
FLUX 1055  5050.00        5.936485E+13   2.7169E-06   2.7169E-06   1.00000
FLUX 1056  5070.00        5.913067E+13   2.6961E-06   2.6961E-06   1.00000
FLUX 1057  5090.00        5.889833E+13   2.6756E-06   2.6756E-06   0.99998
FLUX 1058  5110.00        5.866781E+13   2.6470E-06   2.6554E-06   0.99684
FLUX 1059  5130.00        5.843908E+13   2.5491E-06   2.6353E-06   0.96730
FLUX 1060  5150.00        5.821214E+13   2.6108E-06   2.6155E-06   0.99820
FLUX 1061  5170.00        5.798694E+13   2.5959E-06   2.5959E-06   0.99999
FLUX 1062  5190.00        5.776349E+13   2.5765E-06   2.5765E-06   1.00000
FLUX 1063  5210.00        5.754175E+13   2.5573E-06   2.5573E-06   0.99999
FLUX 1064  5230.00        5.732170E+13   2.5384E-06   2.5384E-06   0.99999
FLUX 1065  5250.00        5.710333E+13   2.5196E-06   2.5196E-06   1.00000
FLUX 1066  5270.00        5.688662E+13   2.5010E-06   2.5011E-06   0.99995
FLUX 1067  5290.00        5.667155E+13   2.4828E-06   2.4828E-06   1.00000
FLUX 1068  5310.00        5.645810E+13   2.4646E-06   2.4646E-06   1.00000
FLUX 1069  5330.00        5.624625E+13   2.4467E-06   2.4467E-06   1.00000
FLUX 1070  5350.00        5.603598E+13   2.4290E-06   2.4290E-06   1.00000
FLUX 1071  5370.00        5.582728E+13   2.4114E-06   2.4114E-06   1.00000
FLUX 1072  5390.00        5.562013E+13   2.3940E-06   2.3940E-06   0.99998
FLUX 1073  5410.00        5.541451E+13   2.3769E-06   2.3769E-06   1.00000
FLUX 1074  5430.00        5.521041E+13   2.3599E-06   2.3599E-06   1.00000
FLUX 1075  5450.00        5.500780E+13   2.3431E-06   2.3431E-06   1.00000
FLUX 1076  5470.00        5.480667E+13   2.3264E-06   2.3264E-06   1.00000
FLUX 1077  5490.00        5.460701E+13   2.3100E-06   2.3100E-06   1.00000
FLUX 1078  5510.00        5.440880E+13   2.2937E-06   2.2937E-06   1.00000
FLUX 1079  5530.00        5.421203E+13   2.2776E-06   2.2776E-06   1.00000
FLUX 1080  5550.00        5.401667E+13   2.2616E-06   2.2616E-06   1.00000
FLUX 1081  5570.00        5.382271E+13   2.2458E-06   2.2458E-06   0.99999
FLUX 1082  5590.00        5.363014E+13   2.2302E-06   2.2302E-06   1.00000
FLUX 1083  5610.00        5.343895E+13   2.2147E-06   2.2148E-06   0.99999
FLUX 1084  5630.00        5.324911E+13   2.1995E-06   2.1995E-06   1.00000
FLUX 1085  5650.00        5.306062E+13   2.1843E-06   2.1843E-06   1.00000
FLUX 1086  5670.00        5.287346E+13   2.1693E-06   2.1693E-06   1.00000
FLUX 1087  5690.00        5.268761E+13   2.1545E-06   2.1545E-06   1.00000
FLUX 1088  5710.00        5.250306E+13   2.1398E-06   2.1398E-06   1.00000
FLUX 1089  5730.00        5.231981E+13   2.1253E-06   2.1253E-06   1.00000
FLUX 1090  5750.00        5.213783E+13   2.1109E-06   2.1109E-06   1.00000
FLUX 1091  5770.00        5.195711E+13   2.0967E-06   2.0967E-06   1.00000
FLUX 1092  5790.00        5.177763E+13   2.0826E-06   2.0826E-06   1.00000
FLUX 1093  5810.00        5.159940E+13   2.0686E-06   2.0686E-06   1.00000
FLUX 1094  5830.00        5.142238E+13   2.0548E-06   2.0548E-06   1.00000
FLUX 1095  5850.00        5.124658E+13   2.0435E-06   2.0436E-06   0.99999
FLUX 1096  5870.00        5.107198E+13   2.0299E-06   2.0300E-06   0.99998
FLUX 1097  5890.00        5.089856E+13   2.0084E-06   2.0166E-06   0.99593
FLUX 1098  5910.00        5.072631E+13   1.9326E-06   2.0033E-06   0.96472
FLUX 1099  5930.00        5.055523E+13   1.9858E-06   1.9901E-06   0.99783
FLUX 1100  5950.00        5.038529E+13   1.9770E-06   1.9770E-06   0.99999
FLUX 1101  5970.00        5.021650E+13   1.9641E-06   1.9641E-06   1.00000
FLUX 1102  5990.00        5.004883E+13   1.9513E-06   1.9513E-06   0.99999
FLUX 1103  6010.00        4.988228E+13   1.9387E-06   1.9387E-06   1.00000
FLUX 1104  6030.00        4.971683E+13   1.9261E-06   1.9261E-06   1.00000
FLUX 1105  6050.00        4.955248E+13   1.9137E-06   1.9137E-06   1.00000
FLUX 1106  6070.00        4.938921E+13   1.9014E-06   1.9014E-06   1.00000
FLUX 1107  6090.00        4.922701E+13   1.8892E-06   1.8892E-06   1.00000
FLUX 1108  6110.00        4.906588E+13   1.8772E-06   1.8772E-06   1.00000
FLUX 1109  6130.00        4.890579E+13   1.8652E-06   1.8652E-06   1.00000
FLUX 1110  6150.00        4.874675E+13   1.8534E-06   1.8534E-06   1.00000
FLUX 1111  6170.00        4.858874E+13   1.8416E-06   1.8416E-06   1.00000
FLUX 1112  6190.00        4.843174E+13   1.8300E-06   1.8300E-06   1.00000
FLUX 1113  6210.00        4.827576E+13   1.8185E-06   1.8185E-06   1.00000
FLUX 1114  6230.00        4.812079E+13   1.8071E-06   1.8071E-06   1.00000
FLUX 1115  6250.00        4.796680E+13   1.7958E-06   1.7958E-06   1.00000
FLUX 1116  6270.00        4.781380E+13   1.7846E-06   1.7846E-06   1.00000
FLUX 1117  6290.00        4.766176E+13   1.7736E-06   1.7736E-06   1.00000
FLUX 1118  6310.00        4.751070E+13   1.7626E-06   1.7626E-06   1.00000
FLUX 1119  6330.00        4.736058E+13   1.7517E-06   1.7517E-06   0.99999
FLUX 1120  6350.00        4.721142E+13   1.7409E-06   1.7409E-06   0.99999
FLUX 1121  6370.00        4.706319E+13   1.7302E-06   1.7302E-06   1.00000
FLUX 1122  6390.00        4.691588E+13   1.7196E-06   1.7196E-06   1.00000
FLUX 1123  6420.00        4.669665E+13   1.7039E-06   1.7039E-06   1.00000
FLUX 1124  6460.00        4.640751E+13   1.6833E-06   1.6833E-06   1.00000
FLUX 1125  6500.00        4.612192E+13   1.6631E-06   1.6631E-06   1.00000
FLUX 1126  6540.00        4.583983E+13   1.6432E-06   1.6432E-06   1.00000
FLUX 1127  6580.00        4.556117E+13   1.6237E-06   1.6237E-06   1.00000
FLUX 1128  6620.00        4.528588E+13   1.6045E-06   1.6046E-06   0.99997
FLUX 1129  6660.00        4.501389E+13   1.5857E-06   1.5857E-06   1.00000
FLUX 1130  6700.00        4.474515E+13   1.5672E-06   1.5672E-06   1.00000
FLUX 1131  6740.00        4.447960E+13   1.5490E-06   1.5490E-06   1.00000
FLUX 1132  6780.00        4.421718E+13   1.5312E-06   1.5312E-06   1.00000
FLUX 1133  6820.00        4.395784E+13   1.5136E-06   1.5136E-06   1.00000
FLUX 1134  6860.00        4.370153E+13   1.4963E-06   1.4963E-06   0.99998
FLUX 1135  6900.00        4.344819E+13   1.4793E-06   1.4793E-06   1.00000
FLUX 1136  6940.00        4.319777E+13   1.4626E-06   1.4626E-06   0.99998
FLUX 1137  6980.00        4.295021E+13   1.4462E-06   1.4462E-06   1.00000
FLUX 1138  7020.00        4.270548E+13   1.4301E-06   1.4301E-06   0.99999
FLUX 1139  7060.00        4.246353E+13   1.4142E-06   1.4142E-06   0.99999
FLUX 1140  7100.00        4.222430E+13   1.3986E-06   1.3986E-06   1.00000
FLUX 1141  7140.00        4.198775E+13   1.3832E-06   1.3832E-06   0.99996
FLUX 1142  7180.00        4.175383E+13   1.3681E-06   1.3681E-06   0.99999
FLUX 1143  7220.00        4.152251E+13   1.3533E-06   1.3533E-06   0.99999
FLUX 1144  7260.00        4.129373E+13   1.3386E-06   1.3386E-06   0.99998
FLUX 1145  7300.00        4.106747E+13   1.3243E-06   1.3243E-06   1.00000
FLUX 1146  7340.00        4.084366E+13   1.3101E-06   1.3101E-06   0.99999
FLUX 1147  7380.00        4.062229E+13   1.2962E-06   1.2962E-06   0.99999
FLUX 1148  7420.00        4.040330E+13   1.2819E-06   1.2825E-06   0.99951
FLUX 1149  7460.00        4.018666E+13   1.2469E-06   1.2690E-06   0.98257
FLUX 1150  7500.00        3.997233E+13   1.2286E-06   1.2557E-06   0.97842
FLUX 1151  7540.00        3.976028E+13   1.2418E-06   1.2427E-06   0.99927
FLUX 1152  7580.00        3.955046E+13   1.2298E-06   1.2298E-06   0.99999
FLUX 1153  7620.00        3.934285E+13   1.2172E-06   1.2172E-06   1.00000
FLUX 1154  7660.00        3.913740E+13   1.2047E-06   1.2047E-06   0.99999
FLUX 1155  7700.00        3.893409E+13   1.1924E-06   1.1924E-06   1.00000
FLUX 1156  7740.00        3.873288E+13   1.1803E-06   1.1803E-06   0.99999
FLUX 1157  7780.00        3.853374E+13   1.1684E-06   1.1684E-06   1.00000
FLUX 1158  7820.00        3.833664E+13   1.1567E-06   1.1567E-06   1.00000
FLUX 1159  7860.00        3.814154E+13   1.1451E-06   1.1451E-06   1.00000
FLUX 1160  7900.00        3.794842E+13   1.1337E-06   1.1337E-06   1.00000
FLUX 1161  7940.00        3.775724E+13   1.1225E-06   1.1225E-06   1.00000
FLUX 1162  7980.00        3.756798E+13   1.1115E-06   1.1115E-06   1.00000
FLUX 1163  8020.00        3.738061E+13   1.1006E-06   1.1006E-06   1.00000
FLUX 1164  8060.00        3.719510E+13   1.0898E-06   1.0898E-06   1.00000
FLUX 1165  8100.00        3.701142E+13   1.0793E-06   1.0793E-06   1.00000
FLUX 1166  8140.00        3.682955E+13   1.0688E-06   1.0688E-06   1.00000
FLUX 1167  8180.00        3.664945E+13   1.0586E-06   1.0586E-06   1.00000
FLUX 1168  8220.00        3.647111E+13   1.0484E-06   1.0484E-06   1.00000
FLUX 1169  8260.00        3.629449E+13   1.0384E-06   1.0384E-06   1.00000
FLUX 1170  8300.00        3.611958E+13   1.0286E-06   1.0286E-06   1.00000
FLUX 1171  8340.00        3.594634E+13   1.0189E-06   1.0189E-06   1.00000
FLUX 1172  8380.00        3.577476E+13   1.0093E-06   1.0093E-06   0.99999
FLUX 1173  8420.00        3.560481E+13   9.9988E-07   9.9988E-07   1.00000
FLUX 1174  8460.00        3.543647E+13   9.9058E-07   9.9058E-07   1.00000
FLUX 1175  8500.00        3.526971E+13   9.8140E-07   9.8140E-07   1.00000
FLUX 1176  8540.00        3.510451E+13   9.7234E-07   9.7234E-07   1.00000
FLUX 1177  8580.00        3.494085E+13   9.6341E-07   9.6341E-07   1.00000
FLUX 1178  8620.00        3.477871E+13   9.5461E-07   9.5461E-07   1.00000
FLUX 1179  8660.00        3.461807E+13   9.4592E-07   9.4592E-07   1.00000
FLUX 1180  8700.00        3.445891E+13   9.3735E-07   9.3735E-07   1.00000
FLUX 1181  8740.00        3.430120E+13   9.2889E-07   9.2889E-07   1.00000
FLUX 1182  8780.00        3.414493E+13   9.2055E-07   9.2055E-07   1.00000
FLUX 1183  8820.00        3.399008E+13   9.1232E-07   9.1232E-07   1.00000
FLUX 1184  8860.00        3.383663E+13   9.0419E-07   9.0420E-07   1.00000
FLUX 1185  8900.00        3.368455E+13   8.9618E-07   8.9618E-07   1.00000
FLUX 1186  8940.00        3.353384E+13   8.8827E-07   8.8827E-07   1.00000
FLUX 1187  8980.00        3.338447E+13   8.8047E-07   8.8047E-07   1.00000
FLUX 1188  9020.00        3.323642E+13   8.7276E-07   8.7276E-07   1.00000
FLUX 1189  9060.00        3.308968E+13   8.6516E-07   8.6516E-07   1.00000
FLUX 1190  9100.00        3.294423E+13   8.5765E-07   8.5765E-07   1.00000
FLUX 1191  9140.00        3.280005E+13   8.5024E-07   8.5024E-07   1.00000
FLUX 1192  9180.00        3.265714E+13   8.4293E-07   8.4293E-07   1.00000
FLUX 1193  9220.00        3.251546E+13   8.3571E-07   8.3571E-07   1.00000
FLUX 1194  9260.00        3.237500E+13   8.2858E-07   8.2858E-07   1.00000
FLUX 1195  9300.00        3.223575E+13   8.2154E-07   8.2154E-07   1.00000
FLUX 1196  9340.00        3.209770E+13   8.1459E-07   8.1459E-07   1.00000
FLUX 1197  9380.00        3.196082E+13   8.0773E-07   8.0773E-07   1.00000
FLUX 1198  9420.00        3.182511E+13   8.0095E-07   8.0095E-07   1.00000
FLUX 1199  9460.00        3.169054E+13   7.9426E-07   7.9426E-07   1.00000
FLUX 1200  9500.00        3.155711E+13   7.8765E-07   7.8765E-07   1.00000
FLUX 1201  9540.00        3.142479E+13   7.8112E-07   7.8113E-07   1.00000
FLUX 1202  9580.00        3.129358E+13   7.7468E-07   7.7468E-07   1.00000
FLUX 1203  9620.00        3.116346E+13   7.6831E-07   7.6831E-07   1.00000
FLUX 1204  9660.00        3.103442E+13   7.6202E-07   7.6202E-07   1.00000
FLUX 1205  9700.00        3.090644E+13   7.5580E-07   7.5581E-07   0.99999
FLUX 1206  9740.00        3.077952E+13   7.4967E-07   7.4967E-07   1.00000
FLUX 1207  9780.00        3.065363E+13   7.4360E-07   7.4360E-07   1.00000
FLUX 1208  9820.00        3.052877E+13   7.3761E-07   7.3761E-07   1.00000
FLUX 1209  9860.00        3.040492E+13   7.3169E-07   7.3169E-07   1.00000
FLUX 1210  9900.00        3.028207E+13   7.2584E-07   7.2584E-07   1.00000
FLUX 1211  9940.00        3.016021E+13   7.2006E-07   7.2006E-07   1.00000
FLUX 1212  9980.00        3.003933E+13   7.1435E-07   7.1435E-07   1.00000
FLUX 1213 10020.00        2.991941E+13   7.0870E-07   7.0870E-07   1.00000
FLUX 1214 20000.00        1.498963E+13   1.7776E-07   1.7776E-07   1.00000
FLUX 1215 40000.00        7.494813E+12   4.3674E-08   4.3674E-08   1.00000
FLUX 1216 60000.00        4.996542E+12   1.9124E-08   1.9124E-08   1.00000
FLUX 1217 80000.00        3.747406E+12   1.0631E-08   1.0631E-08   1.00000
FLUX 1218100000.00        2.997925E+12   6.7397E-09   6.7397E-09   1.00000
FLUX 1219120000.00        2.498271E+12   4.6439E-09   4.6439E-09   1.00000
FLUX 1220140000.00        2.141375E+12   3.3895E-09   3.3895E-09   1.00000
FLUX 1221160000.00        1.873703E+12   2.5804E-09   2.5804E-09   1.00000
FLUX
