TEFF   7250.  GRAVITY 3.50000 LTE 
TITLE TEST RUN WITH SDSC OPACITY  VTURB 2 KM/S    L/H 1.25                      
 OPACITY IFOP
FLUX   81    50.60        5.924753E+15   5.0197E-30   5.6748E-30   0.88456
FLUX   82    51.20        5.855322E+15   1.0489E-29   1.0649E-29   0.98492
FLUX   83    52.00        5.765240E+15   2.3891E-29   2.4074E-29   0.99237
FLUX   84    53.00        5.656462E+15   6.4397E-29   6.4398E-29   0.99998
FLUX   85    54.00        5.551713E+15   1.6554E-28   1.6599E-28   0.99733
FLUX   86    55.00        5.450773E+15   4.1333E-28   4.1339E-28   0.99986
FLUX   87    56.00        5.353438E+15   9.9642E-28   9.9643E-28   0.99999
FLUX   88    57.00        5.259518E+15   2.3294E-27   2.3294E-27   0.99999
FLUX   89    58.00        5.168836E+15   5.2608E-27   5.2942E-27   0.99368
FLUX   90    59.00        5.081229E+15   1.1707E-26   1.1712E-26   0.99958
FLUX   91    60.00        4.996542E+15   2.5259E-26   2.5277E-26   0.99932
FLUX   92    61.00        4.914631E+15   5.3310E-26   5.3310E-26   0.99999
FLUX   93    62.00        4.835363E+15   1.1006E-25   1.1007E-25   0.99998
FLUX   94    63.00        4.758611E+15   2.2280E-25   2.2280E-25   0.99999
FLUX   95    64.00        4.684258E+15   4.4302E-25   4.4308E-25   0.99987
FLUX   96    65.00        4.612192E+15   8.6641E-25   8.6643E-25   0.99999
FLUX   97    65.80        4.556117E+15   1.4649E-24   1.4649E-24   0.99997
FLUX   98    66.50        4.508158E+15   2.2996E-24   2.3017E-24   0.99910
FLUX   99    67.50        4.441370E+15   4.3343E-24   4.3374E-24   0.99927
FLUX  100    68.50        4.376533E+15   8.0674E-24   8.0680E-24   0.99993
FLUX  101    69.50        4.313561E+15   1.4824E-23   1.4824E-23   0.99999
FLUX  102    70.50        4.252376E+15   2.6864E-23   2.6925E-23   0.99774
FLUX  103    71.60        4.187046E+15   5.1252E-23   5.1253E-23   0.99998
FLUX  104    72.60        4.129373E+15   9.0996E-23   9.0997E-23   0.99999
FLUX  105    73.50        4.078810E+15   1.5122E-22   1.5123E-22   0.99998
FLUX  106    74.50        4.024060E+15   2.6330E-22   2.6339E-22   0.99965
FLUX  107    75.50        3.970762E+15   4.5401E-22   4.5419E-22   0.99960
FLUX  108    76.50        3.918856E+15   7.7535E-22   7.7553E-22   0.99976
FLUX  109    77.50        3.868290E+15   1.3110E-21   1.3113E-21   0.99974
FLUX  110    78.50        3.819013E+15   2.1958E-21   2.1958E-21   1.00000
FLUX  111    79.50        3.770975E+15   3.6312E-21   3.6416E-21   0.99714
FLUX  112    80.50        3.724130E+15   5.9750E-21   5.9815E-21   0.99892
FLUX  113    81.50        3.678436E+15   9.7298E-21   9.7313E-21   0.99985
FLUX  114    82.50        3.633848E+15   1.5682E-20   1.5683E-20   0.99997
FLUX  115    83.50        3.590329E+15   2.5038E-20   2.5038E-20   0.99999
FLUX  116    84.50        3.547840E+15   3.9604E-20   3.9604E-20   0.99999
FLUX  117    85.50        3.506345E+15   6.2070E-20   6.2071E-20   0.99999
FLUX  118    86.50        3.465809E+15   9.6399E-20   9.6399E-20   0.99999
FLUX  119    87.50        3.426200E+15   1.4832E-19   1.4838E-19   0.99963
FLUX  120    88.50        3.387486E+15   2.2639E-19   2.2639E-19   0.99998
FLUX  121    89.50        3.349637E+15   3.4244E-19   3.4244E-19   1.00000
FLUX  122    90.50        3.312624E+15   5.1353E-19   5.1361E-19   0.99984
FLUX  123    91.50        3.276421E+15   5.1659E-17   1.1369E-16   0.45439
FLUX  124    92.50        3.241000E+15   1.3507E-16   1.5602E-16   0.86571
FLUX  125    93.50        3.206337E+15   1.8408E-16   2.1268E-16   0.86552
FLUX  126    94.50        3.172407E+15   2.4879E-16   2.8803E-16   0.86377
FLUX  127    95.50        3.139188E+15   3.6199E-16   3.8762E-16   0.93387
FLUX  128    96.50        3.106658E+15   4.9146E-16   5.1850E-16   0.94785
FLUX  129    97.50        3.074795E+15   6.3442E-16   6.8951E-16   0.92011
FLUX  130    98.50        3.043579E+15   8.5212E-16   9.1174E-16   0.93461
FLUX  131    99.50        3.012990E+15   1.0836E-15   1.1990E-15   0.90374
FLUX  132   100.50        2.983010E+15   1.5304E-15   1.5685E-15   0.97571
FLUX  133   101.50        2.953621E+15   2.0021E-15   2.0414E-15   0.98078
FLUX  134   102.50        2.924805E+15   2.2494E-15   2.6463E-15   0.85000
FLUX  135   103.50        2.896546E+15   3.3263E-15   3.4109E-15   0.97518
FLUX  136   104.50        2.868828E+15   4.3224E-15   4.3763E-15   0.98767
FLUX  137   105.50        2.841635E+15   5.5282E-15   5.5900E-15   0.98894
FLUX  138   106.50        2.814953E+15   6.8309E-15   7.1097E-15   0.96079
FLUX  139   107.50        2.788767E+15   8.7960E-15   9.0051E-15   0.97678
FLUX  140   108.50        2.763065E+15   1.1151E-14   1.1360E-14   0.98162
FLUX  141   109.50        2.737831E+15   1.3609E-14   1.4276E-14   0.95328
FLUX  142   110.50        2.713054E+15   1.6115E-13   5.3384E-13   0.30187
FLUX  143   111.50        2.688722E+15   3.4144E-13   6.5034E-13   0.52502
FLUX  144   112.50        2.664822E+15   4.9277E-13   7.8952E-13   0.62415
FLUX  145   113.50        2.641344E+15   6.5537E-13   9.5668E-13   0.68505
FLUX  146   114.50        2.618275E+15   8.4964E-13   1.1536E-12   0.73649
FLUX  147   115.50        2.595606E+15   9.2287E-13   1.3867E-12   0.66553
FLUX  148   116.50        2.573326E+15   1.2807E-12   1.6616E-12   0.77078
FLUX  149   117.50        2.551426E+15   1.5363E-12   1.9850E-12   0.77396
FLUX  150   118.50        2.529895E+15   1.5589E-12   2.3643E-12   0.65936
FLUX  151   119.50        2.508724E+15   9.3673E-13   2.8080E-12   0.33360
FLUX  152   120.50        2.487905E+15   9.6544E-13   3.3255E-12   0.29031
FLUX  153   121.50        2.467428E+15   1.5494E-13   3.9277E-12   0.03945
FLUX  154   122.50        2.447286E+15   1.2319E-12   4.7485E-12   0.25944
FLUX  155   123.50        2.427470E+15   3.0523E-12   5.5808E-12   0.54692
FLUX  156   124.50        2.407972E+15   9.1473E-12   4.9116E-11   0.18624
FLUX  157   125.50        2.388785E+15   1.5949E-11   5.6065E-11   0.28447
FLUX  158   126.50        2.369901E+15   1.6359E-11   6.3843E-11   0.25624
FLUX  159   127.50        2.351314E+15   2.6755E-11   7.2529E-11   0.36888
FLUX  160   128.50        2.333016E+15   3.9218E-11   8.2210E-11   0.47705
FLUX  161   129.50        2.315000E+15   4.9121E-11   9.2976E-11   0.52832
FLUX  162   130.50        2.297261E+15   4.1949E-11   1.0492E-10   0.39981
FLUX  163   131.50        2.279791E+15   6.8681E-11   1.1815E-10   0.58128
FLUX  164   132.50        2.262585E+15   8.2781E-11   1.3278E-10   0.62345
FLUX  165   133.50        2.245637E+15   9.5868E-11   1.4891E-10   0.64381
FLUX  166   134.50        2.228941E+15   1.2159E-10   1.6667E-10   0.72952
FLUX  167   135.50        2.212491E+15   1.2938E-10   1.8618E-10   0.69491
FLUX  168   136.50        2.196282E+15   1.4905E-10   2.0758E-10   0.71804
FLUX  169   137.50        2.180309E+15   1.6349E-10   2.3103E-10   0.70768
FLUX  170   138.50        2.164567E+15   1.7638E-10   2.5667E-10   0.68718
FLUX  171   139.50        2.149050E+15   2.0891E-10   2.8469E-10   0.73382
FLUX  172   140.50        2.133754E+15   2.3951E-10   3.1698E-10   0.75562
FLUX  173   141.50        2.118675E+15   2.5695E-10   3.5425E-10   0.72533
FLUX  174   142.50        2.103807E+15   2.9179E-10   3.9585E-10   0.73714
FLUX  175   143.50        2.089146E+15   3.0802E-10   4.4100E-10   0.69846
FLUX  176   144.20        2.079005E+15   3.7634E-10   4.7519E-10   0.79198
FLUX  177   144.70        2.071821E+15   4.0267E-10   5.2952E-10   0.76045
FLUX  178   145.50        2.060430E+15   4.5280E-10   5.7558E-10   0.78667
FLUX  179   146.50        2.046365E+15   4.6998E-10   6.3795E-10   0.73670
FLUX  180   147.50        2.032492E+15   5.2595E-10   7.0599E-10   0.74499
FLUX  181   148.50        2.018805E+15   6.0038E-10   7.8008E-10   0.76964
FLUX  182   149.50        2.005301E+15   7.1578E-10   8.6064E-10   0.83168
FLUX  183   150.50        1.991977E+15   8.1789E-10   9.4812E-10   0.86265
FLUX  184   151.20        1.982755E+15   8.2144E-10   1.0137E-09   0.81033
FLUX  185   151.70        1.976220E+15   8.6529E-10   1.0629E-09   0.81409
FLUX  186   152.50        1.965852E+15   1.3557E-09   9.7752E-09   0.13869
FLUX  187   153.50        1.953046E+15   1.6729E-09   9.9988E-09   0.16731
FLUX  188   154.50        1.940405E+15   2.1138E-09   1.0247E-08   0.20627
FLUX  189   155.50        1.927926E+15   2.3384E-09   1.0540E-08   0.22186
FLUX  190   156.50        1.915607E+15   2.2287E-09   1.0885E-08   0.20474
FLUX  191   157.50        1.903444E+15   3.5577E-09   1.5426E-08   0.23063
FLUX  192   158.50        1.891435E+15   4.3425E-09   1.5840E-08   0.27415
FLUX  193   159.50        1.879577E+15   5.5068E-09   1.6260E-08   0.33868
FLUX  194   160.50        1.867866E+15   5.1831E-09   1.6692E-08   0.31052
FLUX  195   161.50        1.856300E+15   5.1709E-09   1.7136E-08   0.30176
FLUX  196   162.50        1.844877E+15   4.6146E-09   1.8882E-08   0.24440
FLUX  197   163.50        1.833593E+15   5.8626E-09   1.9458E-08   0.30129
FLUX  198   164.50        1.822447E+15   8.0498E-09   2.0057E-08   0.40135
FLUX  199   165.50        1.811435E+15   4.8510E-09   2.0673E-08   0.23465
FLUX  200   166.50        1.800556E+15   8.7772E-09   2.1304E-08   0.41201
FLUX  201   167.20        1.793017E+15   4.9920E-09   2.1763E-08   0.22937
FLUX  202   167.70        1.787671E+15   9.0849E-08   5.6188E-07   0.16169
FLUX  203   168.50        1.779184E+15   9.5290E-08   5.7746E-07   0.16502
FLUX  204   169.50        1.768687E+15   7.0954E-08   5.9190E-07   0.11987
FLUX  205   170.50        1.758314E+15   8.0193E-08   6.0723E-07   0.13206
FLUX  206   171.50        1.748061E+15   1.3914E-07   7.3342E-07   0.18972
FLUX  207   172.50        1.737928E+15   1.6151E-07   7.5281E-07   0.21454
FLUX  208   173.50        1.727911E+15   2.1020E-07   7.6821E-07   0.27362
FLUX  209   174.50        1.718009E+15   1.8456E-07   7.8705E-07   0.23450
FLUX  210   175.50        1.708219E+15   2.5476E-07   8.0219E-07   0.31758
FLUX  211   176.50        1.698541E+15   1.7845E-07   8.1718E-07   0.21837
FLUX  212   177.50        1.688972E+15   2.4994E-07   8.3200E-07   0.30041
FLUX  213   178.50        1.679510E+15   2.3544E-07   8.4668E-07   0.27808
FLUX  214   179.50        1.670153E+15   3.6785E-07   8.6122E-07   0.42712
FLUX  215   180.50        1.660900E+15   3.1715E-07   8.7642E-07   0.36187
FLUX  216   181.50        1.651749E+15   3.6896E-07   8.9055E-07   0.41430
FLUX  217   182.50        1.642699E+15   3.3262E-07   9.0460E-07   0.36770
FLUX  218   183.50        1.633747E+15   2.9649E-07   9.1835E-07   0.32285
FLUX  219   184.50        1.624892E+15   2.5391E-07   9.3184E-07   0.27248
FLUX  220   185.50        1.616132E+15   3.4158E-07   9.4665E-07   0.36083
FLUX  221   186.50        1.607466E+15   4.4045E-07   9.6000E-07   0.45881
FLUX  222   187.50        1.598893E+15   3.9158E-07   1.0031E-06   0.39037
FLUX  223   188.50        1.590411E+15   4.2044E-07   1.0152E-06   0.41414
FLUX  224   189.50        1.582018E+15   4.9746E-07   1.0271E-06   0.48435
FLUX  225   190.50        1.573714E+15   4.6299E-07   1.0385E-06   0.44582
FLUX  226   191.50        1.565496E+15   4.9406E-07   1.0497E-06   0.47066
FLUX  227   192.50        1.557364E+15   4.2838E-07   1.0604E-06   0.40397
FLUX  228   193.50        1.549315E+15   2.1372E-07   1.0709E-06   0.19957
FLUX  229   194.50        1.541350E+15   5.5837E-07   1.0813E-06   0.51638
FLUX  230   195.50        1.533465E+15   5.8950E-07   1.0914E-06   0.54011
FLUX  231   196.70        1.524110E+15   6.9935E-07   1.1031E-06   0.63401
FLUX  232   197.60        1.517169E+15   6.5869E-07   1.1114E-06   0.59264
FLUX  233   198.40        1.511051E+15   7.0245E-07   1.2365E-06   0.56808
FLUX  234   199.50        1.502719E+15   6.9985E-07   1.2472E-06   0.56115
FLUX  235   200.50        1.495224E+15   6.2989E-07   1.2569E-06   0.50115
FLUX  236   201.50        1.487804E+15   6.1496E-07   1.2662E-06   0.48567
FLUX  237   202.50        1.480457E+15   5.5704E-07   1.2754E-06   0.43675
FLUX  238   203.50        1.473182E+15   7.0906E-07   1.2845E-06   0.55200
FLUX  239   204.50        1.465978E+15   8.0247E-07   1.2935E-06   0.62039
FLUX  240   205.50        1.458844E+15   7.5389E-07   1.3023E-06   0.57890
FLUX  241   206.50        1.451780E+15   6.9915E-07   1.3109E-06   0.53335
FLUX  242   207.40        1.445480E+15   8.9175E-07   1.3184E-06   0.67639
FLUX  243   207.80        1.442697E+15   1.1131E-06   1.8477E-06   0.60241
FLUX  244   208.50        1.437854E+15   1.1193E-06   1.8636E-06   0.60062
FLUX  245   209.50        1.430990E+15   1.0442E-06   1.8862E-06   0.55356
FLUX  246   210.50        1.424192E+15   9.2294E-07   1.9089E-06   0.48349
FLUX  247   211.50        1.417459E+15   9.8586E-07   1.9316E-06   0.51038
FLUX  248   212.50        1.410788E+15   9.7475E-07   1.9543E-06   0.49876
FLUX  249   213.50        1.404180E+15   7.9032E-07   1.9773E-06   0.39969
FLUX  250   214.50        1.397634E+15   1.0011E-06   2.0002E-06   0.50050
FLUX  251   215.50        1.391148E+15   1.0311E-06   2.0227E-06   0.50976
FLUX  252   216.50        1.384723E+15   9.1851E-07   2.0452E-06   0.44910
FLUX  253   217.50        1.378356E+15   9.4438E-07   2.0680E-06   0.45666
FLUX  254   218.50        1.372048E+15   1.0528E-06   2.0911E-06   0.50348
FLUX  255   219.50        1.365797E+15   1.1545E-06   2.1145E-06   0.54600
FLUX  256   220.50        1.359603E+15   1.0761E-06   2.1382E-06   0.50328
FLUX  257   221.50        1.353465E+15   8.7815E-07   2.1622E-06   0.40613
FLUX  258   222.50        1.347382E+15   8.7548E-07   2.1922E-06   0.39936
FLUX  259   223.50        1.341353E+15   1.1608E-06   2.2167E-06   0.52366
FLUX  260   224.50        1.335379E+15   1.0716E-06   2.2416E-06   0.47807
FLUX  261   225.50        1.329457E+15   8.6001E-07   2.3042E-06   0.37323
FLUX  262   226.50        1.323587E+15   8.8348E-07   2.3277E-06   0.37955
FLUX  263   227.50        1.317769E+15   1.0215E-06   2.3512E-06   0.43446
FLUX  264   228.50        1.312002E+15   1.1746E-06   2.3748E-06   0.49459
FLUX  265   229.50        1.306285E+15   1.0225E-06   2.3988E-06   0.42625
FLUX  266   230.50        1.300618E+15   1.1494E-06   2.4227E-06   0.47442
FLUX  267   231.50        1.295000E+15   1.0363E-06   2.4463E-06   0.42363
FLUX  268   232.50        1.289430E+15   6.0271E-07   2.4701E-06   0.24401
FLUX  269   233.50        1.283908E+15   6.8139E-07   2.5023E-06   0.27231
FLUX  270   234.50        1.278433E+15   4.7923E-07   2.5258E-06   0.18973
FLUX  271   235.50        1.273004E+15   9.2502E-07   2.5494E-06   0.36283
FLUX  272   236.50        1.267622E+15   5.1097E-07   2.5732E-06   0.19858
FLUX  273   237.50        1.262284E+15   7.2246E-07   2.5970E-06   0.27819
FLUX  274   238.50        1.256992E+15   3.7550E-07   2.6215E-06   0.14324
FLUX  275   239.50        1.251743E+15   5.2527E-07   2.6455E-06   0.19855
FLUX  276   240.50        1.246538E+15   5.1736E-07   2.6696E-06   0.19379
FLUX  277   241.50        1.241377E+15   6.4136E-07   2.6939E-06   0.23808
FLUX  278   242.50        1.236258E+15   1.0624E-06   2.7183E-06   0.39084
FLUX  279   243.50        1.231181E+15   1.0434E-06   2.7426E-06   0.38043
FLUX  280   244.50        1.226145E+15   1.2002E-06   2.7795E-06   0.43179
FLUX  281   245.50        1.221151E+15   1.2337E-06   2.8031E-06   0.44012
FLUX  282   246.50        1.216197E+15   1.1830E-06   2.8267E-06   0.41850
FLUX  283   247.50        1.211283E+15   1.0569E-06   2.8507E-06   0.37075
FLUX  284   248.50        1.206408E+15   1.0006E-06   2.8749E-06   0.34804
FLUX  285   249.50        1.201573E+15   9.7111E-07   2.8991E-06   0.33497
FLUX  286   250.50        1.196776E+15   1.4210E-06   2.9334E-06   0.48442
FLUX  287   251.30        1.192967E+15   7.7384E-07   2.9525E-06   0.26210
FLUX  288   251.80        1.190598E+15   6.2783E-07   3.2878E-06   0.19096
FLUX  289   252.50        1.187297E+15   6.6506E-07   3.3072E-06   0.20110
FLUX  290   253.50        1.182613E+15   7.9601E-07   3.3352E-06   0.23867
FLUX  291   254.50        1.177967E+15   8.6580E-07   3.3632E-06   0.25743
FLUX  292   255.50        1.173356E+15   1.1762E-06   3.3912E-06   0.34683
FLUX  293   256.50        1.168782E+15   9.8452E-07   3.4193E-06   0.28793
FLUX  294   257.50        1.164243E+15   1.1861E-06   3.4478E-06   0.34401
FLUX  295   258.50        1.159739E+15   1.1144E-06   3.4765E-06   0.32055
FLUX  296   259.50        1.155270E+15   1.0212E-06   3.5052E-06   0.29135
FLUX  297   260.50        1.150835E+15   9.0671E-07   3.5339E-06   0.25658
FLUX  298   261.50        1.146434E+15   8.0695E-07   3.5623E-06   0.22653
FLUX  299   262.50        1.142067E+15   1.1543E-06   3.5908E-06   0.32147
FLUX  300   263.50        1.137732E+15   1.4799E-06   3.6231E-06   0.40845
FLUX  301   264.50        1.133431E+15   2.0517E-06   3.6515E-06   0.56188
FLUX  302   265.50        1.129162E+15   2.2883E-06   3.6799E-06   0.62183
FLUX  303   266.50        1.124925E+15   1.7045E-06   3.7084E-06   0.45964
FLUX  304   267.50        1.120720E+15   1.9882E-06   3.7370E-06   0.53204
FLUX  305   268.50        1.116546E+15   2.0072E-06   3.7656E-06   0.53305
FLUX  306   269.50        1.112403E+15   1.7652E-06   3.7943E-06   0.46523
FLUX  307   270.50        1.108290E+15   2.0043E-06   3.8271E-06   0.52372
FLUX  308   271.50        1.104208E+15   1.6817E-06   3.8557E-06   0.43617
FLUX  309   272.50        1.100156E+15   1.7005E-06   3.8842E-06   0.43778
FLUX  310   273.50        1.096133E+15   1.9090E-06   3.9128E-06   0.48788
FLUX  311   274.50        1.092140E+15   1.0619E-06   3.9415E-06   0.26941
FLUX  312   275.50        1.088176E+15   1.3249E-06   3.9700E-06   0.33372
FLUX  313   276.50        1.084241E+15   1.5744E-06   3.9985E-06   0.39373
FLUX  314   277.50        1.080333E+15   1.8477E-06   4.0274E-06   0.45878
FLUX  315   278.50        1.076454E+15   1.2845E-06   4.0563E-06   0.31667
FLUX  316   279.50        1.072603E+15   4.7411E-07   4.0853E-06   0.11605
FLUX  317   280.50        1.068779E+15   6.2138E-07   4.1142E-06   0.15103
FLUX  318   281.50        1.064982E+15   1.7793E-06   4.1432E-06   0.42946
FLUX  319   282.50        1.061212E+15   2.4261E-06   4.1722E-06   0.58149
FLUX  320   283.50        1.057469E+15   2.3665E-06   4.2012E-06   0.56328
FLUX  321   284.50        1.053752E+15   2.2858E-06   4.2303E-06   0.54034
FLUX  322   285.50        1.050061E+15   1.9421E-06   4.2594E-06   0.45596
FLUX  323   286.50        1.046396E+15   2.6011E-06   4.2886E-06   0.60651
FLUX  324   287.50        1.042757E+15   2.6143E-06   4.3178E-06   0.60548
FLUX  325   288.50        1.039142E+15   2.5826E-06   4.3470E-06   0.59412
FLUX  326   289.50        1.035553E+15   2.5099E-06   4.3763E-06   0.57352
FLUX  327   291.00        1.030215E+15   3.1098E-06   4.4228E-06   0.70313
FLUX  328   293.00        1.023183E+15   2.9245E-06   4.4807E-06   0.65269
FLUX  329   295.00        1.016246E+15   2.9204E-06   4.5396E-06   0.64333
FLUX  330   297.00        1.009402E+15   3.1635E-06   4.5982E-06   0.68797
FLUX  331   299.00        1.002651E+15   3.2879E-06   4.6571E-06   0.70600
FLUX  332   301.00        9.959884E+14   3.4830E-06   4.7160E-06   0.73855
FLUX  333   303.00        9.894142E+14   3.4438E-06   4.7750E-06   0.72121
FLUX  334   305.00        9.829262E+14   3.5368E-06   4.8340E-06   0.73165
FLUX  335   307.00        9.765228E+14   3.6606E-06   4.8931E-06   0.74811
FLUX  336   309.00        9.702023E+14   3.8418E-06   4.9544E-06   0.77544
FLUX  337   311.00        9.639630E+14   3.7567E-06   5.0130E-06   0.74939
FLUX  338   313.00        9.578035E+14   3.7679E-06   5.0725E-06   0.74282
FLUX  339   315.00        9.517222E+14   3.9417E-06   5.1315E-06   0.76814
FLUX  340   317.00        9.457177E+14   4.0021E-06   5.1907E-06   0.77101
FLUX  341   319.00        9.397884E+14   3.6896E-06   5.2499E-06   0.70281
FLUX  342   321.00        9.339330E+14   3.9785E-06   5.3091E-06   0.74937
FLUX  343   323.00        9.281502E+14   3.6907E-06   5.3686E-06   0.68747
FLUX  344   325.00        9.224385E+14   4.0634E-06   5.4273E-06   0.74869
FLUX  345   327.00        9.167966E+14   4.3365E-06   5.4860E-06   0.79046
FLUX  346   329.00        9.112234E+14   4.3529E-06   5.5450E-06   0.78501
FLUX  347   331.00        9.057175E+14   4.5678E-06   5.6035E-06   0.81517
FLUX  348   333.00        9.002778E+14   4.5324E-06   5.6620E-06   0.80048
FLUX  349   335.00        8.949030E+14   4.5534E-06   5.7204E-06   0.79600
FLUX  350   337.00        8.895920E+14   4.4736E-06   5.7787E-06   0.77415
FLUX  351   339.00        8.843437E+14   4.5972E-06   5.8372E-06   0.78757
FLUX  352   341.00        8.791569E+14   4.6431E-06   5.8953E-06   0.78759
FLUX  353   343.00        8.740306E+14   4.7319E-06   5.9531E-06   0.79486
FLUX  354   345.00        8.689638E+14   4.8311E-06   6.0109E-06   0.80372
FLUX  355   347.00        8.639553E+14   4.8211E-06   6.0686E-06   0.79444
FLUX  356   349.00        8.590043E+14   4.9063E-06   6.1260E-06   0.80090
FLUX  357   351.00        8.541097E+14   5.1078E-06   6.1834E-06   0.82604
FLUX  358   353.00        8.492705E+14   5.0650E-06   6.2406E-06   0.81161
FLUX  359   355.00        8.444859E+14   5.4573E-06   6.2977E-06   0.86656
FLUX  360   357.00        8.397549E+14   5.0875E-06   6.3545E-06   0.80062
FLUX  361   359.00        8.350766E+14   5.0710E-06   6.4111E-06   0.79096
FLUX  362   361.00        8.304501E+14   5.2216E-06   6.4677E-06   0.80733
FLUX  363   363.00        8.258747E+14   5.3257E-06   6.5238E-06   0.81634
FLUX  364   364.00        8.236058E+14   5.3744E-06   6.5521E-06   0.82026
FLUX  365   365.00        8.213493E+14   5.7540E-06   1.8924E-05   0.30406
FLUX  366   367.00        8.168733E+14   5.4138E-06   1.8975E-05   0.28531
FLUX  367   369.00        8.124458E+14   5.2536E-06   1.9025E-05   0.27614
FLUX  368   371.00        8.080660E+14   6.3981E-06   1.9075E-05   0.33542
FLUX  369   373.00        8.037332E+14   6.5779E-06   1.9123E-05   0.34398
FLUX  370   375.00        7.994467E+14   8.0077E-06   1.9170E-05   0.41772
FLUX  371   377.00        7.952056E+14   8.6631E-06   1.9240E-05   0.45027
FLUX  372   379.00        7.910092E+14   1.0208E-05   1.9284E-05   0.52933
FLUX  373   381.00        7.868570E+14   1.1773E-05   1.9328E-05   0.60910
FLUX  374   383.00        7.827480E+14   9.5853E-06   1.9371E-05   0.49483
FLUX  375   385.00        7.786818E+14   1.2961E-05   1.9413E-05   0.66765
FLUX  376   387.00        7.746576E+14   1.4234E-05   1.9453E-05   0.73172
FLUX  377   389.00        7.706748E+14   9.6861E-06   1.9493E-05   0.49689
FLUX  378   391.00        7.667327E+14   1.3846E-05   1.9532E-05   0.70891
FLUX  379   393.00        7.628308E+14   8.4645E-06   1.9569E-05   0.43254
FLUX  380   395.00        7.589684E+14   1.2507E-05   1.9606E-05   0.63795
FLUX  381   397.00        7.551448E+14   7.7597E-06   1.9640E-05   0.39509
FLUX  382   399.00        7.513596E+14   1.4627E-05   1.9674E-05   0.74345
FLUX  383   401.00        7.476122E+14   1.6111E-05   1.9707E-05   0.81753
FLUX  384   403.00        7.439020E+14   1.6355E-05   1.9739E-05   0.82859
FLUX  385   405.00        7.402284E+14   1.6246E-05   1.9769E-05   0.82181
FLUX  386   407.00        7.365909E+14   1.6026E-05   1.9795E-05   0.80961
FLUX  387   409.00        7.329890E+14   1.4448E-05   1.9820E-05   0.72898
FLUX  388   411.00        7.294221E+14   1.1915E-05   1.9845E-05   0.60044
FLUX  389   413.00        7.258898E+14   1.6271E-05   1.9869E-05   0.81892
FLUX  390   415.00        7.223916E+14   1.7276E-05   1.9893E-05   0.86846
FLUX  391   417.00        7.189269E+14   1.7196E-05   1.9916E-05   0.86344
FLUX  392   419.00        7.154952E+14   1.7323E-05   1.9940E-05   0.86877
FLUX  393   421.00        7.120962E+14   1.7422E-05   1.9963E-05   0.87273
FLUX  394   423.00        7.087293E+14   1.7127E-05   1.9985E-05   0.85698
FLUX  395   425.00        7.053941E+14   1.7470E-05   2.0006E-05   0.87325
FLUX  396   427.00        7.020902E+14   1.7021E-05   2.0026E-05   0.84994
FLUX  397   429.00        6.988170E+14   1.7224E-05   2.0046E-05   0.85925
FLUX  398   431.00        6.955742E+14   1.6081E-05   2.0065E-05   0.80145
FLUX  399   433.00        6.923614E+14   1.4487E-05   2.0083E-05   0.72134
FLUX  400   435.00        6.891782E+14   1.2799E-05   2.0101E-05   0.63676
FLUX  401   437.00        6.860240E+14   1.7656E-05   2.0117E-05   0.87764
FLUX  402   439.00        6.828986E+14   1.7765E-05   2.0133E-05   0.88238
FLUX  403   441.00        6.798016E+14   1.7720E-05   2.0148E-05   0.87950
FLUX  404   443.00        6.767325E+14   1.7638E-05   2.0162E-05   0.87479
FLUX  405   445.00        6.736910E+14   1.7932E-05   2.0176E-05   0.88881
FLUX  406   447.00        6.706767E+14   1.8197E-05   2.0189E-05   0.90134
FLUX  407   449.00        6.676893E+14   1.8156E-05   2.0201E-05   0.89879
FLUX  408   451.00        6.647284E+14   1.9151E-05   2.0212E-05   0.94747
FLUX  409   453.00        6.617936E+14   1.8231E-05   2.0223E-05   0.90149
FLUX  410   455.00        6.588846E+14   1.8317E-05   2.0233E-05   0.90527
FLUX  411   457.00        6.560011E+14   1.9262E-05   2.0243E-05   0.95155
FLUX  412   459.00        6.531427E+14   1.8470E-05   2.0251E-05   0.91206
FLUX  413   461.00        6.503091E+14   1.9021E-05   2.0256E-05   0.93904
FLUX  414   463.00        6.475000E+14   1.8625E-05   2.0260E-05   0.91930
FLUX  415   465.00        6.447151E+14   1.8954E-05   2.0265E-05   0.93528
FLUX  416   467.00        6.419540E+14   1.9213E-05   2.0269E-05   0.94787
FLUX  417   469.00        6.392164E+14   1.8800E-05   2.0273E-05   0.92734
FLUX  418   471.00        6.365021E+14   1.8167E-05   2.0277E-05   0.89597
FLUX  419   473.00        6.338108E+14   1.9165E-05   2.0280E-05   0.94505
FLUX  420   475.00        6.311421E+14   1.9346E-05   2.0282E-05   0.95387
FLUX  421   477.00        6.284958E+14   1.9218E-05   2.0284E-05   0.94741
FLUX  422   479.00        6.258716E+14   1.9223E-05   2.0286E-05   0.94757
FLUX  423   481.00        6.232692E+14   1.9043E-05   2.0287E-05   0.93866
FLUX  424   483.00        6.206884E+14   1.8758E-05   2.0288E-05   0.92460
FLUX  425   485.00        6.181289E+14   1.5743E-05   2.0288E-05   0.77598
FLUX  426   487.00        6.155903E+14   1.3045E-05   2.0287E-05   0.64302
FLUX  427   489.00        6.130726E+14   1.8093E-05   2.0287E-05   0.89186
FLUX  428   491.00        6.105754E+14   1.8740E-05   2.0285E-05   0.92379
FLUX  429   493.00        6.080984E+14   1.8631E-05   2.0284E-05   0.91850
FLUX  430   495.00        6.056414E+14   1.9232E-05   2.0283E-05   0.94820
FLUX  431   497.00        6.032042E+14   1.9484E-05   2.0281E-05   0.96070
FLUX  432   499.00        6.007866E+14   1.8640E-05   2.0279E-05   0.91915
FLUX  433   501.00        5.983882E+14   1.8142E-05   2.0277E-05   0.89469
FLUX  434   503.00        5.960089E+14   1.8956E-05   2.0274E-05   0.93497
FLUX  435   505.00        5.936485E+14   1.8839E-05   2.0271E-05   0.92934
FLUX  436   507.00        5.913067E+14   1.9395E-05   2.0268E-05   0.95694
FLUX  437   509.00        5.889833E+14   1.9161E-05   2.0264E-05   0.94555
FLUX  438   511.00        5.866781E+14   1.9356E-05   2.0259E-05   0.95545
FLUX  439   513.00        5.843908E+14   1.9028E-05   2.0252E-05   0.93954
FLUX  440   515.00        5.821214E+14   1.8714E-05   2.0246E-05   0.92434
FLUX  441   517.00        5.798694E+14   1.8561E-05   2.0239E-05   0.91710
FLUX  442   519.00        5.776349E+14   1.8540E-05   2.0232E-05   0.91638
FLUX  443   521.00        5.754175E+14   1.8760E-05   2.0225E-05   0.92759
FLUX  444   523.00        5.732170E+14   1.8905E-05   2.0217E-05   0.93510
FLUX  445   525.00        5.710333E+14   1.9290E-05   2.0209E-05   0.95453
FLUX  446   527.00        5.688662E+14   1.8106E-05   2.0200E-05   0.89631
FLUX  447   529.00        5.667155E+14   1.9190E-05   2.0192E-05   0.95040
FLUX  448   531.00        5.645810E+14   1.9226E-05   2.0183E-05   0.95259
FLUX  449   533.00        5.624625E+14   1.8561E-05   2.0173E-05   0.92007
FLUX  450   535.00        5.603598E+14   1.9260E-05   2.0164E-05   0.95520
FLUX  451   537.00        5.582728E+14   1.9200E-05   2.0154E-05   0.95270
FLUX  452   539.00        5.562013E+14   1.9137E-05   2.0149E-05   0.94978
FLUX  453   541.00        5.541451E+14   1.8824E-05   2.0139E-05   0.93474
FLUX  454   543.00        5.521041E+14   1.9149E-05   2.0128E-05   0.95137
FLUX  455   545.00        5.500780E+14   1.9448E-05   2.0117E-05   0.96676
FLUX  456   547.00        5.480667E+14   1.9262E-05   2.0105E-05   0.95805
FLUX  457   549.00        5.460701E+14   1.9417E-05   2.0094E-05   0.96631
FLUX  458   551.00        5.440880E+14   1.9363E-05   2.0082E-05   0.96420
FLUX  459   553.00        5.421203E+14   1.9342E-05   2.0070E-05   0.96373
FLUX  460   555.00        5.401667E+14   1.9478E-05   2.0057E-05   0.97114
FLUX  461   557.00        5.382271E+14   1.9238E-05   2.0045E-05   0.95974
FLUX  462   559.00        5.363014E+14   1.9231E-05   2.0032E-05   0.96003
FLUX  463   561.00        5.343895E+14   1.9385E-05   2.0019E-05   0.96834
FLUX  464   563.00        5.324911E+14   1.9502E-05   2.0013E-05   0.97447
FLUX  465   565.00        5.306062E+14   1.9461E-05   1.9999E-05   0.97307
FLUX  466   567.00        5.287346E+14   1.9240E-05   1.9986E-05   0.96270
FLUX  467   569.00        5.268761E+14   1.9451E-05   1.9971E-05   0.97396
FLUX  468   571.00        5.250306E+14   1.9363E-05   1.9956E-05   0.97027
FLUX  469   573.00        5.231981E+14   1.9817E-05   1.9941E-05   0.99378
FLUX  470   575.00        5.213783E+14   1.9536E-05   1.9925E-05   0.98048
FLUX  471   577.00        5.195711E+14   1.9642E-05   1.9909E-05   0.98657
FLUX  472   579.00        5.177763E+14   1.9536E-05   1.9894E-05   0.98203
FLUX  473   581.00        5.159940E+14   1.9614E-05   1.9878E-05   0.98672
FLUX  474   583.00        5.142238E+14   1.9692E-05   1.9862E-05   0.99144
FLUX  475   585.00        5.124658E+14   1.9551E-05   1.9845E-05   0.98515
FLUX  476   587.00        5.107198E+14   1.9576E-05   1.9829E-05   0.98726
FLUX  477   589.00        5.089856E+14   1.9225E-05   1.9812E-05   0.97034
FLUX  478   591.00        5.072631E+14   1.9533E-05   1.9796E-05   0.98675
FLUX  479   593.00        5.055523E+14   1.9522E-05   1.9779E-05   0.98700
FLUX  480   595.00        5.038529E+14   1.9547E-05   1.9762E-05   0.98914
FLUX  481   597.00        5.021650E+14   1.9549E-05   1.9744E-05   0.99013
FLUX  482   599.00        5.004883E+14   1.9442E-05   1.9727E-05   0.98554
FLUX  483   601.00        4.988228E+14   1.9275E-05   1.9709E-05   0.97797
FLUX  484   603.00        4.971683E+14   1.9370E-05   1.9692E-05   0.98367
FLUX  485   605.00        4.955248E+14   1.9488E-05   1.9674E-05   0.99054
FLUX  486   607.00        4.938921E+14   1.9548E-05   1.9656E-05   0.99449
FLUX  487   609.00        4.922701E+14   1.9368E-05   1.9638E-05   0.98624
FLUX  488   611.00        4.906588E+14   1.9285E-05   1.9620E-05   0.98297
FLUX  489   613.00        4.890579E+14   1.8995E-05   1.9601E-05   0.96909
FLUX  490   615.00        4.874675E+14   1.8884E-05   1.9582E-05   0.96431
FLUX  491   617.00        4.858874E+14   1.8948E-05   1.9563E-05   0.96854
FLUX  492   619.00        4.843174E+14   1.9351E-05   1.9544E-05   0.99012
FLUX  493   621.00        4.827576E+14   1.9337E-05   1.9525E-05   0.99040
FLUX  494   623.00        4.812079E+14   1.9148E-05   1.9505E-05   0.98168
FLUX  495   625.00        4.796680E+14   1.8666E-05   1.9485E-05   0.95799
FLUX  496   627.00        4.781380E+14   1.9317E-05   1.9477E-05   0.99178
FLUX  497   629.00        4.766176E+14   1.9314E-05   1.9457E-05   0.99262
FLUX  498   631.00        4.751070E+14   1.9018E-05   1.9436E-05   0.97846
FLUX  499   633.00        4.736058E+14   1.9094E-05   1.9415E-05   0.98346
FLUX  500   635.00        4.721142E+14   1.9024E-05   1.9396E-05   0.98085
FLUX  501   637.00        4.706319E+14   1.9028E-05   1.9375E-05   0.98210
FLUX  502   639.00        4.691588E+14   1.9121E-05   1.9353E-05   0.98797
FLUX  503   641.00        4.676950E+14   1.8850E-05   1.9332E-05   0.97505
FLUX  504   643.00        4.662403E+14   1.8962E-05   1.9311E-05   0.98195
FLUX  505   645.00        4.647946E+14   1.8805E-05   1.9289E-05   0.97489
FLUX  506   647.00        4.633578E+14   1.8909E-05   1.9268E-05   0.98137
FLUX  507   649.00        4.619299E+14   1.8639E-05   1.9246E-05   0.96846
FLUX  508   651.00        4.605108E+14   1.8746E-05   1.9227E-05   0.97500
FLUX  509   653.00        4.591003E+14   1.8433E-05   1.9205E-05   0.95979
FLUX  510   655.00        4.576985E+14   1.6530E-05   1.9191E-05   0.86135
FLUX  511   657.00        4.563052E+14   1.3479E-05   1.9169E-05   0.70316
FLUX  512   659.00        4.549203E+14   1.7840E-05   1.9147E-05   0.93176
FLUX  513   661.00        4.535439E+14   1.8654E-05   1.9125E-05   0.97540
FLUX  514   663.00        4.521757E+14   1.8816E-05   1.9103E-05   0.98499
FLUX  515   665.00        4.508158E+14   1.8841E-05   1.9081E-05   0.98746
FLUX  516   667.00        4.494640E+14   1.8780E-05   1.9058E-05   0.98539
FLUX  517   669.00        4.481203E+14   1.8900E-05   1.9036E-05   0.99285
FLUX  518   671.00        4.467846E+14   1.8834E-05   1.9014E-05   0.99058
FLUX  519   673.00        4.454569E+14   1.8850E-05   1.8991E-05   0.99258
FLUX  520   675.00        4.441370E+14   1.8720E-05   1.8968E-05   0.98690
FLUX  521   677.00        4.428250E+14   1.8844E-05   1.8946E-05   0.99464
FLUX  522   679.00        4.415206E+14   1.8789E-05   1.8923E-05   0.99291
FLUX  523   681.00        4.402239E+14   1.8758E-05   1.8900E-05   0.99245
FLUX  524   683.00        4.389348E+14   1.8716E-05   1.8878E-05   0.99144
FLUX  525   685.00        4.376533E+14   1.8624E-05   1.8854E-05   0.98776
FLUX  526   687.00        4.363792E+14   1.8714E-05   1.8831E-05   0.99375
FLUX  527   689.00        4.351125E+14   1.8713E-05   1.8808E-05   0.99496
FLUX  528   691.00        4.338531E+14   1.8667E-05   1.8784E-05   0.99377
FLUX  529   693.00        4.326010E+14   1.8645E-05   1.8761E-05   0.99385
FLUX  530   695.00        4.313561E+14   1.8631E-05   1.8737E-05   0.99435
FLUX  531   697.00        4.301184E+14   1.8584E-05   1.8713E-05   0.99309
FLUX  532   699.00        4.288877E+14   1.8608E-05   1.8690E-05   0.99563
FLUX  533   701.00        4.276641E+14   1.8343E-05   1.8666E-05   0.98268
FLUX  534   703.00        4.264474E+14   1.8460E-05   1.8642E-05   0.99021
FLUX  535   705.00        4.252376E+14   1.8498E-05   1.8618E-05   0.99355
FLUX  536   707.00        4.240347E+14   1.8479E-05   1.8594E-05   0.99380
FLUX  537   709.00        4.228385E+14   1.8452E-05   1.8570E-05   0.99364
FLUX  538   711.00        4.216491E+14   1.8088E-05   1.8546E-05   0.97529
FLUX  539   713.00        4.204663E+14   1.8247E-05   1.8522E-05   0.98516
FLUX  540   715.00        4.192902E+14   1.8283E-05   1.8498E-05   0.98838
FLUX  541   717.00        4.181206E+14   1.8223E-05   1.8474E-05   0.98643
FLUX  542   719.00        4.169576E+14   1.8119E-05   1.8449E-05   0.98211
FLUX  543   721.00        4.158010E+14   1.8194E-05   1.8425E-05   0.98748
FLUX  544   723.00        4.146508E+14   1.8149E-05   1.8400E-05   0.98632
FLUX  545   725.00        4.135069E+14   1.8158E-05   1.8380E-05   0.98791
FLUX  546   727.00        4.123693E+14   1.8216E-05   1.8356E-05   0.99238
FLUX  547   729.00        4.112380E+14   1.8010E-05   1.8331E-05   0.98245
FLUX  548   731.00        4.101129E+14   1.8073E-05   1.8316E-05   0.98672
FLUX  549   733.00        4.089939E+14   1.8073E-05   1.8291E-05   0.98805
FLUX  550   735.00        4.078810E+14   1.8130E-05   1.8267E-05   0.99253
FLUX  551   737.00        4.067741E+14   1.8134E-05   1.8242E-05   0.99408
FLUX  552   739.00        4.056732E+14   1.7932E-05   1.8217E-05   0.98432
FLUX  553   741.00        4.045783E+14   1.7728E-05   1.8193E-05   0.97444
FLUX  554   743.00        4.034892E+14   1.7812E-05   1.8168E-05   0.98040
FLUX  555   745.00        4.024060E+14   1.7855E-05   1.8143E-05   0.98415
FLUX  556   747.00        4.013286E+14   1.7808E-05   1.8117E-05   0.98294
FLUX  557   749.00        4.002570E+14   1.7801E-05   1.8092E-05   0.98389
FLUX  558   751.00        3.991911E+14   1.7860E-05   1.8067E-05   0.98854
FLUX  559   753.00        3.981308E+14   1.7870E-05   1.8042E-05   0.99050
FLUX  560   755.00        3.970762E+14   1.7942E-05   1.8017E-05   0.99588
FLUX  561   757.00        3.960271E+14   1.7855E-05   1.7991E-05   0.99243
FLUX  562   759.00        3.949835E+14   1.7832E-05   1.7966E-05   0.99252
FLUX  563   761.00        3.939455E+14   1.7804E-05   1.7940E-05   0.99239
FLUX  564   763.00        3.929128E+14   1.7809E-05   1.7915E-05   0.99409
FLUX  565   765.00        3.918856E+14   1.7743E-05   1.7889E-05   0.99181
FLUX  566   767.00        3.908638E+14   1.7536E-05   1.7864E-05   0.98167
FLUX  567   769.00        3.898472E+14   1.7663E-05   1.7838E-05   0.99020
FLUX  568   771.00        3.888359E+14   1.7578E-05   1.7812E-05   0.98682
FLUX  569   773.00        3.878299E+14   1.7662E-05   1.7787E-05   0.99297
FLUX  570   775.00        3.868290E+14   1.7553E-05   1.7761E-05   0.98831
FLUX  571   777.00        3.858333E+14   1.7290E-05   1.7736E-05   0.97489
FLUX  572   779.00        3.848427E+14   1.7653E-05   1.7710E-05   0.99680
FLUX  573   781.00        3.838572E+14   1.7581E-05   1.7684E-05   0.99416
FLUX  574   783.00        3.828768E+14   1.7445E-05   1.7659E-05   0.98789
FLUX  575   785.00        3.819013E+14   1.7371E-05   1.7633E-05   0.98513
FLUX  576   787.00        3.809307E+14   1.7447E-05   1.7608E-05   0.99087
FLUX  577   789.00        3.799651E+14   1.7397E-05   1.7582E-05   0.98950
FLUX  578   791.00        3.790044E+14   1.7332E-05   1.7556E-05   0.98719
FLUX  579   793.00        3.780485E+14   1.7235E-05   1.7531E-05   0.98313
FLUX  580   795.00        3.770975E+14   1.7226E-05   1.7505E-05   0.98403
FLUX  581   797.00        3.761512E+14   1.7411E-05   1.7480E-05   0.99609
FLUX  582   799.00        3.752096E+14   1.7267E-05   1.7454E-05   0.98930
FLUX  583   801.00        3.742728E+14   1.7264E-05   1.7428E-05   0.99058
FLUX  584   803.00        3.733406E+14   1.7228E-05   1.7402E-05   0.98998
FLUX  585   805.00        3.724130E+14   1.7213E-05   1.7377E-05   0.99057
FLUX  586   807.00        3.714901E+14   1.7231E-05   1.7351E-05   0.99310
FLUX  587   809.00        3.705717E+14   1.7146E-05   1.7325E-05   0.98965
FLUX  588   811.00        3.696578E+14   1.7237E-05   1.7299E-05   0.99641
FLUX  589   813.00        3.687485E+14   1.7240E-05   1.7273E-05   0.99807
FLUX  590   815.00        3.678436E+14   1.7197E-05   1.7248E-05   0.99705
FLUX  591   817.00        3.669431E+14   1.7174E-05   1.7222E-05   0.99724
FLUX  592   819.00        3.660470E+14   1.6828E-05   1.7196E-05   0.97857
FLUX  593   821.00        3.651553E+14   1.6899E-05   1.8871E-05   0.89550
FLUX  594   823.00        3.642679E+14   1.6874E-05   1.8842E-05   0.89556
FLUX  595   825.00        3.633848E+14   1.6901E-05   1.8813E-05   0.89838
FLUX  596   827.00        3.625060E+14   1.7084E-05   1.8784E-05   0.90952
FLUX  597   829.00        3.616315E+14   1.7019E-05   1.8755E-05   0.90746
FLUX  598   831.00        3.607611E+14   1.6874E-05   1.8726E-05   0.90109
FLUX  599   833.00        3.598950E+14   1.6636E-05   1.8697E-05   0.88977
FLUX  600   835.00        3.590329E+14   1.6725E-05   1.8668E-05   0.89591
FLUX  601   837.00        3.581750E+14   1.6673E-05   1.8639E-05   0.89449
FLUX  602   839.00        3.573212E+14   1.6457E-05   1.8610E-05   0.88431
FLUX  603   841.00        3.564715E+14   1.6464E-05   1.8582E-05   0.88602
FLUX  604   843.00        3.556257E+14   1.6423E-05   1.8553E-05   0.88520
FLUX  605   845.00        3.547840E+14   1.6250E-05   1.8524E-05   0.87724
FLUX  606   847.00        3.539463E+14   1.5965E-05   1.8495E-05   0.86322
FLUX  607   849.00        3.531125E+14   1.6590E-05   1.8466E-05   0.89838
FLUX  608   851.00        3.522826E+14   1.5366E-05   1.8437E-05   0.83338
FLUX  609   853.00        3.514566E+14   1.6849E-05   1.8409E-05   0.91527
FLUX  610   855.00        3.506345E+14   1.4691E-05   1.8380E-05   0.79930
FLUX  611   857.00        3.498162E+14   1.7170E-05   1.8351E-05   0.93561
FLUX  612   859.00        3.490017E+14   1.6042E-05   1.8323E-05   0.87554
FLUX  613   861.00        3.481911E+14   1.5708E-05   1.8294E-05   0.85862
FLUX  614   863.00        3.473841E+14   1.7294E-05   1.8265E-05   0.94682
FLUX  615   865.00        3.465809E+14   1.6810E-05   1.8237E-05   0.92178
FLUX  616   867.00        3.457814E+14   1.4067E-05   1.8208E-05   0.77260
FLUX  617   869.00        3.449856E+14   1.6737E-05   1.8179E-05   0.92066
FLUX  618   871.00        3.441935E+14   1.7407E-05   1.8151E-05   0.95899
FLUX  619   873.00        3.434049E+14   1.6979E-05   1.8122E-05   0.93690
FLUX  620   875.00        3.426200E+14   1.4422E-05   1.8094E-05   0.79709
FLUX  621   877.00        3.418387E+14   1.6645E-05   1.8065E-05   0.92140
FLUX  622   879.00        3.410609E+14   1.7425E-05   1.8037E-05   0.96609
FLUX  623   881.00        3.402866E+14   1.7422E-05   1.8008E-05   0.96744
FLUX  624   883.00        3.395159E+14   1.7076E-05   1.7980E-05   0.94975
FLUX  625   885.00        3.387486E+14   1.6104E-05   1.7951E-05   0.89711
FLUX  626   887.00        3.379848E+14   1.4248E-05   1.7923E-05   0.79496
FLUX  627   889.00        3.372244E+14   1.6912E-05   1.7895E-05   0.94511
FLUX  628   891.00        3.364675E+14   1.7348E-05   1.7866E-05   0.97098
FLUX  629   893.00        3.357139E+14   1.7327E-05   1.7838E-05   0.97133
FLUX  630   895.00        3.349637E+14   1.7477E-05   1.7810E-05   0.98134
FLUX  631   897.00        3.342168E+14   1.7326E-05   1.7781E-05   0.97439
FLUX  632   899.00        3.334733E+14   1.6924E-05   1.7753E-05   0.95331
FLUX  633   901.00        3.327331E+14   1.4327E-05   1.7725E-05   0.80829
FLUX  634   903.00        3.319961E+14   1.5649E-05   1.7697E-05   0.88430
FLUX  635   905.00        3.312624E+14   1.7085E-05   1.7668E-05   0.96698
FLUX  636   907.00        3.305320E+14   1.6918E-05   1.7640E-05   0.95905
FLUX  637   909.00        3.298047E+14   1.6708E-05   1.7612E-05   0.94869
FLUX  638   911.00        3.290807E+14   1.7131E-05   1.7584E-05   0.97425
FLUX  639   913.00        3.283598E+14   1.7329E-05   1.7555E-05   0.98710
FLUX  640   915.00        3.276421E+14   1.7353E-05   1.7527E-05   0.99009
FLUX  641   917.00        3.269275E+14   1.7217E-05   1.7499E-05   0.98388
FLUX  642   919.00        3.262160E+14   1.7003E-05   1.7470E-05   0.97323
FLUX  643   921.00        3.255076E+14   1.6191E-05   1.7442E-05   0.92826
FLUX  644   923.00        3.248023E+14   1.3546E-05   1.7414E-05   0.77791
FLUX  645   925.00        3.241000E+14   1.5820E-05   1.7386E-05   0.90997
FLUX  646   927.00        3.234008E+14   1.6521E-05   1.7358E-05   0.95182
FLUX  647   929.00        3.227045E+14   1.7079E-05   1.7330E-05   0.98555
FLUX  648   931.00        3.220113E+14   1.7155E-05   1.7302E-05   0.99150
FLUX  649   933.00        3.213210E+14   1.7105E-05   1.7274E-05   0.99026
FLUX  650   935.00        3.206337E+14   1.7111E-05   1.7246E-05   0.99221
FLUX  651   937.00        3.199493E+14   1.7146E-05   1.7218E-05   0.99583
FLUX  652   939.00        3.192678E+14   1.7019E-05   1.7190E-05   0.99005
FLUX  653   941.00        3.185893E+14   1.6430E-05   1.7163E-05   0.95730
FLUX  654   943.00        3.179136E+14   1.6874E-05   1.7135E-05   0.98478
FLUX  655   945.00        3.172407E+14   1.6825E-05   1.7107E-05   0.98348
FLUX  656   947.00        3.165707E+14   1.6913E-05   1.7080E-05   0.99025
FLUX  657   949.00        3.159036E+14   1.6855E-05   1.7052E-05   0.98844
FLUX  658   951.00        3.152392E+14   1.6560E-05   1.7025E-05   0.97272
FLUX  659   953.00        3.145776E+14   1.5746E-05   1.6997E-05   0.92636
FLUX  660   955.00        3.139188E+14   1.3333E-05   1.6970E-05   0.78569
FLUX  661   957.00        3.132628E+14   1.5860E-05   1.6943E-05   0.93612
FLUX  662   959.00        3.126095E+14   1.6529E-05   1.6915E-05   0.97716
FLUX  663   961.00        3.119589E+14   1.6526E-05   1.6888E-05   0.97852
FLUX  664   963.00        3.113110E+14   1.6386E-05   1.6861E-05   0.97181
FLUX  665   965.00        3.106658E+14   1.6591E-05   1.6834E-05   0.98555
FLUX  666   967.00        3.100233E+14   1.6434E-05   1.6807E-05   0.97783
FLUX  667   969.00        3.093834E+14   1.6487E-05   1.6780E-05   0.98255
FLUX  668   971.00        3.087461E+14   1.6687E-05   1.6753E-05   0.99610
FLUX  669   973.00        3.081115E+14   1.6645E-05   1.6726E-05   0.99516
FLUX  670   975.00        3.074795E+14   1.6463E-05   1.6699E-05   0.98590
FLUX  671   977.00        3.068501E+14   1.6582E-05   1.6672E-05   0.99462
FLUX  672   979.00        3.062232E+14   1.6558E-05   1.6645E-05   0.99473
FLUX  673   981.00        3.055989E+14   1.6534E-05   1.6619E-05   0.99492
FLUX  674   983.00        3.049771E+14   1.6499E-05   1.6592E-05   0.99438
FLUX  675   985.00        3.043579E+14   1.6366E-05   1.6565E-05   0.98800
FLUX  676   987.00        3.037411E+14   1.6335E-05   1.6539E-05   0.98769
FLUX  677   989.00        3.031269E+14   1.6266E-05   1.6512E-05   0.98508
FLUX  678   991.00        3.025151E+14   1.6247E-05   1.6486E-05   0.98553
FLUX  679   993.00        3.019058E+14   1.6296E-05   1.6459E-05   0.99005
FLUX  680   995.00        3.012990E+14   1.6263E-05   1.6433E-05   0.98967
FLUX  681   997.00        3.006946E+14   1.6261E-05   1.6407E-05   0.99111
FLUX  682   999.00        3.000926E+14   1.6167E-05   1.6380E-05   0.98699
FLUX  683  1002.50        2.990449E+14   1.5238E-05   1.6335E-05   0.93288
FLUX  684  1007.50        2.975608E+14   1.4708E-05   1.6270E-05   0.90400
FLUX  685  1012.50        2.960914E+14   1.5884E-05   1.6205E-05   0.98020
FLUX  686  1017.50        2.946364E+14   1.5961E-05   1.6140E-05   0.98890
FLUX  687  1022.50        2.931956E+14   1.5997E-05   1.6076E-05   0.99508
FLUX  688  1027.50        2.917689E+14   1.5979E-05   1.6012E-05   0.99795
FLUX  689  1032.50        2.903559E+14   1.5825E-05   1.5948E-05   0.99230
FLUX  690  1037.50        2.889566E+14   1.5803E-05   1.5885E-05   0.99485
FLUX  691  1042.50        2.875707E+14   1.5739E-05   1.5821E-05   0.99480
FLUX  692  1047.50        2.861981E+14   1.5495E-05   1.5758E-05   0.98330
FLUX  693  1052.50        2.848385E+14   1.5514E-05   1.5696E-05   0.98845
FLUX  694  1057.50        2.834917E+14   1.5502E-05   1.5633E-05   0.99161
FLUX  695  1062.50        2.821576E+14   1.5423E-05   1.5571E-05   0.99049
FLUX  696  1067.50        2.808361E+14   1.5080E-05   1.5508E-05   0.97240
FLUX  697  1072.50        2.795268E+14   1.5201E-05   1.5446E-05   0.98409
FLUX  698  1077.50        2.782297E+14   1.5154E-05   1.5385E-05   0.98502
FLUX  699  1082.50        2.769446E+14   1.5051E-05   1.5323E-05   0.98225
FLUX  700  1087.50        2.756713E+14   1.4886E-05   1.5262E-05   0.97533
FLUX  701  1092.50        2.744096E+14   1.3268E-05   1.5201E-05   0.87279
FLUX  702  1097.50        2.731595E+14   1.4262E-05   1.5141E-05   0.94195
FLUX  703  1102.50        2.719206E+14   1.4905E-05   1.5080E-05   0.98835
FLUX  704  1107.50        2.706930E+14   1.4937E-05   1.5020E-05   0.99449
FLUX  705  1112.50        2.694764E+14   1.4840E-05   1.4960E-05   0.99197
FLUX  706  1117.50        2.682707E+14   1.4786E-05   1.4901E-05   0.99229
FLUX  707  1122.50        2.670757E+14   1.4776E-05   1.4841E-05   0.99561
FLUX  708  1127.50        2.658914E+14   1.4421E-05   1.4782E-05   0.97556
FLUX  709  1132.50        2.647174E+14   1.4397E-05   1.4724E-05   0.97781
FLUX  710  1137.50        2.635538E+14   1.4501E-05   1.4665E-05   0.98880
FLUX  711  1142.50        2.624004E+14   1.4320E-05   1.4607E-05   0.98037
FLUX  712  1147.50        2.612571E+14   1.4490E-05   1.4548E-05   0.99602
FLUX  713  1152.50        2.601236E+14   1.4445E-05   1.4490E-05   0.99692
FLUX  714  1157.50        2.590000E+14   1.4340E-05   1.4431E-05   0.99368
FLUX  715  1162.50        2.578860E+14   1.4089E-05   1.4373E-05   0.98024
FLUX  716  1167.50        2.567816E+14   1.3968E-05   1.4316E-05   0.97570
FLUX  717  1172.50        2.556866E+14   1.4206E-05   1.4258E-05   0.99630
FLUX  718  1177.50        2.546008E+14   1.3842E-05   1.4202E-05   0.97472
FLUX  719  1182.50        2.535243E+14   1.3910E-05   1.4145E-05   0.98342
FLUX  720  1187.50        2.524568E+14   1.3760E-05   1.4089E-05   0.97666
FLUX  721  1192.50        2.513983E+14   1.4015E-05   1.4032E-05   0.99875
FLUX  722  1197.50        2.503486E+14   1.3734E-05   1.3976E-05   0.98265
FLUX  723  1202.50        2.493077E+14   1.3816E-05   1.3921E-05   0.99247
FLUX  724  1207.50        2.482754E+14   1.3701E-05   1.3865E-05   0.98819
FLUX  725  1212.50        2.472515E+14   1.3682E-05   1.3810E-05   0.99075
FLUX  726  1217.50        2.462361E+14   1.3699E-05   1.3755E-05   0.99596
FLUX  727  1222.50        2.452290E+14   1.3616E-05   1.3700E-05   0.99387
FLUX  728  1227.50        2.442301E+14   1.3550E-05   1.3645E-05   0.99298
FLUX  729  1232.50        2.432394E+14   1.3494E-05   1.3591E-05   0.99287
FLUX  730  1237.50        2.422566E+14   1.3460E-05   1.3537E-05   0.99435
FLUX  731  1242.50        2.412817E+14   1.3441E-05   1.3483E-05   0.99686
FLUX  732  1247.50        2.403146E+14   1.3364E-05   1.3429E-05   0.99510
FLUX  733  1252.50        2.393553E+14   1.3282E-05   1.3376E-05   0.99301
FLUX  734  1257.50        2.384036E+14   1.3151E-05   1.3323E-05   0.98710
FLUX  735  1262.50        2.374594E+14   1.3155E-05   1.3270E-05   0.99133
FLUX  736  1267.50        2.365227E+14   1.3115E-05   1.3217E-05   0.99230
FLUX  737  1272.50        2.355933E+14   1.3052E-05   1.3165E-05   0.99144
FLUX  738  1277.50        2.346712E+14   1.2699E-05   1.3112E-05   0.96846
FLUX  739  1282.50        2.337563E+14   1.1156E-05   1.3060E-05   0.85419
FLUX  740  1287.50        2.328485E+14   1.2662E-05   1.3009E-05   0.97336
FLUX  741  1292.50        2.319478E+14   1.2822E-05   1.2957E-05   0.98961
FLUX  742  1297.50        2.310539E+14   1.2835E-05   1.2906E-05   0.99454
FLUX  743  1302.50        2.301670E+14   1.2791E-05   1.2854E-05   0.99506
FLUX  744  1307.50        2.292868E+14   1.2779E-05   1.2804E-05   0.99810
FLUX  745  1312.50        2.284133E+14   1.2683E-05   1.2753E-05   0.99448
FLUX  746  1317.50        2.275465E+14   1.2582E-05   1.2703E-05   0.99052
FLUX  747  1322.50        2.266862E+14   1.2619E-05   1.2652E-05   0.99739
FLUX  748  1327.50        2.258324E+14   1.2548E-05   1.2602E-05   0.99569
FLUX  749  1332.50        2.249850E+14   1.2517E-05   1.2553E-05   0.99720
FLUX  750  1337.50        2.241439E+14   1.2453E-05   1.2503E-05   0.99602
FLUX  751  1342.50        2.233091E+14   1.2419E-05   1.2454E-05   0.99724
FLUX  752  1347.50        2.224805E+14   1.2366E-05   1.2404E-05   0.99690
FLUX  753  1352.50        2.216580E+14   1.2282E-05   1.2355E-05   0.99406
FLUX  754  1357.50        2.208416E+14   1.2188E-05   1.2306E-05   0.99040
FLUX  755  1362.50        2.200312E+14   1.2209E-05   1.2258E-05   0.99607
FLUX  756  1367.50        2.192267E+14   1.2134E-05   1.2209E-05   0.99385
FLUX  757  1372.50        2.184281E+14   1.1962E-05   1.2161E-05   0.98365
FLUX  758  1377.50        2.176352E+14   1.2012E-05   1.2113E-05   0.99171
FLUX  759  1382.50        2.168481E+14   1.1982E-05   1.2065E-05   0.99313
FLUX  760  1387.50        2.160667E+14   1.1996E-05   1.2017E-05   0.99826
FLUX  761  1392.50        2.152908E+14   1.1870E-05   1.1969E-05   0.99177
FLUX  762  1397.50        2.145206E+14   1.1863E-05   1.1921E-05   0.99509
FLUX  763  1402.50        2.137558E+14   1.1806E-05   1.1874E-05   0.99428
FLUX  764  1407.50        2.129964E+14   1.1793E-05   1.1827E-05   0.99715
FLUX  765  1412.50        2.122425E+14   1.1692E-05   1.1780E-05   0.99252
FLUX  766  1417.50        2.114938E+14   1.1689E-05   1.1733E-05   0.99631
FLUX  767  1422.50        2.107504E+14   1.1584E-05   1.1686E-05   0.99126
FLUX  768  1427.50        2.100123E+14   1.1518E-05   1.1639E-05   0.98959
FLUX  769  1432.50        2.092792E+14   1.1534E-05   1.1593E-05   0.99493
FLUX  770  1437.50        2.085513E+14   1.1526E-05   1.1546E-05   0.99821
FLUX  771  1442.50        2.078284E+14   1.1169E-05   1.1500E-05   0.97126
FLUX  772  1447.50        2.071105E+14   1.1396E-05   1.1454E-05   0.99499
FLUX  773  1452.50        2.063976E+14   1.1194E-05   1.1408E-05   0.98125
FLUX  774  1457.00        2.057601E+14   1.1290E-05   1.1366E-05   0.99331
FLUX  775  1462.00        2.050564E+14   1.1410E-05   1.1811E-05   0.96604
FLUX  776  1467.50        2.042879E+14   1.1655E-05   1.1761E-05   0.99099
FLUX  777  1472.50        2.035942E+14   1.1475E-05   1.1715E-05   0.97949
FLUX  778  1477.50        2.029052E+14   1.1303E-05   1.1669E-05   0.96865
FLUX  779  1482.50        2.022209E+14   1.1233E-05   1.1623E-05   0.96643
FLUX  780  1487.50        2.015412E+14   1.1049E-05   1.1577E-05   0.95437
FLUX  781  1492.50        2.008660E+14   1.1098E-05   1.1532E-05   0.96237
FLUX  782  1497.50        2.001953E+14   1.0921E-05   1.1486E-05   0.95078
FLUX  783  1502.50        1.995291E+14   1.0801E-05   1.1440E-05   0.94408
FLUX  784  1507.50        1.988673E+14   1.0672E-05   1.1395E-05   0.93657
FLUX  785  1512.50        1.982099E+14   1.0692E-05   1.1349E-05   0.94211
FLUX  786  1517.50        1.975568E+14   1.0633E-05   1.1304E-05   0.94067
FLUX  787  1522.50        1.969080E+14   1.0575E-05   1.1258E-05   0.93936
FLUX  788  1527.50        1.962635E+14   1.0490E-05   1.1213E-05   0.93555
FLUX  789  1532.50        1.956232E+14   1.0412E-05   1.1167E-05   0.93239
FLUX  790  1537.50        1.949870E+14   1.0474E-05   1.1121E-05   0.94181
FLUX  791  1542.50        1.943549E+14   1.0207E-05   1.1076E-05   0.92158
FLUX  792  1547.50        1.937270E+14   1.0383E-05   1.1030E-05   0.94132
FLUX  793  1552.50        1.931031E+14   1.0346E-05   1.0985E-05   0.94185
FLUX  794  1557.50        1.924831E+14   9.9832E-06   1.0939E-05   0.91261
FLUX  795  1562.50        1.918672E+14   1.0495E-05   1.0894E-05   0.96338
FLUX  796  1567.50        1.912552E+14   1.0083E-05   1.0848E-05   0.92951
FLUX  797  1572.50        1.906471E+14   9.8224E-06   1.0802E-05   0.90930
FLUX  798  1577.50        1.900428E+14   1.0292E-05   1.0756E-05   0.95686
FLUX  799  1582.50        1.894423E+14   1.0276E-05   1.0711E-05   0.95938
FLUX  800  1587.50        1.888457E+14   9.3345E-06   1.0665E-05   0.87527
FLUX  801  1592.50        1.882527E+14   1.0043E-05   1.0619E-05   0.94582
FLUX  802  1597.50        1.876635E+14   1.0346E-05   1.0573E-05   0.97853
FLUX  803  1605.00        1.867866E+14   1.0044E-05   1.0503E-05   0.95628
FLUX  804  1615.00        1.856300E+14   9.5480E-06   1.0410E-05   0.91719
FLUX  805  1625.00        1.844877E+14   1.0151E-05   1.0316E-05   0.98398
FLUX  806  1635.00        1.833593E+14   9.7467E-06   1.0220E-05   0.95371
FLUX  807  1645.00        1.822447E+14   9.2319E-06   1.0121E-05   0.91218
FLUX  808  1655.00        1.811435E+14   9.8846E-06   1.0020E-05   0.98646
FLUX  809  1665.00        1.800556E+14   9.8190E-06   9.9213E-06   0.98970
FLUX  810  1675.00        1.789806E+14   9.3828E-06   9.8238E-06   0.95512
FLUX  811  1685.00        1.779184E+14   8.8639E-06   9.7277E-06   0.91120
FLUX  812  1695.00        1.768687E+14   9.5446E-06   9.6330E-06   0.99082
FLUX  813  1705.00        1.758314E+14   9.4205E-06   9.5397E-06   0.98750
FLUX  814  1715.00        1.748061E+14   9.3861E-06   9.4477E-06   0.99348
FLUX  815  1725.00        1.737928E+14   9.1527E-06   9.3571E-06   0.97816
FLUX  816  1735.00        1.727911E+14   8.2512E-06   9.2678E-06   0.89031
FLUX  817  1745.00        1.718009E+14   8.8739E-06   9.1798E-06   0.96668
FLUX  818  1755.00        1.708219E+14   8.9690E-06   9.0929E-06   0.98637
FLUX  819  1765.00        1.698541E+14   8.8931E-06   9.0064E-06   0.98742
FLUX  820  1775.00        1.688972E+14   8.8421E-06   8.9211E-06   0.99114
FLUX  821  1785.00        1.679510E+14   8.7536E-06   8.8371E-06   0.99055
FLUX  822  1795.00        1.670153E+14   8.7113E-06   8.7543E-06   0.99509
FLUX  823  1805.00        1.660900E+14   8.5322E-06   8.6727E-06   0.98380
FLUX  824  1815.00        1.651749E+14   7.7710E-06   8.5923E-06   0.90442
FLUX  825  1825.00        1.642699E+14   8.2159E-06   8.5130E-06   0.96510
FLUX  826  1835.00        1.633747E+14   8.3582E-06   8.4350E-06   0.99089
FLUX  827  1845.00        1.624892E+14   8.2858E-06   8.3586E-06   0.99129
FLUX  828  1855.00        1.616132E+14   8.1932E-06   8.2836E-06   0.98908
FLUX  829  1865.00        1.607466E+14   8.0649E-06   8.2101E-06   0.98232
FLUX  830  1875.00        1.598893E+14   7.2808E-06   8.1380E-06   0.89467
FLUX  831  1885.00        1.590411E+14   7.8891E-06   8.0670E-06   0.97794
FLUX  832  1895.00        1.582018E+14   7.8371E-06   7.9973E-06   0.97996
FLUX  833  1905.00        1.573714E+14   7.8984E-06   7.9288E-06   0.99617
FLUX  834  1915.00        1.565496E+14   7.8180E-06   7.8596E-06   0.99471
FLUX  835  1925.00        1.557364E+14   7.7350E-06   7.7911E-06   0.99280
FLUX  836  1935.00        1.549315E+14   7.5822E-06   7.7235E-06   0.98171
FLUX  837  1945.00        1.541350E+14   6.8720E-06   7.6567E-06   0.89752
FLUX  838  1955.00        1.533465E+14   7.4649E-06   7.5908E-06   0.98341
FLUX  839  1965.00        1.525662E+14   7.4739E-06   7.5257E-06   0.99313
FLUX  840  1975.00        1.517937E+14   7.4039E-06   7.4614E-06   0.99230
FLUX  841  1985.00        1.510290E+14   7.3675E-06   7.3979E-06   0.99588
FLUX  842  1995.00        1.502719E+14   7.3074E-06   7.3352E-06   0.99621
FLUX  843  2005.00        1.495224E+14   7.2556E-06   7.2734E-06   0.99756
FLUX  844  2015.00        1.487804E+14   7.2051E-06   7.2122E-06   0.99901
FLUX  845  2025.00        1.480457E+14   7.1234E-06   7.1519E-06   0.99602
FLUX  846  2035.00        1.473182E+14   7.0468E-06   7.0923E-06   0.99357
FLUX  847  2045.00        1.465978E+14   7.0272E-06   7.0335E-06   0.99911
FLUX  848  2055.00        1.458844E+14   6.9642E-06   6.9754E-06   0.99839
FLUX  849  2065.00        1.451780E+14   6.8836E-06   6.9180E-06   0.99502
FLUX  850  2075.00        1.444783E+14   6.8370E-06   6.8613E-06   0.99645
FLUX  851  2085.00        1.437854E+14   6.7863E-06   6.8053E-06   0.99720
FLUX  852  2095.00        1.430990E+14   6.7209E-06   6.7500E-06   0.99569
FLUX  853  2105.00        1.424192E+14   6.6738E-06   6.6954E-06   0.99678
FLUX  854  2115.00        1.417459E+14   6.6028E-06   6.6414E-06   0.99418
FLUX  855  2125.00        1.410788E+14   6.5503E-06   6.5881E-06   0.99427
FLUX  856  2135.00        1.404180E+14   6.5010E-06   6.5354E-06   0.99474
FLUX  857  2145.00        1.397634E+14   6.4623E-06   6.4832E-06   0.99678
FLUX  858  2155.00        1.391148E+14   6.3598E-06   6.4317E-06   0.98882
FLUX  859  2165.00        1.384723E+14   5.7818E-06   6.3808E-06   0.90612
FLUX  860  2175.00        1.378356E+14   6.2120E-06   6.3306E-06   0.98127
FLUX  861  2185.00        1.372048E+14   6.2404E-06   6.2809E-06   0.99355
FLUX  862  2195.00        1.365797E+14   6.2267E-06   6.2318E-06   0.99919
FLUX  863  2205.00        1.359603E+14   6.1516E-06   6.1832E-06   0.99488
FLUX  864  2215.00        1.353465E+14   6.1060E-06   6.1353E-06   0.99523
FLUX  865  2225.00        1.347382E+14   6.0815E-06   6.0878E-06   0.99896
FLUX  866  2235.00        1.341353E+14   6.0339E-06   6.0410E-06   0.99884
FLUX  867  2245.00        1.335379E+14   5.9866E-06   5.9946E-06   0.99866
FLUX  868  2255.00        1.329457E+14   5.9126E-06   5.9488E-06   0.99391
FLUX  869  2265.00        1.323587E+14   5.8866E-06   5.9035E-06   0.99714
FLUX  870  2275.00        1.317769E+14   5.8473E-06   5.8587E-06   0.99805
FLUX  871  2285.00        1.312002E+14   5.8155E-06   5.9003E-06   0.98564
FLUX  872  2295.00        1.306285E+14   5.8314E-06   5.8549E-06   0.99599
FLUX  873  2305.00        1.300618E+14   5.7977E-06   5.8101E-06   0.99788
FLUX  874  2315.00        1.295000E+14   5.7295E-06   5.7658E-06   0.99371
FLUX  875  2325.00        1.289430E+14   5.6823E-06   5.7219E-06   0.99308
FLUX  876  2335.00        1.283908E+14   5.6211E-06   5.6786E-06   0.98987
FLUX  877  2345.00        1.278433E+14   5.5745E-06   5.6358E-06   0.98913
FLUX  878  2355.00        1.273004E+14   5.5217E-06   5.5934E-06   0.98718
FLUX  879  2365.00        1.267622E+14   5.4764E-06   5.5516E-06   0.98646
FLUX  880  2375.00        1.262284E+14   5.4186E-06   5.5102E-06   0.98338
FLUX  881  2385.00        1.256992E+14   5.3711E-06   5.4692E-06   0.98206
FLUX  882  2395.00        1.251743E+14   5.3297E-06   5.4288E-06   0.98175
FLUX  883  2405.00        1.246538E+14   5.2831E-06   5.3887E-06   0.98040
FLUX  884  2415.00        1.241377E+14   5.2355E-06   5.3491E-06   0.97875
FLUX  885  2425.00        1.236258E+14   5.2073E-06   5.3100E-06   0.98067
FLUX  886  2435.00        1.231181E+14   5.1557E-06   5.2712E-06   0.97808
FLUX  887  2445.00        1.226145E+14   5.1141E-06   5.2329E-06   0.97729
FLUX  888  2455.00        1.221151E+14   5.0875E-06   5.1950E-06   0.97931
FLUX  889  2465.00        1.216197E+14   5.0422E-06   5.1575E-06   0.97764
FLUX  890  2475.00        1.211283E+14   5.0075E-06   5.1204E-06   0.97795
FLUX  891  2485.00        1.206408E+14   4.9961E-06   5.0837E-06   0.98277
FLUX  892  2495.00        1.201573E+14   4.8744E-06   5.0474E-06   0.96572
FLUX  893  2505.00        1.196776E+14   4.9915E-06   5.0115E-06   0.99602
FLUX  894  2515.00        1.192018E+14   4.9213E-06   4.9759E-06   0.98903
FLUX  895  2525.00        1.187297E+14   4.7561E-06   4.9408E-06   0.96262
FLUX  896  2535.00        1.182613E+14   4.8364E-06   4.9060E-06   0.98581
FLUX  897  2545.00        1.177967E+14   4.8319E-06   4.8716E-06   0.99185
FLUX  898  2555.00        1.173356E+14   4.7572E-06   4.8375E-06   0.98341
FLUX  899  2565.00        1.168782E+14   4.5740E-06   4.8038E-06   0.95216
FLUX  900  2575.00        1.164243E+14   4.7111E-06   4.7704E-06   0.98755
FLUX  901  2585.00        1.159739E+14   4.6886E-06   4.7374E-06   0.98969
FLUX  902  2595.00        1.155270E+14   4.6723E-06   4.7048E-06   0.99310
FLUX  903  2605.00        1.150835E+14   4.5775E-06   4.6725E-06   0.97968
FLUX  904  2615.00        1.146434E+14   4.3838E-06   4.6405E-06   0.94469
FLUX  905  2625.00        1.142067E+14   4.1913E-06   4.6088E-06   0.90941
FLUX  906  2635.00        1.137732E+14   4.4892E-06   4.5775E-06   0.98073
FLUX  907  2645.00        1.133431E+14   4.5098E-06   4.5464E-06   0.99194
FLUX  908  2655.00        1.129162E+14   4.4815E-06   4.5157E-06   0.99241
FLUX  909  2665.00        1.124925E+14   4.4068E-06   4.4854E-06   0.98249
FLUX  910  2675.00        1.120720E+14   4.1809E-06   4.4553E-06   0.93842
FLUX  911  2685.00        1.116546E+14   4.3670E-06   4.4255E-06   0.98680
FLUX  912  2695.00        1.112403E+14   4.3806E-06   4.3960E-06   0.99650
FLUX  913  2705.00        1.108290E+14   4.3577E-06   4.3668E-06   0.99793
FLUX  914  2715.00        1.104208E+14   4.3317E-06   4.3378E-06   0.99858
FLUX  915  2725.00        1.100156E+14   4.3022E-06   4.3092E-06   0.99838
FLUX  916  2735.00        1.096133E+14   4.2711E-06   4.2809E-06   0.99772
FLUX  917  2745.00        1.092140E+14   4.2234E-06   4.2528E-06   0.99308
FLUX  918  2755.00        1.088176E+14   3.9723E-06   4.2250E-06   0.94018
FLUX  919  2765.00        1.084241E+14   4.0850E-06   4.1975E-06   0.97320
FLUX  920  2775.00        1.080333E+14   4.1494E-06   4.1703E-06   0.99500
FLUX  921  2785.00        1.076454E+14   4.1369E-06   4.1433E-06   0.99847
FLUX  922  2795.00        1.072603E+14   4.1144E-06   4.1165E-06   0.99949
FLUX  923  2805.00        1.068779E+14   4.0872E-06   4.0901E-06   0.99931
FLUX  924  2815.00        1.064982E+14   4.0615E-06   4.0638E-06   0.99943
FLUX  925  2825.00        1.061212E+14   4.0348E-06   4.0379E-06   0.99923
FLUX  926  2835.00        1.057469E+14   4.0113E-06   4.0122E-06   0.99980
FLUX  927  2845.00        1.053752E+14   3.9757E-06   3.9867E-06   0.99725
FLUX  928  2855.00        1.050061E+14   3.9466E-06   3.9614E-06   0.99625
FLUX  929  2865.00        1.046396E+14   3.8620E-06   3.9364E-06   0.98108
FLUX  930  2875.00        1.042757E+14   3.6412E-06   3.9117E-06   0.93085
FLUX  931  2885.00        1.039142E+14   3.8520E-06   3.8871E-06   0.99096
FLUX  932  2895.00        1.035553E+14   3.8526E-06   3.8628E-06   0.99734
FLUX  933  2905.00        1.031988E+14   3.8368E-06   3.8388E-06   0.99949
FLUX  934  2915.00        1.028448E+14   3.8041E-06   3.8149E-06   0.99717
FLUX  935  2925.00        1.024932E+14   3.7856E-06   3.7913E-06   0.99851
FLUX  936  2935.00        1.021440E+14   3.7659E-06   3.7679E-06   0.99948
FLUX  937  2945.00        1.017971E+14   3.7408E-06   3.7447E-06   0.99897
FLUX  938  2955.00        1.014526E+14   3.7197E-06   3.7217E-06   0.99946
FLUX  939  2965.00        1.011105E+14   3.6977E-06   3.6989E-06   0.99966
FLUX  940  2975.00        1.007706E+14   3.6743E-06   3.6764E-06   0.99944
FLUX  941  2985.00        1.004330E+14   3.6526E-06   3.6539E-06   0.99965
FLUX  942  2995.00        1.000977E+14   3.6279E-06   3.6319E-06   0.99889
FLUX  943  3005.00        9.976456E+13   3.6050E-06   3.6099E-06   0.99862
FLUX  944  3015.00        9.943367E+13   3.5810E-06   3.5882E-06   0.99799
FLUX  945  3025.00        9.910496E+13   3.5449E-06   3.5666E-06   0.99391
FLUX  946  3035.00        9.877842E+13   3.3436E-06   3.5453E-06   0.94311
FLUX  947  3045.00        9.845402E+13   3.4067E-06   3.5242E-06   0.96667
FLUX  948  3055.00        9.813175E+13   3.4856E-06   3.5033E-06   0.99493
FLUX  949  3065.00        9.781158E+13   3.4761E-06   3.4826E-06   0.99815
FLUX  950  3075.00        9.749350E+13   3.4594E-06   3.4621E-06   0.99923
FLUX  951  3085.00        9.717747E+13   3.4311E-06   3.4417E-06   0.99692
FLUX  952  3095.00        9.686349E+13   3.4141E-06   3.4216E-06   0.99783
FLUX  953  3105.00        9.655153E+13   3.3953E-06   3.4016E-06   0.99814
FLUX  954  3115.00        9.624157E+13   3.3632E-06   3.3818E-06   0.99451
FLUX  955  3125.00        9.593360E+13   3.3532E-06   3.3621E-06   0.99734
FLUX  956  3135.00        9.562759E+13   3.3355E-06   3.3427E-06   0.99785
FLUX  957  3145.00        9.532353E+13   3.3156E-06   3.3234E-06   0.99765
FLUX  958  3155.00        9.502139E+13   3.2976E-06   3.3043E-06   0.99798
FLUX  959  3165.00        9.472117E+13   3.2830E-06   3.2853E-06   0.99929
FLUX  960  3175.00        9.442283E+13   3.2595E-06   3.2665E-06   0.99787
FLUX  961  3185.00        9.412637E+13   3.2459E-06   3.2479E-06   0.99940
FLUX  962  3195.00        9.383177E+13   3.2277E-06   3.2294E-06   0.99947
FLUX  963  3210.00        9.339330E+13   3.1988E-06   3.2019E-06   0.99903
FLUX  964  3230.00        9.281502E+13   3.1647E-06   3.1659E-06   0.99960
FLUX  965  3250.00        9.224385E+13   3.1281E-06   3.1305E-06   0.99923
FLUX  966  3270.00        9.167966E+13   3.0889E-06   3.0957E-06   0.99782
FLUX  967  3290.00        9.112234E+13   2.9248E-06   3.0760E-06   0.95086
FLUX  968  3310.00        9.057175E+13   3.0001E-06   3.0420E-06   0.98621
FLUX  969  3330.00        9.002778E+13   2.9971E-06   3.0086E-06   0.99617
FLUX  970  3350.00        8.949030E+13   2.9687E-06   2.9757E-06   0.99764
FLUX  971  3370.00        8.895920E+13   2.9242E-06   2.9434E-06   0.99346
FLUX  972  3390.00        8.843437E+13   2.8916E-06   2.9116E-06   0.99314
FLUX  973  3410.00        8.791569E+13   2.8588E-06   2.8803E-06   0.99255
FLUX  974  3430.00        8.740306E+13   2.8312E-06   2.8494E-06   0.99362
FLUX  975  3450.00        8.689638E+13   2.8046E-06   2.8190E-06   0.99489
FLUX  976  3470.00        8.639553E+13   2.7716E-06   2.7891E-06   0.99372
FLUX  977  3490.00        8.590043E+13   2.7424E-06   2.7597E-06   0.99374
FLUX  978  3510.00        8.541097E+13   2.7136E-06   2.7308E-06   0.99370
FLUX  979  3530.00        8.492705E+13   2.6839E-06   2.7023E-06   0.99317
FLUX  980  3550.00        8.444859E+13   2.6557E-06   2.6743E-06   0.99305
FLUX  981  3570.00        8.397549E+13   2.6246E-06   2.6467E-06   0.99164
FLUX  982  3590.00        8.350766E+13   2.6030E-06   2.6195E-06   0.99371
FLUX  983  3610.00        8.304501E+13   2.5703E-06   2.5928E-06   0.99132
FLUX  984  3630.00        8.258747E+13   2.5533E-06   2.5664E-06   0.99487
FLUX  985  3650.00        8.213493E+13   2.5141E-06   2.5405E-06   0.98961
FLUX  986  3670.00        8.168733E+13   2.5021E-06   2.5150E-06   0.99487
FLUX  987  3690.00        8.124458E+13   2.4513E-06   2.4898E-06   0.98454
FLUX  988  3710.00        8.080660E+13   2.4444E-06   2.4650E-06   0.99163
FLUX  989  3730.00        8.037332E+13   2.3814E-06   2.4406E-06   0.97573
FLUX  990  3750.00        7.994467E+13   2.3173E-06   2.4165E-06   0.95894
FLUX  991  3770.00        7.952056E+13   2.3770E-06   2.3928E-06   0.99339
FLUX  992  3790.00        7.910092E+13   2.3600E-06   2.3695E-06   0.99601
FLUX  993  3810.00        7.868570E+13   2.3156E-06   2.3465E-06   0.98685
FLUX  994  3830.00        7.827480E+13   2.3004E-06   2.3238E-06   0.98992
FLUX  995  3850.00        7.786818E+13   2.2983E-06   2.3014E-06   0.99863
FLUX  996  3870.00        7.746576E+13   2.2721E-06   2.2794E-06   0.99678
FLUX  997  3890.00        7.706748E+13   2.2441E-06   2.2577E-06   0.99395
FLUX  998  3910.00        7.667327E+13   2.1915E-06   2.2363E-06   0.97995
FLUX  999  3930.00        7.628308E+13   2.2095E-06   2.2152E-06   0.99741
FLUX 1000  3950.00        7.589684E+13   2.1903E-06   2.1944E-06   0.99812
FLUX 1001  3970.00        7.551448E+13   2.1713E-06   2.1739E-06   0.99879
FLUX 1002  3990.00        7.513596E+13   2.1439E-06   2.1537E-06   0.99549
FLUX 1003  4010.00        7.476122E+13   2.1033E-06   2.1337E-06   0.98575
FLUX 1004  4030.00        7.439020E+13   2.0761E-06   2.1140E-06   0.98205
FLUX 1005  4050.00        7.402284E+13   2.0177E-06   2.0946E-06   0.96324
FLUX 1006  4070.00        7.365909E+13   2.0669E-06   2.0755E-06   0.99587
FLUX 1007  4090.00        7.329890E+13   2.0509E-06   2.0566E-06   0.99722
FLUX 1008  4110.00        7.294221E+13   2.0367E-06   2.0380E-06   0.99935
FLUX 1009  4130.00        7.258898E+13   2.0186E-06   2.0196E-06   0.99947
FLUX 1010  4150.00        7.223916E+13   1.9940E-06   2.0015E-06   0.99625
FLUX 1011  4170.00        7.189269E+13   1.9285E-06   1.9836E-06   0.97219
FLUX 1012  4190.00        7.154952E+13   1.9573E-06   1.9660E-06   0.99558
FLUX 1013  4210.00        7.120962E+13   1.9420E-06   1.9486E-06   0.99662
FLUX 1014  4230.00        7.087293E+13   1.9311E-06   1.9314E-06   0.99985
FLUX 1015  4250.00        7.053941E+13   1.9128E-06   1.9145E-06   0.99914
FLUX 1016  4270.00        7.020902E+13   1.8973E-06   1.8977E-06   0.99975
FLUX 1017  4290.00        6.988170E+13   1.8809E-06   1.8812E-06   0.99984
FLUX 1018  4310.00        6.955742E+13   1.8644E-06   1.8649E-06   0.99970
FLUX 1019  4330.00        6.923614E+13   1.8473E-06   1.8489E-06   0.99913
FLUX 1020  4350.00        6.891782E+13   1.8302E-06   1.8330E-06   0.99846
FLUX 1021  4370.00        6.860240E+13   1.7659E-06   1.8173E-06   0.97172
FLUX 1022  4390.00        6.828986E+13   1.7870E-06   1.8018E-06   0.99178
FLUX 1023  4410.00        6.798016E+13   1.7829E-06   1.7866E-06   0.99796
FLUX 1024  4430.00        6.767325E+13   1.7698E-06   1.7715E-06   0.99902
FLUX 1025  4450.00        6.736910E+13   1.7551E-06   1.7566E-06   0.99912
FLUX 1026  4470.00        6.706767E+13   1.7441E-06   1.7451E-06   0.99940
FLUX 1027  4490.00        6.676893E+13   1.7294E-06   1.7305E-06   0.99936
FLUX 1028  4510.00        6.647284E+13   1.7157E-06   1.7161E-06   0.99973
FLUX 1029  4530.00        6.617936E+13   1.7013E-06   1.7019E-06   0.99965
FLUX 1030  4550.00        6.588846E+13   1.6873E-06   1.6879E-06   0.99967
FLUX 1031  4570.00        6.560011E+13   1.6727E-06   1.6740E-06   0.99919
FLUX 1032  4590.00        6.531427E+13   1.6588E-06   1.6604E-06   0.99903
FLUX 1033  4610.00        6.503091E+13   1.6460E-06   1.6468E-06   0.99951
FLUX 1034  4630.00        6.475000E+13   1.6301E-06   1.6335E-06   0.99794
FLUX 1035  4650.00        6.447151E+13   1.5585E-06   1.6203E-06   0.96188
FLUX 1036  4670.00        6.419540E+13   1.5490E-06   1.6072E-06   0.96375
FLUX 1037  4690.00        6.392164E+13   1.5866E-06   1.5944E-06   0.99513
FLUX 1038  4710.00        6.365021E+13   1.5805E-06   1.5816E-06   0.99932
FLUX 1039  4730.00        6.338108E+13   1.5687E-06   1.5690E-06   0.99976
FLUX 1040  4750.00        6.311421E+13   1.5553E-06   1.5566E-06   0.99918
FLUX 1041  4770.00        6.284958E+13   1.5434E-06   1.5443E-06   0.99940
FLUX 1042  4790.00        6.258716E+13   1.5320E-06   1.5322E-06   0.99989
FLUX 1043  4810.00        6.232692E+13   1.5198E-06   1.5202E-06   0.99972
FLUX 1044  4830.00        6.206884E+13   1.5080E-06   1.5084E-06   0.99973
FLUX 1045  4850.00        6.181289E+13   1.4961E-06   1.4966E-06   0.99965
FLUX 1046  4870.00        6.155903E+13   1.4846E-06   1.4851E-06   0.99971
FLUX 1047  4890.00        6.130726E+13   1.4733E-06   1.4736E-06   0.99975
FLUX 1048  4910.00        6.105754E+13   1.4612E-06   1.4623E-06   0.99923
FLUX 1049  4930.00        6.080984E+13   1.4506E-06   1.4511E-06   0.99966
FLUX 1050  4950.00        6.056414E+13   1.4394E-06   1.4401E-06   0.99950
FLUX 1051  4970.00        6.032042E+13   1.4286E-06   1.4291E-06   0.99966
FLUX 1052  4990.00        6.007866E+13   1.4177E-06   1.4183E-06   0.99958
FLUX 1053  5010.00        5.983882E+13   1.4071E-06   1.4076E-06   0.99959
FLUX 1054  5030.00        5.960089E+13   1.3964E-06   1.3971E-06   0.99954
FLUX 1055  5050.00        5.936485E+13   1.3862E-06   1.3866E-06   0.99966
FLUX 1056  5070.00        5.913067E+13   1.3761E-06   1.3763E-06   0.99985
FLUX 1057  5090.00        5.889833E+13   1.3655E-06   1.3661E-06   0.99954
FLUX 1058  5110.00        5.866781E+13   1.3510E-06   1.3560E-06   0.99631
FLUX 1059  5130.00        5.843908E+13   1.2992E-06   1.3460E-06   0.96524
FLUX 1060  5150.00        5.821214E+13   1.3332E-06   1.3361E-06   0.99783
FLUX 1061  5170.00        5.798694E+13   1.3260E-06   1.3264E-06   0.99970
FLUX 1062  5190.00        5.776349E+13   1.3165E-06   1.3167E-06   0.99986
FLUX 1063  5210.00        5.754175E+13   1.3064E-06   1.3071E-06   0.99947
FLUX 1064  5230.00        5.732170E+13   1.2971E-06   1.2977E-06   0.99958
FLUX 1065  5250.00        5.710333E+13   1.2881E-06   1.2883E-06   0.99985
FLUX 1066  5270.00        5.688662E+13   1.2789E-06   1.2791E-06   0.99982
FLUX 1067  5290.00        5.667155E+13   1.2698E-06   1.2699E-06   0.99987
FLUX 1068  5310.00        5.645810E+13   1.2606E-06   1.2609E-06   0.99980
FLUX 1069  5330.00        5.624625E+13   1.2517E-06   1.2519E-06   0.99985
FLUX 1070  5350.00        5.603598E+13   1.2428E-06   1.2431E-06   0.99978
FLUX 1071  5370.00        5.582728E+13   1.2335E-06   1.2343E-06   0.99936
FLUX 1072  5390.00        5.562013E+13   1.2252E-06   1.2256E-06   0.99969
FLUX 1073  5410.00        5.541451E+13   1.2169E-06   1.2170E-06   0.99989
FLUX 1074  5430.00        5.521041E+13   1.2078E-06   1.2085E-06   0.99937
FLUX 1075  5450.00        5.500780E+13   1.1998E-06   1.2001E-06   0.99972
FLUX 1076  5470.00        5.480667E+13   1.1903E-06   1.1918E-06   0.99872
FLUX 1077  5490.00        5.460701E+13   1.1832E-06   1.1836E-06   0.99969
FLUX 1078  5510.00        5.440880E+13   1.1752E-06   1.1754E-06   0.99985
FLUX 1079  5530.00        5.421203E+13   1.1669E-06   1.1674E-06   0.99959
FLUX 1080  5550.00        5.401667E+13   1.1591E-06   1.1594E-06   0.99977
FLUX 1081  5570.00        5.382271E+13   1.1509E-06   1.1515E-06   0.99952
FLUX 1082  5590.00        5.363014E+13   1.1420E-06   1.1437E-06   0.99854
FLUX 1083  5610.00        5.343895E+13   1.1355E-06   1.1359E-06   0.99964
FLUX 1084  5630.00        5.324911E+13   1.1278E-06   1.1283E-06   0.99959
FLUX 1085  5650.00        5.306062E+13   1.1206E-06   1.1207E-06   0.99990
FLUX 1086  5670.00        5.287346E+13   1.1129E-06   1.1132E-06   0.99980
FLUX 1087  5690.00        5.268761E+13   1.1055E-06   1.1057E-06   0.99978
FLUX 1088  5710.00        5.250306E+13   1.0983E-06   1.0984E-06   0.99993
FLUX 1089  5730.00        5.231981E+13   1.0909E-06   1.0911E-06   0.99987
FLUX 1090  5750.00        5.213783E+13   1.0838E-06   1.0839E-06   0.99991
FLUX 1091  5770.00        5.195711E+13   1.0764E-06   1.0767E-06   0.99974
FLUX 1092  5790.00        5.177763E+13   1.0691E-06   1.0696E-06   0.99948
FLUX 1093  5810.00        5.159940E+13   1.0624E-06   1.0626E-06   0.99978
FLUX 1094  5830.00        5.142238E+13   1.0556E-06   1.0557E-06   0.99993
FLUX 1095  5850.00        5.124658E+13   1.0496E-06   1.0497E-06   0.99991
FLUX 1096  5870.00        5.107198E+13   1.0423E-06   1.0429E-06   0.99946
FLUX 1097  5890.00        5.089856E+13   1.0311E-06   1.0361E-06   0.99518
FLUX 1098  5910.00        5.072631E+13   9.9433E-07   1.0295E-06   0.96587
FLUX 1099  5930.00        5.055523E+13   1.0208E-06   1.0228E-06   0.99800
FLUX 1100  5950.00        5.038529E+13   1.0140E-06   1.0163E-06   0.99777
FLUX 1101  5970.00        5.021650E+13   1.0096E-06   1.0098E-06   0.99976
FLUX 1102  5990.00        5.004883E+13   1.0031E-06   1.0034E-06   0.99969
FLUX 1103  6010.00        4.988228E+13   9.9636E-07   9.9702E-07   0.99934
FLUX 1104  6030.00        4.971683E+13   9.9062E-07   9.9071E-07   0.99991
FLUX 1105  6050.00        4.955248E+13   9.8444E-07   9.8447E-07   0.99997
FLUX 1106  6070.00        4.938921E+13   9.7798E-07   9.7828E-07   0.99969
FLUX 1107  6090.00        4.922701E+13   9.7155E-07   9.7215E-07   0.99938
FLUX 1108  6110.00        4.906588E+13   9.6473E-07   9.6608E-07   0.99859
FLUX 1109  6130.00        4.890579E+13   9.5983E-07   9.6007E-07   0.99975
FLUX 1110  6150.00        4.874675E+13   9.5397E-07   9.5411E-07   0.99985
FLUX 1111  6170.00        4.858874E+13   9.4808E-07   9.4821E-07   0.99987
FLUX 1112  6190.00        4.843174E+13   9.4209E-07   9.4236E-07   0.99971
FLUX 1113  6210.00        4.827576E+13   9.3647E-07   9.3657E-07   0.99989
FLUX 1114  6230.00        4.812079E+13   9.2969E-07   9.3083E-07   0.99878
FLUX 1115  6250.00        4.796680E+13   9.2476E-07   9.2514E-07   0.99959
FLUX 1116  6270.00        4.781380E+13   9.1893E-07   9.1950E-07   0.99937
FLUX 1117  6290.00        4.766176E+13   9.1379E-07   9.1392E-07   0.99986
FLUX 1118  6310.00        4.751070E+13   9.0752E-07   9.0838E-07   0.99905
FLUX 1119  6330.00        4.736058E+13   9.0261E-07   9.0290E-07   0.99968
FLUX 1120  6350.00        4.721142E+13   8.9718E-07   8.9746E-07   0.99968
FLUX 1121  6370.00        4.706319E+13   8.9188E-07   8.9208E-07   0.99978
FLUX 1122  6390.00        4.691588E+13   8.8644E-07   8.8674E-07   0.99966
FLUX 1123  6420.00        4.669665E+13   8.7873E-07   8.7882E-07   0.99990
FLUX 1124  6460.00        4.640751E+13   8.6815E-07   8.6843E-07   0.99968
FLUX 1125  6500.00        4.612192E+13   8.5780E-07   8.5822E-07   0.99952
FLUX 1126  6540.00        4.583983E+13   8.4809E-07   8.4819E-07   0.99988
FLUX 1127  6580.00        4.556117E+13   8.3821E-07   8.3833E-07   0.99986
FLUX 1128  6620.00        4.528588E+13   8.2840E-07   8.2864E-07   0.99971
FLUX 1129  6660.00        4.501389E+13   8.1899E-07   8.1912E-07   0.99984
FLUX 1130  6700.00        4.474515E+13   8.0959E-07   8.0977E-07   0.99978
FLUX 1131  6740.00        4.447960E+13   8.0028E-07   8.0057E-07   0.99963
FLUX 1132  6780.00        4.421718E+13   7.9137E-07   7.9153E-07   0.99981
FLUX 1133  6820.00        4.395784E+13   7.8250E-07   7.8264E-07   0.99983
FLUX 1134  6860.00        4.370153E+13   7.7369E-07   7.7390E-07   0.99973
FLUX 1135  6900.00        4.344819E+13   7.6489E-07   7.6530E-07   0.99946
FLUX 1136  6940.00        4.319777E+13   7.5642E-07   7.5685E-07   0.99944
FLUX 1137  6980.00        4.295021E+13   7.4822E-07   7.4853E-07   0.99958
FLUX 1138  7020.00        4.270548E+13   7.3992E-07   7.4035E-07   0.99941
FLUX 1139  7060.00        4.246353E+13   7.3193E-07   7.3231E-07   0.99948
FLUX 1140  7100.00        4.222430E+13   7.2431E-07   7.2439E-07   0.99988
FLUX 1141  7140.00        4.198775E+13   7.1640E-07   7.1661E-07   0.99971
FLUX 1142  7180.00        4.175383E+13   7.0868E-07   7.0895E-07   0.99963
FLUX 1143  7220.00        4.152251E+13   7.0071E-07   7.0141E-07   0.99901
FLUX 1144  7260.00        4.129373E+13   6.9365E-07   6.9399E-07   0.99952
FLUX 1145  7300.00        4.106747E+13   6.8659E-07   6.8668E-07   0.99987
FLUX 1146  7340.00        4.084366E+13   6.7925E-07   6.7949E-07   0.99964
FLUX 1147  7380.00        4.062229E+13   6.7230E-07   6.7241E-07   0.99983
FLUX 1148  7420.00        4.040330E+13   6.6503E-07   6.6545E-07   0.99937
FLUX 1149  7460.00        4.018666E+13   6.4735E-07   6.5859E-07   0.98293
FLUX 1150  7500.00        3.997233E+13   6.3976E-07   6.5184E-07   0.98147
FLUX 1151  7540.00        3.976028E+13   6.4473E-07   6.4519E-07   0.99928
FLUX 1152  7580.00        3.955046E+13   6.3846E-07   6.3865E-07   0.99971
FLUX 1153  7620.00        3.934285E+13   6.3210E-07   6.3220E-07   0.99985
FLUX 1154  7660.00        3.913740E+13   6.2577E-07   6.2585E-07   0.99987
FLUX 1155  7700.00        3.893409E+13   6.1944E-07   6.1959E-07   0.99976
FLUX 1156  7740.00        3.873288E+13   6.1338E-07   6.1342E-07   0.99992
FLUX 1157  7780.00        3.853374E+13   6.0733E-07   6.0735E-07   0.99997
FLUX 1158  7820.00        3.833664E+13   6.0135E-07   6.0137E-07   0.99998
FLUX 1159  7860.00        3.814154E+13   5.9546E-07   5.9547E-07   0.99997
FLUX 1160  7900.00        3.794842E+13   5.8965E-07   5.8966E-07   0.99998
FLUX 1161  7940.00        3.775724E+13   5.8390E-07   5.8394E-07   0.99993
FLUX 1162  7980.00        3.756798E+13   5.7826E-07   5.7829E-07   0.99995
FLUX 1163  8020.00        3.738061E+13   5.7261E-07   5.7273E-07   0.99979
FLUX 1164  8060.00        3.719510E+13   5.6713E-07   5.6725E-07   0.99979
FLUX 1165  8100.00        3.701142E+13   5.6183E-07   5.6185E-07   0.99997
FLUX 1166  8140.00        3.682955E+13   5.5635E-07   5.5652E-07   0.99969
FLUX 1167  8180.00        3.664945E+13   5.5114E-07   5.5127E-07   0.99977
FLUX 1168  8220.00        3.647111E+13   5.4606E-07   5.4609E-07   0.99994
FLUX 1169  8260.00        3.629449E+13   5.4093E-07   5.4099E-07   0.99989
FLUX 1170  8300.00        3.611958E+13   5.3590E-07   5.3595E-07   0.99990
FLUX 1171  8340.00        3.594634E+13   5.3070E-07   5.3099E-07   0.99945
FLUX 1172  8380.00        3.577476E+13   5.2576E-07   5.2609E-07   0.99937
FLUX 1173  8420.00        3.560481E+13   5.2108E-07   5.2126E-07   0.99964
FLUX 1174  8460.00        3.543647E+13   5.1645E-07   5.1650E-07   0.99989
FLUX 1175  8500.00        3.526971E+13   5.1179E-07   5.1180E-07   0.99997
FLUX 1176  8540.00        3.510451E+13   5.0711E-07   5.0717E-07   0.99988
FLUX 1177  8580.00        3.494085E+13   5.0252E-07   5.0260E-07   0.99985
FLUX 1178  8620.00        3.477871E+13   4.9798E-07   4.9809E-07   0.99979
FLUX 1179  8660.00        3.461807E+13   4.9362E-07   4.9364E-07   0.99997
FLUX 1180  8700.00        3.445891E+13   4.8924E-07   4.8925E-07   0.99998
FLUX 1181  8740.00        3.430120E+13   4.8487E-07   4.8491E-07   0.99992
FLUX 1182  8780.00        3.414493E+13   4.8063E-07   4.8064E-07   0.99997
FLUX 1183  8820.00        3.399008E+13   4.7628E-07   4.7642E-07   0.99971
FLUX 1184  8860.00        3.383663E+13   4.7217E-07   4.7225E-07   0.99983
FLUX 1185  8900.00        3.368455E+13   4.6804E-07   4.6814E-07   0.99977
FLUX 1186  8940.00        3.353384E+13   4.6403E-07   4.6409E-07   0.99988
FLUX 1187  8980.00        3.338447E+13   4.5992E-07   4.6008E-07   0.99965
FLUX 1188  9020.00        3.323642E+13   4.5605E-07   4.5613E-07   0.99983
FLUX 1189  9060.00        3.308968E+13   4.5222E-07   4.5222E-07   0.99998
FLUX 1190  9100.00        3.294423E+13   4.4823E-07   4.4837E-07   0.99968
FLUX 1191  9140.00        3.280005E+13   4.4447E-07   4.4457E-07   0.99979
FLUX 1192  9180.00        3.265714E+13   4.4078E-07   4.4081E-07   0.99993
FLUX 1193  9220.00        3.251546E+13   4.3709E-07   4.3710E-07   0.99997
FLUX 1194  9260.00        3.237500E+13   4.3342E-07   4.3344E-07   0.99995
FLUX 1195  9300.00        3.223575E+13   4.2981E-07   4.2982E-07   0.99998
FLUX 1196  9340.00        3.209770E+13   4.2622E-07   4.2625E-07   0.99993
FLUX 1197  9380.00        3.196082E+13   4.2269E-07   4.2272E-07   0.99993
FLUX 1198  9420.00        3.182511E+13   4.1921E-07   4.1923E-07   0.99995
FLUX 1199  9460.00        3.169054E+13   4.1576E-07   4.1579E-07   0.99993
FLUX 1200  9500.00        3.155711E+13   4.1235E-07   4.1239E-07   0.99991
FLUX 1201  9540.00        3.142479E+13   4.0891E-07   4.0903E-07   0.99970
FLUX 1202  9580.00        3.129358E+13   4.0571E-07   4.0572E-07   0.99998
FLUX 1203  9620.00        3.116346E+13   4.0238E-07   4.0244E-07   0.99985
FLUX 1204  9660.00        3.103442E+13   3.9919E-07   3.9920E-07   0.99998
FLUX 1205  9700.00        3.090644E+13   3.9599E-07   3.9600E-07   0.99998
FLUX 1206  9740.00        3.077952E+13   3.9272E-07   3.9284E-07   0.99968
FLUX 1207  9780.00        3.065363E+13   3.8966E-07   3.8972E-07   0.99985
FLUX 1208  9820.00        3.052877E+13   3.8656E-07   3.8663E-07   0.99982
FLUX 1209  9860.00        3.040492E+13   3.8355E-07   3.8358E-07   0.99991
FLUX 1210  9900.00        3.028207E+13   3.8056E-07   3.8057E-07   0.99999
FLUX 1211  9940.00        3.016021E+13   3.7755E-07   3.7759E-07   0.99989
FLUX 1212  9980.00        3.003933E+13   3.7459E-07   3.7464E-07   0.99985
FLUX 1213 10020.00        2.991941E+13   3.7168E-07   3.7173E-07   0.99985
FLUX 1214 20000.00        1.498963E+13   9.5258E-08   9.5260E-08   0.99998
FLUX 1215 40000.00        7.494813E+12   2.3787E-08   2.3787E-08   0.99999
FLUX 1216 60000.00        4.996542E+12   1.0495E-08   1.0495E-08   1.00000
FLUX 1217 80000.00        3.747406E+12   5.8616E-09   5.8616E-09   1.00000
FLUX 1218100000.00        2.997925E+12   3.7276E-09   3.7276E-09   1.00000
FLUX 1219120000.00        2.498271E+12   2.5742E-09   2.5742E-09   1.00000
FLUX 1220140000.00        2.141375E+12   1.8819E-09   1.8819E-09   1.00000
FLUX 1221160000.00        1.873703E+12   1.4345E-09   1.4345E-09   1.00000
FLUX
