TEFF   7750.  GRAVITY 2.00000 LTE 
TITLE TEST RUN WITH SDSC OPACITY  VTURB 2 KM/S    L/H 1.25                      
 OPACITY IFOP
FLUX   81    50.60        5.924753E+15   2.5616E-29   2.8979E-29   0.88393
FLUX   82    51.20        5.855322E+15   5.3398E-29   5.4217E-29   0.98489
FLUX   83    52.00        5.765240E+15   1.2101E-28   1.2195E-28   0.99229
FLUX   84    53.00        5.656462E+15   3.2413E-28   3.2415E-28   0.99991
FLUX   85    54.00        5.551713E+15   8.2686E-28   8.3011E-28   0.99609
FLUX   86    55.00        5.450773E+15   2.0525E-27   2.0536E-27   0.99947
FLUX   87    56.00        5.353438E+15   4.9151E-27   4.9152E-27   0.99999
FLUX   88    57.00        5.259518E+15   1.1404E-26   1.1405E-26   0.99999
FLUX   89    58.00        5.168836E+15   2.5541E-26   2.5710E-26   0.99341
FLUX   90    59.00        5.081229E+15   5.6348E-26   5.6376E-26   0.99949
FLUX   91    60.00        4.996542E+15   1.2040E-25   1.2049E-25   0.99926
FLUX   92    61.00        4.914631E+15   2.5138E-25   2.5138E-25   0.99999
FLUX   93    62.00        4.835363E+15   5.1279E-25   5.1280E-25   0.99998
FLUX   94    63.00        4.758611E+15   1.0243E-24   1.0243E-24   0.99999
FLUX   95    64.00        4.684258E+15   2.0063E-24   2.0070E-24   0.99964
FLUX   96    65.00        4.612192E+15   3.8608E-24   3.8609E-24   0.99998
FLUX   97    65.80        4.556117E+15   6.4356E-24   6.4358E-24   0.99997
FLUX   98    66.50        4.508158E+15   9.9679E-24   9.9781E-24   0.99898
FLUX   99    67.50        4.441370E+15   1.8410E-23   1.8425E-23   0.99917
FLUX  100    68.50        4.376533E+15   3.3526E-23   3.3530E-23   0.99988
FLUX  101    69.50        4.313561E+15   6.0191E-23   6.0192E-23   0.99999
FLUX  102    70.50        4.252376E+15   1.0639E-22   1.0667E-22   0.99730
FLUX  103    71.60        4.187046E+15   1.9741E-22   1.9741E-22   0.99997
FLUX  104    72.60        4.129373E+15   3.4132E-22   3.4132E-22   0.99999
FLUX  105    73.50        4.078810E+15   5.5360E-22   5.5362E-22   0.99997
FLUX  106    74.50        4.024060E+15   9.3778E-22   9.3826E-22   0.99949
FLUX  107    75.50        3.970762E+15   1.5733E-21   1.5742E-21   0.99947
FLUX  108    76.50        3.918856E+15   2.6145E-21   2.6155E-21   0.99960
FLUX  109    77.50        3.868290E+15   4.3032E-21   4.3048E-21   0.99964
FLUX  110    78.50        3.819013E+15   7.0199E-21   7.0199E-21   0.99999
FLUX  111    79.50        3.770975E+15   1.1297E-20   1.1345E-20   0.99576
FLUX  112    80.50        3.724130E+15   1.8142E-20   1.8172E-20   0.99836
FLUX  113    81.50        3.678436E+15   2.8847E-20   2.8854E-20   0.99976
FLUX  114    82.50        3.633848E+15   4.5422E-20   4.5426E-20   0.99992
FLUX  115    83.50        3.590329E+15   7.0910E-20   7.0916E-20   0.99992
FLUX  116    84.50        3.547840E+15   1.0978E-19   1.0978E-19   0.99999
FLUX  117    85.50        3.506345E+15   1.6856E-19   1.6856E-19   0.99998
FLUX  118    86.50        3.465809E+15   2.5669E-19   2.5669E-19   0.99999
FLUX  119    87.50        3.426200E+15   3.8751E-19   3.8776E-19   0.99934
FLUX  120    88.50        3.387486E+15   5.8113E-19   5.8115E-19   0.99997
FLUX  121    89.50        3.349637E+15   8.6420E-19   8.6420E-19   0.99999
FLUX  122    90.50        3.312624E+15   1.2743E-18   1.2753E-18   0.99927
FLUX  123    91.50        3.276421E+15   5.5506E-16   1.2052E-15   0.46056
FLUX  124    92.50        3.241000E+15   1.3819E-15   1.6372E-15   0.84410
FLUX  125    93.50        3.206337E+15   1.8332E-15   2.2095E-15   0.82969
FLUX  126    94.50        3.172407E+15   2.4545E-15   2.9632E-15   0.82834
FLUX  127    95.50        3.139188E+15   3.6040E-15   3.9498E-15   0.91245
FLUX  128    96.50        3.106658E+15   4.8560E-15   5.2342E-15   0.92775
FLUX  129    97.50        3.074795E+15   6.1816E-15   6.8968E-15   0.89630
FLUX  130    98.50        3.043579E+15   8.2765E-15   9.0376E-15   0.91578
FLUX  131    99.50        3.012990E+15   1.0332E-14   1.1780E-14   0.87708
FLUX  132   100.50        2.983010E+15   1.4658E-14   1.5275E-14   0.95962
FLUX  133   101.50        2.953621E+15   1.9091E-14   1.9709E-14   0.96866
FLUX  134   102.50        2.924805E+15   2.0182E-14   2.5365E-14   0.79569
FLUX  135   103.50        2.896546E+15   3.0997E-14   3.2414E-14   0.95627
FLUX  136   104.50        2.868828E+15   4.0389E-14   4.1237E-14   0.97944
FLUX  137   105.50        2.841635E+15   5.1277E-14   5.2228E-14   0.98179
FLUX  138   106.50        2.814953E+15   6.2522E-14   6.5866E-14   0.94922
FLUX  139   107.50        2.788767E+15   8.0233E-14   8.2724E-14   0.96989
FLUX  140   108.50        2.763065E+15   1.0052E-13   1.0348E-13   0.97142
FLUX  141   109.50        2.737831E+15   1.2081E-13   1.2894E-13   0.93696
FLUX  142   110.50        2.713054E+15   7.7105E-13   2.2959E-12   0.33583
FLUX  143   111.50        2.688722E+15   1.5052E-12   2.7636E-12   0.54463
FLUX  144   112.50        2.664822E+15   2.1101E-12   3.3157E-12   0.63640
FLUX  145   113.50        2.641344E+15   2.6535E-12   3.9811E-12   0.66653
FLUX  146   114.50        2.618275E+15   3.3618E-12   4.7459E-12   0.70837
FLUX  147   115.50        2.595606E+15   3.6352E-12   5.6405E-12   0.64448
FLUX  148   116.50        2.573326E+15   4.8540E-12   6.6841E-12   0.72621
FLUX  149   117.50        2.551426E+15   5.5761E-12   7.8984E-12   0.70597
FLUX  150   118.50        2.529895E+15   5.3976E-12   9.3069E-12   0.57996
FLUX  151   119.50        2.508724E+15   2.9341E-12   1.0937E-11   0.26828
FLUX  152   120.50        2.487905E+15   2.8905E-12   1.2818E-11   0.22551
FLUX  153   121.50        2.467428E+15   5.5687E-13   1.4984E-11   0.03716
FLUX  154   122.50        2.447286E+15   3.6828E-12   1.8262E-11   0.20167
FLUX  155   123.50        2.427470E+15   9.3976E-12   2.1255E-11   0.44214
FLUX  156   124.50        2.407972E+15   2.5069E-11   5.8083E-10   0.04316
FLUX  157   125.50        2.388785E+15   4.6340E-11   6.2304E-10   0.07438
FLUX  158   126.50        2.369901E+15   4.9367E-11   6.6848E-10   0.07385
FLUX  159   127.50        2.351314E+15   9.2692E-11   7.1756E-10   0.12918
FLUX  160   128.50        2.333016E+15   1.4762E-10   7.7069E-10   0.19154
FLUX  161   129.50        2.315000E+15   1.9539E-10   8.2830E-10   0.23589
FLUX  162   130.50        2.297261E+15   1.3971E-10   8.9085E-10   0.15683
FLUX  163   131.50        2.279791E+15   2.8053E-10   9.5882E-10   0.29258
FLUX  164   132.50        2.262585E+15   3.5765E-10   1.0328E-09   0.34630
FLUX  165   133.50        2.245637E+15   3.9119E-10   1.1131E-09   0.35144
FLUX  166   134.50        2.228941E+15   5.5998E-10   1.2003E-09   0.46652
FLUX  167   135.50        2.212491E+15   5.9073E-10   1.2949E-09   0.45620
FLUX  168   136.50        2.196282E+15   6.5866E-10   1.3977E-09   0.47126
FLUX  169   137.50        2.180309E+15   7.4718E-10   1.5092E-09   0.49509
FLUX  170   138.50        2.164567E+15   8.3712E-10   1.6303E-09   0.51347
FLUX  171   139.50        2.149050E+15   1.0100E-09   1.7619E-09   0.57323
FLUX  172   140.50        2.133754E+15   1.1670E-09   1.9237E-09   0.60665
FLUX  173   141.50        2.118675E+15   1.1919E-09   2.1191E-09   0.56248
FLUX  174   142.50        2.103807E+15   1.4286E-09   2.3813E-09   0.59991
FLUX  175   143.50        2.089146E+15   1.4605E-09   2.6170E-09   0.55811
FLUX  176   144.20        2.079005E+15   1.7811E-09   2.7937E-09   0.63754
FLUX  177   144.70        2.071821E+15   2.2888E-09   5.8034E-09   0.39440
FLUX  178   145.50        2.060430E+15   2.6491E-09   6.1532E-09   0.43052
FLUX  179   146.50        2.046365E+15   2.5854E-09   6.6162E-09   0.39076
FLUX  180   147.50        2.032492E+15   2.9050E-09   7.1081E-09   0.40869
FLUX  181   148.50        2.018805E+15   3.4785E-09   7.6299E-09   0.45591
FLUX  182   149.50        2.005301E+15   4.2352E-09   8.1824E-09   0.51760
FLUX  183   150.50        1.991977E+15   4.9322E-09   8.7668E-09   0.56260
FLUX  184   151.20        1.982755E+15   4.8120E-09   9.1961E-09   0.52326
FLUX  185   151.70        1.976220E+15   4.9503E-09   9.5134E-09   0.52035
FLUX  186   152.50        1.965852E+15   2.2229E-08   4.4595E-07   0.04985
FLUX  187   153.50        1.953046E+15   2.9239E-08   4.4808E-07   0.06526
FLUX  188   154.50        1.940405E+15   6.5471E-08   4.5027E-07   0.14540
FLUX  189   155.50        1.927926E+15   5.2534E-08   4.5274E-07   0.11604
FLUX  190   156.50        1.915607E+15   4.1994E-08   4.5559E-07   0.09217
FLUX  191   157.50        1.903444E+15   8.4023E-08   5.1114E-07   0.16438
FLUX  192   158.50        1.891435E+15   1.0672E-07   5.1317E-07   0.20796
FLUX  193   159.50        1.879577E+15   1.5378E-07   5.1502E-07   0.29859
FLUX  194   160.50        1.867866E+15   1.2142E-07   5.1667E-07   0.23500
FLUX  195   161.50        1.856300E+15   1.0193E-07   5.1817E-07   0.19671
FLUX  196   162.50        1.844877E+15   7.5952E-08   5.3440E-07   0.14212
FLUX  197   163.50        1.833593E+15   8.9972E-08   5.3682E-07   0.16760
FLUX  198   164.50        1.822447E+15   1.3718E-07   5.3906E-07   0.25447
FLUX  199   165.50        1.811435E+15   7.3319E-08   5.4125E-07   0.13546
FLUX  200   166.50        1.800556E+15   1.2707E-07   5.4360E-07   0.23375
FLUX  201   167.20        1.793017E+15   3.1128E-08   5.4526E-07   0.05709
FLUX  202   167.70        1.787671E+15   3.0349E-07   1.3229E-06   0.22941
FLUX  203   168.50        1.779184E+15   3.6335E-07   1.3346E-06   0.27225
FLUX  204   169.50        1.768687E+15   3.1856E-07   1.3464E-06   0.23661
FLUX  205   170.50        1.758314E+15   2.6672E-07   1.3584E-06   0.19635
FLUX  206   171.50        1.748061E+15   3.6384E-07   1.4193E-06   0.25635
FLUX  207   172.50        1.737928E+15   4.0119E-07   1.4322E-06   0.28013
FLUX  208   173.50        1.727911E+15   5.0801E-07   1.4433E-06   0.35197
FLUX  209   174.50        1.718009E+15   4.5262E-07   1.4561E-06   0.31084
FLUX  210   175.50        1.708219E+15   6.1538E-07   1.4671E-06   0.41944
FLUX  211   176.50        1.698541E+15   4.5206E-07   1.4780E-06   0.30587
FLUX  212   177.50        1.688972E+15   6.0134E-07   1.4887E-06   0.40395
FLUX  213   178.50        1.679510E+15   5.1769E-07   1.4992E-06   0.34530
FLUX  214   179.50        1.670153E+15   7.8610E-07   1.5096E-06   0.52072
FLUX  215   180.50        1.660900E+15   7.8066E-07   1.5204E-06   0.51347
FLUX  216   181.50        1.651749E+15   8.7980E-07   1.5310E-06   0.57466
FLUX  217   182.50        1.642699E+15   7.5794E-07   1.5418E-06   0.49159
FLUX  218   183.50        1.633747E+15   6.6349E-07   1.5528E-06   0.42730
FLUX  219   184.50        1.624892E+15   6.1199E-07   1.5637E-06   0.39138
FLUX  220   185.50        1.616132E+15   7.3106E-07   1.5756E-06   0.46398
FLUX  221   186.50        1.607466E+15   8.4044E-07   1.5870E-06   0.52957
FLUX  222   187.50        1.598893E+15   7.8248E-07   1.6088E-06   0.48637
FLUX  223   188.50        1.590411E+15   8.2681E-07   1.6198E-06   0.51046
FLUX  224   189.50        1.582018E+15   9.4028E-07   1.6306E-06   0.57664
FLUX  225   190.50        1.573714E+15   8.5100E-07   1.6413E-06   0.51848
FLUX  226   191.50        1.565496E+15   9.0963E-07   1.6525E-06   0.55045
FLUX  227   192.50        1.557364E+15   9.0601E-07   1.6632E-06   0.54475
FLUX  228   193.50        1.549315E+15   6.3770E-07   1.6739E-06   0.38097
FLUX  229   194.50        1.541350E+15   1.0390E-06   1.6847E-06   0.61672
FLUX  230   195.50        1.533465E+15   1.0642E-06   1.6958E-06   0.62755
FLUX  231   196.70        1.524110E+15   1.2040E-06   1.7092E-06   0.70440
FLUX  232   197.60        1.517169E+15   1.1911E-06   1.7193E-06   0.69279
FLUX  233   198.40        1.511051E+15   1.1715E-06   1.7675E-06   0.66282
FLUX  234   199.50        1.502719E+15   1.1463E-06   1.7801E-06   0.64393
FLUX  235   200.50        1.495224E+15   1.0578E-06   1.7918E-06   0.59036
FLUX  236   201.50        1.487804E+15   9.7630E-07   1.8036E-06   0.54131
FLUX  237   202.50        1.480457E+15   9.4802E-07   1.8155E-06   0.52218
FLUX  238   203.50        1.473182E+15   1.1148E-06   1.8275E-06   0.61002
FLUX  239   204.50        1.465978E+15   1.2652E-06   1.8395E-06   0.68778
FLUX  240   205.50        1.458844E+15   1.1433E-06   1.8516E-06   0.61744
FLUX  241   206.50        1.451780E+15   1.0817E-06   1.8642E-06   0.58025
FLUX  242   207.40        1.445480E+15   1.4083E-06   1.8755E-06   0.75087
FLUX  243   207.80        1.442697E+15   1.4914E-06   2.0216E-06   0.73773
FLUX  244   208.50        1.437854E+15   1.4237E-06   2.0330E-06   0.70028
FLUX  245   209.50        1.430990E+15   1.3495E-06   2.0494E-06   0.65849
FLUX  246   210.50        1.424192E+15   1.2205E-06   2.0658E-06   0.59078
FLUX  247   211.50        1.417459E+15   1.2587E-06   2.0824E-06   0.60445
FLUX  248   212.50        1.410788E+15   1.3103E-06   2.0990E-06   0.62425
FLUX  249   213.50        1.404180E+15   9.9970E-07   2.1159E-06   0.47248
FLUX  250   214.50        1.397634E+15   1.2456E-06   2.1328E-06   0.58401
FLUX  251   215.50        1.391148E+15   1.2975E-06   2.1500E-06   0.60349
FLUX  252   216.50        1.384723E+15   1.1345E-06   2.1675E-06   0.52343
FLUX  253   217.50        1.378356E+15   1.1609E-06   2.1851E-06   0.53128
FLUX  254   218.50        1.372048E+15   1.2432E-06   2.2030E-06   0.56432
FLUX  255   219.50        1.365797E+15   1.4225E-06   2.2211E-06   0.64046
FLUX  256   220.50        1.359603E+15   1.3160E-06   2.2397E-06   0.58760
FLUX  257   221.50        1.353465E+15   1.0947E-06   2.2585E-06   0.48469
FLUX  258   222.50        1.347382E+15   1.0507E-06   2.2787E-06   0.46107
FLUX  259   223.50        1.341353E+15   1.4044E-06   2.2979E-06   0.61115
FLUX  260   224.50        1.335379E+15   1.2624E-06   2.3173E-06   0.54476
FLUX  261   225.50        1.329457E+15   1.0580E-06   2.3446E-06   0.45123
FLUX  262   226.50        1.323587E+15   1.0791E-06   2.3640E-06   0.45647
FLUX  263   227.50        1.317769E+15   1.2522E-06   2.3836E-06   0.52536
FLUX  264   228.50        1.312002E+15   1.3882E-06   2.4033E-06   0.57763
FLUX  265   229.50        1.306285E+15   1.2429E-06   2.4232E-06   0.51290
FLUX  266   230.50        1.300618E+15   1.3286E-06   2.4433E-06   0.54380
FLUX  267   231.50        1.295000E+15   1.1984E-06   2.4635E-06   0.48647
FLUX  268   232.50        1.289430E+15   5.3542E-07   2.4839E-06   0.21556
FLUX  269   233.50        1.283908E+15   7.6721E-07   2.5062E-06   0.30612
FLUX  270   234.50        1.278433E+15   6.1390E-07   2.5271E-06   0.24293
FLUX  271   235.50        1.273004E+15   1.0804E-06   2.5481E-06   0.42399
FLUX  272   236.50        1.267622E+15   6.2240E-07   2.5692E-06   0.24225
FLUX  273   237.50        1.262284E+15   8.7229E-07   2.5906E-06   0.33672
FLUX  274   238.50        1.256992E+15   4.8766E-07   2.6123E-06   0.18668
FLUX  275   239.50        1.251743E+15   6.7096E-07   2.6340E-06   0.25473
FLUX  276   240.50        1.246538E+15   6.4297E-07   2.6559E-06   0.24209
FLUX  277   241.50        1.241377E+15   8.2259E-07   2.6779E-06   0.30717
FLUX  278   242.50        1.236258E+15   1.3163E-06   2.7001E-06   0.48751
FLUX  279   243.50        1.231181E+15   1.2726E-06   2.7225E-06   0.46745
FLUX  280   244.50        1.226145E+15   1.4124E-06   2.7475E-06   0.51407
FLUX  281   245.50        1.221151E+15   1.4205E-06   2.7701E-06   0.51278
FLUX  282   246.50        1.216197E+15   1.3726E-06   2.7928E-06   0.49149
FLUX  283   247.50        1.211283E+15   1.2820E-06   2.8157E-06   0.45532
FLUX  284   248.50        1.206408E+15   1.3246E-06   2.8388E-06   0.46661
FLUX  285   249.50        1.201573E+15   1.2752E-06   2.8621E-06   0.44555
FLUX  286   250.50        1.196776E+15   1.7116E-06   2.8875E-06   0.59276
FLUX  287   251.30        1.192967E+15   1.2209E-06   2.9063E-06   0.42007
FLUX  288   251.80        1.190598E+15   1.2454E-06   2.9773E-06   0.41831
FLUX  289   252.50        1.187297E+15   1.0594E-06   2.9943E-06   0.35380
FLUX  290   253.50        1.182613E+15   1.1055E-06   3.0190E-06   0.36619
FLUX  291   254.50        1.177967E+15   1.1532E-06   3.0439E-06   0.37885
FLUX  292   255.50        1.173356E+15   1.4167E-06   3.0689E-06   0.46164
FLUX  293   256.50        1.168782E+15   1.2337E-06   3.0940E-06   0.39875
FLUX  294   257.50        1.164243E+15   1.4487E-06   3.1192E-06   0.46445
FLUX  295   258.50        1.159739E+15   1.3458E-06   3.1445E-06   0.42799
FLUX  296   259.50        1.155270E+15   1.2075E-06   3.1700E-06   0.38092
FLUX  297   260.50        1.150835E+15   1.0713E-06   3.1956E-06   0.33523
FLUX  298   261.50        1.146434E+15   9.8963E-07   3.2213E-06   0.30721
FLUX  299   262.50        1.142067E+15   1.3310E-06   3.2472E-06   0.40991
FLUX  300   263.50        1.137732E+15   1.6281E-06   3.2738E-06   0.49731
FLUX  301   264.50        1.133431E+15   2.3435E-06   3.2999E-06   0.71017
FLUX  302   265.50        1.129162E+15   2.4328E-06   3.3262E-06   0.73140
FLUX  303   266.50        1.124925E+15   1.9529E-06   3.3526E-06   0.58250
FLUX  304   267.50        1.120720E+15   2.2080E-06   3.3792E-06   0.65342
FLUX  305   268.50        1.116546E+15   2.1614E-06   3.4059E-06   0.63461
FLUX  306   269.50        1.112403E+15   2.0352E-06   3.4328E-06   0.59288
FLUX  307   270.50        1.108290E+15   2.2000E-06   3.4604E-06   0.63576
FLUX  308   271.50        1.104208E+15   1.9002E-06   3.4874E-06   0.54489
FLUX  309   272.50        1.100156E+15   1.9439E-06   3.5145E-06   0.55312
FLUX  310   273.50        1.096133E+15   2.1335E-06   3.5417E-06   0.60238
FLUX  311   274.50        1.092140E+15   1.2438E-06   3.5690E-06   0.34850
FLUX  312   275.50        1.088176E+15   1.5110E-06   3.5964E-06   0.42015
FLUX  313   276.50        1.084241E+15   1.7700E-06   3.6239E-06   0.48841
FLUX  314   277.50        1.080333E+15   2.1509E-06   3.6516E-06   0.58904
FLUX  315   278.50        1.076454E+15   1.7458E-06   3.6793E-06   0.47449
FLUX  316   279.50        1.072603E+15   6.8248E-07   3.7071E-06   0.18410
FLUX  317   280.50        1.068779E+15   8.9390E-07   3.7351E-06   0.23932
FLUX  318   281.50        1.064982E+15   2.1722E-06   3.7632E-06   0.57721
FLUX  319   282.50        1.061212E+15   2.6867E-06   3.7914E-06   0.70864
FLUX  320   283.50        1.057469E+15   2.5571E-06   3.8196E-06   0.66946
FLUX  321   284.50        1.053752E+15   2.4605E-06   3.8480E-06   0.63941
FLUX  322   285.50        1.050061E+15   2.2840E-06   3.8764E-06   0.58921
FLUX  323   286.50        1.046396E+15   2.7496E-06   3.9050E-06   0.70411
FLUX  324   287.50        1.042757E+15   2.6639E-06   3.9336E-06   0.67722
FLUX  325   288.50        1.039142E+15   2.7396E-06   3.9623E-06   0.69143
FLUX  326   289.50        1.035553E+15   2.6042E-06   3.9911E-06   0.65251
FLUX  327   291.00        1.030215E+15   3.1716E-06   4.0349E-06   0.78604
FLUX  328   293.00        1.023183E+15   3.0375E-06   4.0929E-06   0.74214
FLUX  329   295.00        1.016246E+15   3.0476E-06   4.1513E-06   0.73414
FLUX  330   297.00        1.009402E+15   3.2473E-06   4.2098E-06   0.77137
FLUX  331   299.00        1.002651E+15   3.4027E-06   4.2687E-06   0.79713
FLUX  332   301.00        9.959884E+14   3.5775E-06   4.3278E-06   0.82663
FLUX  333   303.00        9.894142E+14   3.5591E-06   4.3872E-06   0.81126
FLUX  334   305.00        9.829262E+14   3.6118E-06   4.4467E-06   0.81223
FLUX  335   307.00        9.765228E+14   3.7070E-06   4.5065E-06   0.82258
FLUX  336   309.00        9.702023E+14   3.9026E-06   4.5669E-06   0.85454
FLUX  337   311.00        9.639630E+14   3.7845E-06   4.6270E-06   0.81791
FLUX  338   313.00        9.578035E+14   3.8183E-06   4.6874E-06   0.81460
FLUX  339   315.00        9.517222E+14   4.0527E-06   4.7479E-06   0.85358
FLUX  340   317.00        9.457177E+14   4.0902E-06   4.8087E-06   0.85059
FLUX  341   319.00        9.397884E+14   3.8392E-06   4.8696E-06   0.78841
FLUX  342   321.00        9.339330E+14   4.1040E-06   4.9306E-06   0.83235
FLUX  343   323.00        9.281502E+14   3.9660E-06   4.9919E-06   0.79450
FLUX  344   325.00        9.224385E+14   4.2297E-06   5.0531E-06   0.83706
FLUX  345   327.00        9.167966E+14   4.3822E-06   5.1144E-06   0.85685
FLUX  346   329.00        9.112234E+14   4.4799E-06   5.1757E-06   0.86555
FLUX  347   331.00        9.057175E+14   4.6751E-06   5.2371E-06   0.89269
FLUX  348   333.00        9.002778E+14   4.6073E-06   5.2985E-06   0.86956
FLUX  349   335.00        8.949030E+14   4.6291E-06   5.3598E-06   0.86366
FLUX  350   337.00        8.895920E+14   4.6187E-06   5.4212E-06   0.85196
FLUX  351   339.00        8.843437E+14   4.7202E-06   5.4827E-06   0.86093
FLUX  352   341.00        8.791569E+14   4.8799E-06   5.5441E-06   0.88020
FLUX  353   343.00        8.740306E+14   5.0154E-06   5.6054E-06   0.89475
FLUX  354   345.00        8.689638E+14   5.0382E-06   5.6668E-06   0.88907
FLUX  355   347.00        8.639553E+14   5.0183E-06   5.7280E-06   0.87611
FLUX  356   349.00        8.590043E+14   5.0345E-06   5.7891E-06   0.86965
FLUX  357   351.00        8.541097E+14   5.2939E-06   5.8502E-06   0.90491
FLUX  358   353.00        8.492705E+14   5.3686E-06   5.9113E-06   0.90820
FLUX  359   355.00        8.444859E+14   5.6004E-06   5.9722E-06   0.93775
FLUX  360   357.00        8.397549E+14   5.3903E-06   6.0330E-06   0.89347
FLUX  361   359.00        8.350766E+14   5.4404E-06   6.0938E-06   0.89277
FLUX  362   361.00        8.304501E+14   5.5471E-06   6.1545E-06   0.90131
FLUX  363   363.00        8.258747E+14   5.6920E-06   6.2149E-06   0.91588
FLUX  364   364.00        8.236058E+14   5.6827E-06   6.2452E-06   0.90993
FLUX  365   365.00        8.213493E+14   5.8949E-06   3.4500E-05   0.17086
FLUX  366   367.00        8.168733E+14   5.6015E-06   3.4395E-05   0.16286
FLUX  367   369.00        8.124458E+14   6.8270E-06   3.4295E-05   0.19907
FLUX  368   371.00        8.080660E+14   9.7903E-06   3.4188E-05   0.28637
FLUX  369   373.00        8.037332E+14   1.0575E-05   3.4079E-05   0.31031
FLUX  370   375.00        7.994467E+14   1.4219E-05   3.3970E-05   0.41858
FLUX  371   377.00        7.952056E+14   1.5343E-05   3.3875E-05   0.45293
FLUX  372   379.00        7.910092E+14   1.9511E-05   3.3767E-05   0.57780
FLUX  373   381.00        7.868570E+14   2.2693E-05   3.3660E-05   0.67417
FLUX  374   383.00        7.827480E+14   1.7865E-05   3.3554E-05   0.53243
FLUX  375   385.00        7.786818E+14   2.4730E-05   3.3449E-05   0.73934
FLUX  376   387.00        7.746576E+14   2.7252E-05   3.3343E-05   0.81731
FLUX  377   389.00        7.706748E+14   1.6831E-05   3.3238E-05   0.50637
FLUX  378   391.00        7.667327E+14   2.6404E-05   3.3134E-05   0.79689
FLUX  379   393.00        7.628308E+14   1.8202E-05   3.3031E-05   0.55104
FLUX  380   395.00        7.589684E+14   2.5492E-05   3.2929E-05   0.77415
FLUX  381   397.00        7.551448E+14   1.4283E-05   3.2828E-05   0.43509
FLUX  382   399.00        7.513596E+14   2.7350E-05   3.2728E-05   0.83566
FLUX  383   401.00        7.476122E+14   2.8879E-05   3.2627E-05   0.88512
FLUX  384   403.00        7.439020E+14   2.8734E-05   3.2526E-05   0.88343
FLUX  385   405.00        7.402284E+14   2.8668E-05   3.2425E-05   0.88413
FLUX  386   407.00        7.365909E+14   2.8228E-05   3.2325E-05   0.87328
FLUX  387   409.00        7.329890E+14   2.5368E-05   3.2223E-05   0.78726
FLUX  388   411.00        7.294221E+14   1.9728E-05   3.2122E-05   0.61416
FLUX  389   413.00        7.258898E+14   2.7979E-05   3.2023E-05   0.87370
FLUX  390   415.00        7.223916E+14   2.9098E-05   3.1925E-05   0.91144
FLUX  391   417.00        7.189269E+14   2.8625E-05   3.1828E-05   0.89938
FLUX  392   419.00        7.154952E+14   2.8652E-05   3.1731E-05   0.90296
FLUX  393   421.00        7.120962E+14   2.8719E-05   3.1635E-05   0.90784
FLUX  394   423.00        7.087293E+14   2.8280E-05   3.1540E-05   0.89662
FLUX  395   425.00        7.053941E+14   2.8558E-05   3.1446E-05   0.90814
FLUX  396   427.00        7.020902E+14   2.7781E-05   3.1353E-05   0.88606
FLUX  397   429.00        6.988170E+14   2.8527E-05   3.1260E-05   0.91256
FLUX  398   431.00        6.955742E+14   2.6927E-05   3.1165E-05   0.86400
FLUX  399   433.00        6.923614E+14   2.3335E-05   3.1072E-05   0.75101
FLUX  400   435.00        6.891782E+14   2.0144E-05   3.0979E-05   0.65025
FLUX  401   437.00        6.860240E+14   2.8231E-05   3.0887E-05   0.91401
FLUX  402   439.00        6.828986E+14   2.8116E-05   3.0795E-05   0.91299
FLUX  403   441.00        6.798016E+14   2.7677E-05   3.0704E-05   0.90142
FLUX  404   443.00        6.767325E+14   2.7791E-05   3.0614E-05   0.90780
FLUX  405   445.00        6.736910E+14   2.8209E-05   3.0525E-05   0.92414
FLUX  406   447.00        6.706767E+14   2.8207E-05   3.0434E-05   0.92681
FLUX  407   449.00        6.676893E+14   2.8160E-05   3.0344E-05   0.92802
FLUX  408   451.00        6.647284E+14   2.9054E-05   3.0255E-05   0.96032
FLUX  409   453.00        6.617936E+14   2.8011E-05   3.0166E-05   0.92855
FLUX  410   455.00        6.588846E+14   2.7563E-05   3.0078E-05   0.91640
FLUX  411   457.00        6.560011E+14   2.8876E-05   2.9989E-05   0.96287
FLUX  412   459.00        6.531427E+14   2.7782E-05   2.9901E-05   0.92911
FLUX  413   461.00        6.503091E+14   2.8813E-05   2.9814E-05   0.96644
FLUX  414   463.00        6.475000E+14   2.8008E-05   2.9727E-05   0.94217
FLUX  415   465.00        6.447151E+14   2.8513E-05   2.9641E-05   0.96193
FLUX  416   467.00        6.419540E+14   2.8521E-05   2.9557E-05   0.96497
FLUX  417   469.00        6.392164E+14   2.8052E-05   2.9472E-05   0.95179
FLUX  418   471.00        6.365021E+14   2.7139E-05   2.9389E-05   0.92345
FLUX  419   473.00        6.338108E+14   2.8289E-05   2.9306E-05   0.96530
FLUX  420   475.00        6.311421E+14   2.8512E-05   2.9224E-05   0.97563
FLUX  421   477.00        6.284958E+14   2.8173E-05   2.9142E-05   0.96673
FLUX  422   479.00        6.258716E+14   2.8181E-05   2.9061E-05   0.96971
FLUX  423   481.00        6.232692E+14   2.7915E-05   2.8980E-05   0.96326
FLUX  424   483.00        6.206884E+14   2.7524E-05   2.8899E-05   0.95243
FLUX  425   485.00        6.181289E+14   2.3177E-05   2.8818E-05   0.80425
FLUX  426   487.00        6.155903E+14   1.8650E-05   2.8736E-05   0.64902
FLUX  427   489.00        6.130726E+14   2.6773E-05   2.8655E-05   0.93434
FLUX  428   491.00        6.105754E+14   2.7371E-05   2.8575E-05   0.95786
FLUX  429   493.00        6.080984E+14   2.6964E-05   2.8495E-05   0.94626
FLUX  430   495.00        6.056414E+14   2.7520E-05   2.8416E-05   0.96849
FLUX  431   497.00        6.032042E+14   2.7824E-05   2.8337E-05   0.98189
FLUX  432   499.00        6.007866E+14   2.6883E-05   2.8259E-05   0.95129
FLUX  433   501.00        5.983882E+14   2.6037E-05   2.8181E-05   0.92389
FLUX  434   503.00        5.960089E+14   2.6896E-05   2.8104E-05   0.95699
FLUX  435   505.00        5.936485E+14   2.6636E-05   2.8028E-05   0.95034
FLUX  436   507.00        5.913067E+14   2.7165E-05   2.7952E-05   0.97186
FLUX  437   509.00        5.889833E+14   2.6991E-05   2.7877E-05   0.96822
FLUX  438   511.00        5.866781E+14   2.7015E-05   2.7802E-05   0.97170
FLUX  439   513.00        5.843908E+14   2.6536E-05   2.7727E-05   0.95705
FLUX  440   515.00        5.821214E+14   2.6151E-05   2.7653E-05   0.94569
FLUX  441   517.00        5.798694E+14   2.5852E-05   2.7579E-05   0.93738
FLUX  442   519.00        5.776349E+14   2.5840E-05   2.7506E-05   0.93944
FLUX  443   521.00        5.754175E+14   2.5964E-05   2.7432E-05   0.94649
FLUX  444   523.00        5.732170E+14   2.5850E-05   2.7359E-05   0.94486
FLUX  445   525.00        5.710333E+14   2.6379E-05   2.7286E-05   0.96678
FLUX  446   527.00        5.688662E+14   2.5142E-05   2.7214E-05   0.92387
FLUX  447   529.00        5.667155E+14   2.6221E-05   2.7142E-05   0.96608
FLUX  448   531.00        5.645810E+14   2.5812E-05   2.7070E-05   0.95353
FLUX  449   533.00        5.624625E+14   2.5440E-05   2.6998E-05   0.94230
FLUX  450   535.00        5.603598E+14   2.6171E-05   2.6927E-05   0.97190
FLUX  451   537.00        5.582728E+14   2.5938E-05   2.6856E-05   0.96581
FLUX  452   539.00        5.562013E+14   2.5810E-05   2.6788E-05   0.96347
FLUX  453   541.00        5.541451E+14   2.5448E-05   2.6718E-05   0.95245
FLUX  454   543.00        5.521041E+14   2.5587E-05   2.6648E-05   0.96017
FLUX  455   545.00        5.500780E+14   2.5977E-05   2.6579E-05   0.97736
FLUX  456   547.00        5.480667E+14   2.5781E-05   2.6510E-05   0.97251
FLUX  457   549.00        5.460701E+14   2.5941E-05   2.6441E-05   0.98107
FLUX  458   551.00        5.440880E+14   2.5736E-05   2.6373E-05   0.97583
FLUX  459   553.00        5.421203E+14   2.5626E-05   2.6306E-05   0.97414
FLUX  460   555.00        5.401667E+14   2.5799E-05   2.6239E-05   0.98324
FLUX  461   557.00        5.382271E+14   2.5527E-05   2.6172E-05   0.97534
FLUX  462   559.00        5.363014E+14   2.5561E-05   2.6106E-05   0.97915
FLUX  463   561.00        5.343895E+14   2.5612E-05   2.6039E-05   0.98360
FLUX  464   563.00        5.324911E+14   2.5635E-05   2.5976E-05   0.98687
FLUX  465   565.00        5.306062E+14   2.5469E-05   2.5910E-05   0.98297
FLUX  466   567.00        5.287346E+14   2.5258E-05   2.5844E-05   0.97733
FLUX  467   569.00        5.268761E+14   2.5455E-05   2.5778E-05   0.98745
FLUX  468   571.00        5.250306E+14   2.5378E-05   2.5713E-05   0.98696
FLUX  469   573.00        5.231981E+14   2.5547E-05   2.5648E-05   0.99605
FLUX  470   575.00        5.213783E+14   2.5339E-05   2.5583E-05   0.99044
FLUX  471   577.00        5.195711E+14   2.5346E-05   2.5519E-05   0.99322
FLUX  472   579.00        5.177763E+14   2.5212E-05   2.5455E-05   0.99045
FLUX  473   581.00        5.159940E+14   2.5192E-05   2.5391E-05   0.99216
FLUX  474   583.00        5.142238E+14   2.5164E-05   2.5327E-05   0.99356
FLUX  475   585.00        5.124658E+14   2.5086E-05   2.5263E-05   0.99296
FLUX  476   587.00        5.107198E+14   2.5032E-05   2.5200E-05   0.99333
FLUX  477   589.00        5.089856E+14   2.4648E-05   2.5137E-05   0.98054
FLUX  478   591.00        5.072631E+14   2.4899E-05   2.5075E-05   0.99298
FLUX  479   593.00        5.055523E+14   2.4845E-05   2.5013E-05   0.99331
FLUX  480   595.00        5.038529E+14   2.4753E-05   2.4951E-05   0.99207
FLUX  481   597.00        5.021650E+14   2.4748E-05   2.4889E-05   0.99434
FLUX  482   599.00        5.004883E+14   2.4554E-05   2.4827E-05   0.98903
FLUX  483   601.00        4.988228E+14   2.4417E-05   2.4765E-05   0.98593
FLUX  484   603.00        4.971683E+14   2.4505E-05   2.4704E-05   0.99194
FLUX  485   605.00        4.955248E+14   2.4458E-05   2.4643E-05   0.99249
FLUX  486   607.00        4.938921E+14   2.4491E-05   2.4583E-05   0.99625
FLUX  487   609.00        4.922701E+14   2.4339E-05   2.4523E-05   0.99249
FLUX  488   611.00        4.906588E+14   2.4204E-05   2.4463E-05   0.98941
FLUX  489   613.00        4.890579E+14   2.3978E-05   2.4404E-05   0.98256
FLUX  490   615.00        4.874675E+14   2.3580E-05   2.4344E-05   0.96862
FLUX  491   617.00        4.858874E+14   2.3911E-05   2.4285E-05   0.98458
FLUX  492   619.00        4.843174E+14   2.4058E-05   2.4227E-05   0.99306
FLUX  493   621.00        4.827576E+14   2.4048E-05   2.4168E-05   0.99504
FLUX  494   623.00        4.812079E+14   2.3826E-05   2.4110E-05   0.98824
FLUX  495   625.00        4.796680E+14   2.3234E-05   2.4052E-05   0.96600
FLUX  496   627.00        4.781380E+14   2.3892E-05   2.3999E-05   0.99555
FLUX  497   629.00        4.766176E+14   2.3855E-05   2.3942E-05   0.99636
FLUX  498   631.00        4.751070E+14   2.3522E-05   2.3884E-05   0.98485
FLUX  499   633.00        4.736058E+14   2.3618E-05   2.3827E-05   0.99122
FLUX  500   635.00        4.721142E+14   2.3389E-05   2.3770E-05   0.98400
FLUX  501   637.00        4.706319E+14   2.3385E-05   2.3712E-05   0.98620
FLUX  502   639.00        4.691588E+14   2.3430E-05   2.3655E-05   0.99046
FLUX  503   641.00        4.676950E+14   2.3177E-05   2.3599E-05   0.98215
FLUX  504   643.00        4.662403E+14   2.3281E-05   2.3542E-05   0.98893
FLUX  505   645.00        4.647946E+14   2.2969E-05   2.3486E-05   0.97800
FLUX  506   647.00        4.633578E+14   2.3262E-05   2.3430E-05   0.99284
FLUX  507   649.00        4.619299E+14   2.2849E-05   2.3374E-05   0.97755
FLUX  508   651.00        4.605108E+14   2.2931E-05   2.3319E-05   0.98335
FLUX  509   653.00        4.591003E+14   2.2778E-05   2.3263E-05   0.97913
FLUX  510   655.00        4.576985E+14   2.0632E-05   2.3211E-05   0.88889
FLUX  511   657.00        4.563052E+14   1.6402E-05   2.3156E-05   0.70830
FLUX  512   659.00        4.549203E+14   2.2163E-05   2.3101E-05   0.95937
FLUX  513   661.00        4.535439E+14   2.2718E-05   2.3047E-05   0.98575
FLUX  514   663.00        4.521757E+14   2.2814E-05   2.2992E-05   0.99223
FLUX  515   665.00        4.508158E+14   2.2784E-05   2.2938E-05   0.99329
FLUX  516   667.00        4.494640E+14   2.2722E-05   2.2884E-05   0.99290
FLUX  517   669.00        4.481203E+14   2.2737E-05   2.2830E-05   0.99593
FLUX  518   671.00        4.467846E+14   2.2674E-05   2.2777E-05   0.99548
FLUX  519   673.00        4.454569E+14   2.2589E-05   2.2723E-05   0.99410
FLUX  520   675.00        4.441370E+14   2.2515E-05   2.2670E-05   0.99317
FLUX  521   677.00        4.428250E+14   2.2570E-05   2.2616E-05   0.99795
FLUX  522   679.00        4.415206E+14   2.2488E-05   2.2564E-05   0.99664
FLUX  523   681.00        4.402239E+14   2.2448E-05   2.2511E-05   0.99723
FLUX  524   683.00        4.389348E+14   2.2322E-05   2.2458E-05   0.99394
FLUX  525   685.00        4.376533E+14   2.2289E-05   2.2405E-05   0.99480
FLUX  526   687.00        4.363792E+14   2.2294E-05   2.2353E-05   0.99735
FLUX  527   689.00        4.351125E+14   2.2254E-05   2.2301E-05   0.99791
FLUX  528   691.00        4.338531E+14   2.2189E-05   2.2249E-05   0.99732
FLUX  529   693.00        4.326010E+14   2.2124E-05   2.2197E-05   0.99670
FLUX  530   695.00        4.313561E+14   2.2082E-05   2.2145E-05   0.99716
FLUX  531   697.00        4.301184E+14   2.2003E-05   2.2094E-05   0.99586
FLUX  532   699.00        4.288877E+14   2.1997E-05   2.2043E-05   0.99794
FLUX  533   701.00        4.276641E+14   2.1768E-05   2.1992E-05   0.98982
FLUX  534   703.00        4.264474E+14   2.1818E-05   2.1941E-05   0.99442
FLUX  535   705.00        4.252376E+14   2.1811E-05   2.1890E-05   0.99639
FLUX  536   707.00        4.240347E+14   2.1787E-05   2.1839E-05   0.99758
FLUX  537   709.00        4.228385E+14   2.1740E-05   2.1789E-05   0.99776
FLUX  538   711.00        4.216491E+14   2.1229E-05   2.1739E-05   0.97655
FLUX  539   713.00        4.204663E+14   2.1479E-05   2.1688E-05   0.99036
FLUX  540   715.00        4.192902E+14   2.1509E-05   2.1638E-05   0.99401
FLUX  541   717.00        4.181206E+14   2.1454E-05   2.1589E-05   0.99377
FLUX  542   719.00        4.169576E+14   2.1350E-05   2.1539E-05   0.99121
FLUX  543   721.00        4.158010E+14   2.1337E-05   2.1489E-05   0.99290
FLUX  544   723.00        4.146508E+14   2.1238E-05   2.1440E-05   0.99057
FLUX  545   725.00        4.135069E+14   2.1224E-05   2.1392E-05   0.99213
FLUX  546   727.00        4.123693E+14   2.1258E-05   2.1343E-05   0.99602
FLUX  547   729.00        4.112380E+14   2.1083E-05   2.1294E-05   0.99008
FLUX  548   731.00        4.101129E+14   2.1023E-05   2.1249E-05   0.98935
FLUX  549   733.00        4.089939E+14   2.1060E-05   2.1200E-05   0.99339
FLUX  550   735.00        4.078810E+14   2.1043E-05   2.1152E-05   0.99485
FLUX  551   737.00        4.067741E+14   2.1053E-05   2.1104E-05   0.99761
FLUX  552   739.00        4.056732E+14   2.0905E-05   2.1055E-05   0.99288
FLUX  553   741.00        4.045783E+14   2.0697E-05   2.1007E-05   0.98523
FLUX  554   743.00        4.034892E+14   2.0661E-05   2.0960E-05   0.98574
FLUX  555   745.00        4.024060E+14   2.0676E-05   2.0912E-05   0.98871
FLUX  556   747.00        4.013286E+14   2.0520E-05   2.0864E-05   0.98352
FLUX  557   749.00        4.002570E+14   2.0568E-05   2.0816E-05   0.98806
FLUX  558   751.00        3.991911E+14   2.0563E-05   2.0769E-05   0.99006
FLUX  559   753.00        3.981308E+14   2.0600E-05   2.0722E-05   0.99411
FLUX  560   755.00        3.970762E+14   2.0643E-05   2.0675E-05   0.99846
FLUX  561   757.00        3.960271E+14   2.0544E-05   2.0628E-05   0.99595
FLUX  562   759.00        3.949835E+14   2.0519E-05   2.0581E-05   0.99699
FLUX  563   761.00        3.939455E+14   2.0483E-05   2.0534E-05   0.99750
FLUX  564   763.00        3.929128E+14   2.0436E-05   2.0488E-05   0.99750
FLUX  565   765.00        3.918856E+14   2.0328E-05   2.0441E-05   0.99444
FLUX  566   767.00        3.908638E+14   2.0203E-05   2.0395E-05   0.99060
FLUX  567   769.00        3.898472E+14   2.0250E-05   2.0349E-05   0.99516
FLUX  568   771.00        3.888359E+14   2.0106E-05   2.0303E-05   0.99030
FLUX  569   773.00        3.878299E+14   2.0199E-05   2.0257E-05   0.99712
FLUX  570   775.00        3.868290E+14   2.0123E-05   2.0211E-05   0.99561
FLUX  571   777.00        3.858333E+14   1.9647E-05   2.0166E-05   0.97426
FLUX  572   779.00        3.848427E+14   2.0095E-05   2.0120E-05   0.99873
FLUX  573   781.00        3.838572E+14   2.0027E-05   2.0075E-05   0.99760
FLUX  574   783.00        3.828768E+14   1.9896E-05   2.0030E-05   0.99332
FLUX  575   785.00        3.819013E+14   1.9761E-05   1.9985E-05   0.98877
FLUX  576   787.00        3.809307E+14   1.9775E-05   1.9940E-05   0.99172
FLUX  577   789.00        3.799651E+14   1.9679E-05   1.9895E-05   0.98912
FLUX  578   791.00        3.790044E+14   1.9655E-05   1.9851E-05   0.99016
FLUX  579   793.00        3.780485E+14   1.9641E-05   1.9806E-05   0.99167
FLUX  580   795.00        3.770975E+14   1.9519E-05   1.9762E-05   0.98769
FLUX  581   797.00        3.761512E+14   1.9686E-05   1.9718E-05   0.99840
FLUX  582   799.00        3.752096E+14   1.9383E-05   1.9674E-05   0.98524
FLUX  583   801.00        3.742728E+14   1.9535E-05   1.9630E-05   0.99518
FLUX  584   803.00        3.733406E+14   1.9468E-05   1.9586E-05   0.99398
FLUX  585   805.00        3.724130E+14   1.9461E-05   1.9542E-05   0.99587
FLUX  586   807.00        3.714901E+14   1.9402E-05   1.9498E-05   0.99504
FLUX  587   809.00        3.705717E+14   1.9362E-05   1.9455E-05   0.99521
FLUX  588   811.00        3.696578E+14   1.9371E-05   1.9411E-05   0.99791
FLUX  589   813.00        3.687485E+14   1.9350E-05   1.9368E-05   0.99908
FLUX  590   815.00        3.678436E+14   1.9304E-05   1.9325E-05   0.99889
FLUX  591   817.00        3.669431E+14   1.9261E-05   1.9282E-05   0.99893
FLUX  592   819.00        3.660470E+14   1.8916E-05   1.9239E-05   0.98322
FLUX  593   821.00        3.651553E+14   1.8983E-05   2.4182E-05   0.78501
FLUX  594   823.00        3.642679E+14   1.8944E-05   2.4116E-05   0.78556
FLUX  595   825.00        3.633848E+14   1.8935E-05   2.4050E-05   0.78731
FLUX  596   827.00        3.625060E+14   1.9046E-05   2.3984E-05   0.79412
FLUX  597   829.00        3.616315E+14   1.8763E-05   2.3919E-05   0.78444
FLUX  598   831.00        3.607611E+14   1.8448E-05   2.3854E-05   0.77338
FLUX  599   833.00        3.598950E+14   1.7985E-05   2.3789E-05   0.75601
FLUX  600   835.00        3.590329E+14   1.8125E-05   2.3724E-05   0.76399
FLUX  601   837.00        3.581750E+14   1.7689E-05   2.3660E-05   0.74764
FLUX  602   839.00        3.573212E+14   1.7865E-05   2.3596E-05   0.75713
FLUX  603   841.00        3.564715E+14   1.7949E-05   2.3532E-05   0.76274
FLUX  604   843.00        3.556257E+14   1.8699E-05   2.3469E-05   0.79674
FLUX  605   845.00        3.547840E+14   1.8592E-05   2.3406E-05   0.79434
FLUX  606   847.00        3.539463E+14   1.7518E-05   2.3343E-05   0.75045
FLUX  607   849.00        3.531125E+14   2.0197E-05   2.3280E-05   0.86757
FLUX  608   851.00        3.522826E+14   1.7291E-05   2.3218E-05   0.74475
FLUX  609   853.00        3.514566E+14   2.0944E-05   2.3155E-05   0.90449
FLUX  610   855.00        3.506345E+14   1.6478E-05   2.3093E-05   0.71354
FLUX  611   857.00        3.498162E+14   2.1561E-05   2.3032E-05   0.93613
FLUX  612   859.00        3.490017E+14   1.9290E-05   2.2970E-05   0.83978
FLUX  613   861.00        3.481911E+14   1.8557E-05   2.2909E-05   0.81005
FLUX  614   863.00        3.473841E+14   2.1852E-05   2.2848E-05   0.95639
FLUX  615   865.00        3.465809E+14   2.0951E-05   2.2787E-05   0.91942
FLUX  616   867.00        3.457814E+14   1.6278E-05   2.2727E-05   0.71626
FLUX  617   869.00        3.449856E+14   2.0966E-05   2.2667E-05   0.92494
FLUX  618   871.00        3.441935E+14   2.1943E-05   2.2607E-05   0.97065
FLUX  619   873.00        3.434049E+14   2.1310E-05   2.2547E-05   0.94515
FLUX  620   875.00        3.426200E+14   1.6765E-05   2.2488E-05   0.74549
FLUX  621   877.00        3.418387E+14   2.0693E-05   2.2429E-05   0.92261
FLUX  622   879.00        3.410609E+14   2.1921E-05   2.2370E-05   0.97995
FLUX  623   881.00        3.402866E+14   2.1848E-05   2.2311E-05   0.97926
FLUX  624   883.00        3.395159E+14   2.1302E-05   2.2253E-05   0.95728
FLUX  625   885.00        3.387486E+14   1.9839E-05   2.2194E-05   0.89387
FLUX  626   887.00        3.379848E+14   1.6744E-05   2.2136E-05   0.75642
FLUX  627   889.00        3.372244E+14   2.1154E-05   2.2079E-05   0.95811
FLUX  628   891.00        3.364675E+14   2.1554E-05   2.2021E-05   0.97879
FLUX  629   893.00        3.357139E+14   2.1521E-05   2.1964E-05   0.97983
FLUX  630   895.00        3.349637E+14   2.1687E-05   2.1907E-05   0.98994
FLUX  631   897.00        3.342168E+14   2.1514E-05   2.1850E-05   0.98461
FLUX  632   899.00        3.334733E+14   2.1026E-05   2.1793E-05   0.96477
FLUX  633   901.00        3.327331E+14   1.7045E-05   2.1737E-05   0.78417
FLUX  634   903.00        3.319961E+14   1.9025E-05   2.1681E-05   0.87751
FLUX  635   905.00        3.312624E+14   2.1123E-05   2.1625E-05   0.97680
FLUX  636   907.00        3.305320E+14   2.0734E-05   2.1569E-05   0.96132
FLUX  637   909.00        3.298047E+14   2.0530E-05   2.1513E-05   0.95430
FLUX  638   911.00        3.290807E+14   2.1056E-05   2.1457E-05   0.98130
FLUX  639   913.00        3.283598E+14   2.1173E-05   2.1402E-05   0.98932
FLUX  640   915.00        3.276421E+14   2.1238E-05   2.1347E-05   0.99488
FLUX  641   917.00        3.269275E+14   2.1059E-05   2.1292E-05   0.98906
FLUX  642   919.00        3.262160E+14   2.0762E-05   2.1237E-05   0.97764
FLUX  643   921.00        3.255076E+14   1.9873E-05   2.1183E-05   0.93817
FLUX  644   923.00        3.248023E+14   1.5723E-05   2.1129E-05   0.74413
FLUX  645   925.00        3.241000E+14   1.9321E-05   2.1075E-05   0.91678
FLUX  646   927.00        3.234008E+14   2.0055E-05   2.1021E-05   0.95405
FLUX  647   929.00        3.227045E+14   2.0771E-05   2.0967E-05   0.99062
FLUX  648   931.00        3.220113E+14   2.0812E-05   2.0914E-05   0.99510
FLUX  649   933.00        3.213210E+14   2.0732E-05   2.0861E-05   0.99384
FLUX  650   935.00        3.206337E+14   2.0737E-05   2.0808E-05   0.99658
FLUX  651   937.00        3.199493E+14   2.0721E-05   2.0755E-05   0.99834
FLUX  652   939.00        3.192678E+14   2.0468E-05   2.0703E-05   0.98867
FLUX  653   941.00        3.185893E+14   1.9904E-05   2.0651E-05   0.96384
FLUX  654   943.00        3.179136E+14   2.0384E-05   2.0599E-05   0.98957
FLUX  655   945.00        3.172407E+14   2.0369E-05   2.0547E-05   0.99137
FLUX  656   947.00        3.165707E+14   2.0353E-05   2.0495E-05   0.99307
FLUX  657   949.00        3.159036E+14   2.0307E-05   2.0444E-05   0.99330
FLUX  658   951.00        3.152392E+14   2.0064E-05   2.0392E-05   0.98390
FLUX  659   953.00        3.145776E+14   1.9038E-05   2.0341E-05   0.93594
FLUX  660   955.00        3.139188E+14   1.5398E-05   2.0290E-05   0.75889
FLUX  661   957.00        3.132628E+14   1.9206E-05   2.0240E-05   0.94890
FLUX  662   959.00        3.126095E+14   1.9924E-05   2.0189E-05   0.98684
FLUX  663   961.00        3.119589E+14   1.9823E-05   2.0139E-05   0.98429
FLUX  664   963.00        3.113110E+14   1.9565E-05   2.0089E-05   0.97394
FLUX  665   965.00        3.106658E+14   1.9871E-05   2.0039E-05   0.99161
FLUX  666   967.00        3.100233E+14   1.9624E-05   1.9989E-05   0.98173
FLUX  667   969.00        3.093834E+14   1.9677E-05   1.9940E-05   0.98683
FLUX  668   971.00        3.087461E+14   1.9861E-05   1.9890E-05   0.99851
FLUX  669   973.00        3.081115E+14   1.9773E-05   1.9841E-05   0.99654
FLUX  670   975.00        3.074795E+14   1.9624E-05   1.9792E-05   0.99150
FLUX  671   977.00        3.068501E+14   1.9701E-05   1.9743E-05   0.99783
FLUX  672   979.00        3.062232E+14   1.9650E-05   1.9695E-05   0.99774
FLUX  673   981.00        3.055989E+14   1.9573E-05   1.9646E-05   0.99625
FLUX  674   983.00        3.049771E+14   1.9501E-05   1.9598E-05   0.99503
FLUX  675   985.00        3.043579E+14   1.9306E-05   1.9550E-05   0.98754
FLUX  676   987.00        3.037411E+14   1.9308E-05   1.9502E-05   0.99004
FLUX  677   989.00        3.031269E+14   1.9181E-05   1.9454E-05   0.98597
FLUX  678   991.00        3.025151E+14   1.9225E-05   1.9407E-05   0.99062
FLUX  679   993.00        3.019058E+14   1.9193E-05   1.9359E-05   0.99142
FLUX  680   995.00        3.012990E+14   1.9167E-05   1.9312E-05   0.99249
FLUX  681   997.00        3.006946E+14   1.9184E-05   1.9265E-05   0.99579
FLUX  682   999.00        3.000926E+14   1.9089E-05   1.9218E-05   0.99328
FLUX  683  1002.50        2.990449E+14   1.7982E-05   1.9137E-05   0.93965
FLUX  684  1007.50        2.975608E+14   1.7242E-05   1.9021E-05   0.90644
FLUX  685  1012.50        2.960914E+14   1.8566E-05   1.8907E-05   0.98197
FLUX  686  1017.50        2.946364E+14   1.8661E-05   1.8793E-05   0.99298
FLUX  687  1022.50        2.931956E+14   1.8621E-05   1.8681E-05   0.99679
FLUX  688  1027.50        2.917689E+14   1.8544E-05   1.8569E-05   0.99867
FLUX  689  1032.50        2.903559E+14   1.8350E-05   1.8459E-05   0.99409
FLUX  690  1037.50        2.889566E+14   1.8275E-05   1.8349E-05   0.99599
FLUX  691  1042.50        2.875707E+14   1.8173E-05   1.8240E-05   0.99633
FLUX  692  1047.50        2.861981E+14   1.7857E-05   1.8132E-05   0.98481
FLUX  693  1052.50        2.848385E+14   1.7815E-05   1.8025E-05   0.98835
FLUX  694  1057.50        2.834917E+14   1.7792E-05   1.7919E-05   0.99289
FLUX  695  1062.50        2.821576E+14   1.7688E-05   1.7814E-05   0.99290
FLUX  696  1067.50        2.808361E+14   1.7270E-05   1.7710E-05   0.97511
FLUX  697  1072.50        2.795268E+14   1.7378E-05   1.7607E-05   0.98700
FLUX  698  1077.50        2.782297E+14   1.7305E-05   1.7505E-05   0.98858
FLUX  699  1082.50        2.769446E+14   1.7227E-05   1.7403E-05   0.98984
FLUX  700  1087.50        2.756713E+14   1.7057E-05   1.7303E-05   0.98580
FLUX  701  1092.50        2.744096E+14   1.5102E-05   1.7203E-05   0.87785
FLUX  702  1097.50        2.731595E+14   1.6413E-05   1.7104E-05   0.95958
FLUX  703  1102.50        2.719206E+14   1.6933E-05   1.7006E-05   0.99574
FLUX  704  1107.50        2.706930E+14   1.6877E-05   1.6908E-05   0.99818
FLUX  705  1112.50        2.694764E+14   1.6736E-05   1.6811E-05   0.99552
FLUX  706  1117.50        2.682707E+14   1.6653E-05   1.6716E-05   0.99628
FLUX  707  1122.50        2.670757E+14   1.6589E-05   1.6621E-05   0.99809
FLUX  708  1127.50        2.658914E+14   1.6158E-05   1.6526E-05   0.97773
FLUX  709  1132.50        2.647174E+14   1.6096E-05   1.6433E-05   0.97952
FLUX  710  1137.50        2.635538E+14   1.6220E-05   1.6340E-05   0.99264
FLUX  711  1142.50        2.624004E+14   1.6036E-05   1.6248E-05   0.98695
FLUX  712  1147.50        2.612571E+14   1.6124E-05   1.6157E-05   0.99796
FLUX  713  1152.50        2.601236E+14   1.6048E-05   1.6066E-05   0.99885
FLUX  714  1157.50        2.590000E+14   1.5926E-05   1.5976E-05   0.99688
FLUX  715  1162.50        2.578860E+14   1.5639E-05   1.5887E-05   0.98442
FLUX  716  1167.50        2.567816E+14   1.5469E-05   1.5798E-05   0.97915
FLUX  717  1172.50        2.556866E+14   1.5684E-05   1.5711E-05   0.99829
FLUX  718  1177.50        2.546008E+14   1.5288E-05   1.5623E-05   0.97855
FLUX  719  1182.50        2.535243E+14   1.5352E-05   1.5537E-05   0.98806
FLUX  720  1187.50        2.524568E+14   1.5157E-05   1.5451E-05   0.98098
FLUX  721  1192.50        2.513983E+14   1.5361E-05   1.5366E-05   0.99965
FLUX  722  1197.50        2.503486E+14   1.5095E-05   1.5282E-05   0.98775
FLUX  723  1202.50        2.493077E+14   1.5128E-05   1.5198E-05   0.99538
FLUX  724  1207.50        2.482754E+14   1.4990E-05   1.5115E-05   0.99173
FLUX  725  1212.50        2.472515E+14   1.4932E-05   1.5032E-05   0.99335
FLUX  726  1217.50        2.462361E+14   1.4903E-05   1.4950E-05   0.99687
FLUX  727  1222.50        2.452290E+14   1.4793E-05   1.4869E-05   0.99490
FLUX  728  1227.50        2.442301E+14   1.4695E-05   1.4788E-05   0.99367
FLUX  729  1232.50        2.432394E+14   1.4623E-05   1.4708E-05   0.99422
FLUX  730  1237.50        2.422566E+14   1.4572E-05   1.4629E-05   0.99614
FLUX  731  1242.50        2.412817E+14   1.4533E-05   1.4550E-05   0.99883
FLUX  732  1247.50        2.403146E+14   1.4397E-05   1.4472E-05   0.99482
FLUX  733  1252.50        2.393553E+14   1.4334E-05   1.4394E-05   0.99584
FLUX  734  1257.50        2.384036E+14   1.4149E-05   1.4317E-05   0.98824
FLUX  735  1262.50        2.374594E+14   1.4146E-05   1.4241E-05   0.99338
FLUX  736  1267.50        2.365227E+14   1.4130E-05   1.4165E-05   0.99754
FLUX  737  1272.50        2.355933E+14   1.4055E-05   1.4089E-05   0.99757
FLUX  738  1277.50        2.346712E+14   1.3806E-05   1.4015E-05   0.98512
FLUX  739  1282.50        2.337563E+14   1.2246E-05   1.3940E-05   0.87849
FLUX  740  1287.50        2.328485E+14   1.3710E-05   1.3867E-05   0.98869
FLUX  741  1292.50        2.319478E+14   1.3741E-05   1.3794E-05   0.99621
FLUX  742  1297.50        2.310539E+14   1.3686E-05   1.3721E-05   0.99746
FLUX  743  1302.50        2.301670E+14   1.3630E-05   1.3649E-05   0.99861
FLUX  744  1307.50        2.292868E+14   1.3569E-05   1.3577E-05   0.99940
FLUX  745  1312.50        2.284133E+14   1.3482E-05   1.3506E-05   0.99816
FLUX  746  1317.50        2.275465E+14   1.3347E-05   1.3436E-05   0.99339
FLUX  747  1322.50        2.266862E+14   1.3350E-05   1.3366E-05   0.99883
FLUX  748  1327.50        2.258324E+14   1.3280E-05   1.3297E-05   0.99879
FLUX  749  1332.50        2.249850E+14   1.3219E-05   1.3228E-05   0.99933
FLUX  750  1337.50        2.241439E+14   1.3143E-05   1.3159E-05   0.99882
FLUX  751  1342.50        2.233091E+14   1.3071E-05   1.3091E-05   0.99850
FLUX  752  1347.50        2.224805E+14   1.3000E-05   1.3024E-05   0.99823
FLUX  753  1352.50        2.216580E+14   1.2897E-05   1.2956E-05   0.99541
FLUX  754  1357.50        2.208416E+14   1.2820E-05   1.2890E-05   0.99457
FLUX  755  1362.50        2.200312E+14   1.2797E-05   1.2824E-05   0.99794
FLUX  756  1367.50        2.192267E+14   1.2706E-05   1.2758E-05   0.99593
FLUX  757  1372.50        2.184281E+14   1.2523E-05   1.2693E-05   0.98662
FLUX  758  1377.50        2.176352E+14   1.2568E-05   1.2628E-05   0.99523
FLUX  759  1382.50        2.168481E+14   1.2512E-05   1.2564E-05   0.99585
FLUX  760  1387.50        2.160667E+14   1.2494E-05   1.2500E-05   0.99952
FLUX  761  1392.50        2.152908E+14   1.2371E-05   1.2437E-05   0.99467
FLUX  762  1397.50        2.145206E+14   1.2344E-05   1.2374E-05   0.99762
FLUX  763  1402.50        2.137558E+14   1.2286E-05   1.2311E-05   0.99795
FLUX  764  1407.50        2.129964E+14   1.2240E-05   1.2249E-05   0.99925
FLUX  765  1412.50        2.122425E+14   1.2152E-05   1.2188E-05   0.99704
FLUX  766  1417.50        2.114938E+14   1.2106E-05   1.2126E-05   0.99829
FLUX  767  1422.50        2.107504E+14   1.2030E-05   1.2066E-05   0.99709
FLUX  768  1427.50        2.100123E+14   1.1964E-05   1.2005E-05   0.99653
FLUX  769  1432.50        2.092792E+14   1.1919E-05   1.1945E-05   0.99781
FLUX  770  1437.50        2.085513E+14   1.1879E-05   1.1886E-05   0.99942
FLUX  771  1442.50        2.078284E+14   1.1581E-05   1.1826E-05   0.97928
FLUX  772  1447.50        2.071105E+14   1.1742E-05   1.1768E-05   0.99778
FLUX  773  1452.50        2.063976E+14   1.1556E-05   1.1709E-05   0.98694
FLUX  774  1457.00        2.057601E+14   1.1624E-05   1.1657E-05   0.99720
FLUX  775  1462.00        2.050564E+14   1.1861E-05   1.2433E-05   0.95406
FLUX  776  1467.50        2.042879E+14   1.2167E-05   1.2363E-05   0.98410
FLUX  777  1472.50        2.035942E+14   1.1854E-05   1.2301E-05   0.96367
FLUX  778  1477.50        2.029052E+14   1.1537E-05   1.2239E-05   0.94263
FLUX  779  1482.50        2.022209E+14   1.1363E-05   1.2177E-05   0.93314
FLUX  780  1487.50        2.015412E+14   1.1139E-05   1.2116E-05   0.91932
FLUX  781  1492.50        2.008660E+14   1.1082E-05   1.2055E-05   0.91929
FLUX  782  1497.50        2.001953E+14   1.0946E-05   1.1995E-05   0.91260
FLUX  783  1502.50        1.995291E+14   1.0775E-05   1.1935E-05   0.90281
FLUX  784  1507.50        1.988673E+14   1.0731E-05   1.1875E-05   0.90365
FLUX  785  1512.50        1.982099E+14   1.0726E-05   1.1816E-05   0.90781
FLUX  786  1517.50        1.975568E+14   1.0731E-05   1.1757E-05   0.91271
FLUX  787  1522.50        1.969080E+14   1.0917E-05   1.1698E-05   0.93320
FLUX  788  1527.50        1.962635E+14   1.0503E-05   1.1640E-05   0.90231
FLUX  789  1532.50        1.956232E+14   1.0569E-05   1.1582E-05   0.91256
FLUX  790  1537.50        1.949870E+14   1.0863E-05   1.1525E-05   0.94260
FLUX  791  1542.50        1.943549E+14   1.0310E-05   1.1467E-05   0.89909
FLUX  792  1547.50        1.937270E+14   1.0834E-05   1.1411E-05   0.94945
FLUX  793  1552.50        1.931031E+14   1.0877E-05   1.1354E-05   0.95799
FLUX  794  1557.50        1.924831E+14   1.0064E-05   1.1298E-05   0.89074
FLUX  795  1562.50        1.918672E+14   1.1063E-05   1.1242E-05   0.98408
FLUX  796  1567.50        1.912552E+14   1.0555E-05   1.1187E-05   0.94355
FLUX  797  1572.50        1.906471E+14   1.0022E-05   1.1131E-05   0.90036
FLUX  798  1577.50        1.900428E+14   1.0861E-05   1.1077E-05   0.98053
FLUX  799  1582.50        1.894423E+14   1.0842E-05   1.1022E-05   0.98370
FLUX  800  1587.50        1.888457E+14   9.5822E-06   1.0968E-05   0.87367
FLUX  801  1592.50        1.882527E+14   1.0572E-05   1.0914E-05   0.96870
FLUX  802  1597.50        1.876635E+14   1.0787E-05   1.0860E-05   0.99324
FLUX  803  1605.00        1.867866E+14   1.0532E-05   1.0780E-05   0.97698
FLUX  804  1615.00        1.856300E+14   9.9580E-06   1.0675E-05   0.93287
FLUX  805  1625.00        1.844877E+14   1.0527E-05   1.0570E-05   0.99598
FLUX  806  1635.00        1.833593E+14   1.0222E-05   1.0466E-05   0.97663
FLUX  807  1645.00        1.822447E+14   9.6652E-06   1.0363E-05   0.93270
FLUX  808  1655.00        1.811435E+14   1.0224E-05   1.0260E-05   0.99644
FLUX  809  1665.00        1.800556E+14   1.0132E-05   1.0159E-05   0.99737
FLUX  810  1675.00        1.789806E+14   9.8334E-06   1.0059E-05   0.97752
FLUX  811  1685.00        1.779184E+14   9.3076E-06   9.9614E-06   0.93437
FLUX  812  1695.00        1.768687E+14   9.8396E-06   9.8647E-06   0.99745
FLUX  813  1705.00        1.758314E+14   9.7096E-06   9.7694E-06   0.99388
FLUX  814  1715.00        1.748061E+14   9.6616E-06   9.6755E-06   0.99856
FLUX  815  1725.00        1.737928E+14   9.4895E-06   9.5829E-06   0.99025
FLUX  816  1735.00        1.727911E+14   8.7364E-06   9.4916E-06   0.92043
FLUX  817  1745.00        1.718009E+14   9.2417E-06   9.4017E-06   0.98299
FLUX  818  1755.00        1.708219E+14   9.2411E-06   9.3129E-06   0.99229
FLUX  819  1765.00        1.698541E+14   9.1442E-06   9.2253E-06   0.99121
FLUX  820  1775.00        1.688972E+14   9.0886E-06   9.1388E-06   0.99450
FLUX  821  1785.00        1.679510E+14   8.9949E-06   9.0537E-06   0.99351
FLUX  822  1795.00        1.670153E+14   8.9554E-06   8.9697E-06   0.99840
FLUX  823  1805.00        1.660900E+14   8.8132E-06   8.8869E-06   0.99171
FLUX  824  1815.00        1.651749E+14   8.2039E-06   8.8053E-06   0.93169
FLUX  825  1825.00        1.642699E+14   8.5736E-06   8.7249E-06   0.98266
FLUX  826  1835.00        1.633747E+14   8.6198E-06   8.6456E-06   0.99702
FLUX  827  1845.00        1.624892E+14   8.5424E-06   8.5675E-06   0.99707
FLUX  828  1855.00        1.616132E+14   8.4436E-06   8.4906E-06   0.99447
FLUX  829  1865.00        1.607466E+14   8.3628E-06   8.4148E-06   0.99383
FLUX  830  1875.00        1.598893E+14   7.7103E-06   8.3401E-06   0.92448
FLUX  831  1885.00        1.590411E+14   8.1845E-06   8.2665E-06   0.99008
FLUX  832  1895.00        1.582018E+14   8.1196E-06   8.1940E-06   0.99093
FLUX  833  1905.00        1.573714E+14   8.1151E-06   8.1224E-06   0.99909
FLUX  834  1915.00        1.565496E+14   8.0400E-06   8.0514E-06   0.99858
FLUX  835  1925.00        1.557364E+14   7.9649E-06   7.9813E-06   0.99794
FLUX  836  1935.00        1.549315E+14   7.8666E-06   7.9121E-06   0.99425
FLUX  837  1945.00        1.541350E+14   7.2839E-06   7.8438E-06   0.92862
FLUX  838  1955.00        1.533465E+14   7.7373E-06   7.7763E-06   0.99498
FLUX  839  1965.00        1.525662E+14   7.6981E-06   7.7097E-06   0.99849
FLUX  840  1975.00        1.517937E+14   7.6137E-06   7.6440E-06   0.99604
FLUX  841  1985.00        1.510290E+14   7.5690E-06   7.5791E-06   0.99867
FLUX  842  1995.00        1.502719E+14   7.5063E-06   7.5150E-06   0.99884
FLUX  843  2005.00        1.495224E+14   7.4465E-06   7.4518E-06   0.99929
FLUX  844  2015.00        1.487804E+14   7.3873E-06   7.3893E-06   0.99973
FLUX  845  2025.00        1.480457E+14   7.3184E-06   7.3276E-06   0.99874
FLUX  846  2035.00        1.473182E+14   7.2516E-06   7.2667E-06   0.99792
FLUX  847  2045.00        1.465978E+14   7.2047E-06   7.2065E-06   0.99975
FLUX  848  2055.00        1.458844E+14   7.1434E-06   7.1470E-06   0.99949
FLUX  849  2065.00        1.451780E+14   7.0725E-06   7.0883E-06   0.99776
FLUX  850  2075.00        1.444783E+14   7.0193E-06   7.0304E-06   0.99843
FLUX  851  2085.00        1.437854E+14   6.9659E-06   6.9731E-06   0.99897
FLUX  852  2095.00        1.430990E+14   6.9071E-06   6.9165E-06   0.99864
FLUX  853  2105.00        1.424192E+14   6.8500E-06   6.8606E-06   0.99845
FLUX  854  2115.00        1.417459E+14   6.7758E-06   6.8054E-06   0.99565
FLUX  855  2125.00        1.410788E+14   6.7253E-06   6.7509E-06   0.99621
FLUX  856  2135.00        1.404180E+14   6.6711E-06   6.6970E-06   0.99613
FLUX  857  2145.00        1.397634E+14   6.6372E-06   6.6438E-06   0.99901
FLUX  858  2155.00        1.391148E+14   6.5685E-06   6.5912E-06   0.99657
FLUX  859  2165.00        1.384723E+14   6.1010E-06   6.5392E-06   0.93300
FLUX  860  2175.00        1.378356E+14   6.4399E-06   6.4878E-06   0.99262
FLUX  861  2185.00        1.372048E+14   6.4250E-06   6.4370E-06   0.99812
FLUX  862  2195.00        1.365797E+14   6.3861E-06   6.3869E-06   0.99988
FLUX  863  2205.00        1.359603E+14   6.3236E-06   6.3373E-06   0.99783
FLUX  864  2215.00        1.353465E+14   6.2649E-06   6.2883E-06   0.99629
FLUX  865  2225.00        1.347382E+14   6.2380E-06   6.2398E-06   0.99971
FLUX  866  2235.00        1.341353E+14   6.1894E-06   6.1919E-06   0.99960
FLUX  867  2245.00        1.335379E+14   6.1425E-06   6.1446E-06   0.99966
FLUX  868  2255.00        1.329457E+14   6.0785E-06   6.0978E-06   0.99684
FLUX  869  2265.00        1.323587E+14   6.0458E-06   6.0515E-06   0.99905
FLUX  870  2275.00        1.317769E+14   6.0020E-06   6.0058E-06   0.99937
FLUX  871  2285.00        1.312002E+14   5.9885E-06   6.1119E-06   0.97981
FLUX  872  2295.00        1.306285E+14   6.0408E-06   6.0653E-06   0.99596
FLUX  873  2305.00        1.300618E+14   5.9688E-06   6.0191E-06   0.99164
FLUX  874  2315.00        1.295000E+14   5.8865E-06   5.9735E-06   0.98544
FLUX  875  2325.00        1.289430E+14   5.8157E-06   5.9285E-06   0.98098
FLUX  876  2335.00        1.283908E+14   5.7427E-06   5.8839E-06   0.97600
FLUX  877  2345.00        1.278433E+14   5.6825E-06   5.8399E-06   0.97306
FLUX  878  2355.00        1.273004E+14   5.6183E-06   5.7963E-06   0.96930
FLUX  879  2365.00        1.267622E+14   5.5673E-06   5.7532E-06   0.96769
FLUX  880  2375.00        1.262284E+14   5.5243E-06   5.7106E-06   0.96737
FLUX  881  2385.00        1.256992E+14   5.4782E-06   5.6685E-06   0.96642
FLUX  882  2395.00        1.251743E+14   5.4386E-06   5.6269E-06   0.96654
FLUX  883  2405.00        1.246538E+14   5.3842E-06   5.5857E-06   0.96394
FLUX  884  2415.00        1.241377E+14   5.3279E-06   5.5449E-06   0.96086
FLUX  885  2425.00        1.236258E+14   5.3808E-06   5.5046E-06   0.97750
FLUX  886  2435.00        1.231181E+14   5.2652E-06   5.4648E-06   0.96348
FLUX  887  2445.00        1.226145E+14   5.2194E-06   5.4254E-06   0.96203
FLUX  888  2455.00        1.221151E+14   5.2707E-06   5.3864E-06   0.97853
FLUX  889  2465.00        1.216197E+14   5.1779E-06   5.3478E-06   0.96823
FLUX  890  2475.00        1.211283E+14   5.1456E-06   5.3096E-06   0.96911
FLUX  891  2485.00        1.206408E+14   5.2186E-06   5.2719E-06   0.98989
FLUX  892  2495.00        1.201573E+14   4.9336E-06   5.2345E-06   0.94252
FLUX  893  2505.00        1.196776E+14   5.1935E-06   5.1975E-06   0.99922
FLUX  894  2515.00        1.192018E+14   5.1321E-06   5.1610E-06   0.99440
FLUX  895  2525.00        1.187297E+14   4.8221E-06   5.1248E-06   0.94094
FLUX  896  2535.00        1.182613E+14   5.0431E-06   5.0890E-06   0.99098
FLUX  897  2545.00        1.177967E+14   5.0430E-06   5.0535E-06   0.99791
FLUX  898  2555.00        1.173356E+14   4.9691E-06   5.0185E-06   0.99016
FLUX  899  2565.00        1.168782E+14   4.6647E-06   4.9838E-06   0.93599
FLUX  900  2575.00        1.164243E+14   4.9114E-06   4.9494E-06   0.99233
FLUX  901  2585.00        1.159739E+14   4.8945E-06   4.9154E-06   0.99574
FLUX  902  2595.00        1.155270E+14   4.8739E-06   4.8818E-06   0.99840
FLUX  903  2605.00        1.150835E+14   4.7825E-06   4.8485E-06   0.98640
FLUX  904  2615.00        1.146434E+14   4.5095E-06   4.8155E-06   0.93644
FLUX  905  2625.00        1.142067E+14   4.4341E-06   4.7829E-06   0.92708
FLUX  906  2635.00        1.137732E+14   4.7034E-06   4.7506E-06   0.99007
FLUX  907  2645.00        1.133431E+14   4.7098E-06   4.7186E-06   0.99812
FLUX  908  2655.00        1.129162E+14   4.6730E-06   4.6870E-06   0.99703
FLUX  909  2665.00        1.124925E+14   4.6138E-06   4.6557E-06   0.99102
FLUX  910  2675.00        1.120720E+14   4.3188E-06   4.6246E-06   0.93387
FLUX  911  2685.00        1.116546E+14   4.5611E-06   4.5939E-06   0.99286
FLUX  912  2695.00        1.112403E+14   4.5606E-06   4.5635E-06   0.99935
FLUX  913  2705.00        1.108290E+14   4.5265E-06   4.5334E-06   0.99848
FLUX  914  2715.00        1.104208E+14   4.5020E-06   4.5036E-06   0.99964
FLUX  915  2725.00        1.100156E+14   4.4723E-06   4.4741E-06   0.99959
FLUX  916  2735.00        1.096133E+14   4.4420E-06   4.4449E-06   0.99935
FLUX  917  2745.00        1.092140E+14   4.4053E-06   4.4159E-06   0.99761
FLUX  918  2755.00        1.088176E+14   4.1338E-06   4.3873E-06   0.94224
FLUX  919  2765.00        1.084241E+14   4.2743E-06   4.3589E-06   0.98060
FLUX  920  2775.00        1.080333E+14   4.3255E-06   4.3308E-06   0.99879
FLUX  921  2785.00        1.076454E+14   4.3014E-06   4.3029E-06   0.99964
FLUX  922  2795.00        1.072603E+14   4.2750E-06   4.2754E-06   0.99992
FLUX  923  2805.00        1.068779E+14   4.2475E-06   4.2481E-06   0.99985
FLUX  924  2815.00        1.064982E+14   4.2196E-06   4.2210E-06   0.99965
FLUX  925  2825.00        1.061212E+14   4.1928E-06   4.1943E-06   0.99965
FLUX  926  2835.00        1.057469E+14   4.1676E-06   4.1678E-06   0.99997
FLUX  927  2845.00        1.053752E+14   4.1340E-06   4.1415E-06   0.99820
FLUX  928  2855.00        1.050061E+14   4.1134E-06   4.1155E-06   0.99949
FLUX  929  2865.00        1.046396E+14   4.0450E-06   4.0897E-06   0.98908
FLUX  930  2875.00        1.042757E+14   3.8130E-06   4.0641E-06   0.93820
FLUX  931  2885.00        1.039142E+14   4.0238E-06   4.0388E-06   0.99626
FLUX  932  2895.00        1.035553E+14   4.0070E-06   4.0138E-06   0.99830
FLUX  933  2905.00        1.031988E+14   3.9884E-06   3.9890E-06   0.99986
FLUX  934  2915.00        1.028448E+14   3.9544E-06   3.9644E-06   0.99749
FLUX  935  2925.00        1.024932E+14   3.9379E-06   3.9400E-06   0.99946
FLUX  936  2935.00        1.021440E+14   3.9150E-06   3.9159E-06   0.99977
FLUX  937  2945.00        1.017971E+14   3.8908E-06   3.8919E-06   0.99970
FLUX  938  2955.00        1.014526E+14   3.8677E-06   3.8682E-06   0.99987
FLUX  939  2965.00        1.011105E+14   3.8443E-06   3.8447E-06   0.99988
FLUX  940  2975.00        1.007706E+14   3.8206E-06   3.8214E-06   0.99978
FLUX  941  2985.00        1.004330E+14   3.7979E-06   3.7983E-06   0.99990
FLUX  942  2995.00        1.000977E+14   3.7735E-06   3.7755E-06   0.99946
FLUX  943  3005.00        9.976456E+13   3.7509E-06   3.7529E-06   0.99948
FLUX  944  3015.00        9.943367E+13   3.7265E-06   3.7304E-06   0.99895
FLUX  945  3025.00        9.910496E+13   3.7006E-06   3.7081E-06   0.99796
FLUX  946  3035.00        9.877842E+13   3.5107E-06   3.6861E-06   0.95241
FLUX  947  3045.00        9.845402E+13   3.5759E-06   3.6643E-06   0.97589
FLUX  948  3055.00        9.813175E+13   3.6366E-06   3.6426E-06   0.99834
FLUX  949  3065.00        9.781158E+13   3.6189E-06   3.6212E-06   0.99937
FLUX  950  3075.00        9.749350E+13   3.5981E-06   3.5999E-06   0.99949
FLUX  951  3085.00        9.717747E+13   3.5702E-06   3.5788E-06   0.99758
FLUX  952  3095.00        9.686349E+13   3.5539E-06   3.5580E-06   0.99885
FLUX  953  3105.00        9.655153E+13   3.5319E-06   3.5373E-06   0.99848
FLUX  954  3115.00        9.624157E+13   3.5059E-06   3.5167E-06   0.99692
FLUX  955  3125.00        9.593360E+13   3.4889E-06   3.4964E-06   0.99787
FLUX  956  3135.00        9.562759E+13   3.4711E-06   3.4762E-06   0.99853
FLUX  957  3145.00        9.532353E+13   3.4491E-06   3.4562E-06   0.99794
FLUX  958  3155.00        9.502139E+13   3.4336E-06   3.4364E-06   0.99918
FLUX  959  3165.00        9.472117E+13   3.4160E-06   3.4168E-06   0.99979
FLUX  960  3175.00        9.442283E+13   3.3925E-06   3.3973E-06   0.99861
FLUX  961  3185.00        9.412637E+13   3.3774E-06   3.3780E-06   0.99984
FLUX  962  3195.00        9.383177E+13   3.3575E-06   3.3588E-06   0.99961
FLUX  963  3210.00        9.339330E+13   3.3285E-06   3.3304E-06   0.99944
FLUX  964  3230.00        9.281502E+13   3.2926E-06   3.2930E-06   0.99987
FLUX  965  3250.00        9.224385E+13   3.2558E-06   3.2563E-06   0.99983
FLUX  966  3270.00        9.167966E+13   3.2184E-06   3.2202E-06   0.99945
FLUX  967  3290.00        9.112234E+13   3.0687E-06   3.2175E-06   0.95374
FLUX  968  3310.00        9.057175E+13   3.1495E-06   3.1820E-06   0.98978
FLUX  969  3330.00        9.002778E+13   3.1294E-06   3.1471E-06   0.99436
FLUX  970  3350.00        8.949030E+13   3.0917E-06   3.1128E-06   0.99323
FLUX  971  3370.00        8.895920E+13   3.0456E-06   3.0790E-06   0.98914
FLUX  972  3390.00        8.843437E+13   3.0073E-06   3.0458E-06   0.98737
FLUX  973  3410.00        8.791569E+13   2.9713E-06   3.0131E-06   0.98611
FLUX  974  3430.00        8.740306E+13   2.9390E-06   2.9809E-06   0.98593
FLUX  975  3450.00        8.689638E+13   2.9092E-06   2.9492E-06   0.98643
FLUX  976  3470.00        8.639553E+13   2.8765E-06   2.9181E-06   0.98576
FLUX  977  3490.00        8.590043E+13   2.8450E-06   2.8874E-06   0.98531
FLUX  978  3510.00        8.541097E+13   2.8180E-06   2.8572E-06   0.98629
FLUX  979  3530.00        8.492705E+13   2.7901E-06   2.8275E-06   0.98679
FLUX  980  3550.00        8.444859E+13   2.7541E-06   2.7982E-06   0.98422
FLUX  981  3570.00        8.397549E+13   2.7196E-06   2.7694E-06   0.98201
FLUX  982  3590.00        8.350766E+13   2.7242E-06   2.7411E-06   0.99385
FLUX  983  3610.00        8.304501E+13   2.6588E-06   2.7132E-06   0.97997
FLUX  984  3630.00        8.258747E+13   2.6734E-06   2.6857E-06   0.99542
FLUX  985  3650.00        8.213493E+13   2.6003E-06   2.6586E-06   0.97807
FLUX  986  3670.00        8.168733E+13   2.6256E-06   2.6319E-06   0.99761
FLUX  987  3690.00        8.124458E+13   2.5362E-06   2.6056E-06   0.97334
FLUX  988  3710.00        8.080660E+13   2.5682E-06   2.5798E-06   0.99551
FLUX  989  3730.00        8.037332E+13   2.5057E-06   2.5543E-06   0.98099
FLUX  990  3750.00        7.994467E+13   2.4121E-06   2.5292E-06   0.95373
FLUX  991  3770.00        7.952056E+13   2.4955E-06   2.5044E-06   0.99644
FLUX  992  3790.00        7.910092E+13   2.4761E-06   2.4800E-06   0.99844
FLUX  993  3810.00        7.868570E+13   2.4065E-06   2.4560E-06   0.97988
FLUX  994  3830.00        7.827480E+13   2.3987E-06   2.4323E-06   0.98621
FLUX  995  3850.00        7.786818E+13   2.4074E-06   2.4089E-06   0.99936
FLUX  996  3870.00        7.746576E+13   2.3802E-06   2.3859E-06   0.99761
FLUX  997  3890.00        7.706748E+13   2.3532E-06   2.3632E-06   0.99578
FLUX  998  3910.00        7.667327E+13   2.2655E-06   2.3408E-06   0.96779
FLUX  999  3930.00        7.628308E+13   2.3161E-06   2.3188E-06   0.99886
FLUX 1000  3950.00        7.589684E+13   2.2949E-06   2.2971E-06   0.99904
FLUX 1001  3970.00        7.551448E+13   2.2749E-06   2.2756E-06   0.99966
FLUX 1002  3990.00        7.513596E+13   2.2485E-06   2.2545E-06   0.99736
FLUX 1003  4010.00        7.476122E+13   2.2008E-06   2.2337E-06   0.98529
FLUX 1004  4030.00        7.439020E+13   2.1607E-06   2.2131E-06   0.97633
FLUX 1005  4050.00        7.402284E+13   2.1218E-06   2.1928E-06   0.96763
FLUX 1006  4070.00        7.365909E+13   2.1686E-06   2.1728E-06   0.99804
FLUX 1007  4090.00        7.329890E+13   2.1490E-06   2.1531E-06   0.99811
FLUX 1008  4110.00        7.294221E+13   2.1332E-06   2.1336E-06   0.99979
FLUX 1009  4130.00        7.258898E+13   2.1138E-06   2.1145E-06   0.99970
FLUX 1010  4150.00        7.223916E+13   2.0915E-06   2.0955E-06   0.99810
FLUX 1011  4170.00        7.189269E+13   2.0062E-06   2.0768E-06   0.96600
FLUX 1012  4190.00        7.154952E+13   2.0532E-06   2.0584E-06   0.99748
FLUX 1013  4210.00        7.120962E+13   2.0363E-06   2.0402E-06   0.99808
FLUX 1014  4230.00        7.087293E+13   2.0221E-06   2.0223E-06   0.99990
FLUX 1015  4250.00        7.053941E+13   2.0040E-06   2.0046E-06   0.99971
FLUX 1016  4270.00        7.020902E+13   1.9869E-06   1.9871E-06   0.99993
FLUX 1017  4290.00        6.988170E+13   1.9697E-06   1.9698E-06   0.99994
FLUX 1018  4310.00        6.955742E+13   1.9525E-06   1.9528E-06   0.99987
FLUX 1019  4330.00        6.923614E+13   1.9354E-06   1.9360E-06   0.99969
FLUX 1020  4350.00        6.891782E+13   1.9188E-06   1.9194E-06   0.99970
FLUX 1021  4370.00        6.860240E+13   1.8446E-06   1.9030E-06   0.96927
FLUX 1022  4390.00        6.828986E+13   1.8757E-06   1.8869E-06   0.99409
FLUX 1023  4410.00        6.798016E+13   1.8692E-06   1.8709E-06   0.99912
FLUX 1024  4430.00        6.767325E+13   1.8544E-06   1.8551E-06   0.99962
FLUX 1025  4450.00        6.736910E+13   1.8386E-06   1.8396E-06   0.99949
FLUX 1026  4470.00        6.706767E+13   1.8325E-06   1.8329E-06   0.99981
FLUX 1027  4490.00        6.676893E+13   1.8167E-06   1.8176E-06   0.99949
FLUX 1028  4510.00        6.647284E+13   1.8025E-06   1.8025E-06   0.99998
FLUX 1029  4530.00        6.617936E+13   1.7872E-06   1.7876E-06   0.99979
FLUX 1030  4550.00        6.588846E+13   1.7727E-06   1.7729E-06   0.99993
FLUX 1031  4570.00        6.560011E+13   1.7574E-06   1.7583E-06   0.99950
FLUX 1032  4590.00        6.531427E+13   1.7428E-06   1.7439E-06   0.99936
FLUX 1033  4610.00        6.503091E+13   1.7296E-06   1.7297E-06   0.99993
FLUX 1034  4630.00        6.475000E+13   1.7140E-06   1.7157E-06   0.99899
FLUX 1035  4650.00        6.447151E+13   1.6496E-06   1.7019E-06   0.96928
FLUX 1036  4670.00        6.419540E+13   1.6248E-06   1.6882E-06   0.96243
FLUX 1037  4690.00        6.392164E+13   1.6691E-06   1.6746E-06   0.99671
FLUX 1038  4710.00        6.365021E+13   1.6608E-06   1.6613E-06   0.99972
FLUX 1039  4730.00        6.338108E+13   1.6480E-06   1.6481E-06   0.99993
FLUX 1040  4750.00        6.311421E+13   1.6337E-06   1.6350E-06   0.99919
FLUX 1041  4770.00        6.284958E+13   1.6215E-06   1.6221E-06   0.99958
FLUX 1042  4790.00        6.258716E+13   1.6093E-06   1.6094E-06   0.99997
FLUX 1043  4810.00        6.232692E+13   1.5967E-06   1.5968E-06   0.99991
FLUX 1044  4830.00        6.206884E+13   1.5842E-06   1.5844E-06   0.99988
FLUX 1045  4850.00        6.181289E+13   1.5719E-06   1.5721E-06   0.99992
FLUX 1046  4870.00        6.155903E+13   1.5598E-06   1.5599E-06   0.99993
FLUX 1047  4890.00        6.130726E+13   1.5478E-06   1.5479E-06   0.99993
FLUX 1048  4910.00        6.105754E+13   1.5354E-06   1.5360E-06   0.99963
FLUX 1049  4930.00        6.080984E+13   1.5241E-06   1.5243E-06   0.99986
FLUX 1050  4950.00        6.056414E+13   1.5125E-06   1.5127E-06   0.99987
FLUX 1051  4970.00        6.032042E+13   1.5010E-06   1.5012E-06   0.99986
FLUX 1052  4990.00        6.007866E+13   1.4893E-06   1.4899E-06   0.99963
FLUX 1053  5010.00        5.983882E+13   1.4784E-06   1.4786E-06   0.99982
FLUX 1054  5030.00        5.960089E+13   1.4670E-06   1.4675E-06   0.99966
FLUX 1055  5050.00        5.936485E+13   1.4564E-06   1.4566E-06   0.99986
FLUX 1056  5070.00        5.913067E+13   1.4457E-06   1.4457E-06   0.99998
FLUX 1057  5090.00        5.889833E+13   1.4348E-06   1.4350E-06   0.99985
FLUX 1058  5110.00        5.866781E+13   1.4211E-06   1.4244E-06   0.99765
FLUX 1059  5130.00        5.843908E+13   1.3647E-06   1.4139E-06   0.96522
FLUX 1060  5150.00        5.821214E+13   1.4019E-06   1.4035E-06   0.99880
FLUX 1061  5170.00        5.798694E+13   1.3932E-06   1.3933E-06   0.99991
FLUX 1062  5190.00        5.776349E+13   1.3831E-06   1.3831E-06   0.99998
FLUX 1063  5210.00        5.754175E+13   1.3729E-06   1.3731E-06   0.99984
FLUX 1064  5230.00        5.732170E+13   1.3630E-06   1.3632E-06   0.99990
FLUX 1065  5250.00        5.710333E+13   1.3533E-06   1.3534E-06   0.99995
FLUX 1066  5270.00        5.688662E+13   1.3435E-06   1.3436E-06   0.99991
FLUX 1067  5290.00        5.667155E+13   1.3340E-06   1.3340E-06   0.99998
FLUX 1068  5310.00        5.645810E+13   1.3245E-06   1.3245E-06   0.99995
FLUX 1069  5330.00        5.624625E+13   1.3151E-06   1.3151E-06   0.99995
FLUX 1070  5350.00        5.603598E+13   1.3057E-06   1.3058E-06   0.99994
FLUX 1071  5370.00        5.582728E+13   1.2962E-06   1.2966E-06   0.99969
FLUX 1072  5390.00        5.562013E+13   1.2873E-06   1.2875E-06   0.99988
FLUX 1073  5410.00        5.541451E+13   1.2785E-06   1.2785E-06   0.99998
FLUX 1074  5430.00        5.521041E+13   1.2693E-06   1.2696E-06   0.99978
FLUX 1075  5450.00        5.500780E+13   1.2604E-06   1.2607E-06   0.99977
FLUX 1076  5470.00        5.480667E+13   1.2513E-06   1.2520E-06   0.99946
FLUX 1077  5490.00        5.460701E+13   1.2432E-06   1.2433E-06   0.99989
FLUX 1078  5510.00        5.440880E+13   1.2347E-06   1.2348E-06   0.99997
FLUX 1079  5530.00        5.421203E+13   1.2261E-06   1.2263E-06   0.99985
FLUX 1080  5550.00        5.401667E+13   1.2178E-06   1.2179E-06   0.99987
FLUX 1081  5570.00        5.382271E+13   1.2090E-06   1.2096E-06   0.99950
FLUX 1082  5590.00        5.363014E+13   1.2001E-06   1.2014E-06   0.99890
FLUX 1083  5610.00        5.343895E+13   1.1929E-06   1.1933E-06   0.99969
FLUX 1084  5630.00        5.324911E+13   1.1851E-06   1.1852E-06   0.99985
FLUX 1085  5650.00        5.306062E+13   1.1772E-06   1.1773E-06   0.99992
FLUX 1086  5670.00        5.287346E+13   1.1692E-06   1.1694E-06   0.99985
FLUX 1087  5690.00        5.268761E+13   1.1615E-06   1.1616E-06   0.99993
FLUX 1088  5710.00        5.250306E+13   1.1538E-06   1.1538E-06   0.99998
FLUX 1089  5730.00        5.231981E+13   1.1460E-06   1.1462E-06   0.99987
FLUX 1090  5750.00        5.213783E+13   1.1386E-06   1.1386E-06   0.99997
FLUX 1091  5770.00        5.195711E+13   1.1310E-06   1.1311E-06   0.99991
FLUX 1092  5790.00        5.177763E+13   1.1234E-06   1.1237E-06   0.99974
FLUX 1093  5810.00        5.159940E+13   1.1162E-06   1.1163E-06   0.99993
FLUX 1094  5830.00        5.142238E+13   1.1090E-06   1.1090E-06   0.99999
FLUX 1095  5850.00        5.124658E+13   1.1045E-06   1.1045E-06   0.99998
FLUX 1096  5870.00        5.107198E+13   1.0972E-06   1.0974E-06   0.99982
FLUX 1097  5890.00        5.089856E+13   1.0867E-06   1.0903E-06   0.99669
FLUX 1098  5910.00        5.072631E+13   1.0468E-06   1.0832E-06   0.96639
FLUX 1099  5930.00        5.055523E+13   1.0746E-06   1.0763E-06   0.99847
FLUX 1100  5950.00        5.038529E+13   1.0681E-06   1.0694E-06   0.99878
FLUX 1101  5970.00        5.021650E+13   1.0625E-06   1.0625E-06   0.99993
FLUX 1102  5990.00        5.004883E+13   1.0556E-06   1.0558E-06   0.99983
FLUX 1103  6010.00        4.988228E+13   1.0488E-06   1.0491E-06   0.99977
FLUX 1104  6030.00        4.971683E+13   1.0424E-06   1.0424E-06   0.99998
FLUX 1105  6050.00        4.955248E+13   1.0358E-06   1.0359E-06   0.99997
FLUX 1106  6070.00        4.938921E+13   1.0292E-06   1.0293E-06   0.99988
FLUX 1107  6090.00        4.922701E+13   1.0226E-06   1.0229E-06   0.99976
FLUX 1108  6110.00        4.906588E+13   1.0158E-06   1.0165E-06   0.99928
FLUX 1109  6130.00        4.890579E+13   1.0101E-06   1.0102E-06   0.99993
FLUX 1110  6150.00        4.874675E+13   1.0038E-06   1.0039E-06   0.99988
FLUX 1111  6170.00        4.858874E+13   9.9766E-07   9.9769E-07   0.99998
FLUX 1112  6190.00        4.843174E+13   9.9140E-07   9.9153E-07   0.99987
FLUX 1113  6210.00        4.827576E+13   9.8540E-07   9.8543E-07   0.99997
FLUX 1114  6230.00        4.812079E+13   9.7893E-07   9.7938E-07   0.99953
FLUX 1115  6250.00        4.796680E+13   9.7326E-07   9.7339E-07   0.99986
FLUX 1116  6270.00        4.781380E+13   9.6714E-07   9.6746E-07   0.99967
FLUX 1117  6290.00        4.766176E+13   9.6152E-07   9.6158E-07   0.99993
FLUX 1118  6310.00        4.751070E+13   9.5538E-07   9.5575E-07   0.99960
FLUX 1119  6330.00        4.736058E+13   9.4968E-07   9.4998E-07   0.99969
FLUX 1120  6350.00        4.721142E+13   9.4403E-07   9.4426E-07   0.99976
FLUX 1121  6370.00        4.706319E+13   9.3852E-07   9.3859E-07   0.99993
FLUX 1122  6390.00        4.691588E+13   9.3281E-07   9.3297E-07   0.99983
FLUX 1123  6420.00        4.669665E+13   9.2458E-07   9.2463E-07   0.99994
FLUX 1124  6460.00        4.640751E+13   9.1358E-07   9.1369E-07   0.99988
FLUX 1125  6500.00        4.612192E+13   9.0281E-07   9.0294E-07   0.99985
FLUX 1126  6540.00        4.583983E+13   8.9236E-07   8.9238E-07   0.99998
FLUX 1127  6580.00        4.556117E+13   8.8190E-07   8.8200E-07   0.99989
FLUX 1128  6620.00        4.528588E+13   8.7159E-07   8.7180E-07   0.99976
FLUX 1129  6660.00        4.501389E+13   8.6163E-07   8.6177E-07   0.99983
FLUX 1130  6700.00        4.474515E+13   8.5183E-07   8.5192E-07   0.99990
FLUX 1131  6740.00        4.447960E+13   8.4210E-07   8.4224E-07   0.99984
FLUX 1132  6780.00        4.421718E+13   8.3261E-07   8.3271E-07   0.99988
FLUX 1133  6820.00        4.395784E+13   8.2326E-07   8.2335E-07   0.99989
FLUX 1134  6860.00        4.370153E+13   8.1399E-07   8.1415E-07   0.99981
FLUX 1135  6900.00        4.344819E+13   8.0463E-07   8.0510E-07   0.99943
FLUX 1136  6940.00        4.319777E+13   7.9576E-07   7.9619E-07   0.99946
FLUX 1137  6980.00        4.295021E+13   7.8709E-07   7.8744E-07   0.99956
FLUX 1138  7020.00        4.270548E+13   7.7856E-07   7.7883E-07   0.99966
FLUX 1139  7060.00        4.246353E+13   7.7001E-07   7.7035E-07   0.99955
FLUX 1140  7100.00        4.222430E+13   7.6196E-07   7.6202E-07   0.99992
FLUX 1141  7140.00        4.198775E+13   7.5358E-07   7.5382E-07   0.99968
FLUX 1142  7180.00        4.175383E+13   7.4554E-07   7.4575E-07   0.99972
FLUX 1143  7220.00        4.152251E+13   7.3708E-07   7.3781E-07   0.99901
FLUX 1144  7260.00        4.129373E+13   7.2968E-07   7.3000E-07   0.99956
FLUX 1145  7300.00        4.106747E+13   7.2219E-07   7.2230E-07   0.99984
FLUX 1146  7340.00        4.084366E+13   7.1454E-07   7.1473E-07   0.99973
FLUX 1147  7380.00        4.062229E+13   7.0715E-07   7.0728E-07   0.99982
FLUX 1148  7420.00        4.040330E+13   6.9972E-07   6.9996E-07   0.99965
FLUX 1149  7460.00        4.018666E+13   6.8661E-07   6.9276E-07   0.99112
FLUX 1150  7500.00        3.997233E+13   6.7416E-07   6.8567E-07   0.98321
FLUX 1151  7540.00        3.976028E+13   6.7835E-07   6.7869E-07   0.99951
FLUX 1152  7580.00        3.955046E+13   6.7163E-07   6.7181E-07   0.99974
FLUX 1153  7620.00        3.934285E+13   6.6495E-07   6.6503E-07   0.99988
FLUX 1154  7660.00        3.913740E+13   6.5827E-07   6.5836E-07   0.99987
FLUX 1155  7700.00        3.893409E+13   6.5173E-07   6.5178E-07   0.99991
FLUX 1156  7740.00        3.873288E+13   6.4527E-07   6.4531E-07   0.99995
FLUX 1157  7780.00        3.853374E+13   6.3892E-07   6.3893E-07   0.99998
FLUX 1158  7820.00        3.833664E+13   6.3263E-07   6.3264E-07   0.99999
FLUX 1159  7860.00        3.814154E+13   6.2643E-07   6.2644E-07   0.99999
FLUX 1160  7900.00        3.794842E+13   6.2033E-07   6.2033E-07   0.99999
FLUX 1161  7940.00        3.775724E+13   6.1430E-07   6.1432E-07   0.99998
FLUX 1162  7980.00        3.756798E+13   6.0835E-07   6.0839E-07   0.99994
FLUX 1163  8020.00        3.738061E+13   6.0249E-07   6.0254E-07   0.99991
FLUX 1164  8060.00        3.719510E+13   5.9672E-07   5.9678E-07   0.99991
FLUX 1165  8100.00        3.701142E+13   5.9108E-07   5.9110E-07   0.99998
FLUX 1166  8140.00        3.682955E+13   5.8543E-07   5.8550E-07   0.99988
FLUX 1167  8180.00        3.664945E+13   5.7992E-07   5.7997E-07   0.99991
FLUX 1168  8220.00        3.647111E+13   5.7452E-07   5.7453E-07   0.99998
FLUX 1169  8260.00        3.629449E+13   5.6915E-07   5.6916E-07   0.99998
FLUX 1170  8300.00        3.611958E+13   5.6383E-07   5.6387E-07   0.99994
FLUX 1171  8340.00        3.594634E+13   5.5841E-07   5.5865E-07   0.99957
FLUX 1172  8380.00        3.577476E+13   5.5315E-07   5.5350E-07   0.99936
FLUX 1173  8420.00        3.560481E+13   5.4821E-07   5.4842E-07   0.99961
FLUX 1174  8460.00        3.543647E+13   5.4337E-07   5.4342E-07   0.99991
FLUX 1175  8500.00        3.526971E+13   5.3847E-07   5.3848E-07   0.99999
FLUX 1176  8540.00        3.510451E+13   5.3354E-07   5.3360E-07   0.99988
FLUX 1177  8580.00        3.494085E+13   5.2875E-07   5.2880E-07   0.99991
FLUX 1178  8620.00        3.477871E+13   5.2398E-07   5.2405E-07   0.99986
FLUX 1179  8660.00        3.461807E+13   5.1937E-07   5.1937E-07   0.99999
FLUX 1180  8700.00        3.445891E+13   5.1475E-07   5.1476E-07   0.99999
FLUX 1181  8740.00        3.430120E+13   5.1017E-07   5.1020E-07   0.99994
FLUX 1182  8780.00        3.414493E+13   5.0570E-07   5.0570E-07   0.99999
FLUX 1183  8820.00        3.399008E+13   5.0119E-07   5.0126E-07   0.99985
FLUX 1184  8860.00        3.383663E+13   4.9680E-07   4.9688E-07   0.99984
FLUX 1185  8900.00        3.368455E+13   4.9250E-07   4.9256E-07   0.99988
FLUX 1186  8940.00        3.353384E+13   4.8827E-07   4.8829E-07   0.99995
FLUX 1187  8980.00        3.338447E+13   4.8401E-07   4.8408E-07   0.99985
FLUX 1188  9020.00        3.323642E+13   4.7989E-07   4.7993E-07   0.99992
FLUX 1189  9060.00        3.308968E+13   4.7581E-07   4.7582E-07   0.99998
FLUX 1190  9100.00        3.294423E+13   4.7170E-07   4.7177E-07   0.99985
FLUX 1191  9140.00        3.280005E+13   4.6773E-07   4.6776E-07   0.99992
FLUX 1192  9180.00        3.265714E+13   4.6380E-07   4.6381E-07   0.99998
FLUX 1193  9220.00        3.251546E+13   4.5990E-07   4.5991E-07   0.99997
FLUX 1194  9260.00        3.237500E+13   4.5605E-07   4.5606E-07   0.99999
FLUX 1195  9300.00        3.223575E+13   4.5224E-07   4.5225E-07   0.99998
FLUX 1196  9340.00        3.209770E+13   4.4849E-07   4.4849E-07   0.99998
FLUX 1197  9380.00        3.196082E+13   4.4477E-07   4.4478E-07   0.99997
FLUX 1198  9420.00        3.182511E+13   4.4111E-07   4.4112E-07   0.99998
FLUX 1199  9460.00        3.169054E+13   4.3747E-07   4.3749E-07   0.99994
FLUX 1200  9500.00        3.155711E+13   4.3390E-07   4.3392E-07   0.99997
FLUX 1201  9540.00        3.142479E+13   4.3031E-07   4.3038E-07   0.99984
FLUX 1202  9580.00        3.129358E+13   4.2689E-07   4.2689E-07   0.99999
FLUX 1203  9620.00        3.116346E+13   4.2342E-07   4.2344E-07   0.99994
FLUX 1204  9660.00        3.103442E+13   4.2003E-07   4.2004E-07   0.99999
FLUX 1205  9700.00        3.090644E+13   4.1667E-07   4.1667E-07   0.99999
FLUX 1206  9740.00        3.077952E+13   4.1330E-07   4.1334E-07   0.99989
FLUX 1207  9780.00        3.065363E+13   4.1003E-07   4.1006E-07   0.99994
FLUX 1208  9820.00        3.052877E+13   4.0677E-07   4.0681E-07   0.99990
FLUX 1209  9860.00        3.040492E+13   4.0358E-07   4.0360E-07   0.99995
FLUX 1210  9900.00        3.028207E+13   4.0042E-07   4.0043E-07   0.99999
FLUX 1211  9940.00        3.016021E+13   3.9728E-07   3.9729E-07   0.99997
FLUX 1212  9980.00        3.003933E+13   3.9414E-07   3.9420E-07   0.99987
FLUX 1213 10020.00        2.991941E+13   3.9108E-07   3.9113E-07   0.99987
FLUX 1214 20000.00        1.498963E+13   1.0012E-07   1.0012E-07   0.99998
FLUX 1215 40000.00        7.494813E+12   2.4960E-08   2.4961E-08   1.00000
FLUX 1216 60000.00        4.996542E+12   1.1005E-08   1.1005E-08   1.00000
FLUX 1217 80000.00        3.747406E+12   6.1432E-09   6.1432E-09   1.00000
FLUX 1218100000.00        2.997925E+12   3.9051E-09   3.9051E-09   1.00000
FLUX 1219120000.00        2.498271E+12   2.6958E-09   2.6958E-09   1.00000
FLUX 1220140000.00        2.141375E+12   1.9703E-09   1.9703E-09   1.00000
FLUX 1221160000.00        1.873703E+12   1.5015E-09   1.5015E-09   1.00000
FLUX
