TEFF  47500.  GRAVITY 5.00000 LTE 
TITLE TEST MODEL WITH SDSC OPACITY  VTURB 2 KM/S                                
 OPACITY IFOP
FLUX    1     9.09        3.298047E+16   1.1205E-19   1.1220E-19   0.99868
FLUX    2     9.35        3.206337E+16   3.1993E-19   3.1994E-19   0.99997
FLUX    3     9.61        3.119589E+16   8.5271E-19   8.6460E-19   0.98624
FLUX    4     9.77        3.068501E+16   1.5543E-18   1.5547E-18   0.99972
FLUX    5     9.96        3.009965E+16   3.0486E-18   3.0489E-18   0.99991
FLUX    6    10.20        2.939142E+16   6.8974E-18   6.8975E-18   0.99998
FLUX    7    10.38        2.888174E+16   1.2434E-17   1.2434E-17   0.99998
FLUX    8    10.56        2.838944E+16   2.1986E-17   2.1987E-17   0.99998
FLUX    9    10.77        2.783589E+16   4.1766E-17   4.1769E-17   0.99992
FLUX   10    11.04        2.715512E+16   9.2058E-17   9.2068E-17   0.99990
FLUX   11    11.40        2.629759E+16   2.4956E-16   2.4958E-16   0.99989
FLUX   12    11.78        2.544928E+16   6.6936E-16   6.7142E-16   0.99694
FLUX   13    12.13        2.471496E+16   1.5829E-15   1.5831E-15   0.99991
FLUX   14    12.48        2.402183E+16   3.5557E-15   3.5595E-15   0.99893
FLUX   15    12.71        2.358714E+16   5.9181E-15   5.9187E-15   0.99990
FLUX   16    12.84        2.334833E+16   7.9175E-15   7.9195E-15   0.99975
FLUX   17    13.05        2.297261E+16   1.2276E-14   1.2314E-14   0.99687
FLUX   18    13.24        2.264294E+16   1.8013E-14   1.8104E-14   0.99499
FLUX   19    13.39        2.238928E+16   2.4302E-14   2.4359E-14   0.99766
FLUX   20    13.66        2.194674E+16   4.0561E-14   4.0973E-14   0.98994
FLUX   21    13.98        2.144438E+16   7.3724E-14   7.3836E-14   0.99849
FLUX   22    14.33        2.092062E+16   1.3549E-13   1.3637E-13   0.99358
FLUX   23    14.72        2.036634E+16   2.5127E-13   2.6094E-13   0.96295
FLUX   24    15.10        1.985381E+16   4.7380E-13   4.7546E-13   0.99650
FLUX   25    15.52        1.931653E+16   8.9023E-13   8.9145E-13   0.99863
FLUX   26    15.88        1.887862E+16   1.5046E-12   1.5113E-12   0.99560
FLUX   27    16.20        1.850571E+16   2.5936E-12   2.6398E-12   0.98250
FLUX   28    16.60        1.805979E+16   4.4306E-12   4.4388E-12   0.99814
FLUX   29    17.03        1.760379E+16   7.3841E-12   7.5501E-12   0.97802
FLUX   30    17.34        1.728907E+16   1.0566E-11   1.0897E-11   0.96964
FLUX   31    17.68        1.695659E+16   1.5866E-11   1.6274E-11   0.97489
FLUX   32    18.02        1.663665E+16   2.3330E-11   2.3667E-11   0.98578
FLUX   33    18.17        1.649931E+16   2.6350E-11   2.8384E-11   0.92836
FLUX   34    18.61        1.610922E+16   4.3483E-11   4.4695E-11   0.97289
FLUX   35    19.10        1.569594E+16   6.9498E-11   7.2493E-11   0.95869
FLUX   36    19.39        1.546119E+16   9.5275E-11   9.7037E-11   0.98185
FLUX   37    19.84        1.511051E+16   1.4389E-10   1.4725E-10   0.97722
FLUX   38    20.18        1.485592E+16   1.8591E-10   1.9744E-10   0.94157
FLUX   39    20.50        1.462402E+16   2.5329E-10   2.5786E-10   0.98230
FLUX   40    21.05        1.424192E+16   3.9577E-10   4.0074E-10   0.98760
FLUX   41    21.62        1.386644E+16   6.0784E-10   6.1817E-10   0.98329
FLUX   42    21.98        1.363933E+16   8.0354E-10   8.0481E-10   0.99842
FLUX   43    22.30        1.344361E+16   9.9081E-10   1.0105E-09   0.98054
FLUX   44    22.68        1.321836E+16   1.2818E-09   1.3485E-09   0.95058
FLUX   45    23.00        1.303446E+16   1.4009E-07   6.3724E-05   0.00220
FLUX   46    23.40        1.281165E+16   7.9948E-07   6.5024E-05   0.01230
FLUX   47    24.00        1.249135E+16   1.2765E-06   6.2432E-05   0.02045
FLUX   48    24.65        1.216197E+16   2.2991E-06   5.9212E-05   0.03883
FLUX   49    25.24        1.187767E+16   9.0028E-06   1.6554E-04   0.05438
FLUX   50    25.68        1.167416E+16   2.1471E-05   3.1749E-04   0.06763
FLUX   51    26.00        1.153048E+16   2.0863E-05   3.5422E-04   0.05890
FLUX   52    26.40        1.135578E+16   9.7885E-05   8.8342E-04   0.11080
FLUX   53    26.85        1.116546E+16   1.2542E-04   8.9123E-04   0.14073
FLUX   54    27.35        1.096133E+16   1.4631E-04   8.9875E-04   0.16280
FLUX   55    27.85        1.076454E+16   9.6915E-05   9.0431E-04   0.10717
FLUX   56    28.40        1.055607E+16   1.9169E-04   9.2831E-04   0.20649
FLUX   57    29.00        1.033767E+16   2.5009E-04   1.0652E-03   0.23477
FLUX   58    29.60        1.012813E+16   2.1563E-04   1.0696E-03   0.20159
FLUX   59    30.10        9.959884E+15   1.8049E-04   1.8278E-03   0.09875
FLUX   60    30.80        9.733523E+15   2.3505E-04   1.9449E-03   0.12086
FLUX   61    31.80        9.427437E+15   2.3978E-04   2.0177E-03   0.11884
FLUX   62    32.80        9.140015E+15   2.8402E-04   2.0849E-03   0.13623
FLUX   63    33.80        8.869601E+15   2.7185E-04   2.1466E-03   0.12664
FLUX   64    34.80        8.614727E+15   2.6569E-04   2.2035E-03   0.12058
FLUX   65    35.70        8.397549E+15   4.5958E-04   2.3352E-03   0.19681
FLUX   66    36.60        8.191052E+15   8.4194E-04   2.3955E-03   0.35146
FLUX   67    37.50        7.994467E+15   8.8097E-04   2.4415E-03   0.36083
FLUX   68    38.50        7.786818E+15   6.8022E-04   2.4910E-03   0.27307
FLUX   69    39.50        7.589684E+15   1.1462E-03   2.5441E-03   0.45052
FLUX   70    40.50        7.402284E+15   1.5252E-03   2.5844E-03   0.59016
FLUX   71    41.40        7.241365E+15   1.5700E-03   2.6223E-03   0.59874
FLUX   72    42.20        7.104088E+15   1.4522E-03   2.6515E-03   0.54770
FLUX   73    43.00        6.971919E+15   1.4309E-03   2.6786E-03   0.53419
FLUX   74    44.10        6.798016E+15   1.7821E-03   2.7136E-03   0.65676
FLUX   75    45.10        6.647284E+15   1.8882E-03   2.7432E-03   0.68832
FLUX   76    46.00        6.517228E+15   1.6982E-03   2.7686E-03   0.61338
FLUX   77    47.00        6.378564E+15   1.7934E-03   2.7961E-03   0.64138
FLUX   78    48.00        6.245677E+15   2.0870E-03   2.8220E-03   0.73955
FLUX   79    49.00        6.118214E+15   1.8321E-03   2.8469E-03   0.64353
FLUX   80    50.00        5.995850E+15   2.3604E-03   2.8701E-03   0.82242
FLUX   81    50.60        5.924753E+15   1.9547E-03   3.0758E-03   0.63551
FLUX   82    51.20        5.855322E+15   2.5200E-03   3.0900E-03   0.81552
FLUX   83    52.00        5.765240E+15   2.4346E-03   3.1081E-03   0.78329
FLUX   84    53.00        5.656462E+15   2.3266E-03   3.1297E-03   0.74339
FLUX   85    54.00        5.551713E+15   1.8818E-03   3.1504E-03   0.59732
FLUX   86    55.00        5.450773E+15   1.7614E-03   3.1709E-03   0.55547
FLUX   87    56.00        5.353438E+15   2.3516E-03   3.1904E-03   0.73709
FLUX   88    57.00        5.259518E+15   2.6769E-03   3.2090E-03   0.83417
FLUX   89    58.00        5.168836E+15   2.7178E-03   3.2267E-03   0.84230
FLUX   90    59.00        5.081229E+15   2.7786E-03   3.2435E-03   0.85668
FLUX   91    60.00        4.996542E+15   2.4934E-03   3.2595E-03   0.76496
FLUX   92    61.00        4.914631E+15   2.1898E-03   3.2747E-03   0.66871
FLUX   93    62.00        4.835363E+15   2.8080E-03   3.2892E-03   0.85371
FLUX   94    63.00        4.758611E+15   2.6002E-03   3.3030E-03   0.78724
FLUX   95    64.00        4.684258E+15   3.0106E-03   3.3169E-03   0.90765
FLUX   96    65.00        4.612192E+15   2.9000E-03   3.3302E-03   0.87081
FLUX   97    65.80        4.556117E+15   2.7156E-03   3.3404E-03   0.81296
FLUX   98    66.50        4.508158E+15   3.0629E-03   3.3489E-03   0.91461
FLUX   99    67.50        4.441370E+15   3.1542E-03   3.3604E-03   0.93862
FLUX  100    68.50        4.376533E+15   2.8951E-03   3.3714E-03   0.85874
FLUX  101    69.50        4.313561E+15   3.1762E-03   3.3816E-03   0.93924
FLUX  102    70.50        4.252376E+15   2.7978E-03   3.3913E-03   0.82501
FLUX  103    71.60        4.187046E+15   3.2187E-03   3.4012E-03   0.94634
FLUX  104    72.60        4.129373E+15   3.3194E-03   3.4095E-03   0.97359
FLUX  105    73.50        4.078810E+15   3.3253E-03   3.4167E-03   0.97326
FLUX  106    74.50        4.024060E+15   3.2432E-03   3.4243E-03   0.94709
FLUX  107    75.50        3.970762E+15   3.2131E-03   3.4314E-03   0.93640
FLUX  108    76.50        3.918856E+15   2.8626E-03   3.4378E-03   0.83268
FLUX  109    77.50        3.868290E+15   3.2240E-03   3.4436E-03   0.93623
FLUX  110    78.50        3.819013E+15   2.8170E-03   3.4489E-03   0.81679
FLUX  111    79.50        3.770975E+15   3.1122E-03   3.4536E-03   0.90115
FLUX  112    80.50        3.724130E+15   3.3129E-03   3.4577E-03   0.95811
FLUX  113    81.50        3.678436E+15   3.3395E-03   3.4613E-03   0.96481
FLUX  114    82.50        3.633848E+15   3.3576E-03   3.4644E-03   0.96915
FLUX  115    83.50        3.590329E+15   2.9764E-03   3.4672E-03   0.85845
FLUX  116    84.50        3.547840E+15   3.3560E-03   3.4694E-03   0.96733
FLUX  117    85.50        3.506345E+15   3.2714E-03   3.4710E-03   0.94250
FLUX  118    86.50        3.465809E+15   3.3919E-03   3.4722E-03   0.97689
FLUX  119    87.50        3.426200E+15   3.4108E-03   3.4728E-03   0.98215
FLUX  120    88.50        3.387486E+15   3.3741E-03   3.4730E-03   0.97153
FLUX  121    89.50        3.349637E+15   3.3759E-03   3.4728E-03   0.97212
FLUX  122    90.50        3.312624E+15   3.3424E-03   3.4721E-03   0.96267
FLUX  123    91.50        3.276421E+15   2.8527E-03   8.6312E-03   0.33052
FLUX  124    92.50        3.241000E+15   3.8847E-03   8.5577E-03   0.45394
FLUX  125    93.50        3.206337E+15   5.0521E-03   8.4843E-03   0.59546
FLUX  126    94.50        3.172407E+15   5.8835E-03   8.4110E-03   0.69950
FLUX  127    95.50        3.139188E+15   6.6378E-03   8.3379E-03   0.79610
FLUX  128    96.50        3.106658E+15   7.1370E-03   8.2651E-03   0.86351
FLUX  129    97.50        3.074795E+15   5.5097E-03   8.1927E-03   0.67252
FLUX  130    98.50        3.043579E+15   6.6179E-03   8.1205E-03   0.81496
FLUX  131    99.50        3.012990E+15   6.0255E-03   8.0487E-03   0.74863
FLUX  132   100.50        2.983010E+15   6.2102E-03   7.9772E-03   0.77849
FLUX  133   101.50        2.953621E+15   6.4284E-03   7.9062E-03   0.81309
FLUX  134   102.50        2.924805E+15   5.7286E-03   7.8355E-03   0.73111
FLUX  135   103.50        2.896546E+15   6.6514E-03   7.7655E-03   0.85654
FLUX  136   104.50        2.868828E+15   6.9184E-03   7.6959E-03   0.89897
FLUX  137   105.50        2.841635E+15   6.8439E-03   7.6267E-03   0.89736
FLUX  138   106.50        2.814953E+15   6.5401E-03   7.5580E-03   0.86531
FLUX  139   107.50        2.788767E+15   6.7603E-03   7.4898E-03   0.90260
FLUX  140   108.50        2.763065E+15   6.2920E-03   7.4222E-03   0.84773
FLUX  141   109.50        2.737831E+15   6.6578E-03   7.3550E-03   0.90520
FLUX  142   110.50        2.713054E+15   6.5553E-03   7.2885E-03   0.89941
FLUX  143   111.50        2.688722E+15   6.5207E-03   7.2225E-03   0.90283
FLUX  144   112.50        2.664822E+15   6.3600E-03   7.1571E-03   0.88862
FLUX  145   113.50        2.641344E+15   6.5061E-03   7.0924E-03   0.91733
FLUX  146   114.50        2.618275E+15   6.5480E-03   7.0282E-03   0.93167
FLUX  147   115.50        2.595606E+15   6.2958E-03   6.9646E-03   0.90397
FLUX  148   116.50        2.573326E+15   6.0294E-03   6.9016E-03   0.87362
FLUX  149   117.50        2.551426E+15   5.5927E-03   6.8393E-03   0.81774
FLUX  150   118.50        2.529895E+15   5.9734E-03   6.7775E-03   0.88136
FLUX  151   119.50        2.508724E+15   5.7514E-03   6.7163E-03   0.85633
FLUX  152   120.50        2.487905E+15   5.7542E-03   6.6557E-03   0.86455
FLUX  153   121.50        2.467428E+15   4.9113E-03   6.5958E-03   0.74462
FLUX  154   122.50        2.447286E+15   5.5649E-03   6.5364E-03   0.85138
FLUX  155   123.50        2.427470E+15   5.4020E-03   6.4776E-03   0.83395
FLUX  156   124.50        2.407972E+15   5.3164E-03   6.4194E-03   0.82818
FLUX  157   125.50        2.388785E+15   5.5669E-03   6.3618E-03   0.87505
FLUX  158   126.50        2.369901E+15   5.5960E-03   6.3048E-03   0.88757
FLUX  159   127.50        2.351314E+15   5.5870E-03   6.2484E-03   0.89414
FLUX  160   128.50        2.333016E+15   5.5964E-03   6.1927E-03   0.90371
FLUX  161   129.50        2.315000E+15   5.6150E-03   6.1375E-03   0.91487
FLUX  162   130.50        2.297261E+15   5.4758E-03   6.0829E-03   0.90019
FLUX  163   131.50        2.279791E+15   5.5004E-03   6.0290E-03   0.91233
FLUX  164   132.50        2.262585E+15   5.4489E-03   5.9756E-03   0.91186
FLUX  165   133.50        2.245637E+15   5.4334E-03   5.9228E-03   0.91737
FLUX  166   134.50        2.228941E+15   5.4025E-03   5.8706E-03   0.92026
FLUX  167   135.50        2.212491E+15   5.2475E-03   5.8190E-03   0.90180
FLUX  168   136.50        2.196282E+15   5.0939E-03   5.7679E-03   0.88314
FLUX  169   137.50        2.180309E+15   4.9340E-03   5.7175E-03   0.86297
FLUX  170   138.50        2.164567E+15   5.0109E-03   5.6676E-03   0.88413
FLUX  171   139.50        2.149050E+15   4.0973E-03   5.6183E-03   0.72928
FLUX  172   140.50        2.133754E+15   3.2700E-03   5.5695E-03   0.58713
FLUX  173   141.50        2.118675E+15   5.0406E-03   5.5212E-03   0.91294
FLUX  174   142.50        2.103807E+15   4.8455E-03   5.4736E-03   0.88525
FLUX  175   143.50        2.089146E+15   5.0310E-03   5.4264E-03   0.92713
FLUX  176   144.20        2.079005E+15   4.8470E-03   5.3937E-03   0.89863
FLUX  177   144.70        2.071821E+15   4.8539E-03   5.3705E-03   0.90380
FLUX  178   145.50        2.060430E+15   4.7857E-03   5.3337E-03   0.89727
FLUX  179   146.50        2.046365E+15   4.8051E-03   5.2881E-03   0.90867
FLUX  180   147.50        2.032492E+15   4.7906E-03   5.2430E-03   0.91370
FLUX  181   148.50        2.018805E+15   4.8598E-03   5.1985E-03   0.93485
FLUX  182   149.50        2.005301E+15   4.7882E-03   5.1544E-03   0.92896
FLUX  183   150.50        1.991977E+15   4.7749E-03   5.1108E-03   0.93427
FLUX  184   151.20        1.982755E+15   4.7796E-03   5.0806E-03   0.94075
FLUX  185   151.70        1.976220E+15   4.6860E-03   5.0592E-03   0.92624
FLUX  186   152.50        1.965852E+15   4.7213E-03   5.0252E-03   0.93953
FLUX  187   153.50        1.953046E+15   4.4638E-03   4.9831E-03   0.89579
FLUX  188   154.50        1.940405E+15   3.6818E-03   4.9415E-03   0.74508
FLUX  189   155.50        1.927926E+15   3.8574E-03   4.9004E-03   0.78716
FLUX  190   156.50        1.915607E+15   4.3152E-03   4.8597E-03   0.88797
FLUX  191   157.50        1.903444E+15   4.4053E-03   4.8194E-03   0.91408
FLUX  192   158.50        1.891435E+15   4.3387E-03   4.7796E-03   0.90776
FLUX  193   159.50        1.879577E+15   4.3733E-03   4.7403E-03   0.92259
FLUX  194   160.50        1.867866E+15   4.2379E-03   4.7014E-03   0.90142
FLUX  195   161.50        1.856300E+15   4.1713E-03   4.6629E-03   0.89457
FLUX  196   162.50        1.844877E+15   4.2018E-03   4.6249E-03   0.90852
FLUX  197   163.50        1.833593E+15   4.1984E-03   4.5873E-03   0.91521
FLUX  198   164.50        1.822447E+15   4.0455E-03   4.5502E-03   0.88910
FLUX  199   165.50        1.811435E+15   4.2177E-03   4.5134E-03   0.93447
FLUX  200   166.50        1.800556E+15   4.1932E-03   4.4771E-03   0.93658
FLUX  201   167.20        1.793017E+15   4.0431E-03   4.4519E-03   0.90817
FLUX  202   167.70        1.787671E+15   4.2601E-03   4.4341E-03   0.96077
FLUX  203   168.50        1.779184E+15   4.2282E-03   4.4057E-03   0.95972
FLUX  204   169.50        1.768687E+15   4.2195E-03   4.3706E-03   0.96543
FLUX  205   170.50        1.758314E+15   4.1363E-03   4.3359E-03   0.95397
FLUX  206   171.50        1.748061E+15   4.0278E-03   4.3016E-03   0.93636
FLUX  207   172.50        1.737928E+15   3.9966E-03   4.2676E-03   0.93650
FLUX  208   173.50        1.727911E+15   4.1000E-03   4.2340E-03   0.96834
FLUX  209   174.50        1.718009E+15   4.0710E-03   4.2008E-03   0.96910
FLUX  210   175.50        1.708219E+15   4.0227E-03   4.1680E-03   0.96514
FLUX  211   176.50        1.698541E+15   3.9934E-03   4.1355E-03   0.96563
FLUX  212   177.50        1.688972E+15   3.9572E-03   4.1034E-03   0.96438
FLUX  213   178.50        1.679510E+15   3.9757E-03   4.0716E-03   0.97645
FLUX  214   179.50        1.670153E+15   3.9075E-03   4.0402E-03   0.96715
FLUX  215   180.50        1.660900E+15   3.8808E-03   4.0091E-03   0.96800
FLUX  216   181.50        1.651749E+15   3.8537E-03   3.9784E-03   0.96865
FLUX  217   182.50        1.642699E+15   3.8240E-03   3.9480E-03   0.96859
FLUX  218   183.50        1.633747E+15   3.8097E-03   3.9179E-03   0.97239
FLUX  219   184.50        1.624892E+15   3.7907E-03   3.8882E-03   0.97494
FLUX  220   185.50        1.616132E+15   3.7674E-03   3.8588E-03   0.97632
FLUX  221   186.50        1.607466E+15   3.7552E-03   3.8297E-03   0.98055
FLUX  222   187.50        1.598893E+15   3.7029E-03   3.8009E-03   0.97423
FLUX  223   188.50        1.590411E+15   3.6678E-03   3.7724E-03   0.97226
FLUX  224   189.50        1.582018E+15   3.6928E-03   3.7442E-03   0.98626
FLUX  225   190.50        1.573714E+15   3.6667E-03   3.7164E-03   0.98662
FLUX  226   191.50        1.565496E+15   3.6410E-03   3.6888E-03   0.98705
FLUX  227   192.50        1.557364E+15   3.5333E-03   3.6615E-03   0.96498
FLUX  228   193.50        1.549315E+15   3.6010E-03   3.6345E-03   0.99077
FLUX  229   194.50        1.541350E+15   3.5817E-03   3.6078E-03   0.99276
FLUX  230   195.50        1.533465E+15   3.5213E-03   3.5814E-03   0.98321
FLUX  231   196.70        1.524110E+15   3.5189E-03   3.5501E-03   0.99120
FLUX  232   197.60        1.517169E+15   3.4859E-03   3.5269E-03   0.98840
FLUX  233   198.40        1.511051E+15   3.4879E-03   3.5064E-03   0.99473
FLUX  234   199.50        1.502719E+15   3.4548E-03   3.4785E-03   0.99318
FLUX  235   200.50        1.495224E+15   3.4417E-03   3.4535E-03   0.99660
FLUX  236   201.50        1.487804E+15   3.4173E-03   3.4287E-03   0.99666
FLUX  237   202.50        1.480457E+15   3.3953E-03   3.4042E-03   0.99739
FLUX  238   203.50        1.473182E+15   3.3596E-03   3.3799E-03   0.99398
FLUX  239   204.50        1.465978E+15   3.3194E-03   3.3559E-03   0.98911
FLUX  240   205.50        1.458844E+15   2.5195E-03   3.4525E-03   0.72977
FLUX  241   206.50        1.451780E+15   2.7275E-03   3.4278E-03   0.79569
FLUX  242   207.40        1.445480E+15   3.2558E-03   3.4058E-03   0.95596
FLUX  243   207.80        1.442697E+15   3.2947E-03   3.3960E-03   0.97015
FLUX  244   208.50        1.437854E+15   3.2883E-03   3.3791E-03   0.97312
FLUX  245   209.50        1.430990E+15   3.2766E-03   3.3551E-03   0.97660
FLUX  246   210.50        1.424192E+15   3.2288E-03   3.3314E-03   0.96919
FLUX  247   211.50        1.417459E+15   3.2587E-03   3.3079E-03   0.98512
FLUX  248   212.50        1.410788E+15   3.2187E-03   3.2847E-03   0.97993
FLUX  249   213.50        1.404180E+15   3.2158E-03   3.2617E-03   0.98595
FLUX  250   214.50        1.397634E+15   3.1824E-03   3.2389E-03   0.98256
FLUX  251   215.50        1.391148E+15   3.1884E-03   3.2163E-03   0.99132
FLUX  252   216.50        1.384723E+15   3.0716E-03   3.1940E-03   0.96166
FLUX  253   217.50        1.378356E+15   3.1475E-03   3.1719E-03   0.99231
FLUX  254   218.50        1.372048E+15   3.0740E-03   3.1501E-03   0.97586
FLUX  255   219.50        1.365797E+15   3.1171E-03   3.1284E-03   0.99638
FLUX  256   220.50        1.359603E+15   3.0903E-03   3.1070E-03   0.99464
FLUX  257   221.50        1.353465E+15   3.0041E-03   3.0858E-03   0.97354
FLUX  258   222.50        1.347382E+15   3.0495E-03   3.0648E-03   0.99502
FLUX  259   223.50        1.341353E+15   3.0319E-03   3.0440E-03   0.99604
FLUX  260   224.50        1.335379E+15   3.0097E-03   3.0234E-03   0.99548
FLUX  261   225.50        1.329457E+15   2.9324E-03   3.0030E-03   0.97650
FLUX  262   226.50        1.323587E+15   2.9675E-03   2.9828E-03   0.99487
FLUX  263   227.50        1.317769E+15   2.9582E-03   2.9628E-03   0.99843
FLUX  264   228.50        1.312002E+15   2.9150E-03   2.9430E-03   0.99046
FLUX  265   229.50        1.306285E+15   2.8824E-03   2.9234E-03   0.98597
FLUX  266   230.50        1.300618E+15   2.8241E-03   2.9040E-03   0.97247
FLUX  267   231.50        1.295000E+15   2.8537E-03   2.8848E-03   0.98921
FLUX  268   232.50        1.289430E+15   2.8568E-03   2.8658E-03   0.99686
FLUX  269   233.50        1.283908E+15   2.8398E-03   2.8469E-03   0.99749
FLUX  270   234.50        1.278433E+15   2.8105E-03   2.8282E-03   0.99373
FLUX  271   235.50        1.273004E+15   2.7828E-03   2.8098E-03   0.99042
FLUX  272   236.50        1.267622E+15   2.7625E-03   2.7914E-03   0.98964
FLUX  273   237.50        1.262284E+15   2.7326E-03   2.7733E-03   0.98531
FLUX  274   238.50        1.256992E+15   2.6199E-03   2.7553E-03   0.95083
FLUX  275   239.50        1.251743E+15   2.6871E-03   2.7375E-03   0.98157
FLUX  276   240.50        1.246538E+15   2.6645E-03   2.7199E-03   0.97964
FLUX  277   241.50        1.241377E+15   2.6587E-03   2.7024E-03   0.98383
FLUX  278   242.50        1.236258E+15   2.6656E-03   2.6851E-03   0.99275
FLUX  279   243.50        1.231181E+15   2.6381E-03   2.6680E-03   0.98880
FLUX  280   244.50        1.226145E+15   2.6277E-03   2.6510E-03   0.99122
FLUX  281   245.50        1.221151E+15   2.5919E-03   2.6342E-03   0.98396
FLUX  282   246.50        1.216197E+15   2.5923E-03   2.6175E-03   0.99040
FLUX  283   247.50        1.211283E+15   2.5898E-03   2.6010E-03   0.99572
FLUX  284   248.50        1.206408E+15   2.5571E-03   2.5846E-03   0.98938
FLUX  285   249.50        1.201573E+15   2.4020E-03   2.5684E-03   0.93522
FLUX  286   250.50        1.196776E+15   2.5236E-03   2.5523E-03   0.98877
FLUX  287   251.30        1.192967E+15   2.3412E-03   2.5396E-03   0.92189
FLUX  288   251.80        1.190598E+15   2.4652E-03   2.5316E-03   0.97375
FLUX  289   252.50        1.187297E+15   2.4726E-03   2.5206E-03   0.98095
FLUX  290   253.50        1.182613E+15   2.4883E-03   2.5050E-03   0.99334
FLUX  291   254.50        1.177967E+15   2.4786E-03   2.4895E-03   0.99561
FLUX  292   255.50        1.173356E+15   2.4603E-03   2.4742E-03   0.99440
FLUX  293   256.50        1.168782E+15   2.4488E-03   2.4590E-03   0.99584
FLUX  294   257.50        1.164243E+15   2.4308E-03   2.4439E-03   0.99462
FLUX  295   258.50        1.159739E+15   2.4173E-03   2.4290E-03   0.99517
FLUX  296   259.50        1.155270E+15   2.3663E-03   2.4143E-03   0.98015
FLUX  297   260.50        1.150835E+15   2.3894E-03   2.3998E-03   0.99567
FLUX  298   261.50        1.146434E+15   2.3551E-03   2.3853E-03   0.98734
FLUX  299   262.50        1.142067E+15   2.3622E-03   2.3709E-03   0.99633
FLUX  300   263.50        1.137732E+15   2.3509E-03   2.3566E-03   0.99755
FLUX  301   264.50        1.133431E+15   2.3290E-03   2.3425E-03   0.99422
FLUX  302   265.50        1.129162E+15   2.3214E-03   2.3285E-03   0.99696
FLUX  303   266.50        1.124925E+15   2.3058E-03   2.3146E-03   0.99621
FLUX  304   267.50        1.120720E+15   2.2717E-03   2.3008E-03   0.98733
FLUX  305   268.50        1.116546E+15   2.2731E-03   2.2872E-03   0.99383
FLUX  306   269.50        1.112403E+15   2.2543E-03   2.2737E-03   0.99148
FLUX  307   270.50        1.108290E+15   2.2575E-03   2.2603E-03   0.99877
FLUX  308   271.50        1.104208E+15   2.2400E-03   2.2470E-03   0.99688
FLUX  309   272.50        1.100156E+15   2.2261E-03   2.2338E-03   0.99653
FLUX  310   273.50        1.096133E+15   2.1378E-03   2.2207E-03   0.96267
FLUX  311   274.50        1.092140E+15   2.2048E-03   2.2078E-03   0.99863
FLUX  312   275.50        1.088176E+15   2.1877E-03   2.1950E-03   0.99670
FLUX  313   276.50        1.084241E+15   2.1774E-03   2.1822E-03   0.99780
FLUX  314   277.50        1.080333E+15   2.1624E-03   2.1696E-03   0.99667
FLUX  315   278.50        1.076454E+15   2.1394E-03   2.1571E-03   0.99178
FLUX  316   279.50        1.072603E+15   2.1253E-03   2.1447E-03   0.99094
FLUX  317   280.50        1.068779E+15   2.1234E-03   2.1324E-03   0.99576
FLUX  318   281.50        1.064982E+15   2.1119E-03   2.1202E-03   0.99606
FLUX  319   282.50        1.061212E+15   2.0952E-03   2.1081E-03   0.99385
FLUX  320   283.50        1.057469E+15   2.0900E-03   2.0961E-03   0.99707
FLUX  321   284.50        1.053752E+15   2.0809E-03   2.0843E-03   0.99838
FLUX  322   285.50        1.050061E+15   2.0681E-03   2.0725E-03   0.99788
FLUX  323   286.50        1.046396E+15   2.0464E-03   2.0608E-03   0.99300
FLUX  324   287.50        1.042757E+15   2.0337E-03   2.0492E-03   0.99243
FLUX  325   288.50        1.039142E+15   2.0303E-03   2.0377E-03   0.99639
FLUX  326   289.50        1.035553E+15   2.0177E-03   2.0263E-03   0.99579
FLUX  327   291.00        1.030215E+15   2.0025E-03   2.0093E-03   0.99657
FLUX  328   293.00        1.023183E+15   1.9840E-03   1.9871E-03   0.99843
FLUX  329   295.00        1.016246E+15   1.9615E-03   1.9652E-03   0.99812
FLUX  330   297.00        1.009402E+15   1.9345E-03   1.9437E-03   0.99526
FLUX  331   299.00        1.002651E+15   1.9079E-03   1.9225E-03   0.99240
FLUX  332   301.00        9.959884E+14   1.8890E-03   1.9016E-03   0.99334
FLUX  333   303.00        9.894142E+14   1.8599E-03   1.8811E-03   0.98871
FLUX  334   305.00        9.829262E+14   1.8476E-03   1.8610E-03   0.99281
FLUX  335   307.00        9.765228E+14   1.8209E-03   1.8411E-03   0.98901
FLUX  336   309.00        9.702023E+14   1.8136E-03   1.8216E-03   0.99562
FLUX  337   311.00        9.639630E+14   1.7945E-03   1.8023E-03   0.99568
FLUX  338   313.00        9.578035E+14   1.7737E-03   1.7834E-03   0.99454
FLUX  339   315.00        9.517222E+14   1.7599E-03   1.7648E-03   0.99723
FLUX  340   317.00        9.457177E+14   1.7401E-03   1.7464E-03   0.99637
FLUX  341   319.00        9.397884E+14   1.7251E-03   1.7284E-03   0.99810
FLUX  342   321.00        9.339330E+14   1.6744E-03   1.7106E-03   0.97886
FLUX  343   323.00        9.281502E+14   1.6911E-03   1.6931E-03   0.99884
FLUX  344   325.00        9.224385E+14   1.6746E-03   1.6758E-03   0.99927
FLUX  345   327.00        9.167966E+14   1.6429E-03   1.6589E-03   0.99037
FLUX  346   329.00        9.112234E+14   1.6369E-03   1.6421E-03   0.99684
FLUX  347   331.00        9.057175E+14   1.6201E-03   1.6257E-03   0.99656
FLUX  348   333.00        9.002778E+14   1.6032E-03   1.6094E-03   0.99615
FLUX  349   335.00        8.949030E+14   1.5781E-03   1.5934E-03   0.99038
FLUX  350   337.00        8.895920E+14   1.5695E-03   1.5777E-03   0.99485
FLUX  351   339.00        8.843437E+14   1.5524E-03   1.5621E-03   0.99376
FLUX  352   341.00        8.791569E+14   1.5360E-03   1.5468E-03   0.99299
FLUX  353   343.00        8.740306E+14   1.5284E-03   1.5320E-03   0.99767
FLUX  354   345.00        8.689638E+14   1.5052E-03   1.5171E-03   0.99217
FLUX  355   347.00        8.639553E+14   1.4968E-03   1.5024E-03   0.99624
FLUX  356   349.00        8.590043E+14   1.4835E-03   1.4880E-03   0.99698
FLUX  357   351.00        8.541097E+14   1.4727E-03   1.4737E-03   0.99928
FLUX  358   353.00        8.492705E+14   1.4556E-03   1.4597E-03   0.99721
FLUX  359   355.00        8.444859E+14   1.4428E-03   1.4459E-03   0.99785
FLUX  360   357.00        8.397549E+14   1.4294E-03   1.4322E-03   0.99800
FLUX  361   359.00        8.350766E+14   1.4164E-03   1.4188E-03   0.99832
FLUX  362   361.00        8.304501E+14   1.4019E-03   1.4055E-03   0.99741
FLUX  363   363.00        8.258747E+14   1.3875E-03   1.3924E-03   0.99650
FLUX  364   364.00        8.236058E+14   1.3530E-03   1.3859E-03   0.97621
FLUX  365   365.00        8.213493E+14   1.3826E-03   1.4547E-03   0.95043
FLUX  366   367.00        8.168733E+14   1.3671E-03   1.4410E-03   0.94869
FLUX  367   369.00        8.124458E+14   1.3512E-03   1.4276E-03   0.94652
FLUX  368   371.00        8.080660E+14   1.3211E-03   1.4143E-03   0.93413
FLUX  369   373.00        8.037332E+14   1.3049E-03   1.4011E-03   0.93133
FLUX  370   375.00        7.994467E+14   1.2904E-03   1.3881E-03   0.92961
FLUX  371   377.00        7.952056E+14   1.2751E-03   1.3753E-03   0.92717
FLUX  372   379.00        7.910092E+14   1.2791E-03   1.3627E-03   0.93870
FLUX  373   381.00        7.868570E+14   1.2944E-03   1.3502E-03   0.95866
FLUX  374   383.00        7.827480E+14   1.2408E-03   1.3379E-03   0.92742
FLUX  375   385.00        7.786818E+14   1.2903E-03   1.3258E-03   0.97317
FLUX  376   387.00        7.746576E+14   1.2963E-03   1.3139E-03   0.98665
FLUX  377   389.00        7.706748E+14   1.1903E-03   1.3021E-03   0.91416
FLUX  378   391.00        7.667327E+14   1.2798E-03   1.2904E-03   0.99174
FLUX  379   393.00        7.628308E+14   1.2647E-03   1.2789E-03   0.98890
FLUX  380   395.00        7.589684E+14   1.2539E-03   1.2676E-03   0.98917
FLUX  381   397.00        7.551448E+14   1.1416E-03   1.2564E-03   0.90863
FLUX  382   399.00        7.513596E+14   1.2332E-03   1.2454E-03   0.99026
FLUX  383   401.00        7.476122E+14   1.2295E-03   1.2345E-03   0.99592
FLUX  384   403.00        7.439020E+14   1.2096E-03   1.2237E-03   0.98844
FLUX  385   405.00        7.402284E+14   1.2096E-03   1.2131E-03   0.99708
FLUX  386   407.00        7.365909E+14   1.1966E-03   1.2026E-03   0.99496
FLUX  387   409.00        7.329890E+14   1.1538E-03   1.1923E-03   0.96769
FLUX  388   411.00        7.294221E+14   1.0923E-03   1.1821E-03   0.92408
FLUX  389   413.00        7.258898E+14   1.1645E-03   1.1720E-03   0.99359
FLUX  390   415.00        7.223916E+14   1.1579E-03   1.1621E-03   0.99646
FLUX  391   417.00        7.189269E+14   1.1496E-03   1.1522E-03   0.99770
FLUX  392   419.00        7.154952E+14   1.1401E-03   1.1425E-03   0.99783
FLUX  393   421.00        7.120962E+14   1.1207E-03   1.1329E-03   0.98917
FLUX  394   423.00        7.087293E+14   1.1227E-03   1.1235E-03   0.99933
FLUX  395   425.00        7.053941E+14   1.1130E-03   1.1141E-03   0.99895
FLUX  396   427.00        7.020902E+14   1.1040E-03   1.1049E-03   0.99913
FLUX  397   429.00        6.988170E+14   1.0947E-03   1.0958E-03   0.99896
FLUX  398   431.00        6.955742E+14   1.0827E-03   1.0868E-03   0.99623
FLUX  399   433.00        6.923614E+14   1.0390E-03   1.0779E-03   0.96392
FLUX  400   435.00        6.891782E+14   9.9799E-04   1.0691E-03   0.93346
FLUX  401   437.00        6.860240E+14   1.0546E-03   1.0605E-03   0.99448
FLUX  402   439.00        6.828986E+14   1.0443E-03   1.0519E-03   0.99280
FLUX  403   441.00        6.798016E+14   1.0371E-03   1.0434E-03   0.99392
FLUX  404   443.00        6.767325E+14   1.0319E-03   1.0350E-03   0.99700
FLUX  405   445.00        6.736910E+14   1.0221E-03   1.0268E-03   0.99548
FLUX  406   447.00        6.706767E+14   1.0113E-03   1.0186E-03   0.99285
FLUX  407   449.00        6.676893E+14   1.0080E-03   1.0105E-03   0.99750
FLUX  408   451.00        6.647284E+14   9.9682E-04   1.0025E-03   0.99430
FLUX  409   453.00        6.617936E+14   9.8956E-04   9.9464E-04   0.99489
FLUX  410   455.00        6.588846E+14   9.6909E-04   9.8684E-04   0.98201
FLUX  411   457.00        6.560011E+14   9.7545E-04   9.7914E-04   0.99623
FLUX  412   459.00        6.531427E+14   9.6776E-04   9.7152E-04   0.99613
FLUX  413   461.00        6.503091E+14   9.6127E-04   9.6399E-04   0.99718
FLUX  414   463.00        6.475000E+14   9.4956E-04   9.5655E-04   0.99269
FLUX  415   465.00        6.447151E+14   9.3152E-04   9.4919E-04   0.98138
FLUX  416   467.00        6.419540E+14   9.3666E-04   9.4192E-04   0.99442
FLUX  417   469.00        6.392164E+14   8.9661E-04   9.3473E-04   0.95922
FLUX  418   471.00        6.365021E+14   9.2588E-04   9.2762E-04   0.99812
FLUX  419   473.00        6.338108E+14   9.2034E-04   9.2059E-04   0.99972
FLUX  420   475.00        6.311421E+14   9.1354E-04   9.1365E-04   0.99988
FLUX  421   477.00        6.284958E+14   9.0642E-04   9.0678E-04   0.99960
FLUX  422   479.00        6.258716E+14   8.9855E-04   8.9998E-04   0.99841
FLUX  423   481.00        6.232692E+14   8.9264E-04   8.9327E-04   0.99930
FLUX  424   483.00        6.206884E+14   8.8474E-04   8.8662E-04   0.99787
FLUX  425   485.00        6.181289E+14   8.5760E-04   8.8005E-04   0.97449
FLUX  426   487.00        6.155903E+14   8.1135E-04   8.7356E-04   0.92879
FLUX  427   489.00        6.130726E+14   8.6386E-04   8.6713E-04   0.99622
FLUX  428   491.00        6.105754E+14   8.5962E-04   8.6078E-04   0.99866
FLUX  429   493.00        6.080984E+14   8.5229E-04   8.5449E-04   0.99743
FLUX  430   495.00        6.056414E+14   8.4786E-04   8.4828E-04   0.99951
FLUX  431   497.00        6.032042E+14   8.4171E-04   8.4213E-04   0.99951
FLUX  432   499.00        6.007866E+14   8.3594E-04   8.3604E-04   0.99988
FLUX  433   501.00        5.983882E+14   8.2790E-04   8.3003E-04   0.99743
FLUX  434   503.00        5.960089E+14   8.2343E-04   8.2407E-04   0.99922
FLUX  435   505.00        5.936485E+14   8.1734E-04   8.1819E-04   0.99896
FLUX  436   507.00        5.913067E+14   8.1179E-04   8.1236E-04   0.99930
FLUX  437   509.00        5.889833E+14   8.0645E-04   8.0660E-04   0.99982
FLUX  438   511.00        5.866781E+14   8.0070E-04   8.0090E-04   0.99976
FLUX  439   513.00        5.843908E+14   7.9490E-04   7.9525E-04   0.99956
FLUX  440   515.00        5.821214E+14   7.8930E-04   7.8967E-04   0.99953
FLUX  441   517.00        5.798694E+14   7.8406E-04   7.8415E-04   0.99990
FLUX  442   519.00        5.776349E+14   7.7856E-04   7.7868E-04   0.99985
FLUX  443   521.00        5.754175E+14   7.7283E-04   7.7327E-04   0.99943
FLUX  444   523.00        5.732170E+14   7.6784E-04   7.6791E-04   0.99991
FLUX  445   525.00        5.710333E+14   7.6180E-04   7.6261E-04   0.99893
FLUX  446   527.00        5.688662E+14   7.5603E-04   7.5737E-04   0.99824
FLUX  447   529.00        5.667155E+14   7.5210E-04   7.5217E-04   0.99990
FLUX  448   531.00        5.645810E+14   7.4694E-04   7.4703E-04   0.99988
FLUX  449   533.00        5.624625E+14   7.4169E-04   7.4195E-04   0.99965
FLUX  450   535.00        5.603598E+14   7.3689E-04   7.3691E-04   0.99997
FLUX  451   537.00        5.582728E+14   7.3182E-04   7.3192E-04   0.99987
FLUX  452   539.00        5.562013E+14   7.2687E-04   7.2699E-04   0.99984
FLUX  453   541.00        5.541451E+14   7.0770E-04   7.2210E-04   0.98006
FLUX  454   543.00        5.521041E+14   7.1719E-04   7.1726E-04   0.99990
FLUX  455   545.00        5.500780E+14   7.1246E-04   7.1247E-04   0.99998
FLUX  456   547.00        5.480667E+14   7.0755E-04   7.0773E-04   0.99974
FLUX  457   549.00        5.460701E+14   7.0299E-04   7.0304E-04   0.99993
FLUX  458   551.00        5.440880E+14   6.9765E-04   6.9839E-04   0.99894
FLUX  459   553.00        5.421203E+14   6.9375E-04   6.9379E-04   0.99994
FLUX  460   555.00        5.401667E+14   6.8922E-04   6.8923E-04   0.99999
FLUX  461   557.00        5.382271E+14   6.8428E-04   6.8472E-04   0.99936
FLUX  462   559.00        5.363014E+14   6.7815E-04   6.8025E-04   0.99691
FLUX  463   561.00        5.343895E+14   6.7582E-04   6.7583E-04   0.99998
FLUX  464   563.00        5.324911E+14   6.7142E-04   6.7144E-04   0.99997
FLUX  465   565.00        5.306062E+14   6.6706E-04   6.6710E-04   0.99993
FLUX  466   567.00        5.287346E+14   6.6275E-04   6.6281E-04   0.99991
FLUX  467   569.00        5.268761E+14   6.4770E-04   6.5855E-04   0.98353
FLUX  468   571.00        5.250306E+14   6.5110E-04   6.5653E-04   0.99173
FLUX  469   573.00        5.231981E+14   6.5037E-04   6.5233E-04   0.99699
FLUX  470   575.00        5.213783E+14   6.4593E-04   6.4818E-04   0.99653
FLUX  471   577.00        5.195711E+14   6.4230E-04   6.4406E-04   0.99727
FLUX  472   579.00        5.177763E+14   6.3839E-04   6.3998E-04   0.99751
FLUX  473   581.00        5.159940E+14   6.2853E-04   6.3594E-04   0.98835
FLUX  474   583.00        5.142238E+14   6.2928E-04   6.3194E-04   0.99578
FLUX  475   585.00        5.124658E+14   6.2646E-04   6.2798E-04   0.99758
FLUX  476   587.00        5.107198E+14   6.1829E-04   6.2405E-04   0.99077
FLUX  477   589.00        5.089856E+14   6.1815E-04   6.2016E-04   0.99676
FLUX  478   591.00        5.072631E+14   6.1508E-04   6.1631E-04   0.99801
FLUX  479   593.00        5.055523E+14   6.1115E-04   6.1249E-04   0.99782
FLUX  480   595.00        5.038529E+14   6.0733E-04   6.0871E-04   0.99773
FLUX  481   597.00        5.021650E+14   6.0352E-04   6.0496E-04   0.99763
FLUX  482   599.00        5.004883E+14   6.0123E-04   6.0125E-04   0.99997
FLUX  483   601.00        4.988228E+14   5.9601E-04   5.9757E-04   0.99739
FLUX  484   603.00        4.971683E+14   5.9213E-04   5.9392E-04   0.99698
FLUX  485   605.00        4.955248E+14   5.9006E-04   5.9031E-04   0.99957
FLUX  486   607.00        4.938921E+14   5.8483E-04   5.8673E-04   0.99676
FLUX  487   609.00        4.922701E+14   5.8313E-04   5.8318E-04   0.99990
FLUX  488   611.00        4.906588E+14   5.7846E-04   5.7967E-04   0.99791
FLUX  489   613.00        4.890579E+14   5.7516E-04   5.7619E-04   0.99823
FLUX  490   615.00        4.874675E+14   5.7261E-04   5.7273E-04   0.99978
FLUX  491   617.00        4.858874E+14   5.6707E-04   5.6931E-04   0.99606
FLUX  492   619.00        4.843174E+14   5.6592E-04   5.6592E-04   0.99998
FLUX  493   621.00        4.827576E+14   5.6255E-04   5.6256E-04   0.99998
FLUX  494   623.00        4.812079E+14   5.5682E-04   5.5923E-04   0.99569
FLUX  495   625.00        4.796680E+14   5.5590E-04   5.5593E-04   0.99993
FLUX  496   627.00        4.781380E+14   5.5260E-04   5.5266E-04   0.99989
FLUX  497   629.00        4.766176E+14   5.4941E-04   5.4942E-04   0.99999
FLUX  498   631.00        4.751070E+14   5.4356E-04   5.4620E-04   0.99516
FLUX  499   633.00        4.736058E+14   5.4301E-04   5.4302E-04   0.99999
FLUX  500   635.00        4.721142E+14   5.3979E-04   5.3986E-04   0.99988
FLUX  501   637.00        4.706319E+14   5.3670E-04   5.3673E-04   0.99995
FLUX  502   639.00        4.691588E+14   5.3338E-04   5.3362E-04   0.99955
FLUX  503   641.00        4.676950E+14   5.2773E-04   5.3054E-04   0.99469
FLUX  504   643.00        4.662403E+14   5.2749E-04   5.2749E-04   0.99999
FLUX  505   645.00        4.647946E+14   5.2419E-04   5.2447E-04   0.99948
FLUX  506   647.00        4.633578E+14   5.2111E-04   5.2147E-04   0.99932
FLUX  507   649.00        4.619299E+14   5.1833E-04   5.1849E-04   0.99968
FLUX  508   651.00        4.605108E+14   5.1517E-04   5.1554E-04   0.99927
FLUX  509   653.00        4.591003E+14   5.0897E-04   5.1262E-04   0.99288
FLUX  510   655.00        4.576985E+14   5.0225E-04   5.0972E-04   0.98535
FLUX  511   657.00        4.563052E+14   4.6925E-04   5.0685E-04   0.92583
FLUX  512   659.00        4.549203E+14   5.0252E-04   5.0400E-04   0.99706
FLUX  513   661.00        4.535439E+14   5.0113E-04   5.0117E-04   0.99992
FLUX  514   663.00        4.521757E+14   4.9836E-04   4.9836E-04   0.99999
FLUX  515   665.00        4.508158E+14   4.9558E-04   4.9559E-04   0.99998
FLUX  516   667.00        4.494640E+14   4.9121E-04   4.9284E-04   0.99671
FLUX  517   669.00        4.481203E+14   4.8536E-04   4.9010E-04   0.99033
FLUX  518   671.00        4.467846E+14   4.8680E-04   4.8739E-04   0.99879
FLUX  519   673.00        4.454569E+14   4.8447E-04   4.8470E-04   0.99953
FLUX  520   675.00        4.441370E+14   4.8175E-04   4.8203E-04   0.99941
FLUX  521   677.00        4.428250E+14   4.7929E-04   4.7939E-04   0.99980
FLUX  522   679.00        4.415206E+14   4.7676E-04   4.7676E-04   0.99999
FLUX  523   681.00        4.402239E+14   4.7415E-04   4.7416E-04   0.99998
FLUX  524   683.00        4.389348E+14   4.7157E-04   4.7158E-04   0.99999
FLUX  525   685.00        4.376533E+14   4.6899E-04   4.6902E-04   0.99993
FLUX  526   687.00        4.363792E+14   4.6643E-04   4.6648E-04   0.99988
FLUX  527   689.00        4.351125E+14   4.6028E-04   4.6396E-04   0.99206
FLUX  528   691.00        4.338531E+14   4.6145E-04   4.6146E-04   0.99997
FLUX  529   693.00        4.326010E+14   4.5898E-04   4.5898E-04   0.99999
FLUX  530   695.00        4.313561E+14   4.5651E-04   4.5652E-04   0.99998
FLUX  531   697.00        4.301184E+14   4.5407E-04   4.5408E-04   0.99998
FLUX  532   699.00        4.288877E+14   4.5165E-04   4.5166E-04   0.99997
FLUX  533   701.00        4.276641E+14   4.4926E-04   4.4926E-04   0.99999
FLUX  534   703.00        4.264474E+14   4.4639E-04   4.4688E-04   0.99890
FLUX  535   705.00        4.252376E+14   4.4422E-04   4.4452E-04   0.99932
FLUX  536   707.00        4.240347E+14   4.4087E-04   4.4218E-04   0.99704
FLUX  537   709.00        4.228385E+14   4.3984E-04   4.3985E-04   0.99999
FLUX  538   711.00        4.216491E+14   4.3725E-04   4.3754E-04   0.99934
FLUX  539   713.00        4.204663E+14   4.3496E-04   4.3525E-04   0.99932
FLUX  540   715.00        4.192902E+14   4.3298E-04   4.3298E-04   0.99999
FLUX  541   717.00        4.181206E+14   4.2765E-04   4.3073E-04   0.99285
FLUX  542   719.00        4.169576E+14   4.2759E-04   4.2849E-04   0.99790
FLUX  543   721.00        4.158010E+14   4.2627E-04   4.2627E-04   0.99998
FLUX  544   723.00        4.146508E+14   4.2407E-04   4.2407E-04   0.99998
FLUX  545   725.00        4.135069E+14   4.2188E-04   4.2189E-04   0.99999
FLUX  546   727.00        4.123693E+14   4.1971E-04   4.1972E-04   0.99999
FLUX  547   729.00        4.112380E+14   4.1725E-04   4.1757E-04   0.99924
FLUX  548   731.00        4.101129E+14   4.1514E-04   4.1543E-04   0.99929
FLUX  549   733.00        4.089939E+14   4.1331E-04   4.1332E-04   0.99999
FLUX  550   735.00        4.078810E+14   4.1121E-04   4.1121E-04   0.99999
FLUX  551   737.00        4.067741E+14   4.0898E-04   4.0913E-04   0.99964
FLUX  552   739.00        4.056732E+14   4.0684E-04   4.0706E-04   0.99947
FLUX  553   741.00        4.045783E+14   4.0484E-04   4.0500E-04   0.99960
FLUX  554   743.00        4.034892E+14   4.0296E-04   4.0296E-04   0.99999
FLUX  555   745.00        4.024060E+14   4.0057E-04   4.0094E-04   0.99907
FLUX  556   747.00        4.013286E+14   3.9890E-04   3.9893E-04   0.99991
FLUX  557   749.00        4.002570E+14   3.9645E-04   3.9694E-04   0.99878
FLUX  558   751.00        3.991911E+14   3.9479E-04   3.9496E-04   0.99958
FLUX  559   753.00        3.981308E+14   3.9298E-04   3.9299E-04   0.99997
FLUX  560   755.00        3.970762E+14   3.9100E-04   3.9105E-04   0.99989
FLUX  561   757.00        3.960271E+14   3.8906E-04   3.8911E-04   0.99987
FLUX  562   759.00        3.949835E+14   3.8280E-04   3.8719E-04   0.98867
FLUX  563   761.00        3.939455E+14   3.8509E-04   3.8528E-04   0.99950
FLUX  564   763.00        3.929128E+14   3.8334E-04   3.8339E-04   0.99986
FLUX  565   765.00        3.918856E+14   3.8144E-04   3.8151E-04   0.99982
FLUX  566   767.00        3.908638E+14   3.7955E-04   3.7965E-04   0.99976
FLUX  567   769.00        3.898472E+14   3.7736E-04   3.7779E-04   0.99885
FLUX  568   771.00        3.888359E+14   3.7566E-04   3.7596E-04   0.99922
FLUX  569   773.00        3.878299E+14   3.7368E-04   3.7413E-04   0.99881
FLUX  570   775.00        3.868290E+14   3.7213E-04   3.7232E-04   0.99948
FLUX  571   777.00        3.858333E+14   3.7051E-04   3.7052E-04   0.99998
FLUX  572   779.00        3.848427E+14   3.6870E-04   3.6874E-04   0.99990
FLUX  573   781.00        3.838572E+14   3.6695E-04   3.6696E-04   0.99997
FLUX  574   783.00        3.828768E+14   3.6514E-04   3.6520E-04   0.99982
FLUX  575   785.00        3.819013E+14   3.6292E-04   3.6347E-04   0.99850
FLUX  576   787.00        3.809307E+14   3.6149E-04   3.6173E-04   0.99934
FLUX  577   789.00        3.799651E+14   3.5991E-04   3.6001E-04   0.99974
FLUX  578   791.00        3.790044E+14   3.5827E-04   3.5830E-04   0.99993
FLUX  579   793.00        3.780485E+14   3.5660E-04   3.5660E-04   0.99999
FLUX  580   795.00        3.770975E+14   3.5485E-04   3.5491E-04   0.99982
FLUX  581   797.00        3.761512E+14   3.5291E-04   3.5324E-04   0.99906
FLUX  582   799.00        3.752096E+14   3.5157E-04   3.5158E-04   0.99998
FLUX  583   801.00        3.742728E+14   3.4990E-04   3.4992E-04   0.99993
FLUX  584   803.00        3.733406E+14   3.4808E-04   3.4828E-04   0.99941
FLUX  585   805.00        3.724130E+14   3.4665E-04   3.4666E-04   0.99997
FLUX  586   807.00        3.714901E+14   3.4504E-04   3.4504E-04   0.99999
FLUX  587   809.00        3.705717E+14   3.4342E-04   3.4343E-04   0.99997
FLUX  588   811.00        3.696578E+14   3.4183E-04   3.4184E-04   0.99997
FLUX  589   813.00        3.687485E+14   3.4025E-04   3.4026E-04   1.00000
FLUX  590   815.00        3.678436E+14   3.3865E-04   3.3868E-04   0.99992
FLUX  591   817.00        3.669431E+14   3.3680E-04   3.3712E-04   0.99906
FLUX  592   819.00        3.660470E+14   3.3386E-04   3.3557E-04   0.99491
FLUX  593   821.00        3.651553E+14   3.1727E-04   3.3725E-04   0.94077
FLUX  594   823.00        3.642679E+14   3.1393E-04   3.3570E-04   0.93516
FLUX  595   825.00        3.633848E+14   3.1428E-04   3.3416E-04   0.94052
FLUX  596   827.00        3.625060E+14   3.1307E-04   3.3263E-04   0.94119
FLUX  597   829.00        3.616315E+14   3.1181E-04   3.3111E-04   0.94169
FLUX  598   831.00        3.607611E+14   3.1058E-04   3.2961E-04   0.94229
FLUX  599   833.00        3.598950E+14   3.0958E-04   3.2811E-04   0.94354
FLUX  600   835.00        3.590329E+14   3.0852E-04   3.2662E-04   0.94459
FLUX  601   837.00        3.581750E+14   3.1002E-04   3.2514E-04   0.95350
FLUX  602   839.00        3.573212E+14   3.0886E-04   3.2367E-04   0.95423
FLUX  603   841.00        3.564715E+14   3.1044E-04   3.2222E-04   0.96346
FLUX  604   843.00        3.556257E+14   3.1307E-04   3.2077E-04   0.97599
FLUX  605   845.00        3.547840E+14   3.1155E-04   3.1933E-04   0.97563
FLUX  606   847.00        3.539463E+14   3.1093E-04   3.1790E-04   0.97806
FLUX  607   849.00        3.531125E+14   3.1291E-04   3.1648E-04   0.98871
FLUX  608   851.00        3.522826E+14   3.1121E-04   3.1507E-04   0.98775
FLUX  609   853.00        3.514566E+14   3.0996E-04   3.1367E-04   0.98816
FLUX  610   855.00        3.506345E+14   3.0819E-04   3.1228E-04   0.98688
FLUX  611   857.00        3.498162E+14   3.0739E-04   3.1090E-04   0.98873
FLUX  612   859.00        3.490017E+14   3.0510E-04   3.0953E-04   0.98571
FLUX  613   861.00        3.481911E+14   3.0432E-04   3.0816E-04   0.98752
FLUX  614   863.00        3.473841E+14   3.0393E-04   3.0681E-04   0.99062
FLUX  615   865.00        3.465809E+14   3.0182E-04   3.0546E-04   0.98809
FLUX  616   867.00        3.457814E+14   2.9785E-04   3.0413E-04   0.97935
FLUX  617   869.00        3.449856E+14   3.0018E-04   3.0280E-04   0.99134
FLUX  618   871.00        3.441935E+14   2.9923E-04   3.0148E-04   0.99253
FLUX  619   873.00        3.434049E+14   2.9706E-04   3.0017E-04   0.98965
FLUX  620   875.00        3.426200E+14   2.9103E-04   2.9886E-04   0.97381
FLUX  621   877.00        3.418387E+14   2.9362E-04   2.9757E-04   0.98675
FLUX  622   879.00        3.410609E+14   2.9484E-04   2.9628E-04   0.99515
FLUX  623   881.00        3.402866E+14   2.9334E-04   2.9500E-04   0.99435
FLUX  624   883.00        3.395159E+14   2.9206E-04   2.9373E-04   0.99430
FLUX  625   885.00        3.387486E+14   2.8713E-04   2.9247E-04   0.98172
FLUX  626   887.00        3.379848E+14   2.8139E-04   2.9122E-04   0.96626
FLUX  627   889.00        3.372244E+14   2.8728E-04   2.8997E-04   0.99073
FLUX  628   891.00        3.364675E+14   2.8775E-04   2.8874E-04   0.99660
FLUX  629   893.00        3.357139E+14   2.8614E-04   2.8751E-04   0.99524
FLUX  630   895.00        3.349637E+14   2.8601E-04   2.8628E-04   0.99904
FLUX  631   897.00        3.342168E+14   2.8419E-04   2.8507E-04   0.99692
FLUX  632   899.00        3.334733E+14   2.8117E-04   2.8386E-04   0.99050
FLUX  633   901.00        3.327331E+14   2.7124E-04   2.8266E-04   0.95957
FLUX  634   903.00        3.319961E+14   2.7417E-04   2.8147E-04   0.97405
FLUX  635   905.00        3.312624E+14   2.7858E-04   2.8029E-04   0.99391
FLUX  636   907.00        3.305320E+14   2.7852E-04   2.7911E-04   0.99786
FLUX  637   909.00        3.298047E+14   2.7782E-04   2.7794E-04   0.99957
FLUX  638   911.00        3.290807E+14   2.7572E-04   2.7678E-04   0.99616
FLUX  639   913.00        3.283598E+14   2.7560E-04   2.7563E-04   0.99991
FLUX  640   915.00        3.276421E+14   2.7448E-04   2.7448E-04   0.99998
FLUX  641   917.00        3.269275E+14   2.7308E-04   2.7334E-04   0.99905
FLUX  642   919.00        3.262160E+14   2.7115E-04   2.7221E-04   0.99610
FLUX  643   921.00        3.255076E+14   2.6699E-04   2.7108E-04   0.98492
FLUX  644   923.00        3.248023E+14   2.5425E-04   2.6996E-04   0.94181
FLUX  645   925.00        3.241000E+14   2.6393E-04   2.6885E-04   0.98170
FLUX  646   927.00        3.234008E+14   2.6655E-04   2.6774E-04   0.99552
FLUX  647   929.00        3.227045E+14   2.6641E-04   2.6665E-04   0.99911
FLUX  648   931.00        3.220113E+14   2.6544E-04   2.6555E-04   0.99959
FLUX  649   933.00        3.213210E+14   2.6438E-04   2.6447E-04   0.99967
FLUX  650   935.00        3.206337E+14   2.5814E-04   2.6339E-04   0.98007
FLUX  651   937.00        3.199493E+14   2.6102E-04   2.6232E-04   0.99504
FLUX  652   939.00        3.192678E+14   2.6122E-04   2.6125E-04   0.99987
FLUX  653   941.00        3.185893E+14   2.6005E-04   2.6019E-04   0.99946
FLUX  654   943.00        3.179136E+14   2.5906E-04   2.5914E-04   0.99969
FLUX  655   945.00        3.172407E+14   2.5806E-04   2.5810E-04   0.99987
FLUX  656   947.00        3.165707E+14   2.5692E-04   2.5706E-04   0.99948
FLUX  657   949.00        3.159036E+14   2.5571E-04   2.5602E-04   0.99879
FLUX  658   951.00        3.152392E+14   2.5364E-04   2.5499E-04   0.99470
FLUX  659   953.00        3.145776E+14   2.4884E-04   2.5397E-04   0.97977
FLUX  660   955.00        3.139188E+14   2.3584E-04   2.5296E-04   0.93234
FLUX  661   957.00        3.132628E+14   2.4810E-04   2.5195E-04   0.98474
FLUX  662   959.00        3.126095E+14   2.5000E-04   2.5095E-04   0.99625
FLUX  663   961.00        3.119589E+14   2.4978E-04   2.4995E-04   0.99933
FLUX  664   963.00        3.113110E+14   2.4881E-04   2.4896E-04   0.99940
FLUX  665   965.00        3.106658E+14   2.4796E-04   2.4797E-04   0.99997
FLUX  666   967.00        3.100233E+14   2.4699E-04   2.4699E-04   0.99999
FLUX  667   969.00        3.093834E+14   2.4602E-04   2.4602E-04   0.99999
FLUX  668   971.00        3.087461E+14   2.4416E-04   2.4505E-04   0.99635
FLUX  669   973.00        3.081115E+14   2.4396E-04   2.4409E-04   0.99949
FLUX  670   975.00        3.074795E+14   2.4313E-04   2.4313E-04   0.99999
FLUX  671   977.00        3.068501E+14   2.4076E-04   2.4218E-04   0.99413
FLUX  672   979.00        3.062232E+14   2.4123E-04   2.4123E-04   0.99999
FLUX  673   981.00        3.055989E+14   2.4029E-04   2.4029E-04   0.99999
FLUX  674   983.00        3.049771E+14   2.3926E-04   2.3936E-04   0.99957
FLUX  675   985.00        3.043579E+14   2.3843E-04   2.3843E-04   0.99999
FLUX  676   987.00        3.037411E+14   2.3751E-04   2.3751E-04   1.00000
FLUX  677   989.00        3.031269E+14   2.3658E-04   2.3659E-04   0.99999
FLUX  678   991.00        3.025151E+14   2.3564E-04   2.3567E-04   0.99984
FLUX  679   993.00        3.019058E+14   2.3476E-04   2.3477E-04   0.99999
FLUX  680   995.00        3.012990E+14   2.3386E-04   2.3386E-04   0.99999
FLUX  681   997.00        3.006946E+14   2.3296E-04   2.3297E-04   0.99998
FLUX  682   999.00        3.000926E+14   2.3198E-04   2.3207E-04   0.99961
FLUX  683  1002.50        2.990449E+14   2.2608E-04   2.3052E-04   0.98071
FLUX  684  1007.50        2.975608E+14   2.2187E-04   2.2834E-04   0.97170
FLUX  685  1012.50        2.960914E+14   2.2201E-04   2.2618E-04   0.98155
FLUX  686  1017.50        2.946364E+14   2.2405E-04   2.2406E-04   0.99999
FLUX  687  1022.50        2.931956E+14   2.2194E-04   2.2196E-04   0.99992
FLUX  688  1027.50        2.917689E+14   2.1980E-04   2.1989E-04   0.99956
FLUX  689  1032.50        2.903559E+14   2.1766E-04   2.1786E-04   0.99911
FLUX  690  1037.50        2.889566E+14   2.1582E-04   2.1584E-04   0.99989
FLUX  691  1042.50        2.875707E+14   2.1320E-04   2.1386E-04   0.99692
FLUX  692  1047.50        2.861981E+14   2.1191E-04   2.1191E-04   1.00000
FLUX  693  1052.50        2.848385E+14   2.0997E-04   2.0998E-04   0.99996
FLUX  694  1057.50        2.834917E+14   2.0807E-04   2.0807E-04   0.99998
FLUX  695  1062.50        2.821576E+14   2.0620E-04   2.0620E-04   0.99999
FLUX  696  1067.50        2.808361E+14   2.0433E-04   2.0434E-04   0.99992
FLUX  697  1072.50        2.795268E+14   2.0251E-04   2.0252E-04   0.99999
FLUX  698  1077.50        2.782297E+14   2.0071E-04   2.0071E-04   0.99999
FLUX  699  1082.50        2.769446E+14   1.9851E-04   1.9893E-04   0.99787
FLUX  700  1087.50        2.756713E+14   1.9695E-04   1.9718E-04   0.99888
FLUX  701  1092.50        2.744096E+14   1.8743E-04   1.9544E-04   0.95901
FLUX  702  1097.50        2.731595E+14   1.9160E-04   1.9373E-04   0.98899
FLUX  703  1102.50        2.719206E+14   1.9198E-04   1.9204E-04   0.99968
FLUX  704  1107.50        2.706930E+14   1.9038E-04   1.9038E-04   0.99999
FLUX  705  1112.50        2.694764E+14   1.8873E-04   1.8873E-04   0.99999
FLUX  706  1117.50        2.682707E+14   1.8725E-04   1.8725E-04   1.00000
FLUX  707  1122.50        2.670757E+14   1.8562E-04   1.8564E-04   0.99989
FLUX  708  1127.50        2.658914E+14   1.8403E-04   1.8406E-04   0.99981
FLUX  709  1132.50        2.647174E+14   1.8245E-04   1.8250E-04   0.99973
FLUX  710  1137.50        2.635538E+14   1.8094E-04   1.8095E-04   0.99994
FLUX  711  1142.50        2.624004E+14   1.7942E-04   1.7943E-04   0.99998
FLUX  712  1147.50        2.612571E+14   1.7792E-04   1.7792E-04   0.99999
FLUX  713  1152.50        2.601236E+14   1.7643E-04   1.7643E-04   0.99999
FLUX  714  1157.50        2.590000E+14   1.7494E-04   1.7496E-04   0.99988
FLUX  715  1162.50        2.578860E+14   1.7156E-04   1.7351E-04   0.98875
FLUX  716  1167.50        2.567816E+14   1.7129E-04   1.7208E-04   0.99542
FLUX  717  1172.50        2.556866E+14   1.7066E-04   1.7066E-04   0.99998
FLUX  718  1177.50        2.546008E+14   1.6927E-04   1.6927E-04   1.00000
FLUX  719  1182.50        2.535243E+14   1.6785E-04   1.6788E-04   0.99980
FLUX  720  1187.50        2.524568E+14   1.6651E-04   1.6652E-04   0.99992
FLUX  721  1192.50        2.513983E+14   1.6516E-04   1.6517E-04   0.99993
FLUX  722  1197.50        2.503486E+14   1.6363E-04   1.6384E-04   0.99870
FLUX  723  1202.50        2.493077E+14   1.6252E-04   1.6253E-04   1.00000
FLUX  724  1207.50        2.482754E+14   1.6121E-04   1.6123E-04   0.99989
FLUX  725  1212.50        2.472515E+14   1.5991E-04   1.5994E-04   0.99980
FLUX  726  1217.50        2.462361E+14   1.5867E-04   1.5867E-04   0.99999
FLUX  727  1222.50        2.452290E+14   1.5741E-04   1.5742E-04   0.99998
FLUX  728  1227.50        2.442301E+14   1.5618E-04   1.5618E-04   1.00000
FLUX  729  1232.50        2.432394E+14   1.5495E-04   1.5495E-04   0.99997
FLUX  730  1237.50        2.422566E+14   1.5374E-04   1.5374E-04   1.00000
FLUX  731  1242.50        2.412817E+14   1.5254E-04   1.5254E-04   0.99999
FLUX  732  1247.50        2.403146E+14   1.5136E-04   1.5136E-04   1.00000
FLUX  733  1252.50        2.393553E+14   1.5018E-04   1.5019E-04   0.99988
FLUX  734  1257.50        2.384036E+14   1.4903E-04   1.4904E-04   0.99994
FLUX  735  1262.50        2.374594E+14   1.4789E-04   1.4789E-04   0.99999
FLUX  736  1267.50        2.365227E+14   1.4676E-04   1.4676E-04   0.99999
FLUX  737  1272.50        2.355933E+14   1.4564E-04   1.4565E-04   0.99992
FLUX  738  1277.50        2.346712E+14   1.4366E-04   1.4454E-04   0.99391
FLUX  739  1282.50        2.337563E+14   1.3677E-04   1.4345E-04   0.95343
FLUX  740  1287.50        2.328485E+14   1.4198E-04   1.4237E-04   0.99722
FLUX  741  1292.50        2.319478E+14   1.4130E-04   1.4130E-04   0.99998
FLUX  742  1297.50        2.310539E+14   1.4020E-04   1.4025E-04   0.99965
FLUX  743  1302.50        2.301670E+14   1.3920E-04   1.3921E-04   0.99999
FLUX  744  1307.50        2.292868E+14   1.3817E-04   1.3817E-04   1.00000
FLUX  745  1312.50        2.284133E+14   1.3715E-04   1.3715E-04   0.99999
FLUX  746  1317.50        2.275465E+14   1.3614E-04   1.3614E-04   0.99998
FLUX  747  1322.50        2.266862E+14   1.3514E-04   1.3514E-04   1.00000
FLUX  748  1327.50        2.258324E+14   1.3416E-04   1.3416E-04   1.00000
FLUX  749  1332.50        2.249850E+14   1.3318E-04   1.3318E-04   1.00000
FLUX  750  1337.50        2.241439E+14   1.3221E-04   1.3221E-04   0.99999
FLUX  751  1342.50        2.233091E+14   1.3125E-04   1.3126E-04   0.99995
FLUX  752  1347.50        2.224805E+14   1.3031E-04   1.3031E-04   0.99999
FLUX  753  1352.50        2.216580E+14   1.2937E-04   1.2937E-04   0.99999
FLUX  754  1357.50        2.208416E+14   1.2845E-04   1.2845E-04   1.00000
FLUX  755  1362.50        2.200312E+14   1.2753E-04   1.2753E-04   1.00000
FLUX  756  1367.50        2.192267E+14   1.2663E-04   1.2663E-04   0.99999
FLUX  757  1372.50        2.184281E+14   1.2573E-04   1.2573E-04   0.99998
FLUX  758  1377.50        2.176352E+14   1.2484E-04   1.2484E-04   0.99998
FLUX  759  1382.50        2.168481E+14   1.2396E-04   1.2396E-04   1.00000
FLUX  760  1387.50        2.160667E+14   1.2310E-04   1.2310E-04   0.99999
FLUX  761  1392.50        2.152908E+14   1.2224E-04   1.2224E-04   0.99999
FLUX  762  1397.50        2.145206E+14   1.2139E-04   1.2139E-04   1.00000
FLUX  763  1402.50        2.137558E+14   1.2054E-04   1.2054E-04   0.99999
FLUX  764  1407.50        2.129964E+14   1.1971E-04   1.1971E-04   1.00000
FLUX  765  1412.50        2.122425E+14   1.1889E-04   1.1889E-04   1.00000
FLUX  766  1417.50        2.114938E+14   1.1806E-04   1.1807E-04   0.99989
FLUX  767  1422.50        2.107504E+14   1.1726E-04   1.1726E-04   1.00000
FLUX  768  1427.50        2.100123E+14   1.1646E-04   1.1646E-04   1.00000
FLUX  769  1432.50        2.092792E+14   1.1564E-04   1.1567E-04   0.99974
FLUX  770  1437.50        2.085513E+14   1.1487E-04   1.1489E-04   0.99986
FLUX  771  1442.50        2.078284E+14   1.1411E-04   1.1411E-04   1.00000
FLUX  772  1447.50        2.071105E+14   1.1334E-04   1.1334E-04   1.00000
FLUX  773  1452.50        2.063976E+14   1.1258E-04   1.1258E-04   1.00000
FLUX  774  1457.00        2.057601E+14   1.1191E-04   1.1191E-04   1.00000
FLUX  775  1462.00        2.050564E+14   1.1132E-04   1.1148E-04   0.99854
FLUX  776  1467.50        2.042879E+14   1.1066E-04   1.1066E-04   1.00000
FLUX  777  1472.50        2.035942E+14   1.0993E-04   1.0993E-04   0.99998
FLUX  778  1477.50        2.029052E+14   1.0834E-04   1.0921E-04   0.99207
FLUX  779  1482.50        2.022209E+14   1.0849E-04   1.0849E-04   0.99999
FLUX  780  1487.50        2.015412E+14   1.0777E-04   1.0777E-04   0.99999
FLUX  781  1492.50        2.008660E+14   1.0707E-04   1.0707E-04   0.99998
FLUX  782  1497.50        2.001953E+14   1.0637E-04   1.0637E-04   0.99998
FLUX  783  1502.50        1.995291E+14   1.0568E-04   1.0568E-04   0.99997
FLUX  784  1507.50        1.988673E+14   1.0497E-04   1.0500E-04   0.99971
FLUX  785  1512.50        1.982099E+14   1.0419E-04   1.0432E-04   0.99873
FLUX  786  1517.50        1.975568E+14   1.0342E-04   1.0365E-04   0.99782
FLUX  787  1522.50        1.969080E+14   1.0277E-04   1.0298E-04   0.99796
FLUX  788  1527.50        1.962635E+14   1.0206E-04   1.0232E-04   0.99742
FLUX  789  1532.50        1.956232E+14   1.0137E-04   1.0167E-04   0.99700
FLUX  790  1537.50        1.949870E+14   1.0074E-04   1.0103E-04   0.99719
FLUX  791  1542.50        1.943549E+14   1.0005E-04   1.0039E-04   0.99665
FLUX  792  1547.50        1.937270E+14   9.9462E-05   9.9752E-05   0.99710
FLUX  793  1552.50        1.931031E+14   9.8784E-05   9.9124E-05   0.99657
FLUX  794  1557.50        1.924831E+14   9.8136E-05   9.8502E-05   0.99629
FLUX  795  1562.50        1.918672E+14   9.7622E-05   9.7886E-05   0.99730
FLUX  796  1567.50        1.912552E+14   9.6885E-05   9.7275E-05   0.99599
FLUX  797  1572.50        1.906471E+14   9.6263E-05   9.6670E-05   0.99579
FLUX  798  1577.50        1.900428E+14   9.5855E-05   9.6071E-05   0.99775
FLUX  799  1582.50        1.894423E+14   9.5213E-05   9.5477E-05   0.99723
FLUX  800  1587.50        1.888457E+14   9.4313E-05   9.4889E-05   0.99393
FLUX  801  1592.50        1.882527E+14   9.3987E-05   9.4306E-05   0.99662
FLUX  802  1597.50        1.876635E+14   9.3725E-05   9.3728E-05   0.99997
FLUX  803  1605.00        1.867866E+14   9.2626E-05   9.2872E-05   0.99736
FLUX  804  1615.00        1.856300E+14   9.1265E-05   9.1748E-05   0.99474
FLUX  805  1625.00        1.844877E+14   9.0641E-05   9.0644E-05   0.99998
FLUX  806  1635.00        1.833593E+14   8.9242E-05   8.9559E-05   0.99645
FLUX  807  1645.00        1.822447E+14   8.7858E-05   8.8495E-05   0.99281
FLUX  808  1655.00        1.811435E+14   8.7439E-05   8.7448E-05   0.99989
FLUX  809  1665.00        1.800556E+14   8.6412E-05   8.6421E-05   0.99990
FLUX  810  1675.00        1.789806E+14   8.5012E-05   8.5411E-05   0.99533
FLUX  811  1685.00        1.779184E+14   8.3612E-05   8.4418E-05   0.99045
FLUX  812  1695.00        1.768687E+14   8.3440E-05   8.3443E-05   0.99997
FLUX  813  1705.00        1.758314E+14   8.2413E-05   8.2484E-05   0.99915
FLUX  814  1715.00        1.748061E+14   8.1540E-05   8.1541E-05   0.99999
FLUX  815  1725.00        1.737928E+14   8.0579E-05   8.0615E-05   0.99955
FLUX  816  1735.00        1.727911E+14   7.8451E-05   7.9704E-05   0.98428
FLUX  817  1745.00        1.718009E+14   7.8628E-05   7.8808E-05   0.99772
FLUX  818  1755.00        1.708219E+14   7.7927E-05   7.7928E-05   0.99999
FLUX  819  1765.00        1.698541E+14   7.7061E-05   7.7062E-05   1.00000
FLUX  820  1775.00        1.688972E+14   7.6209E-05   7.6210E-05   0.99998
FLUX  821  1785.00        1.679510E+14   7.5372E-05   7.5372E-05   1.00000
FLUX  822  1795.00        1.670153E+14   7.4547E-05   7.4548E-05   0.99999
FLUX  823  1805.00        1.660900E+14   7.3729E-05   7.3737E-05   0.99990
FLUX  824  1815.00        1.651749E+14   7.1568E-05   7.2939E-05   0.98119
FLUX  825  1825.00        1.642699E+14   7.1852E-05   7.2154E-05   0.99581
FLUX  826  1835.00        1.633747E+14   7.1381E-05   7.1382E-05   0.99999
FLUX  827  1845.00        1.624892E+14   7.0622E-05   7.0622E-05   0.99999
FLUX  828  1855.00        1.616132E+14   6.9887E-05   6.9892E-05   0.99993
FLUX  829  1865.00        1.607466E+14   6.8256E-05   6.9156E-05   0.98699
FLUX  830  1875.00        1.598893E+14   6.6489E-05   6.8431E-05   0.97162
FLUX  831  1885.00        1.590411E+14   6.7689E-05   6.7717E-05   0.99959
FLUX  832  1895.00        1.582018E+14   6.7013E-05   6.7014E-05   0.99999
FLUX  833  1905.00        1.573714E+14   6.6296E-05   6.6322E-05   0.99960
FLUX  834  1915.00        1.565496E+14   6.5641E-05   6.5641E-05   0.99999
FLUX  835  1925.00        1.557364E+14   6.4970E-05   6.4970E-05   0.99999
FLUX  836  1935.00        1.549315E+14   6.4227E-05   6.4309E-05   0.99872
FLUX  837  1945.00        1.541350E+14   6.2039E-05   6.3659E-05   0.97456
FLUX  838  1955.00        1.533465E+14   6.2920E-05   6.3018E-05   0.99845
FLUX  839  1965.00        1.525662E+14   6.2386E-05   6.2386E-05   0.99999
FLUX  840  1975.00        1.517937E+14   6.1764E-05   6.1764E-05   1.00000
FLUX  841  1985.00        1.510290E+14   6.1150E-05   6.1151E-05   0.99998
FLUX  842  1995.00        1.502719E+14   6.0546E-05   6.0548E-05   0.99997
FLUX  843  2005.00        1.495224E+14   5.9953E-05   5.9953E-05   1.00000
FLUX  844  2015.00        1.487804E+14   5.9366E-05   5.9366E-05   1.00000
FLUX  845  2025.00        1.480457E+14   5.8789E-05   5.8789E-05   1.00000
FLUX  846  2035.00        1.473182E+14   5.8219E-05   5.8219E-05   1.00000
FLUX  847  2045.00        1.465978E+14   5.7657E-05   5.7658E-05   0.99998
FLUX  848  2055.00        1.458844E+14   5.7095E-05   5.7105E-05   0.99983
FLUX  849  2065.00        1.451780E+14   5.6559E-05   5.6559E-05   1.00000
FLUX  850  2075.00        1.444783E+14   5.5990E-05   5.6021E-05   0.99944
FLUX  851  2085.00        1.437854E+14   5.5488E-05   5.5491E-05   0.99994
FLUX  852  2095.00        1.430990E+14   5.4969E-05   5.4969E-05   1.00000
FLUX  853  2105.00        1.424192E+14   5.4453E-05   5.4453E-05   1.00000
FLUX  854  2115.00        1.417459E+14   5.3926E-05   5.3945E-05   0.99965
FLUX  855  2125.00        1.410788E+14   5.3444E-05   5.3444E-05   1.00000
FLUX  856  2135.00        1.404180E+14   5.2949E-05   5.2949E-05   0.99999
FLUX  857  2145.00        1.397634E+14   5.2461E-05   5.2462E-05   0.99998
FLUX  858  2155.00        1.391148E+14   5.1926E-05   5.1981E-05   0.99894
FLUX  859  2165.00        1.384723E+14   4.9982E-05   5.1507E-05   0.97039
FLUX  860  2175.00        1.378356E+14   5.0909E-05   5.1039E-05   0.99745
FLUX  861  2185.00        1.372048E+14   5.0576E-05   5.0577E-05   0.99997
FLUX  862  2195.00        1.365797E+14   5.0122E-05   5.0122E-05   1.00000
FLUX  863  2205.00        1.359603E+14   4.9672E-05   4.9673E-05   1.00000
FLUX  864  2215.00        1.353465E+14   4.9229E-05   4.9229E-05   1.00000
FLUX  865  2225.00        1.347382E+14   4.8792E-05   4.8792E-05   1.00000
FLUX  866  2235.00        1.341353E+14   4.8360E-05   4.8360E-05   1.00000
FLUX  867  2245.00        1.335379E+14   4.7933E-05   4.7934E-05   0.99999
FLUX  868  2255.00        1.329457E+14   4.7513E-05   4.7514E-05   0.99999
FLUX  869  2265.00        1.323587E+14   4.7099E-05   4.7099E-05   1.00000
FLUX  870  2275.00        1.317769E+14   4.6689E-05   4.6689E-05   1.00000
FLUX  871  2285.00        1.312002E+14   4.6331E-05   4.6332E-05   0.99998
FLUX  872  2295.00        1.306285E+14   4.5932E-05   4.5932E-05   1.00000
FLUX  873  2305.00        1.300618E+14   4.5538E-05   4.5538E-05   0.99999
FLUX  874  2315.00        1.295000E+14   4.5149E-05   4.5149E-05   0.99999
FLUX  875  2325.00        1.289430E+14   4.4764E-05   4.4764E-05   1.00000
FLUX  876  2335.00        1.283908E+14   4.4385E-05   4.4385E-05   1.00000
FLUX  877  2345.00        1.278433E+14   4.4010E-05   4.4010E-05   0.99999
FLUX  878  2355.00        1.273004E+14   4.3640E-05   4.3640E-05   0.99999
FLUX  879  2365.00        1.267622E+14   4.3274E-05   4.3275E-05   0.99999
FLUX  880  2375.00        1.262284E+14   4.2913E-05   4.2914E-05   0.99999
FLUX  881  2385.00        1.256992E+14   4.2557E-05   4.2557E-05   0.99999
FLUX  882  2395.00        1.251743E+14   4.2205E-05   4.2205E-05   0.99998
FLUX  883  2405.00        1.246538E+14   4.1857E-05   4.1858E-05   0.99998
FLUX  884  2415.00        1.241377E+14   4.1513E-05   4.1514E-05   0.99998
FLUX  885  2425.00        1.236258E+14   4.1170E-05   4.1175E-05   0.99988
FLUX  886  2435.00        1.231181E+14   4.0839E-05   4.0840E-05   0.99998
FLUX  887  2445.00        1.226145E+14   4.0508E-05   4.0509E-05   0.99997
FLUX  888  2455.00        1.221151E+14   4.0181E-05   4.0182E-05   0.99998
FLUX  889  2465.00        1.216197E+14   3.9857E-05   3.9859E-05   0.99997
FLUX  890  2475.00        1.211283E+14   3.9527E-05   3.9539E-05   0.99968
FLUX  891  2485.00        1.206408E+14   3.9223E-05   3.9224E-05   0.99998
FLUX  892  2495.00        1.201573E+14   3.8908E-05   3.8912E-05   0.99990
FLUX  893  2505.00        1.196776E+14   3.8604E-05   3.8604E-05   0.99999
FLUX  894  2515.00        1.192018E+14   3.8298E-05   3.8299E-05   0.99998
FLUX  895  2525.00        1.187297E+14   3.7939E-05   3.7998E-05   0.99843
FLUX  896  2535.00        1.182613E+14   3.7700E-05   3.7701E-05   0.99997
FLUX  897  2545.00        1.177967E+14   3.7406E-05   3.7407E-05   0.99998
FLUX  898  2555.00        1.173356E+14   3.7093E-05   3.7116E-05   0.99938
FLUX  899  2565.00        1.168782E+14   3.6723E-05   3.6829E-05   0.99711
FLUX  900  2575.00        1.164243E+14   3.6544E-05   3.6545E-05   0.99997
FLUX  901  2585.00        1.159739E+14   3.6264E-05   3.6265E-05   0.99999
FLUX  902  2595.00        1.155270E+14   3.5986E-05   3.5987E-05   0.99998
FLUX  903  2605.00        1.150835E+14   3.5640E-05   3.5713E-05   0.99796
FLUX  904  2615.00        1.146434E+14   3.5228E-05   3.5441E-05   0.99399
FLUX  905  2625.00        1.142067E+14   3.3952E-05   3.5173E-05   0.96529
FLUX  906  2635.00        1.137732E+14   3.4800E-05   3.4908E-05   0.99690
FLUX  907  2645.00        1.133431E+14   3.4645E-05   3.4646E-05   0.99997
FLUX  908  2655.00        1.129162E+14   3.4383E-05   3.4386E-05   0.99990
FLUX  909  2665.00        1.124925E+14   3.4086E-05   3.4130E-05   0.99871
FLUX  910  2675.00        1.120720E+14   3.3683E-05   3.3876E-05   0.99429
FLUX  911  2685.00        1.116546E+14   3.3582E-05   3.3625E-05   0.99871
FLUX  912  2695.00        1.112403E+14   3.3377E-05   3.3377E-05   0.99999
FLUX  913  2705.00        1.108290E+14   3.3132E-05   3.3132E-05   0.99999
FLUX  914  2715.00        1.104208E+14   3.2889E-05   3.2889E-05   1.00000
FLUX  915  2725.00        1.100156E+14   3.2649E-05   3.2649E-05   1.00000
FLUX  916  2735.00        1.096133E+14   3.2412E-05   3.2412E-05   0.99999
FLUX  917  2745.00        1.092140E+14   3.2156E-05   3.2177E-05   0.99936
FLUX  918  2755.00        1.088176E+14   3.1711E-05   3.1945E-05   0.99269
FLUX  919  2765.00        1.084241E+14   3.1593E-05   3.1715E-05   0.99614
FLUX  920  2775.00        1.080333E+14   3.1487E-05   3.1488E-05   0.99998
FLUX  921  2785.00        1.076454E+14   3.1262E-05   3.1263E-05   0.99998
FLUX  922  2795.00        1.072603E+14   3.1040E-05   3.1040E-05   1.00000
FLUX  923  2805.00        1.068779E+14   3.0820E-05   3.0820E-05   0.99999
FLUX  924  2815.00        1.064982E+14   3.0602E-05   3.0602E-05   1.00000
FLUX  925  2825.00        1.061212E+14   3.0386E-05   3.0386E-05   0.99999
FLUX  926  2835.00        1.057469E+14   3.0173E-05   3.0173E-05   1.00000
FLUX  927  2845.00        1.053752E+14   2.9961E-05   2.9962E-05   0.99999
FLUX  928  2855.00        1.050061E+14   2.9752E-05   2.9753E-05   0.99997
FLUX  929  2865.00        1.046396E+14   2.9430E-05   2.9546E-05   0.99606
FLUX  930  2875.00        1.042757E+14   2.9002E-05   2.9341E-05   0.98842
FLUX  931  2885.00        1.039142E+14   2.9101E-05   2.9139E-05   0.99869
FLUX  932  2895.00        1.035553E+14   2.8938E-05   2.8938E-05   0.99999
FLUX  933  2905.00        1.031988E+14   2.8740E-05   2.8740E-05   1.00000
FLUX  934  2915.00        1.028448E+14   2.8543E-05   2.8543E-05   1.00000
FLUX  935  2925.00        1.024932E+14   2.8349E-05   2.8349E-05   1.00000
FLUX  936  2935.00        1.021440E+14   2.8156E-05   2.8156E-05   1.00000
FLUX  937  2945.00        1.017971E+14   2.7966E-05   2.7966E-05   1.00000
FLUX  938  2955.00        1.014526E+14   2.7777E-05   2.7777E-05   1.00000
FLUX  939  2965.00        1.011105E+14   2.7591E-05   2.7591E-05   1.00000
FLUX  940  2975.00        1.007706E+14   2.7406E-05   2.7406E-05   1.00000
FLUX  941  2985.00        1.004330E+14   2.7223E-05   2.7223E-05   1.00000
FLUX  942  2995.00        1.000977E+14   2.7042E-05   2.7042E-05   1.00000
FLUX  943  3005.00        9.976456E+13   2.6862E-05   2.6862E-05   1.00000
FLUX  944  3015.00        9.943367E+13   2.6684E-05   2.6685E-05   0.99999
FLUX  945  3025.00        9.910496E+13   2.6485E-05   2.6509E-05   0.99909
FLUX  946  3035.00        9.877842E+13   2.5976E-05   2.6335E-05   0.98640
FLUX  947  3045.00        9.845402E+13   2.5934E-05   2.6162E-05   0.99128
FLUX  948  3055.00        9.813175E+13   2.5981E-05   2.5991E-05   0.99960
FLUX  949  3065.00        9.781158E+13   2.5822E-05   2.5822E-05   0.99999
FLUX  950  3075.00        9.749350E+13   2.5655E-05   2.5655E-05   1.00000
FLUX  951  3085.00        9.717747E+13   2.5488E-05   2.5489E-05   0.99998
FLUX  952  3095.00        9.686349E+13   2.5324E-05   2.5325E-05   1.00000
FLUX  953  3105.00        9.655153E+13   2.5162E-05   2.5162E-05   1.00000
FLUX  954  3115.00        9.624157E+13   2.5001E-05   2.5001E-05   1.00000
FLUX  955  3125.00        9.593360E+13   2.4841E-05   2.4841E-05   1.00000
FLUX  956  3135.00        9.562759E+13   2.4683E-05   2.4683E-05   1.00000
FLUX  957  3145.00        9.532353E+13   2.4526E-05   2.4526E-05   1.00000
FLUX  958  3155.00        9.502139E+13   2.4371E-05   2.4371E-05   1.00000
FLUX  959  3165.00        9.472117E+13   2.4217E-05   2.4217E-05   1.00000
FLUX  960  3175.00        9.442283E+13   2.4065E-05   2.4065E-05   1.00000
FLUX  961  3185.00        9.412637E+13   2.3914E-05   2.3914E-05   1.00000
FLUX  962  3195.00        9.383177E+13   2.3765E-05   2.3765E-05   1.00000
FLUX  963  3210.00        9.339330E+13   2.3543E-05   2.3543E-05   1.00000
FLUX  964  3230.00        9.281502E+13   2.3252E-05   2.3252E-05   1.00000
FLUX  965  3250.00        9.224385E+13   2.2967E-05   2.2967E-05   1.00000
FLUX  966  3270.00        9.167966E+13   2.2686E-05   2.2687E-05   0.99998
FLUX  967  3290.00        9.112234E+13   2.2080E-05   2.2424E-05   0.98470
FLUX  968  3310.00        9.057175E+13   2.2081E-05   2.2153E-05   0.99672
FLUX  969  3330.00        9.002778E+13   2.1887E-05   2.1888E-05   0.99999
FLUX  970  3350.00        8.949030E+13   2.1627E-05   2.1627E-05   1.00000
FLUX  971  3370.00        8.895920E+13   2.1370E-05   2.1370E-05   1.00000
FLUX  972  3390.00        8.843437E+13   2.1119E-05   2.1119E-05   1.00000
FLUX  973  3410.00        8.791569E+13   2.0871E-05   2.0871E-05   1.00000
FLUX  974  3430.00        8.740306E+13   2.0628E-05   2.0628E-05   1.00000
FLUX  975  3450.00        8.689638E+13   2.0389E-05   2.0389E-05   0.99999
FLUX  976  3470.00        8.639553E+13   2.0154E-05   2.0154E-05   0.99999
FLUX  977  3490.00        8.590043E+13   1.9923E-05   1.9924E-05   0.99999
FLUX  978  3510.00        8.541097E+13   1.9697E-05   1.9697E-05   0.99999
FLUX  979  3530.00        8.492705E+13   1.9473E-05   1.9474E-05   0.99999
FLUX  980  3550.00        8.444859E+13   1.9254E-05   1.9254E-05   0.99999
FLUX  981  3570.00        8.397549E+13   1.9038E-05   1.9039E-05   0.99999
FLUX  982  3590.00        8.350766E+13   1.8826E-05   1.8827E-05   0.99999
FLUX  983  3610.00        8.304501E+13   1.8618E-05   1.8618E-05   0.99999
FLUX  984  3630.00        8.258747E+13   1.8413E-05   1.8413E-05   0.99999
FLUX  985  3650.00        8.213493E+13   1.8211E-05   1.8211E-05   0.99998
FLUX  986  3670.00        8.168733E+13   1.8012E-05   1.8012E-05   0.99999
FLUX  987  3690.00        8.124458E+13   1.7817E-05   1.7817E-05   0.99998
FLUX  988  3710.00        8.080660E+13   1.7621E-05   1.7625E-05   0.99977
FLUX  989  3730.00        8.037332E+13   1.7275E-05   1.7436E-05   0.99078
FLUX  990  3750.00        7.994467E+13   1.7013E-05   1.7250E-05   0.98625
FLUX  991  3770.00        7.952056E+13   1.7066E-05   1.7067E-05   0.99997
FLUX  992  3790.00        7.910092E+13   1.6886E-05   1.6886E-05   0.99999
FLUX  993  3810.00        7.868570E+13   1.6705E-05   1.6709E-05   0.99980
FLUX  994  3830.00        7.827480E+13   1.6533E-05   1.6534E-05   0.99997
FLUX  995  3850.00        7.786818E+13   1.6362E-05   1.6362E-05   0.99999
FLUX  996  3870.00        7.746576E+13   1.6192E-05   1.6193E-05   0.99999
FLUX  997  3890.00        7.706748E+13   1.6025E-05   1.6026E-05   0.99997
FLUX  998  3910.00        7.667327E+13   1.5839E-05   1.5862E-05   0.99860
FLUX  999  3930.00        7.628308E+13   1.5699E-05   1.5700E-05   0.99998
FLUX 1000  3950.00        7.589684E+13   1.5540E-05   1.5540E-05   1.00000
FLUX 1001  3970.00        7.551448E+13   1.5383E-05   1.5383E-05   1.00000
FLUX 1002  3990.00        7.513596E+13   1.5229E-05   1.5229E-05   1.00000
FLUX 1003  4010.00        7.476122E+13   1.5056E-05   1.5077E-05   0.99862
FLUX 1004  4030.00        7.439020E+13   1.4889E-05   1.4927E-05   0.99747
FLUX 1005  4050.00        7.402284E+13   1.4479E-05   1.4779E-05   0.97969
FLUX 1006  4070.00        7.365909E+13   1.4627E-05   1.4633E-05   0.99961
FLUX 1007  4090.00        7.329890E+13   1.4489E-05   1.4489E-05   1.00000
FLUX 1008  4110.00        7.294221E+13   1.4348E-05   1.4348E-05   1.00000
FLUX 1009  4130.00        7.258898E+13   1.4207E-05   1.4209E-05   0.99991
FLUX 1010  4150.00        7.223916E+13   1.4070E-05   1.4071E-05   0.99990
FLUX 1011  4170.00        7.189269E+13   1.3877E-05   1.3936E-05   0.99576
FLUX 1012  4190.00        7.154952E+13   1.3796E-05   1.3802E-05   0.99960
FLUX 1013  4210.00        7.120962E+13   1.3670E-05   1.3670E-05   0.99999
FLUX 1014  4230.00        7.087293E+13   1.3541E-05   1.3541E-05   1.00000
FLUX 1015  4250.00        7.053941E+13   1.3412E-05   1.3413E-05   0.99997
FLUX 1016  4270.00        7.020902E+13   1.3286E-05   1.3286E-05   1.00000
FLUX 1017  4290.00        6.988170E+13   1.3160E-05   1.3162E-05   0.99985
FLUX 1018  4310.00        6.955742E+13   1.3039E-05   1.3039E-05   1.00000
FLUX 1019  4330.00        6.923614E+13   1.2918E-05   1.2918E-05   0.99999
FLUX 1020  4350.00        6.891782E+13   1.2799E-05   1.2799E-05   0.99997
FLUX 1021  4370.00        6.860240E+13   1.2611E-05   1.2681E-05   0.99448
FLUX 1022  4390.00        6.828986E+13   1.2539E-05   1.2565E-05   0.99790
FLUX 1023  4410.00        6.798016E+13   1.2450E-05   1.2451E-05   0.99999
FLUX 1024  4430.00        6.767325E+13   1.2337E-05   1.2338E-05   1.00000
FLUX 1025  4450.00        6.736910E+13   1.2226E-05   1.2226E-05   1.00000
FLUX 1026  4470.00        6.706767E+13   1.2120E-05   1.2120E-05   1.00000
FLUX 1027  4490.00        6.676893E+13   1.2011E-05   1.2011E-05   1.00000
FLUX 1028  4510.00        6.647284E+13   1.1904E-05   1.1904E-05   0.99999
FLUX 1029  4530.00        6.617936E+13   1.1799E-05   1.1799E-05   1.00000
FLUX 1030  4550.00        6.588846E+13   1.1694E-05   1.1694E-05   1.00000
FLUX 1031  4570.00        6.560011E+13   1.1591E-05   1.1591E-05   1.00000
FLUX 1032  4590.00        6.531427E+13   1.1490E-05   1.1490E-05   1.00000
FLUX 1033  4610.00        6.503091E+13   1.1389E-05   1.1389E-05   0.99998
FLUX 1034  4630.00        6.475000E+13   1.1285E-05   1.1290E-05   0.99956
FLUX 1035  4650.00        6.447151E+13   1.0910E-05   1.1193E-05   0.97471
FLUX 1036  4670.00        6.419540E+13   1.0967E-05   1.1096E-05   0.98830
FLUX 1037  4690.00        6.392164E+13   1.0980E-05   1.1001E-05   0.99804
FLUX 1038  4710.00        6.365021E+13   1.0907E-05   1.0907E-05   0.99999
FLUX 1039  4730.00        6.338108E+13   1.0814E-05   1.0814E-05   1.00000
FLUX 1040  4750.00        6.311421E+13   1.0723E-05   1.0723E-05   0.99999
FLUX 1041  4770.00        6.284958E+13   1.0632E-05   1.0632E-05   1.00000
FLUX 1042  4790.00        6.258716E+13   1.0543E-05   1.0543E-05   1.00000
FLUX 1043  4810.00        6.232692E+13   1.0454E-05   1.0454E-05   1.00000
FLUX 1044  4830.00        6.206884E+13   1.0367E-05   1.0367E-05   1.00000
FLUX 1045  4850.00        6.181289E+13   1.0281E-05   1.0281E-05   1.00000
FLUX 1046  4870.00        6.155903E+13   1.0196E-05   1.0196E-05   1.00000
FLUX 1047  4890.00        6.130726E+13   1.0112E-05   1.0112E-05   1.00000
FLUX 1048  4910.00        6.105754E+13   1.0029E-05   1.0029E-05   1.00000
FLUX 1049  4930.00        6.080984E+13   9.9474E-06   9.9474E-06   1.00000
FLUX 1050  4950.00        6.056414E+13   9.8664E-06   9.8664E-06   1.00000
FLUX 1051  4970.00        6.032042E+13   9.7864E-06   9.7865E-06   0.99999
FLUX 1052  4990.00        6.007866E+13   9.7075E-06   9.7075E-06   1.00000
FLUX 1053  5010.00        5.983882E+13   9.6294E-06   9.6294E-06   1.00000
FLUX 1054  5030.00        5.960089E+13   9.5522E-06   9.5522E-06   1.00000
FLUX 1055  5050.00        5.936485E+13   9.4760E-06   9.4760E-06   1.00000
FLUX 1056  5070.00        5.913067E+13   9.4007E-06   9.4007E-06   1.00000
FLUX 1057  5090.00        5.889833E+13   9.3261E-06   9.3263E-06   0.99999
FLUX 1058  5110.00        5.866781E+13   9.2350E-06   9.2527E-06   0.99809
FLUX 1059  5130.00        5.843908E+13   9.0489E-06   9.1800E-06   0.98572
FLUX 1060  5150.00        5.821214E+13   9.0983E-06   9.1081E-06   0.99892
FLUX 1061  5170.00        5.798694E+13   9.0370E-06   9.0371E-06   0.99999
FLUX 1062  5190.00        5.776349E+13   8.9668E-06   8.9669E-06   1.00000
FLUX 1063  5210.00        5.754175E+13   8.8974E-06   8.8974E-06   1.00000
FLUX 1064  5230.00        5.732170E+13   8.8288E-06   8.8288E-06   1.00000
FLUX 1065  5250.00        5.710333E+13   8.7610E-06   8.7610E-06   1.00000
FLUX 1066  5270.00        5.688662E+13   8.6939E-06   8.6939E-06   1.00000
FLUX 1067  5290.00        5.667155E+13   8.6276E-06   8.6276E-06   1.00000
FLUX 1068  5310.00        5.645810E+13   8.5621E-06   8.5621E-06   1.00000
FLUX 1069  5330.00        5.624625E+13   8.4973E-06   8.4973E-06   1.00000
FLUX 1070  5350.00        5.603598E+13   8.4332E-06   8.4332E-06   1.00000
FLUX 1071  5370.00        5.582728E+13   8.3698E-06   8.3699E-06   1.00000
FLUX 1072  5390.00        5.562013E+13   8.3072E-06   8.3072E-06   1.00000
FLUX 1073  5410.00        5.541451E+13   8.2452E-06   8.2452E-06   1.00000
FLUX 1074  5430.00        5.521041E+13   8.1840E-06   8.1840E-06   1.00000
FLUX 1075  5450.00        5.500780E+13   8.1234E-06   8.1234E-06   1.00000
FLUX 1076  5470.00        5.480667E+13   8.0634E-06   8.0634E-06   1.00000
FLUX 1077  5490.00        5.460701E+13   8.0042E-06   8.0042E-06   1.00000
FLUX 1078  5510.00        5.440880E+13   7.9455E-06   7.9455E-06   1.00000
FLUX 1079  5530.00        5.421203E+13   7.8875E-06   7.8875E-06   1.00000
FLUX 1080  5550.00        5.401667E+13   7.8302E-06   7.8302E-06   1.00000
FLUX 1081  5570.00        5.382271E+13   7.7734E-06   7.7734E-06   1.00000
FLUX 1082  5590.00        5.363014E+13   7.7173E-06   7.7173E-06   1.00000
FLUX 1083  5610.00        5.343895E+13   7.6617E-06   7.6617E-06   1.00000
FLUX 1084  5630.00        5.324911E+13   7.6068E-06   7.6068E-06   1.00000
FLUX 1085  5650.00        5.306062E+13   7.5524E-06   7.5524E-06   1.00000
FLUX 1086  5670.00        5.287346E+13   7.4986E-06   7.4986E-06   1.00000
FLUX 1087  5690.00        5.268761E+13   7.4454E-06   7.4454E-06   1.00000
FLUX 1088  5710.00        5.250306E+13   7.3927E-06   7.3927E-06   1.00000
FLUX 1089  5730.00        5.231981E+13   7.3406E-06   7.3406E-06   1.00000
FLUX 1090  5750.00        5.213783E+13   7.2891E-06   7.2891E-06   1.00000
FLUX 1091  5770.00        5.195711E+13   7.2380E-06   7.2381E-06   1.00000
FLUX 1092  5790.00        5.177763E+13   7.1876E-06   7.1876E-06   1.00000
FLUX 1093  5810.00        5.159940E+13   7.1376E-06   7.1376E-06   1.00000
FLUX 1094  5830.00        5.142238E+13   7.0881E-06   7.0881E-06   1.00000
FLUX 1095  5850.00        5.124658E+13   7.0405E-06   7.0406E-06   1.00000
FLUX 1096  5870.00        5.107198E+13   6.9920E-06   6.9921E-06   0.99998
FLUX 1097  5890.00        5.089856E+13   6.9245E-06   6.9441E-06   0.99716
FLUX 1098  5910.00        5.072631E+13   6.7519E-06   6.8967E-06   0.97901
FLUX 1099  5930.00        5.055523E+13   6.8394E-06   6.8497E-06   0.99850
FLUX 1100  5950.00        5.038529E+13   6.8031E-06   6.8032E-06   0.99999
FLUX 1101  5970.00        5.021650E+13   6.7571E-06   6.7571E-06   1.00000
FLUX 1102  5990.00        5.004883E+13   6.7115E-06   6.7115E-06   1.00000
FLUX 1103  6010.00        4.988228E+13   6.6664E-06   6.6664E-06   1.00000
FLUX 1104  6030.00        4.971683E+13   6.6217E-06   6.6217E-06   1.00000
FLUX 1105  6050.00        4.955248E+13   6.5775E-06   6.5775E-06   1.00000
FLUX 1106  6070.00        4.938921E+13   6.5337E-06   6.5337E-06   1.00000
FLUX 1107  6090.00        4.922701E+13   6.4903E-06   6.4903E-06   1.00000
FLUX 1108  6110.00        4.906588E+13   6.4474E-06   6.4474E-06   1.00000
FLUX 1109  6130.00        4.890579E+13   6.4049E-06   6.4049E-06   1.00000
FLUX 1110  6150.00        4.874675E+13   6.3627E-06   6.3627E-06   1.00000
FLUX 1111  6170.00        4.858874E+13   6.3211E-06   6.3211E-06   1.00000
FLUX 1112  6190.00        4.843174E+13   6.2798E-06   6.2798E-06   1.00000
FLUX 1113  6210.00        4.827576E+13   6.2389E-06   6.2389E-06   1.00000
FLUX 1114  6230.00        4.812079E+13   6.1984E-06   6.1984E-06   1.00000
FLUX 1115  6250.00        4.796680E+13   6.1583E-06   6.1583E-06   1.00000
FLUX 1116  6270.00        4.781380E+13   6.1186E-06   6.1186E-06   1.00000
FLUX 1117  6290.00        4.766176E+13   6.0792E-06   6.0792E-06   1.00000
FLUX 1118  6310.00        4.751070E+13   6.0403E-06   6.0403E-06   1.00000
FLUX 1119  6330.00        4.736058E+13   6.0017E-06   6.0017E-06   1.00000
FLUX 1120  6350.00        4.721142E+13   5.9634E-06   5.9634E-06   1.00000
FLUX 1121  6370.00        4.706319E+13   5.9256E-06   5.9256E-06   1.00000
FLUX 1122  6390.00        4.691588E+13   5.8881E-06   5.8881E-06   1.00000
FLUX 1123  6420.00        4.669665E+13   5.8324E-06   5.8324E-06   1.00000
FLUX 1124  6460.00        4.640751E+13   5.7595E-06   5.7595E-06   1.00000
FLUX 1125  6500.00        4.612192E+13   5.6879E-06   5.6879E-06   1.00000
FLUX 1126  6540.00        4.583983E+13   5.6176E-06   5.6176E-06   1.00000
FLUX 1127  6580.00        4.556117E+13   5.5486E-06   5.5486E-06   1.00000
FLUX 1128  6620.00        4.528588E+13   5.4808E-06   5.4809E-06   1.00000
FLUX 1129  6660.00        4.501389E+13   5.4143E-06   5.4143E-06   1.00000
FLUX 1130  6700.00        4.474515E+13   5.3490E-06   5.3490E-06   1.00000
FLUX 1131  6740.00        4.447960E+13   5.2848E-06   5.2849E-06   1.00000
FLUX 1132  6780.00        4.421718E+13   5.2218E-06   5.2218E-06   1.00000
FLUX 1133  6820.00        4.395784E+13   5.1599E-06   5.1599E-06   1.00000
FLUX 1134  6860.00        4.370153E+13   5.0991E-06   5.0991E-06   1.00000
FLUX 1135  6900.00        4.344819E+13   5.0393E-06   5.0393E-06   1.00000
FLUX 1136  6940.00        4.319777E+13   4.9806E-06   4.9806E-06   1.00000
FLUX 1137  6980.00        4.295021E+13   4.9229E-06   4.9229E-06   1.00000
FLUX 1138  7020.00        4.270548E+13   4.8661E-06   4.8661E-06   1.00000
FLUX 1139  7060.00        4.246353E+13   4.8104E-06   4.8104E-06   1.00000
FLUX 1140  7100.00        4.222430E+13   4.7555E-06   4.7556E-06   1.00000
FLUX 1141  7140.00        4.198775E+13   4.7017E-06   4.7017E-06   1.00000
FLUX 1142  7180.00        4.175383E+13   4.6487E-06   4.6487E-06   1.00000
FLUX 1143  7220.00        4.152251E+13   4.5966E-06   4.5966E-06   1.00000
FLUX 1144  7260.00        4.129373E+13   4.5453E-06   4.5453E-06   1.00000
FLUX 1145  7300.00        4.106747E+13   4.4949E-06   4.4949E-06   1.00000
FLUX 1146  7340.00        4.084366E+13   4.4454E-06   4.4454E-06   1.00000
FLUX 1147  7380.00        4.062229E+13   4.3966E-06   4.3966E-06   1.00000
FLUX 1148  7420.00        4.040330E+13   4.3473E-06   4.3487E-06   0.99968
FLUX 1149  7460.00        4.018666E+13   4.2230E-06   4.3015E-06   0.98175
FLUX 1150  7500.00        3.997233E+13   4.1787E-06   4.2551E-06   0.98205
FLUX 1151  7540.00        3.976028E+13   4.2073E-06   4.2094E-06   0.99951
FLUX 1152  7580.00        3.955046E+13   4.1644E-06   4.1644E-06   1.00000
FLUX 1153  7620.00        3.934285E+13   4.1202E-06   4.1202E-06   1.00000
FLUX 1154  7660.00        3.913740E+13   4.0766E-06   4.0766E-06   1.00000
FLUX 1155  7700.00        3.893409E+13   4.0338E-06   4.0338E-06   1.00000
FLUX 1156  7740.00        3.873288E+13   3.9916E-06   3.9916E-06   1.00000
FLUX 1157  7780.00        3.853374E+13   3.9500E-06   3.9500E-06   1.00000
FLUX 1158  7820.00        3.833664E+13   3.9091E-06   3.9091E-06   1.00000
FLUX 1159  7860.00        3.814154E+13   3.8688E-06   3.8688E-06   1.00000
FLUX 1160  7900.00        3.794842E+13   3.8292E-06   3.8292E-06   1.00000
FLUX 1161  7940.00        3.775724E+13   3.7901E-06   3.7901E-06   1.00000
FLUX 1162  7980.00        3.756798E+13   3.7516E-06   3.7516E-06   1.00000
FLUX 1163  8020.00        3.738061E+13   3.7137E-06   3.7137E-06   1.00000
FLUX 1164  8060.00        3.719510E+13   3.6764E-06   3.6764E-06   1.00000
FLUX 1165  8100.00        3.701142E+13   3.6396E-06   3.6396E-06   1.00000
FLUX 1166  8140.00        3.682955E+13   3.6034E-06   3.6034E-06   1.00000
FLUX 1167  8180.00        3.664945E+13   3.5677E-06   3.5677E-06   1.00000
FLUX 1168  8220.00        3.647111E+13   3.5325E-06   3.5325E-06   1.00000
FLUX 1169  8260.00        3.629449E+13   3.4978E-06   3.4978E-06   1.00000
FLUX 1170  8300.00        3.611958E+13   3.4637E-06   3.4637E-06   1.00000
FLUX 1171  8340.00        3.594634E+13   3.4300E-06   3.4300E-06   1.00000
FLUX 1172  8380.00        3.577476E+13   3.3968E-06   3.3968E-06   1.00000
FLUX 1173  8420.00        3.560481E+13   3.3641E-06   3.3641E-06   1.00000
FLUX 1174  8460.00        3.543647E+13   3.3319E-06   3.3319E-06   1.00000
FLUX 1175  8500.00        3.526971E+13   3.3001E-06   3.3001E-06   1.00000
FLUX 1176  8540.00        3.510451E+13   3.2688E-06   3.2688E-06   1.00000
FLUX 1177  8580.00        3.494085E+13   3.2379E-06   3.2379E-06   1.00000
FLUX 1178  8620.00        3.477871E+13   3.2074E-06   3.2074E-06   1.00000
FLUX 1179  8660.00        3.461807E+13   3.1774E-06   3.1774E-06   1.00000
FLUX 1180  8700.00        3.445891E+13   3.1478E-06   3.1478E-06   1.00000
FLUX 1181  8740.00        3.430120E+13   3.1185E-06   3.1185E-06   1.00000
FLUX 1182  8780.00        3.414493E+13   3.0897E-06   3.0897E-06   1.00000
FLUX 1183  8820.00        3.399008E+13   3.0613E-06   3.0613E-06   1.00000
FLUX 1184  8860.00        3.383663E+13   3.0333E-06   3.0333E-06   1.00000
FLUX 1185  8900.00        3.368455E+13   3.0056E-06   3.0056E-06   1.00000
FLUX 1186  8940.00        3.353384E+13   2.9784E-06   2.9784E-06   1.00000
FLUX 1187  8980.00        3.338447E+13   2.9515E-06   2.9515E-06   1.00000
FLUX 1188  9020.00        3.323642E+13   2.9249E-06   2.9249E-06   1.00000
FLUX 1189  9060.00        3.308968E+13   2.8987E-06   2.8987E-06   1.00000
FLUX 1190  9100.00        3.294423E+13   2.8729E-06   2.8729E-06   1.00000
FLUX 1191  9140.00        3.280005E+13   2.8474E-06   2.8474E-06   1.00000
FLUX 1192  9180.00        3.265714E+13   2.8222E-06   2.8222E-06   1.00000
FLUX 1193  9220.00        3.251546E+13   2.7974E-06   2.7974E-06   1.00000
FLUX 1194  9260.00        3.237500E+13   2.7728E-06   2.7728E-06   1.00000
FLUX 1195  9300.00        3.223575E+13   2.7486E-06   2.7486E-06   1.00000
FLUX 1196  9340.00        3.209770E+13   2.7248E-06   2.7248E-06   1.00000
FLUX 1197  9380.00        3.196082E+13   2.7012E-06   2.7012E-06   1.00000
FLUX 1198  9420.00        3.182511E+13   2.6779E-06   2.6779E-06   1.00000
FLUX 1199  9460.00        3.169054E+13   2.6549E-06   2.6549E-06   1.00000
FLUX 1200  9500.00        3.155711E+13   2.6322E-06   2.6322E-06   1.00000
FLUX 1201  9540.00        3.142479E+13   2.6098E-06   2.6098E-06   1.00000
FLUX 1202  9580.00        3.129358E+13   2.5877E-06   2.5877E-06   1.00000
FLUX 1203  9620.00        3.116346E+13   2.5659E-06   2.5659E-06   1.00000
FLUX 1204  9660.00        3.103442E+13   2.5443E-06   2.5443E-06   1.00000
FLUX 1205  9700.00        3.090644E+13   2.5230E-06   2.5230E-06   1.00000
FLUX 1206  9740.00        3.077952E+13   2.5020E-06   2.5020E-06   1.00000
FLUX 1207  9780.00        3.065363E+13   2.4812E-06   2.4812E-06   1.00000
FLUX 1208  9820.00        3.052877E+13   2.4607E-06   2.4607E-06   1.00000
FLUX 1209  9860.00        3.040492E+13   2.4404E-06   2.4404E-06   1.00000
FLUX 1210  9900.00        3.028207E+13   2.4204E-06   2.4204E-06   1.00000
FLUX 1211  9940.00        3.016021E+13   2.4006E-06   2.4006E-06   1.00000
FLUX 1212  9980.00        3.003933E+13   2.3811E-06   2.3811E-06   1.00000
FLUX 1213 10020.00        2.991941E+13   2.3618E-06   2.3618E-06   1.00000
FLUX 1214 20000.00        1.498963E+13   5.7669E-07   5.7669E-07   1.00000
FLUX 1215 40000.00        7.494813E+12   1.3972E-07   1.3972E-07   1.00000
FLUX 1216 60000.00        4.996542E+12   6.0900E-08   6.0900E-08   1.00000
FLUX 1217 80000.00        3.747406E+12   3.3772E-08   3.3772E-08   1.00000
FLUX 1218100000.00        2.997925E+12   2.1371E-08   2.1371E-08   1.00000
FLUX 1219120000.00        2.498271E+12   1.4703E-08   1.4703E-08   1.00000
FLUX 1220140000.00        2.141375E+12   1.0715E-08   1.0715E-08   1.00000
FLUX 1221160000.00        1.873703E+12   8.1461E-09   8.1461E-09   1.00000
FLUX
