TEFF   5500.  GRAVITY 5.00000 LTE 
TITLE TEST RUN WITH SDSC OPACITY  VTURB 2 KM/S    L/H 1.25                      
 OPACITY IFOP
FLUX  124    92.50        3.241000E+15   2.9949E-20   7.8193E-20   0.38301
FLUX  125    93.50        3.206337E+15   4.2898E-20   1.1501E-19   0.37299
FLUX  126    94.50        3.172407E+15   6.5538E-20   1.6783E-19   0.39050
FLUX  127    95.50        3.139188E+15   1.0363E-19   2.4306E-19   0.42635
FLUX  128    96.50        3.106658E+15   1.6592E-19   3.4934E-19   0.47496
FLUX  129    97.50        3.074795E+15   2.2065E-19   4.9836E-19   0.44276
FLUX  130    98.50        3.043579E+15   3.3022E-19   7.0584E-19   0.46784
FLUX  131    99.50        3.012990E+15   4.6612E-19   9.9275E-19   0.46952
FLUX  132   100.50        2.983010E+15   7.0843E-19   1.3869E-18   0.51081
FLUX  133   101.50        2.953621E+15   9.9780E-19   1.9248E-18   0.51840
FLUX  134   102.50        2.924805E+15   1.0851E-18   2.6567E-18   0.40845
FLUX  135   103.50        2.896546E+15   2.0685E-18   3.6414E-18   0.56806
FLUX  136   104.50        2.868828E+15   2.9838E-18   4.9622E-18   0.60131
FLUX  137   105.50        2.841635E+15   3.5579E-18   6.7222E-18   0.52928
FLUX  138   106.50        2.814953E+15   5.3523E-18   9.0554E-18   0.59106
FLUX  139   107.50        2.788767E+15   7.3411E-18   1.2132E-17   0.60511
FLUX  140   108.50        2.763065E+15   1.0291E-17   1.6167E-17   0.63653
FLUX  141   109.50        2.737831E+15   1.2415E-17   2.1432E-17   0.57927
FLUX  142   110.50        2.713054E+15   2.0118E-17   4.9609E-17   0.40552
FLUX  143   111.50        2.688722E+15   2.8044E-17   6.4095E-17   0.43753
FLUX  144   112.50        2.664822E+15   4.1016E-17   8.2434E-17   0.49756
FLUX  145   113.50        2.641344E+15   6.3238E-17   1.0555E-16   0.59911
FLUX  146   114.50        2.618275E+15   8.6106E-17   1.3456E-16   0.63989
FLUX  147   115.50        2.595606E+15   1.0836E-16   1.7083E-16   0.63436
FLUX  148   116.50        2.573326E+15   1.4475E-16   2.1596E-16   0.67027
FLUX  149   117.50        2.551426E+15   1.9609E-16   2.7193E-16   0.72111
FLUX  150   118.50        2.529895E+15   2.3158E-16   3.4105E-16   0.67902
FLUX  151   119.50        2.508724E+15   2.4694E-16   4.2612E-16   0.57951
FLUX  152   120.50        2.487905E+15   2.7415E-16   5.3041E-16   0.51687
FLUX  153   121.50        2.467428E+15   7.3697E-17   6.5781E-16   0.11203
FLUX  154   122.50        2.447286E+15   3.9798E-16   8.1405E-16   0.48888
FLUX  155   123.50        2.427470E+15   7.1537E-16   1.0027E-15   0.71344
FLUX  156   124.50        2.407972E+15   9.2848E-16   1.2367E-15   0.75080
FLUX  157   125.50        2.388785E+15   1.1207E-15   1.5126E-15   0.74090
FLUX  158   126.50        2.369901E+15   1.3160E-15   1.8439E-15   0.71370
FLUX  159   127.50        2.351314E+15   1.5960E-15   2.2404E-15   0.71238
FLUX  160   128.50        2.333016E+15   1.7876E-15   2.7134E-15   0.65882
FLUX  161   129.50        2.315000E+15   2.1745E-15   3.2755E-15   0.66385
FLUX  162   130.50        2.297261E+15   2.4620E-15   3.9416E-15   0.62463
FLUX  163   131.50        2.279791E+15   3.0889E-15   4.7280E-15   0.65332
FLUX  164   132.50        2.262585E+15   3.2486E-15   5.6534E-15   0.57462
FLUX  165   133.50        2.245637E+15   3.6433E-15   6.7386E-15   0.54066
FLUX  166   134.50        2.228941E+15   4.4951E-15   8.0069E-15   0.56141
FLUX  167   135.50        2.212491E+15   5.5221E-15   9.4850E-15   0.58219
FLUX  168   136.50        2.196282E+15   5.9841E-15   1.1204E-14   0.53412
FLUX  169   137.50        2.180309E+15   6.5900E-15   1.3196E-14   0.49938
FLUX  170   138.50        2.164567E+15   7.2567E-15   1.5503E-14   0.46808
FLUX  171   139.50        2.149050E+15   8.2650E-15   1.8172E-14   0.45483
FLUX  172   140.50        2.133754E+15   1.0631E-14   2.1467E-14   0.49524
FLUX  173   141.50        2.118675E+15   1.2478E-14   2.5558E-14   0.48822
FLUX  174   142.50        2.103807E+15   1.4893E-14   3.0368E-14   0.49041
FLUX  175   143.50        2.089146E+15   1.8408E-14   3.6015E-14   0.51112
FLUX  176   144.20        2.079005E+15   2.4543E-14   4.0535E-14   0.60547
FLUX  177   144.70        2.071821E+15   2.1763E-14   4.4082E-14   0.49369
FLUX  178   145.50        2.060430E+15   2.6259E-14   5.0358E-14   0.52144
FLUX  179   146.50        2.046365E+15   3.5327E-14   5.9362E-14   0.59512
FLUX  180   147.50        2.032492E+15   4.1091E-14   6.9821E-14   0.58852
FLUX  181   148.50        2.018805E+15   4.4674E-14   8.1937E-14   0.54523
FLUX  182   149.50        2.005301E+15   6.0956E-14   9.5934E-14   0.63540
FLUX  183   150.50        1.991977E+15   7.6993E-14   1.1207E-13   0.68702
FLUX  184   151.20        1.982755E+15   5.6031E-14   1.2478E-13   0.44903
FLUX  185   151.70        1.976220E+15   7.4636E-14   1.3465E-13   0.55428
FLUX  186   152.50        1.965852E+15   2.0724E-13   1.3710E-12   0.15116
FLUX  187   153.50        1.953046E+15   3.6858E-13   1.5444E-12   0.23866
FLUX  188   154.50        1.940405E+15   2.9395E-13   1.7386E-12   0.16907
FLUX  189   155.50        1.927926E+15   5.2987E-13   1.9599E-12   0.27035
FLUX  190   156.50        1.915607E+15   4.9998E-13   2.2142E-12   0.22581
FLUX  191   157.50        1.903444E+15   1.1179E-12   3.9893E-12   0.28023
FLUX  192   158.50        1.891435E+15   1.3726E-12   4.4353E-12   0.30948
FLUX  193   159.50        1.879577E+15   1.6492E-12   4.9246E-12   0.33489
FLUX  194   160.50        1.867866E+15   1.7839E-12   5.4594E-12   0.32676
FLUX  195   161.50        1.856300E+15   1.9791E-12   6.0417E-12   0.32757
FLUX  196   162.50        1.844877E+15   2.2179E-12   7.5382E-12   0.29422
FLUX  197   163.50        1.833593E+15   2.8334E-12   8.3730E-12   0.33840
FLUX  198   164.50        1.822447E+15   4.1777E-12   9.2881E-12   0.44978
FLUX  199   165.50        1.811435E+15   2.9238E-12   1.0290E-11   0.28413
FLUX  200   166.50        1.800556E+15   5.1064E-12   1.1388E-11   0.44839
FLUX  201   167.20        1.793017E+15   3.5812E-12   1.2218E-11   0.29311
FLUX  202   167.70        1.787671E+15   1.2519E-11   6.3870E-11   0.19600
FLUX  203   168.50        1.779184E+15   1.4419E-11   6.9828E-11   0.20649
FLUX  204   169.50        1.768687E+15   1.8071E-11   7.7518E-11   0.23312
FLUX  205   170.50        1.758314E+15   1.9824E-11   8.6152E-11   0.23011
FLUX  206   171.50        1.748061E+15   1.8842E-11   1.7345E-10   0.10863
FLUX  207   172.50        1.737928E+15   2.5496E-11   1.9275E-10   0.13227
FLUX  208   173.50        1.727911E+15   3.0408E-11   2.1143E-10   0.14382
FLUX  209   174.50        1.718009E+15   4.2744E-11   2.3230E-10   0.18400
FLUX  210   175.50        1.708219E+15   5.7082E-11   2.5249E-10   0.22608
FLUX  211   176.50        1.698541E+15   5.4425E-11   2.7353E-10   0.19897
FLUX  212   177.50        1.688972E+15   5.9366E-11   2.9531E-10   0.20103
FLUX  213   178.50        1.679510E+15   8.1911E-11   3.1770E-10   0.25782
FLUX  214   179.50        1.670153E+15   9.3570E-11   3.4109E-10   0.27433
FLUX  215   180.50        1.660900E+15   1.0865E-10   3.6578E-10   0.29704
FLUX  216   181.50        1.651749E+15   1.0324E-10   3.9115E-10   0.26394
FLUX  217   182.50        1.642699E+15   1.3283E-10   4.1782E-10   0.31791
FLUX  218   183.50        1.633747E+15   1.4013E-10   4.4554E-10   0.31452
FLUX  219   184.50        1.624892E+15   1.1042E-10   4.7460E-10   0.23267
FLUX  220   185.50        1.616132E+15   1.5583E-10   5.0587E-10   0.30803
FLUX  221   186.50        1.607466E+15   1.8590E-10   5.3781E-10   0.34566
FLUX  222   187.50        1.598893E+15   2.0310E-10   6.2905E-10   0.32287
FLUX  223   188.50        1.590411E+15   2.2144E-10   6.6255E-10   0.33422
FLUX  224   189.50        1.582018E+15   2.9623E-10   6.9717E-10   0.42490
FLUX  225   190.50        1.573714E+15   2.9172E-10   7.3303E-10   0.39796
FLUX  226   191.50        1.565496E+15   3.3902E-10   7.7073E-10   0.43987
FLUX  227   192.50        1.557364E+15   3.4979E-10   8.1002E-10   0.43183
FLUX  228   193.50        1.549315E+15   2.4782E-10   8.5089E-10   0.29125
FLUX  229   194.50        1.541350E+15   4.4805E-10   8.9442E-10   0.50094
FLUX  230   195.50        1.533465E+15   4.9242E-10   9.4007E-10   0.52382
FLUX  231   196.70        1.524110E+15   6.3177E-10   9.9749E-10   0.63336
FLUX  232   197.60        1.517169E+15   6.3587E-10   1.0438E-09   0.60916
FLUX  233   198.40        1.511051E+15   7.0435E-10   1.1737E-09   0.60012
FLUX  234   199.50        1.502719E+15   7.3164E-10   1.2352E-09   0.59231
FLUX  235   200.50        1.495224E+15   7.2130E-10   1.2957E-09   0.55669
FLUX  236   201.50        1.487804E+15   8.2911E-10   1.3600E-09   0.60964
FLUX  237   202.50        1.480457E+15   6.7385E-10   1.4265E-09   0.47237
FLUX  238   203.50        1.473182E+15   9.4018E-10   1.4959E-09   0.62853
FLUX  239   204.50        1.465978E+15   1.0912E-09   1.5688E-09   0.69559
FLUX  240   205.50        1.458844E+15   1.1787E-09   1.6438E-09   0.71705
FLUX  241   206.50        1.451780E+15   1.1973E-09   1.7210E-09   0.69569
FLUX  242   207.40        1.445480E+15   1.2876E-09   1.7927E-09   0.71822
FLUX  243   207.80        1.442697E+15   3.2848E-09   3.7058E-08   0.08864
FLUX  244   208.50        1.437854E+15   4.0901E-09   3.9125E-08   0.10454
FLUX  245   209.50        1.430990E+15   3.7918E-09   4.1933E-08   0.09043
FLUX  246   210.50        1.424192E+15   3.8997E-09   4.4301E-08   0.08803
FLUX  247   211.50        1.417459E+15   5.1782E-09   4.6092E-08   0.11235
FLUX  248   212.50        1.410788E+15   4.8497E-09   4.7827E-08   0.10140
FLUX  249   213.50        1.404180E+15   5.2331E-09   4.9534E-08   0.10565
FLUX  250   214.50        1.397634E+15   6.6009E-09   5.0913E-08   0.12965
FLUX  251   215.50        1.391148E+15   5.6790E-09   5.2201E-08   0.10879
FLUX  252   216.50        1.384723E+15   5.0473E-09   5.3526E-08   0.09430
FLUX  253   217.50        1.378356E+15   4.7919E-09   5.4908E-08   0.08727
FLUX  254   218.50        1.372048E+15   7.5945E-09   5.6558E-08   0.13428
FLUX  255   219.50        1.365797E+15   7.1944E-09   5.8302E-08   0.12340
FLUX  256   220.50        1.359603E+15   7.8692E-09   6.0154E-08   0.13082
FLUX  257   221.50        1.353465E+15   6.1449E-09   6.2156E-08   0.09886
FLUX  258   222.50        1.347382E+15   8.3856E-09   6.7156E-08   0.12487
FLUX  259   223.50        1.341353E+15   1.2941E-08   6.9606E-08   0.18592
FLUX  260   224.50        1.335379E+15   1.2572E-08   7.2164E-08   0.17422
FLUX  261   225.50        1.329457E+15   8.9580E-09   9.7161E-08   0.09220
FLUX  262   226.50        1.323587E+15   7.0581E-09   9.9323E-08   0.07106
FLUX  263   227.50        1.317769E+15   7.1500E-09   1.0145E-07   0.07048
FLUX  264   228.50        1.312002E+15   1.2970E-08   1.0354E-07   0.12526
FLUX  265   229.50        1.306285E+15   9.9528E-09   1.0561E-07   0.09424
FLUX  266   230.50        1.300618E+15   1.2814E-08   1.0753E-07   0.11917
FLUX  267   231.50        1.295000E+15   1.2095E-08   1.0944E-07   0.11051
FLUX  268   232.50        1.289430E+15   1.1513E-08   1.1135E-07   0.10339
FLUX  269   233.50        1.283908E+15   1.2098E-08   1.1912E-07   0.10156
FLUX  270   234.50        1.278433E+15   8.0782E-09   1.2083E-07   0.06686
FLUX  271   235.50        1.273004E+15   1.4155E-08   1.2254E-07   0.11551
FLUX  272   236.50        1.267622E+15   9.6053E-09   1.2425E-07   0.07731
FLUX  273   237.50        1.262284E+15   1.1922E-08   1.2599E-07   0.09463
FLUX  274   238.50        1.256992E+15   8.4634E-09   1.2786E-07   0.06619
FLUX  275   239.50        1.251743E+15   1.0419E-08   1.2969E-07   0.08034
FLUX  276   240.50        1.246538E+15   1.1656E-08   1.3155E-07   0.08861
FLUX  277   241.50        1.241377E+15   1.1127E-08   1.3346E-07   0.08337
FLUX  278   242.50        1.236258E+15   1.9684E-08   1.3541E-07   0.14536
FLUX  279   243.50        1.231181E+15   2.0435E-08   1.3741E-07   0.14871
FLUX  280   244.50        1.226145E+15   2.5999E-08   1.4829E-07   0.17533
FLUX  281   245.50        1.221151E+15   2.9046E-08   1.4995E-07   0.19371
FLUX  282   246.50        1.216197E+15   2.1158E-08   1.5162E-07   0.13955
FLUX  283   247.50        1.211283E+15   1.7813E-08   1.5329E-07   0.11620
FLUX  284   248.50        1.206408E+15   7.7209E-09   1.5498E-07   0.04982
FLUX  285   249.50        1.201573E+15   1.1681E-08   1.5670E-07   0.07454
FLUX  286   250.50        1.196776E+15   1.9577E-08   1.6538E-07   0.11838
FLUX  287   251.30        1.192967E+15   9.9220E-09   1.6645E-07   0.05961
FLUX  288   251.80        1.190598E+15   7.0141E-09   8.1329E-07   0.00862
FLUX  289   252.50        1.187297E+15   8.0944E-09   8.2324E-07   0.00983
FLUX  290   253.50        1.182613E+15   1.8098E-08   8.3743E-07   0.02161
FLUX  291   254.50        1.177967E+15   1.7718E-08   8.5161E-07   0.02081
FLUX  292   255.50        1.173356E+15   4.8668E-08   8.6593E-07   0.05620
FLUX  293   256.50        1.168782E+15   3.4146E-08   8.8041E-07   0.03878
FLUX  294   257.50        1.164243E+15   5.2263E-08   8.9507E-07   0.05839
FLUX  295   258.50        1.159739E+15   4.7291E-08   9.0989E-07   0.05197
FLUX  296   259.50        1.155270E+15   4.4785E-08   9.2486E-07   0.04842
FLUX  297   260.50        1.150835E+15   3.9514E-08   9.4002E-07   0.04204
FLUX  298   261.50        1.146434E+15   3.5010E-08   9.5534E-07   0.03665
FLUX  299   262.50        1.142067E+15   4.9543E-08   9.7086E-07   0.05103
FLUX  300   263.50        1.137732E+15   1.0386E-07   1.0038E-06   0.10346
FLUX  301   264.50        1.133431E+15   1.3359E-07   1.0192E-06   0.13107
FLUX  302   265.50        1.129162E+15   2.2799E-07   1.0348E-06   0.22032
FLUX  303   266.50        1.124925E+15   1.2309E-07   1.0506E-06   0.11716
FLUX  304   267.50        1.120720E+15   1.4538E-07   1.0665E-06   0.13631
FLUX  305   268.50        1.116546E+15   1.8836E-07   1.0827E-06   0.17397
FLUX  306   269.50        1.112403E+15   1.0801E-07   1.0989E-06   0.09828
FLUX  307   270.50        1.108290E+15   1.5008E-07   1.1351E-06   0.13221
FLUX  308   271.50        1.104208E+15   9.5996E-08   1.1506E-06   0.08343
FLUX  309   272.50        1.100156E+15   5.4011E-08   1.1663E-06   0.04631
FLUX  310   273.50        1.096133E+15   8.5496E-08   1.1820E-06   0.07233
FLUX  311   274.50        1.092140E+15   5.5569E-08   1.1978E-06   0.04639
FLUX  312   275.50        1.088176E+15   8.3482E-08   1.2138E-06   0.06878
FLUX  313   276.50        1.084241E+15   1.1661E-07   1.2297E-06   0.09483
FLUX  314   277.50        1.080333E+15   1.1639E-07   1.2457E-06   0.09343
FLUX  315   278.50        1.076454E+15   6.6312E-08   1.2619E-06   0.05255
FLUX  316   279.50        1.072603E+15   3.2098E-08   1.2782E-06   0.02511
FLUX  317   280.50        1.068779E+15   3.9596E-08   1.2946E-06   0.03058
FLUX  318   281.50        1.064982E+15   1.0507E-07   1.3112E-06   0.08013
FLUX  319   282.50        1.061212E+15   1.4099E-07   1.3281E-06   0.10616
FLUX  320   283.50        1.057469E+15   1.0579E-07   1.3452E-06   0.07864
FLUX  321   284.50        1.053752E+15   5.7238E-08   1.3624E-06   0.04201
FLUX  322   285.50        1.050061E+15   3.1363E-08   1.3797E-06   0.02273
FLUX  323   286.50        1.046396E+15   8.2251E-08   1.3972E-06   0.05887
FLUX  324   287.50        1.042757E+15   1.7162E-07   1.4148E-06   0.12130
FLUX  325   288.50        1.039142E+15   1.7931E-07   1.4325E-06   0.12518
FLUX  326   289.50        1.035553E+15   2.8622E-07   1.4501E-06   0.19739
FLUX  327   291.00        1.030215E+15   4.6306E-07   1.4897E-06   0.31083
FLUX  328   293.00        1.023183E+15   4.3333E-07   1.5241E-06   0.28431
FLUX  329   295.00        1.016246E+15   4.2388E-07   1.5616E-06   0.27144
FLUX  330   297.00        1.009402E+15   4.6789E-07   1.5961E-06   0.29314
FLUX  331   299.00        1.002651E+15   4.9928E-07   1.6309E-06   0.30613
FLUX  332   301.00        9.959884E+14   5.0117E-07   1.6661E-06   0.30080
FLUX  333   303.00        9.894142E+14   5.7551E-07   1.7015E-06   0.33823
FLUX  334   305.00        9.829262E+14   5.8491E-07   1.7367E-06   0.33680
FLUX  335   307.00        9.765228E+14   5.8296E-07   1.7719E-06   0.32900
FLUX  336   309.00        9.702023E+14   4.5379E-07   1.8185E-06   0.24954
FLUX  337   311.00        9.639630E+14   6.1267E-07   1.8520E-06   0.33081
FLUX  338   313.00        9.578035E+14   5.4948E-07   1.8884E-06   0.29098
FLUX  339   315.00        9.517222E+14   5.3561E-07   1.9205E-06   0.27889
FLUX  340   317.00        9.457177E+14   6.1535E-07   1.9523E-06   0.31520
FLUX  341   319.00        9.397884E+14   5.3665E-07   1.9841E-06   0.27048
FLUX  342   321.00        9.339330E+14   5.9501E-07   2.0160E-06   0.29514
FLUX  343   323.00        9.281502E+14   5.1065E-07   2.0507E-06   0.24901
FLUX  344   325.00        9.224385E+14   7.6431E-07   2.0813E-06   0.36722
FLUX  345   327.00        9.167966E+14   9.2589E-07   2.1118E-06   0.43844
FLUX  346   329.00        9.112234E+14   8.9388E-07   2.1441E-06   0.41690
FLUX  347   331.00        9.057175E+14   8.1667E-07   2.1741E-06   0.37563
FLUX  348   333.00        9.002778E+14   8.5014E-07   2.2037E-06   0.38578
FLUX  349   335.00        8.949030E+14   8.3969E-07   2.2327E-06   0.37609
FLUX  350   337.00        8.895920E+14   5.6922E-07   2.2627E-06   0.25156
FLUX  351   339.00        8.843437E+14   7.0219E-07   2.2935E-06   0.30616
FLUX  352   341.00        8.791569E+14   7.2062E-07   2.3227E-06   0.31025
FLUX  353   343.00        8.740306E+14   7.9462E-07   2.3514E-06   0.33794
FLUX  354   345.00        8.689638E+14   9.2524E-07   2.3812E-06   0.38855
FLUX  355   347.00        8.639553E+14   9.9671E-07   2.4117E-06   0.41328
FLUX  356   349.00        8.590043E+14   1.1248E-06   2.4419E-06   0.46061
FLUX  357   351.00        8.541097E+14   1.1741E-06   2.4720E-06   0.47495
FLUX  358   353.00        8.492705E+14   1.0614E-06   2.5019E-06   0.42423
FLUX  359   355.00        8.444859E+14   1.2066E-06   2.5332E-06   0.47634
FLUX  360   357.00        8.397549E+14   9.4620E-07   2.5668E-06   0.36863
FLUX  361   359.00        8.350766E+14   9.5779E-07   2.6003E-06   0.36833
FLUX  362   361.00        8.304501E+14   1.1638E-06   2.6339E-06   0.44186
FLUX  363   363.00        8.258747E+14   1.1524E-06   2.6674E-06   0.43203
FLUX  364   364.00        8.236058E+14   1.1494E-06   2.6846E-06   0.42815
FLUX  365   365.00        8.213493E+14   1.2484E-06   2.9754E-06   0.41959
FLUX  366   367.00        8.168733E+14   1.3858E-06   3.0150E-06   0.45963
FLUX  367   369.00        8.124458E+14   1.2080E-06   3.0545E-06   0.39547
FLUX  368   371.00        8.080660E+14   1.2553E-06   3.0945E-06   0.40564
FLUX  369   373.00        8.037332E+14   7.4048E-07   3.1338E-06   0.23629
FLUX  370   375.00        7.994467E+14   8.7638E-07   3.1729E-06   0.27621
FLUX  371   377.00        7.952056E+14   1.2550E-06   3.2350E-06   0.38796
FLUX  372   379.00        7.910092E+14   1.3193E-06   3.2777E-06   0.40250
FLUX  373   381.00        7.868570E+14   1.1934E-06   3.3203E-06   0.35943
FLUX  374   383.00        7.827480E+14   5.6428E-07   3.3625E-06   0.16782
FLUX  375   385.00        7.786818E+14   9.1047E-07   3.4045E-06   0.26743
FLUX  376   387.00        7.746576E+14   8.8656E-07   3.4462E-06   0.25726
FLUX  377   389.00        7.706748E+14   1.1972E-06   3.4905E-06   0.34299
FLUX  378   391.00        7.667327E+14   1.5191E-06   3.5351E-06   0.42972
FLUX  379   393.00        7.628308E+14   7.6014E-07   3.5792E-06   0.21237
FLUX  380   395.00        7.589684E+14   1.3832E-06   3.6229E-06   0.38179
FLUX  381   397.00        7.551448E+14   9.8617E-07   3.6662E-06   0.26899
FLUX  382   399.00        7.513596E+14   2.1016E-06   3.7090E-06   0.56663
FLUX  383   401.00        7.476122E+14   2.2638E-06   3.7533E-06   0.60315
FLUX  384   403.00        7.439020E+14   2.2787E-06   3.7987E-06   0.59987
FLUX  385   405.00        7.402284E+14   2.1604E-06   3.8432E-06   0.56213
FLUX  386   407.00        7.365909E+14   2.0327E-06   3.8871E-06   0.52295
FLUX  387   409.00        7.329890E+14   2.5858E-06   3.9302E-06   0.65791
FLUX  388   411.00        7.294221E+14   2.5534E-06   3.9727E-06   0.64272
FLUX  389   413.00        7.258898E+14   2.5009E-06   4.0146E-06   0.62295
FLUX  390   415.00        7.223916E+14   2.4630E-06   4.0577E-06   0.60698
FLUX  391   417.00        7.189269E+14   2.6080E-06   4.1007E-06   0.63598
FLUX  392   419.00        7.154952E+14   2.4134E-06   4.1424E-06   0.58260
FLUX  393   421.00        7.120962E+14   2.4887E-06   4.1833E-06   0.59492
FLUX  394   423.00        7.087293E+14   2.3301E-06   4.2235E-06   0.55169
FLUX  395   425.00        7.053941E+14   2.4250E-06   4.2631E-06   0.56883
FLUX  396   427.00        7.020902E+14   2.2396E-06   4.3020E-06   0.52060
FLUX  397   429.00        6.988170E+14   2.1008E-06   4.3406E-06   0.48399
FLUX  398   431.00        6.955742E+14   1.7700E-06   4.3787E-06   0.40423
FLUX  399   433.00        6.923614E+14   2.7586E-06   4.4163E-06   0.62464
FLUX  400   435.00        6.891782E+14   2.7359E-06   4.4537E-06   0.61430
FLUX  401   437.00        6.860240E+14   3.0011E-06   4.4902E-06   0.66837
FLUX  402   439.00        6.828986E+14   2.6596E-06   4.5263E-06   0.58759
FLUX  403   441.00        6.798016E+14   2.8993E-06   4.5619E-06   0.63554
FLUX  404   443.00        6.767325E+14   3.2515E-06   4.5971E-06   0.70730
FLUX  405   445.00        6.736910E+14   3.2288E-06   4.6321E-06   0.69705
FLUX  406   447.00        6.706767E+14   3.4976E-06   4.6667E-06   0.74948
FLUX  407   449.00        6.676893E+14   3.5818E-06   4.7009E-06   0.76195
FLUX  408   451.00        6.647284E+14   4.0655E-06   4.7347E-06   0.85866
FLUX  409   453.00        6.617936E+14   3.6363E-06   4.7683E-06   0.76260
FLUX  410   455.00        6.588846E+14   3.8585E-06   4.8016E-06   0.80360
FLUX  411   457.00        6.560011E+14   4.1372E-06   4.8345E-06   0.85577
FLUX  412   459.00        6.531427E+14   3.9296E-06   4.8672E-06   0.80737
FLUX  413   461.00        6.503091E+14   4.0324E-06   4.8996E-06   0.82302
FLUX  414   463.00        6.475000E+14   4.0302E-06   4.9317E-06   0.81721
FLUX  415   465.00        6.447151E+14   4.0885E-06   4.9633E-06   0.82375
FLUX  416   467.00        6.419540E+14   4.2764E-06   4.9946E-06   0.85620
FLUX  417   469.00        6.392164E+14   4.2042E-06   5.0258E-06   0.83652
FLUX  418   471.00        6.365021E+14   4.1280E-06   5.0568E-06   0.81632
FLUX  419   473.00        6.338108E+14   4.3305E-06   5.0877E-06   0.85117
FLUX  420   475.00        6.311421E+14   4.4348E-06   5.1184E-06   0.86644
FLUX  421   477.00        6.284958E+14   4.4898E-06   5.1492E-06   0.87194
FLUX  422   479.00        6.258716E+14   4.5157E-06   5.1794E-06   0.87185
FLUX  423   481.00        6.232692E+14   4.5121E-06   5.2093E-06   0.86617
FLUX  424   483.00        6.206884E+14   4.6327E-06   5.2389E-06   0.88429
FLUX  425   485.00        6.181289E+14   4.3991E-06   5.2683E-06   0.83503
FLUX  426   487.00        6.155903E+14   3.9399E-06   5.2974E-06   0.74373
FLUX  427   489.00        6.130726E+14   4.4156E-06   5.3264E-06   0.82899
FLUX  428   491.00        6.105754E+14   4.4889E-06   5.3552E-06   0.83823
FLUX  429   493.00        6.080984E+14   4.3915E-06   5.3837E-06   0.81570
FLUX  430   495.00        6.056414E+14   4.6251E-06   5.4121E-06   0.85459
FLUX  431   497.00        6.032042E+14   4.7275E-06   5.4402E-06   0.86900
FLUX  432   499.00        6.007866E+14   4.4144E-06   5.4681E-06   0.80730
FLUX  433   501.00        5.983882E+14   4.2408E-06   5.4958E-06   0.77163
FLUX  434   503.00        5.960089E+14   4.5546E-06   5.5232E-06   0.82462
FLUX  435   505.00        5.936485E+14   4.5665E-06   5.5504E-06   0.82274
FLUX  436   507.00        5.913067E+14   4.8170E-06   5.5772E-06   0.86369
FLUX  437   509.00        5.889833E+14   4.6452E-06   5.6039E-06   0.82893
FLUX  438   511.00        5.866781E+14   4.7518E-06   5.6303E-06   0.84397
FLUX  439   513.00        5.843908E+14   4.6711E-06   5.6565E-06   0.82579
FLUX  440   515.00        5.821214E+14   4.4848E-06   5.6825E-06   0.78922
FLUX  441   517.00        5.798694E+14   3.8602E-06   5.7083E-06   0.67624
FLUX  442   519.00        5.776349E+14   4.0031E-06   5.7339E-06   0.69815
FLUX  443   521.00        5.754175E+14   4.6271E-06   5.7593E-06   0.80342
FLUX  444   523.00        5.732170E+14   4.8136E-06   5.7845E-06   0.83215
FLUX  445   525.00        5.710333E+14   5.1291E-06   5.8094E-06   0.88289
FLUX  446   527.00        5.688662E+14   4.4297E-06   5.8342E-06   0.75926
FLUX  447   529.00        5.667155E+14   5.1489E-06   5.8587E-06   0.87884
FLUX  448   531.00        5.645810E+14   5.4411E-06   5.8831E-06   0.92488
FLUX  449   533.00        5.624625E+14   4.8312E-06   5.9072E-06   0.81784
FLUX  450   535.00        5.603598E+14   5.3108E-06   5.9312E-06   0.89541
FLUX  451   537.00        5.582728E+14   5.2589E-06   5.9550E-06   0.88312
FLUX  452   539.00        5.562013E+14   5.2490E-06   5.9817E-06   0.87751
FLUX  453   541.00        5.541451E+14   5.0999E-06   6.0050E-06   0.84927
FLUX  454   543.00        5.521041E+14   5.2829E-06   6.0282E-06   0.87635
FLUX  455   545.00        5.500780E+14   5.4492E-06   6.0512E-06   0.90052
FLUX  456   547.00        5.480667E+14   5.4471E-06   6.0740E-06   0.89679
FLUX  457   549.00        5.460701E+14   5.5617E-06   6.0966E-06   0.91227
FLUX  458   551.00        5.440880E+14   5.5226E-06   6.1190E-06   0.90253
FLUX  459   553.00        5.421203E+14   5.6243E-06   6.1412E-06   0.91582
FLUX  460   555.00        5.401667E+14   5.7302E-06   6.1633E-06   0.92972
FLUX  461   557.00        5.382271E+14   5.5739E-06   6.1852E-06   0.90117
FLUX  462   559.00        5.363014E+14   5.4901E-06   6.2069E-06   0.88451
FLUX  463   561.00        5.343895E+14   5.7340E-06   6.2285E-06   0.92060
FLUX  464   563.00        5.324911E+14   5.7932E-06   6.2536E-06   0.92638
FLUX  465   565.00        5.306062E+14   5.8709E-06   6.2749E-06   0.93561
FLUX  466   567.00        5.287346E+14   5.7714E-06   6.2959E-06   0.91671
FLUX  467   569.00        5.268761E+14   5.8845E-06   6.3166E-06   0.93160
FLUX  468   571.00        5.250306E+14   5.7822E-06   6.3373E-06   0.91242
FLUX  469   573.00        5.231981E+14   6.2021E-06   6.3578E-06   0.97551
FLUX  470   575.00        5.213783E+14   6.0458E-06   6.3781E-06   0.94790
FLUX  471   577.00        5.195711E+14   6.1345E-06   6.3982E-06   0.95878
FLUX  472   579.00        5.177763E+14   6.0047E-06   6.4182E-06   0.93558
FLUX  473   581.00        5.159940E+14   6.1841E-06   6.4379E-06   0.96058
FLUX  474   583.00        5.142238E+14   6.3257E-06   6.4575E-06   0.97959
FLUX  475   585.00        5.124658E+14   6.2123E-06   6.4769E-06   0.95914
FLUX  476   587.00        5.107198E+14   6.2604E-06   6.4962E-06   0.96370
FLUX  477   589.00        5.089856E+14   5.7516E-06   6.5152E-06   0.88280
FLUX  478   591.00        5.072631E+14   6.2659E-06   6.5341E-06   0.95896
FLUX  479   593.00        5.055523E+14   6.2958E-06   6.5528E-06   0.96078
FLUX  480   595.00        5.038529E+14   6.3557E-06   6.5713E-06   0.96718
FLUX  481   597.00        5.021650E+14   6.4180E-06   6.5897E-06   0.97394
FLUX  482   599.00        5.004883E+14   6.3907E-06   6.6079E-06   0.96714
FLUX  483   601.00        4.988228E+14   6.3157E-06   6.6259E-06   0.95319
FLUX  484   603.00        4.971683E+14   6.4031E-06   6.6437E-06   0.96379
FLUX  485   605.00        4.955248E+14   6.5593E-06   6.6614E-06   0.98468
FLUX  486   607.00        4.938921E+14   6.5363E-06   6.6789E-06   0.97866
FLUX  487   609.00        4.922701E+14   6.4184E-06   6.6962E-06   0.95851
FLUX  488   611.00        4.906588E+14   6.4210E-06   6.7133E-06   0.95645
FLUX  489   613.00        4.890579E+14   6.1796E-06   6.7303E-06   0.91818
FLUX  490   615.00        4.874675E+14   6.3841E-06   6.7471E-06   0.94619
FLUX  491   617.00        4.858874E+14   6.1317E-06   6.7638E-06   0.90655
FLUX  492   619.00        4.843174E+14   6.5432E-06   6.7803E-06   0.96503
FLUX  493   621.00        4.827576E+14   6.5833E-06   6.7968E-06   0.96860
FLUX  494   623.00        4.812079E+14   6.4389E-06   6.8129E-06   0.94510
FLUX  495   625.00        4.796680E+14   6.3157E-06   6.8289E-06   0.92485
FLUX  496   627.00        4.781380E+14   6.6013E-06   6.8516E-06   0.96348
FLUX  497   629.00        4.766176E+14   6.6657E-06   6.8672E-06   0.97066
FLUX  498   631.00        4.751070E+14   6.5111E-06   6.8827E-06   0.94600
FLUX  499   633.00        4.736058E+14   6.5854E-06   6.8980E-06   0.95468
FLUX  500   635.00        4.721142E+14   6.6509E-06   6.9138E-06   0.96198
FLUX  501   637.00        4.706319E+14   6.6587E-06   6.9289E-06   0.96101
FLUX  502   639.00        4.691588E+14   6.7305E-06   6.9437E-06   0.96930
FLUX  503   641.00        4.676950E+14   6.5942E-06   6.9584E-06   0.94766
FLUX  504   643.00        4.662403E+14   6.7132E-06   6.9728E-06   0.96276
FLUX  505   645.00        4.647946E+14   6.6721E-06   6.9871E-06   0.95491
FLUX  506   647.00        4.633578E+14   6.6580E-06   7.0013E-06   0.95097
FLUX  507   649.00        4.619299E+14   6.6051E-06   7.0152E-06   0.94154
FLUX  508   651.00        4.605108E+14   6.7985E-06   7.0302E-06   0.96704
FLUX  509   653.00        4.591003E+14   6.8285E-06   7.0439E-06   0.96941
FLUX  510   655.00        4.576985E+14   6.5838E-06   7.0648E-06   0.93192
FLUX  511   657.00        4.563052E+14   5.9358E-06   7.0782E-06   0.83861
FLUX  512   659.00        4.549203E+14   6.7505E-06   7.0915E-06   0.95192
FLUX  513   661.00        4.535439E+14   6.9329E-06   7.1046E-06   0.97583
FLUX  514   663.00        4.521757E+14   6.9193E-06   7.1176E-06   0.97214
FLUX  515   665.00        4.508158E+14   6.9433E-06   7.1304E-06   0.97375
FLUX  516   667.00        4.494640E+14   6.8857E-06   7.1431E-06   0.96396
FLUX  517   669.00        4.481203E+14   7.0359E-06   7.1557E-06   0.98326
FLUX  518   671.00        4.467846E+14   6.9046E-06   7.1681E-06   0.96324
FLUX  519   673.00        4.454569E+14   7.0442E-06   7.1804E-06   0.98104
FLUX  520   675.00        4.441370E+14   7.0049E-06   7.1925E-06   0.97392
FLUX  521   677.00        4.428250E+14   7.0513E-06   7.2045E-06   0.97874
FLUX  522   679.00        4.415206E+14   7.0365E-06   7.2164E-06   0.97508
FLUX  523   681.00        4.402239E+14   7.0349E-06   7.2281E-06   0.97328
FLUX  524   683.00        4.389348E+14   7.1097E-06   7.2397E-06   0.98205
FLUX  525   685.00        4.376533E+14   6.9703E-06   7.2511E-06   0.96127
FLUX  526   687.00        4.363792E+14   7.0885E-06   7.2625E-06   0.97605
FLUX  527   689.00        4.351125E+14   7.1396E-06   7.2737E-06   0.98156
FLUX  528   691.00        4.338531E+14   7.1148E-06   7.2847E-06   0.97667
FLUX  529   693.00        4.326010E+14   7.1270E-06   7.2957E-06   0.97688
FLUX  530   695.00        4.313561E+14   7.1266E-06   7.3065E-06   0.97538
FLUX  531   697.00        4.301184E+14   7.1613E-06   7.3171E-06   0.97872
FLUX  532   699.00        4.288877E+14   7.1649E-06   7.3275E-06   0.97781
FLUX  533   701.00        4.276641E+14   7.0180E-06   7.3379E-06   0.95641
FLUX  534   703.00        4.264474E+14   7.1447E-06   7.3481E-06   0.97231
FLUX  535   705.00        4.252376E+14   7.2000E-06   7.3582E-06   0.97849
FLUX  536   707.00        4.240347E+14   7.1590E-06   7.3682E-06   0.97160
FLUX  537   709.00        4.228385E+14   7.1573E-06   7.3781E-06   0.97008
FLUX  538   711.00        4.216491E+14   7.2314E-06   7.3878E-06   0.97882
FLUX  539   713.00        4.204663E+14   7.1318E-06   7.3974E-06   0.96410
FLUX  540   715.00        4.192902E+14   7.1103E-06   7.4069E-06   0.95996
FLUX  541   717.00        4.181206E+14   7.1688E-06   7.4163E-06   0.96663
FLUX  542   719.00        4.169576E+14   6.9973E-06   7.4255E-06   0.94234
FLUX  543   721.00        4.158010E+14   7.1620E-06   7.4346E-06   0.96333
FLUX  544   723.00        4.146508E+14   7.2327E-06   7.4436E-06   0.97167
FLUX  545   725.00        4.135069E+14   7.2730E-06   7.4569E-06   0.97533
FLUX  546   727.00        4.123693E+14   7.2806E-06   7.4657E-06   0.97521
FLUX  547   729.00        4.112380E+14   7.1180E-06   7.4743E-06   0.95233
FLUX  548   731.00        4.101129E+14   7.2546E-06   7.4924E-06   0.96825
FLUX  549   733.00        4.089939E+14   7.2563E-06   7.5009E-06   0.96740
FLUX  550   735.00        4.078810E+14   7.3056E-06   7.5092E-06   0.97288
FLUX  551   737.00        4.067741E+14   7.3491E-06   7.5174E-06   0.97761
FLUX  552   739.00        4.056732E+14   7.1981E-06   7.5255E-06   0.95650
FLUX  553   741.00        4.045783E+14   7.0611E-06   7.5334E-06   0.93731
FLUX  554   743.00        4.034892E+14   7.2657E-06   7.5413E-06   0.96346
FLUX  555   745.00        4.024060E+14   7.2968E-06   7.5490E-06   0.96658
FLUX  556   747.00        4.013286E+14   7.3765E-06   7.5567E-06   0.97616
FLUX  557   749.00        4.002570E+14   7.3392E-06   7.5642E-06   0.97026
FLUX  558   751.00        3.991911E+14   7.3600E-06   7.5716E-06   0.97205
FLUX  559   753.00        3.981308E+14   7.4126E-06   7.5790E-06   0.97805
FLUX  560   755.00        3.970762E+14   7.4540E-06   7.5862E-06   0.98257
FLUX  561   757.00        3.960271E+14   7.4157E-06   7.5934E-06   0.97660
FLUX  562   759.00        3.949835E+14   7.4124E-06   7.6004E-06   0.97526
FLUX  563   761.00        3.939455E+14   7.4141E-06   7.6073E-06   0.97460
FLUX  564   763.00        3.929128E+14   7.4580E-06   7.6142E-06   0.97949
FLUX  565   765.00        3.918856E+14   7.4832E-06   7.6209E-06   0.98193
FLUX  566   767.00        3.908638E+14   7.2778E-06   7.6275E-06   0.95415
FLUX  567   769.00        3.898472E+14   7.5008E-06   7.6341E-06   0.98254
FLUX  568   771.00        3.888359E+14   7.4162E-06   7.6405E-06   0.97064
FLUX  569   773.00        3.878299E+14   7.4665E-06   7.6469E-06   0.97641
FLUX  570   775.00        3.868290E+14   7.3922E-06   7.6532E-06   0.96590
FLUX  571   777.00        3.858333E+14   7.5536E-06   7.6594E-06   0.98618
FLUX  572   779.00        3.848427E+14   7.5554E-06   7.6655E-06   0.98564
FLUX  573   781.00        3.838572E+14   7.5460E-06   7.6715E-06   0.98364
FLUX  574   783.00        3.828768E+14   7.4850E-06   7.6775E-06   0.97493
FLUX  575   785.00        3.819013E+14   7.4938E-06   7.6833E-06   0.97534
FLUX  576   787.00        3.809307E+14   7.5984E-06   7.6891E-06   0.98820
FLUX  577   789.00        3.799651E+14   7.5819E-06   7.6947E-06   0.98534
FLUX  578   791.00        3.790044E+14   7.5026E-06   7.7003E-06   0.97432
FLUX  579   793.00        3.780485E+14   7.4040E-06   7.7058E-06   0.96084
FLUX  580   795.00        3.770975E+14   7.4107E-06   7.7112E-06   0.96103
FLUX  581   797.00        3.761512E+14   7.5834E-06   7.7165E-06   0.98274
FLUX  582   799.00        3.752096E+14   7.6101E-06   7.7218E-06   0.98554
FLUX  583   801.00        3.742728E+14   7.5212E-06   7.7269E-06   0.97337
FLUX  584   803.00        3.733406E+14   7.5585E-06   7.7320E-06   0.97756
FLUX  585   805.00        3.724130E+14   7.5143E-06   7.7369E-06   0.97123
FLUX  586   807.00        3.714901E+14   7.5966E-06   7.7418E-06   0.98125
FLUX  587   809.00        3.705717E+14   7.4756E-06   7.7466E-06   0.96502
FLUX  588   811.00        3.696578E+14   7.5741E-06   7.7513E-06   0.97714
FLUX  589   813.00        3.687485E+14   7.6250E-06   7.7559E-06   0.98313
FLUX  590   815.00        3.678436E+14   7.6109E-06   7.7604E-06   0.98073
FLUX  591   817.00        3.669431E+14   7.6231E-06   7.7649E-06   0.98175
FLUX  592   819.00        3.660470E+14   7.3889E-06   7.7692E-06   0.95104
FLUX  593   821.00        3.651553E+14   7.4751E-06   7.7825E-06   0.96050
FLUX  594   823.00        3.642679E+14   7.4791E-06   7.7866E-06   0.96050
FLUX  595   825.00        3.633848E+14   7.5804E-06   7.7907E-06   0.97301
FLUX  596   827.00        3.625060E+14   7.6670E-06   7.7947E-06   0.98362
FLUX  597   829.00        3.616315E+14   7.6505E-06   7.7986E-06   0.98101
FLUX  598   831.00        3.607611E+14   7.5385E-06   7.8024E-06   0.96618
FLUX  599   833.00        3.598950E+14   7.4912E-06   7.8062E-06   0.95965
FLUX  600   835.00        3.590329E+14   7.5782E-06   7.8099E-06   0.97033
FLUX  601   837.00        3.581750E+14   7.6289E-06   7.8135E-06   0.97637
FLUX  602   839.00        3.573212E+14   7.4665E-06   7.8170E-06   0.95516
FLUX  603   841.00        3.564715E+14   7.6546E-06   7.8205E-06   0.97878
FLUX  604   843.00        3.556257E+14   7.5265E-06   7.8239E-06   0.96199
FLUX  605   845.00        3.547840E+14   7.6277E-06   7.8272E-06   0.97450
FLUX  606   847.00        3.539463E+14   7.5703E-06   7.8305E-06   0.96677
FLUX  607   849.00        3.531125E+14   7.6405E-06   7.8337E-06   0.97534
FLUX  608   851.00        3.522826E+14   7.3493E-06   7.8368E-06   0.93779
FLUX  609   853.00        3.514566E+14   7.6797E-06   7.8398E-06   0.97957
FLUX  610   855.00        3.506345E+14   7.2854E-06   7.8428E-06   0.92893
FLUX  611   857.00        3.498162E+14   7.7452E-06   7.8457E-06   0.98718
FLUX  612   859.00        3.490017E+14   7.6063E-06   7.8486E-06   0.96914
FLUX  613   861.00        3.481911E+14   7.6162E-06   7.8514E-06   0.97004
FLUX  614   863.00        3.473841E+14   7.7091E-06   7.8541E-06   0.98155
FLUX  615   865.00        3.465809E+14   7.7432E-06   7.8567E-06   0.98555
FLUX  616   867.00        3.457814E+14   7.2288E-06   7.8593E-06   0.91978
FLUX  617   869.00        3.449856E+14   7.5082E-06   7.8618E-06   0.95502
FLUX  618   871.00        3.441935E+14   7.6523E-06   7.8643E-06   0.97304
FLUX  619   873.00        3.434049E+14   7.6827E-06   7.8667E-06   0.97661
FLUX  620   875.00        3.426200E+14   7.5999E-06   7.8690E-06   0.96580
FLUX  621   877.00        3.418387E+14   7.7253E-06   7.8713E-06   0.98145
FLUX  622   879.00        3.410609E+14   7.6820E-06   7.8735E-06   0.97568
FLUX  623   881.00        3.402866E+14   7.4678E-06   7.8757E-06   0.94820
FLUX  624   883.00        3.395159E+14   7.6510E-06   7.8778E-06   0.97121
FLUX  625   885.00        3.387486E+14   7.7066E-06   7.8799E-06   0.97801
FLUX  626   887.00        3.379848E+14   7.5638E-06   7.8818E-06   0.95965
FLUX  627   889.00        3.372244E+14   7.7658E-06   7.8838E-06   0.98503
FLUX  628   891.00        3.364675E+14   7.8117E-06   7.8856E-06   0.99063
FLUX  629   893.00        3.357139E+14   7.6812E-06   7.8874E-06   0.97386
FLUX  630   895.00        3.349637E+14   7.6910E-06   7.8892E-06   0.97488
FLUX  631   897.00        3.342168E+14   7.7372E-06   7.8909E-06   0.98053
FLUX  632   899.00        3.334733E+14   7.7765E-06   7.8925E-06   0.98530
FLUX  633   901.00        3.327331E+14   7.4623E-06   7.8941E-06   0.94530
FLUX  634   903.00        3.319961E+14   7.7259E-06   7.8956E-06   0.97851
FLUX  635   905.00        3.312624E+14   7.8599E-06   7.8970E-06   0.99530
FLUX  636   907.00        3.305320E+14   7.7641E-06   7.8984E-06   0.98299
FLUX  637   909.00        3.298047E+14   7.5757E-06   7.8997E-06   0.95898
FLUX  638   911.00        3.290807E+14   7.6732E-06   7.9010E-06   0.97116
FLUX  639   913.00        3.283598E+14   7.8041E-06   7.9023E-06   0.98758
FLUX  640   915.00        3.276421E+14   7.7978E-06   7.9034E-06   0.98663
FLUX  641   917.00        3.269275E+14   7.8015E-06   7.9046E-06   0.98696
FLUX  642   919.00        3.262160E+14   7.8736E-06   7.9057E-06   0.99595
FLUX  643   921.00        3.255076E+14   7.7201E-06   7.9067E-06   0.97640
FLUX  644   923.00        3.248023E+14   7.6718E-06   7.9077E-06   0.97018
FLUX  645   925.00        3.241000E+14   7.6907E-06   7.9086E-06   0.97245
FLUX  646   927.00        3.234008E+14   7.7807E-06   7.9096E-06   0.98371
FLUX  647   929.00        3.227045E+14   7.8047E-06   7.9103E-06   0.98665
FLUX  648   931.00        3.220113E+14   7.8564E-06   7.9110E-06   0.99311
FLUX  649   933.00        3.213210E+14   7.8254E-06   7.9116E-06   0.98910
FLUX  650   935.00        3.206337E+14   7.8175E-06   7.9123E-06   0.98802
FLUX  651   937.00        3.199493E+14   7.7854E-06   7.9130E-06   0.98388
FLUX  652   939.00        3.192678E+14   7.8430E-06   7.9136E-06   0.99108
FLUX  653   941.00        3.185893E+14   7.5756E-06   7.9143E-06   0.95720
FLUX  654   943.00        3.179136E+14   7.8275E-06   7.9150E-06   0.98895
FLUX  655   945.00        3.172407E+14   7.7148E-06   7.9156E-06   0.97463
FLUX  656   947.00        3.165707E+14   7.8486E-06   7.9162E-06   0.99145
FLUX  657   949.00        3.159036E+14   7.8874E-06   7.9169E-06   0.99628
FLUX  658   951.00        3.152392E+14   7.8487E-06   7.9175E-06   0.99131
FLUX  659   953.00        3.145776E+14   7.8324E-06   7.9180E-06   0.98920
FLUX  660   955.00        3.139188E+14   7.6502E-06   7.9183E-06   0.96615
FLUX  661   957.00        3.132628E+14   7.7784E-06   7.9186E-06   0.98230
FLUX  662   959.00        3.126095E+14   7.8847E-06   7.9189E-06   0.99569
FLUX  663   961.00        3.119589E+14   7.8206E-06   7.9191E-06   0.98757
FLUX  664   963.00        3.113110E+14   7.7790E-06   7.9193E-06   0.98228
FLUX  665   965.00        3.106658E+14   7.7343E-06   7.9194E-06   0.97663
FLUX  666   967.00        3.100233E+14   7.7601E-06   7.9195E-06   0.97987
FLUX  667   969.00        3.093834E+14   7.8585E-06   7.9196E-06   0.99229
FLUX  668   971.00        3.087461E+14   7.8148E-06   7.9196E-06   0.98676
FLUX  669   973.00        3.081115E+14   7.8229E-06   7.9196E-06   0.98780
FLUX  670   975.00        3.074795E+14   7.7759E-06   7.9196E-06   0.98186
FLUX  671   977.00        3.068501E+14   7.7983E-06   7.9195E-06   0.98470
FLUX  672   979.00        3.062232E+14   7.7644E-06   7.9193E-06   0.98044
FLUX  673   981.00        3.055989E+14   7.8444E-06   7.9192E-06   0.99056
FLUX  674   983.00        3.049771E+14   7.8350E-06   7.9190E-06   0.98939
FLUX  675   985.00        3.043579E+14   7.8637E-06   7.9188E-06   0.99304
FLUX  676   987.00        3.037411E+14   7.8100E-06   7.9185E-06   0.98629
FLUX  677   989.00        3.031269E+14   7.8157E-06   7.9183E-06   0.98705
FLUX  678   991.00        3.025151E+14   7.8244E-06   7.9180E-06   0.98818
FLUX  679   993.00        3.019058E+14   7.8773E-06   7.9176E-06   0.99490
FLUX  680   995.00        3.012990E+14   7.8799E-06   7.9173E-06   0.99528
FLUX  681   997.00        3.006946E+14   7.8820E-06   7.9169E-06   0.99560
FLUX  682   999.00        3.000926E+14   7.8630E-06   7.9165E-06   0.99325
FLUX  683  1002.50        2.990449E+14   7.8451E-06   7.9157E-06   0.99108
FLUX  684  1007.50        2.975608E+14   7.7843E-06   7.9144E-06   0.98356
FLUX  685  1012.50        2.960914E+14   7.8570E-06   7.9131E-06   0.99292
FLUX  686  1017.50        2.946364E+14   7.8055E-06   7.9120E-06   0.98654
FLUX  687  1022.50        2.931956E+14   7.8312E-06   7.9108E-06   0.98993
FLUX  688  1027.50        2.917689E+14   7.8724E-06   7.9095E-06   0.99531
FLUX  689  1032.50        2.903559E+14   7.8001E-06   7.9071E-06   0.98646
FLUX  690  1037.50        2.889566E+14   7.7942E-06   7.9042E-06   0.98609
FLUX  691  1042.50        2.875707E+14   7.8549E-06   7.9014E-06   0.99411
FLUX  692  1047.50        2.861981E+14   7.8066E-06   7.8987E-06   0.98834
FLUX  693  1052.50        2.848385E+14   7.8484E-06   7.8961E-06   0.99397
FLUX  694  1057.50        2.834917E+14   7.8059E-06   7.8933E-06   0.98893
FLUX  695  1062.50        2.821576E+14   7.7893E-06   7.8905E-06   0.98717
FLUX  696  1067.50        2.808361E+14   7.6985E-06   7.8876E-06   0.97602
FLUX  697  1072.50        2.795268E+14   7.7695E-06   7.8847E-06   0.98538
FLUX  698  1077.50        2.782297E+14   7.7219E-06   7.8819E-06   0.97971
FLUX  699  1082.50        2.769446E+14   7.6451E-06   7.8791E-06   0.97030
FLUX  700  1087.50        2.756713E+14   7.6824E-06   7.8763E-06   0.97538
FLUX  701  1092.50        2.744096E+14   7.6840E-06   7.8734E-06   0.97594
FLUX  702  1097.50        2.731595E+14   7.6712E-06   7.8705E-06   0.97467
FLUX  703  1102.50        2.719206E+14   7.7747E-06   7.8676E-06   0.98819
FLUX  704  1107.50        2.706930E+14   7.8119E-06   7.8645E-06   0.99331
FLUX  705  1112.50        2.694764E+14   7.7831E-06   7.8614E-06   0.99004
FLUX  706  1117.50        2.682707E+14   7.7549E-06   7.8583E-06   0.98684
FLUX  707  1122.50        2.670757E+14   7.7925E-06   7.8552E-06   0.99202
FLUX  708  1127.50        2.658914E+14   7.6814E-06   7.8521E-06   0.97826
FLUX  709  1132.50        2.647174E+14   7.7378E-06   7.8491E-06   0.98582
FLUX  710  1137.50        2.635538E+14   7.7183E-06   7.8461E-06   0.98371
FLUX  711  1142.50        2.624004E+14   7.6570E-06   7.8428E-06   0.97630
FLUX  712  1147.50        2.612571E+14   7.7881E-06   7.8395E-06   0.99346
FLUX  713  1152.50        2.601236E+14   7.7868E-06   7.8361E-06   0.99372
FLUX  714  1157.50        2.590000E+14   7.7311E-06   7.8326E-06   0.98705
FLUX  715  1162.50        2.578860E+14   7.6625E-06   7.8291E-06   0.97872
FLUX  716  1167.50        2.567816E+14   7.7006E-06   7.8256E-06   0.98402
FLUX  717  1172.50        2.556866E+14   7.7851E-06   7.8222E-06   0.99526
FLUX  718  1177.50        2.546008E+14   7.6732E-06   7.8188E-06   0.98138
FLUX  719  1182.50        2.535243E+14   7.6394E-06   7.8154E-06   0.97748
FLUX  720  1187.50        2.524568E+14   7.6269E-06   7.8120E-06   0.97631
FLUX  721  1192.50        2.513983E+14   7.7811E-06   7.8086E-06   0.99648
FLUX  722  1197.50        2.503486E+14   7.5291E-06   7.8053E-06   0.96461
FLUX  723  1202.50        2.493077E+14   7.6770E-06   7.8020E-06   0.98398
FLUX  724  1207.50        2.482754E+14   7.6368E-06   7.7986E-06   0.97925
FLUX  725  1212.50        2.472515E+14   7.7017E-06   7.7952E-06   0.98800
FLUX  726  1217.50        2.462361E+14   7.7712E-06   7.7917E-06   0.99737
FLUX  727  1222.50        2.452290E+14   7.7572E-06   7.7882E-06   0.99601
FLUX  728  1227.50        2.442301E+14   7.7163E-06   7.7848E-06   0.99120
FLUX  729  1232.50        2.432394E+14   7.7361E-06   7.7815E-06   0.99416
FLUX  730  1237.50        2.422566E+14   7.7343E-06   7.7783E-06   0.99435
FLUX  731  1242.50        2.412817E+14   7.7046E-06   7.7751E-06   0.99094
FLUX  732  1247.50        2.403146E+14   7.7399E-06   7.7720E-06   0.99588
FLUX  733  1252.50        2.393553E+14   7.7146E-06   7.7689E-06   0.99301
FLUX  734  1257.50        2.384036E+14   7.7216E-06   7.7659E-06   0.99429
FLUX  735  1262.50        2.374594E+14   7.7089E-06   7.7630E-06   0.99304
FLUX  736  1267.50        2.365227E+14   7.6717E-06   7.7601E-06   0.98861
FLUX  737  1272.50        2.355933E+14   7.7203E-06   7.7574E-06   0.99522
FLUX  738  1277.50        2.346712E+14   7.7283E-06   7.7548E-06   0.99657
FLUX  739  1282.50        2.337563E+14   7.3889E-06   7.7523E-06   0.95312
FLUX  740  1287.50        2.328485E+14   7.6721E-06   7.7494E-06   0.99002
FLUX  741  1292.50        2.319478E+14   7.6560E-06   7.7465E-06   0.98832
FLUX  742  1297.50        2.310539E+14   7.7130E-06   7.7446E-06   0.99592
FLUX  743  1302.50        2.301670E+14   7.6564E-06   7.7426E-06   0.98887
FLUX  744  1307.50        2.292868E+14   7.7062E-06   7.7404E-06   0.99559
FLUX  745  1312.50        2.284133E+14   7.5963E-06   7.7381E-06   0.98168
FLUX  746  1317.50        2.275465E+14   7.6017E-06   7.7358E-06   0.98267
FLUX  747  1322.50        2.266862E+14   7.6850E-06   7.7332E-06   0.99376
FLUX  748  1327.50        2.258324E+14   7.6018E-06   7.7307E-06   0.98334
FLUX  749  1332.50        2.249850E+14   7.6457E-06   7.7281E-06   0.98934
FLUX  750  1337.50        2.241439E+14   7.6284E-06   7.7256E-06   0.98741
FLUX  751  1342.50        2.233091E+14   7.6865E-06   7.7232E-06   0.99525
FLUX  752  1347.50        2.224805E+14   7.6656E-06   7.7208E-06   0.99285
FLUX  753  1352.50        2.216580E+14   7.6680E-06   7.7190E-06   0.99340
FLUX  754  1357.50        2.208416E+14   7.5811E-06   7.7172E-06   0.98237
FLUX  755  1362.50        2.200312E+14   7.6059E-06   7.7154E-06   0.98581
FLUX  756  1367.50        2.192267E+14   7.6196E-06   7.7138E-06   0.98779
FLUX  757  1372.50        2.184281E+14   7.6347E-06   7.7121E-06   0.98996
FLUX  758  1377.50        2.176352E+14   7.6208E-06   7.7106E-06   0.98836
FLUX  759  1382.50        2.168481E+14   7.6381E-06   7.7090E-06   0.99079
FLUX  760  1387.50        2.160667E+14   7.6267E-06   7.7076E-06   0.98951
FLUX  761  1392.50        2.152908E+14   7.6432E-06   7.7062E-06   0.99183
FLUX  762  1397.50        2.145206E+14   7.6412E-06   7.7048E-06   0.99174
FLUX  763  1402.50        2.137558E+14   7.5679E-06   7.7036E-06   0.98239
FLUX  764  1407.50        2.129964E+14   7.6338E-06   7.7024E-06   0.99109
FLUX  765  1412.50        2.122425E+14   7.5650E-06   7.7009E-06   0.98235
FLUX  766  1417.50        2.114938E+14   7.6489E-06   7.6994E-06   0.99345
FLUX  767  1422.50        2.107504E+14   7.5274E-06   7.6979E-06   0.97786
FLUX  768  1427.50        2.100123E+14   7.4475E-06   7.6963E-06   0.96767
FLUX  769  1432.50        2.092792E+14   7.5938E-06   7.6946E-06   0.98690
FLUX  770  1437.50        2.085513E+14   7.6401E-06   7.6928E-06   0.99315
FLUX  771  1442.50        2.078284E+14   7.4169E-06   7.6910E-06   0.96436
FLUX  772  1447.50        2.071105E+14   7.6075E-06   7.6892E-06   0.98938
FLUX  773  1452.50        2.063976E+14   7.4783E-06   7.6873E-06   0.97280
FLUX  774  1457.00        2.057601E+14   7.5440E-06   7.6857E-06   0.98156
FLUX  775  1462.00        2.050564E+14   7.5799E-06   7.6993E-06   0.98450
FLUX  776  1467.50        2.042879E+14   7.5889E-06   7.6977E-06   0.98587
FLUX  777  1472.50        2.035942E+14   7.4954E-06   7.6962E-06   0.97391
FLUX  778  1477.50        2.029052E+14   7.5122E-06   7.6946E-06   0.97629
FLUX  779  1482.50        2.022209E+14   7.5272E-06   7.6928E-06   0.97847
FLUX  780  1487.50        2.015412E+14   7.3706E-06   7.6909E-06   0.95835
FLUX  781  1492.50        2.008660E+14   7.5946E-06   7.6889E-06   0.98774
FLUX  782  1497.50        2.001953E+14   7.5034E-06   7.6867E-06   0.97615
FLUX  783  1502.50        1.995291E+14   7.2108E-06   7.6841E-06   0.93841
FLUX  784  1507.50        1.988673E+14   7.3193E-06   7.6810E-06   0.95290
FLUX  785  1512.50        1.982099E+14   7.5182E-06   7.6777E-06   0.97922
FLUX  786  1517.50        1.975568E+14   7.5327E-06   7.6741E-06   0.98157
FLUX  787  1522.50        1.969080E+14   7.4557E-06   7.6701E-06   0.97205
FLUX  788  1527.50        1.962635E+14   7.5155E-06   7.6660E-06   0.98036
FLUX  789  1532.50        1.956232E+14   7.4823E-06   7.6615E-06   0.97661
FLUX  790  1537.50        1.949870E+14   7.4972E-06   7.6566E-06   0.97917
FLUX  791  1542.50        1.943549E+14   7.5212E-06   7.6514E-06   0.98299
FLUX  792  1547.50        1.937270E+14   7.4989E-06   7.6458E-06   0.98080
FLUX  793  1552.50        1.931031E+14   7.4152E-06   7.6398E-06   0.97061
FLUX  794  1557.50        1.924831E+14   7.3997E-06   7.6332E-06   0.96941
FLUX  795  1562.50        1.918672E+14   7.4816E-06   7.6261E-06   0.98106
FLUX  796  1567.50        1.912552E+14   7.3344E-06   7.6183E-06   0.96273
FLUX  797  1572.50        1.906471E+14   7.4201E-06   7.6100E-06   0.97505
FLUX  798  1577.50        1.900428E+14   7.1363E-06   7.6010E-06   0.93886
FLUX  799  1582.50        1.894423E+14   7.3069E-06   7.5912E-06   0.96255
FLUX  800  1587.50        1.888457E+14   7.1171E-06   7.5806E-06   0.93885
FLUX  801  1592.50        1.882527E+14   7.2690E-06   7.5691E-06   0.96035
FLUX  802  1597.50        1.876635E+14   7.3315E-06   7.5568E-06   0.97019
FLUX  803  1605.00        1.867866E+14   7.3084E-06   7.5362E-06   0.96978
FLUX  804  1615.00        1.856300E+14   7.2555E-06   7.5041E-06   0.96687
FLUX  805  1625.00        1.844877E+14   7.2883E-06   7.4662E-06   0.97617
FLUX  806  1635.00        1.833593E+14   7.2066E-06   7.4195E-06   0.97131
FLUX  807  1645.00        1.822447E+14   7.1401E-06   7.3611E-06   0.96997
FLUX  808  1655.00        1.811435E+14   7.1750E-06   7.2950E-06   0.98355
FLUX  809  1665.00        1.800556E+14   7.1272E-06   7.2297E-06   0.98583
FLUX  810  1675.00        1.789806E+14   6.9816E-06   7.1652E-06   0.97438
FLUX  811  1685.00        1.779184E+14   6.8928E-06   7.1014E-06   0.97062
FLUX  812  1695.00        1.768687E+14   6.9900E-06   7.0384E-06   0.99313
FLUX  813  1705.00        1.758314E+14   6.8438E-06   6.9761E-06   0.98104
FLUX  814  1715.00        1.748061E+14   6.8039E-06   6.9145E-06   0.98401
FLUX  815  1725.00        1.737928E+14   6.7105E-06   6.8538E-06   0.97910
FLUX  816  1735.00        1.727911E+14   6.5461E-06   6.7938E-06   0.96355
FLUX  817  1745.00        1.718009E+14   6.5984E-06   6.7345E-06   0.97979
FLUX  818  1755.00        1.708219E+14   6.5877E-06   6.6759E-06   0.98678
FLUX  819  1765.00        1.698541E+14   6.5381E-06   6.6180E-06   0.98791
FLUX  820  1775.00        1.688972E+14   6.4696E-06   6.5609E-06   0.98609
FLUX  821  1785.00        1.679510E+14   6.4456E-06   6.5044E-06   0.99097
FLUX  822  1795.00        1.670153E+14   6.3872E-06   6.4486E-06   0.99047
FLUX  823  1805.00        1.660900E+14   6.3138E-06   6.3935E-06   0.98753
FLUX  824  1815.00        1.651749E+14   6.1531E-06   6.3391E-06   0.97066
FLUX  825  1825.00        1.642699E+14   6.1637E-06   6.2852E-06   0.98067
FLUX  826  1835.00        1.633747E+14   6.1491E-06   6.2316E-06   0.98676
FLUX  827  1845.00        1.624892E+14   6.0480E-06   6.1786E-06   0.97886
FLUX  828  1855.00        1.616132E+14   6.0516E-06   6.1263E-06   0.98780
FLUX  829  1865.00        1.607466E+14   5.9326E-06   6.0746E-06   0.97662
FLUX  830  1875.00        1.598893E+14   5.6619E-06   6.0236E-06   0.93996
FLUX  831  1885.00        1.590411E+14   5.8708E-06   5.9731E-06   0.98286
FLUX  832  1895.00        1.582018E+14   5.7153E-06   5.9233E-06   0.96489
FLUX  833  1905.00        1.573714E+14   5.8063E-06   5.8740E-06   0.98847
FLUX  834  1915.00        1.565496E+14   5.7424E-06   5.8253E-06   0.98577
FLUX  835  1925.00        1.557364E+14   5.7034E-06   5.7772E-06   0.98723
FLUX  836  1935.00        1.549315E+14   5.6022E-06   5.7297E-06   0.97776
FLUX  837  1945.00        1.541350E+14   5.4217E-06   5.6827E-06   0.95407
FLUX  838  1955.00        1.533465E+14   5.5510E-06   5.6362E-06   0.98488
FLUX  839  1965.00        1.525662E+14   5.5024E-06   5.5903E-06   0.98427
FLUX  840  1975.00        1.517937E+14   5.4331E-06   5.5449E-06   0.97982
FLUX  841  1985.00        1.510290E+14   5.4138E-06   5.5000E-06   0.98433
FLUX  842  1995.00        1.502719E+14   5.3823E-06   5.4556E-06   0.98657
FLUX  843  2005.00        1.495224E+14   5.3760E-06   5.4116E-06   0.99341
FLUX  844  2015.00        1.487804E+14   5.3534E-06   5.3682E-06   0.99724
FLUX  845  2025.00        1.480457E+14   5.2608E-06   5.3253E-06   0.98789
FLUX  846  2035.00        1.473182E+14   5.1969E-06   5.2828E-06   0.98374
FLUX  847  2045.00        1.465978E+14   5.2216E-06   5.2408E-06   0.99633
FLUX  848  2055.00        1.458844E+14   5.1700E-06   5.1993E-06   0.99436
FLUX  849  2065.00        1.451780E+14   5.0970E-06   5.1583E-06   0.98813
FLUX  850  2075.00        1.444783E+14   5.0767E-06   5.1177E-06   0.99198
FLUX  851  2085.00        1.437854E+14   5.0421E-06   5.0776E-06   0.99300
FLUX  852  2095.00        1.430990E+14   4.9668E-06   5.0380E-06   0.98587
FLUX  853  2105.00        1.424192E+14   4.9724E-06   4.9988E-06   0.99473
FLUX  854  2115.00        1.417459E+14   4.9276E-06   4.9600E-06   0.99345
FLUX  855  2125.00        1.410788E+14   4.8881E-06   4.9217E-06   0.99317
FLUX  856  2135.00        1.404180E+14   4.8625E-06   4.8838E-06   0.99565
FLUX  857  2145.00        1.397634E+14   4.8283E-06   4.8463E-06   0.99629
FLUX  858  2155.00        1.391148E+14   4.7899E-06   4.8092E-06   0.99598
FLUX  859  2165.00        1.384723E+14   4.6126E-06   4.7725E-06   0.96649
FLUX  860  2175.00        1.378356E+14   4.6829E-06   4.7362E-06   0.98874
FLUX  861  2185.00        1.372048E+14   4.6597E-06   4.7004E-06   0.99135
FLUX  862  2195.00        1.365797E+14   4.6506E-06   4.6649E-06   0.99694
FLUX  863  2205.00        1.359603E+14   4.5715E-06   4.6298E-06   0.98741
FLUX  864  2215.00        1.353465E+14   4.5814E-06   4.5950E-06   0.99704
FLUX  865  2225.00        1.347382E+14   4.5320E-06   4.5607E-06   0.99372
FLUX  866  2235.00        1.341353E+14   4.4997E-06   4.5267E-06   0.99402
FLUX  867  2245.00        1.335379E+14   4.4681E-06   4.4931E-06   0.99442
FLUX  868  2255.00        1.329457E+14   4.4384E-06   4.4599E-06   0.99517
FLUX  869  2265.00        1.323587E+14   4.3928E-06   4.4270E-06   0.99228
FLUX  870  2275.00        1.317769E+14   4.3819E-06   4.3945E-06   0.99713
FLUX  871  2285.00        1.312002E+14   4.3246E-06   4.3651E-06   0.99071
FLUX  872  2295.00        1.306285E+14   4.2356E-06   4.3334E-06   0.97742
FLUX  873  2305.00        1.300618E+14   4.2541E-06   4.3020E-06   0.98887
FLUX  874  2315.00        1.295000E+14   4.2219E-06   4.2709E-06   0.98853
FLUX  875  2325.00        1.289430E+14   4.0990E-06   4.2401E-06   0.96672
FLUX  876  2335.00        1.283908E+14   4.1184E-06   4.2097E-06   0.97833
FLUX  877  2345.00        1.278433E+14   4.1348E-06   4.1796E-06   0.98929
FLUX  878  2355.00        1.273004E+14   3.9874E-06   4.1498E-06   0.96088
FLUX  879  2365.00        1.267622E+14   4.0455E-06   4.1203E-06   0.98184
FLUX  880  2375.00        1.262284E+14   4.0259E-06   4.0911E-06   0.98408
FLUX  881  2385.00        1.256992E+14   3.8964E-06   4.0622E-06   0.95919
FLUX  882  2395.00        1.251743E+14   3.9488E-06   4.0335E-06   0.97899
FLUX  883  2405.00        1.246538E+14   3.9378E-06   4.0052E-06   0.98317
FLUX  884  2415.00        1.241377E+14   3.8376E-06   3.9771E-06   0.96492
FLUX  885  2425.00        1.236258E+14   3.8557E-06   3.9494E-06   0.97627
FLUX  886  2435.00        1.231181E+14   3.8386E-06   3.9219E-06   0.97875
FLUX  887  2445.00        1.226145E+14   3.7838E-06   3.8947E-06   0.97153
FLUX  888  2455.00        1.221151E+14   3.7392E-06   3.8678E-06   0.96677
FLUX  889  2465.00        1.216197E+14   3.7754E-06   3.8411E-06   0.98288
FLUX  890  2475.00        1.211283E+14   3.7189E-06   3.8147E-06   0.97489
FLUX  891  2485.00        1.206408E+14   3.6491E-06   3.7886E-06   0.96318
FLUX  892  2495.00        1.201573E+14   3.6828E-06   3.7627E-06   0.97877
FLUX  893  2505.00        1.196776E+14   3.6813E-06   3.7371E-06   0.98508
FLUX  894  2515.00        1.192018E+14   3.6127E-06   3.7118E-06   0.97330
FLUX  895  2525.00        1.187297E+14   3.6280E-06   3.6867E-06   0.98409
FLUX  896  2535.00        1.182613E+14   3.5998E-06   3.6618E-06   0.98307
FLUX  897  2545.00        1.177967E+14   3.5616E-06   3.6372E-06   0.97923
FLUX  898  2555.00        1.173356E+14   3.5375E-06   3.6126E-06   0.97920
FLUX  899  2565.00        1.168782E+14   3.5167E-06   3.5882E-06   0.98010
FLUX  900  2575.00        1.164243E+14   3.5213E-06   3.5640E-06   0.98803
FLUX  901  2585.00        1.159739E+14   3.4420E-06   3.5400E-06   0.97232
FLUX  902  2595.00        1.155270E+14   3.4596E-06   3.5163E-06   0.98386
FLUX  903  2605.00        1.150835E+14   3.4500E-06   3.4928E-06   0.98773
FLUX  904  2615.00        1.146434E+14   3.4187E-06   3.4696E-06   0.98531
FLUX  905  2625.00        1.142067E+14   3.3035E-06   3.4466E-06   0.95847
FLUX  906  2635.00        1.137732E+14   3.3661E-06   3.4239E-06   0.98313
FLUX  907  2645.00        1.133431E+14   3.3401E-06   3.4014E-06   0.98198
FLUX  908  2655.00        1.129162E+14   3.3255E-06   3.3791E-06   0.98416
FLUX  909  2665.00        1.124925E+14   3.2796E-06   3.3570E-06   0.97695
FLUX  910  2675.00        1.120720E+14   3.3018E-06   3.3351E-06   0.98999
FLUX  911  2685.00        1.116546E+14   3.2887E-06   3.3135E-06   0.99251
FLUX  912  2695.00        1.112403E+14   3.2613E-06   3.2921E-06   0.99064
FLUX  913  2705.00        1.108290E+14   3.2465E-06   3.2709E-06   0.99256
FLUX  914  2715.00        1.104208E+14   3.2243E-06   3.2499E-06   0.99213
FLUX  915  2725.00        1.100156E+14   3.2045E-06   3.2291E-06   0.99237
FLUX  916  2735.00        1.096133E+14   3.1873E-06   3.2085E-06   0.99339
FLUX  917  2745.00        1.092140E+14   3.1731E-06   3.1881E-06   0.99529
FLUX  918  2755.00        1.088176E+14   3.1428E-06   3.1680E-06   0.99207
FLUX  919  2765.00        1.084241E+14   3.1189E-06   3.1480E-06   0.99076
FLUX  920  2775.00        1.080333E+14   3.1039E-06   3.1282E-06   0.99225
FLUX  921  2785.00        1.076454E+14   3.0900E-06   3.1085E-06   0.99403
FLUX  922  2795.00        1.072603E+14   3.0781E-06   3.0891E-06   0.99644
FLUX  923  2805.00        1.068779E+14   3.0570E-06   3.0699E-06   0.99581
FLUX  924  2815.00        1.064982E+14   3.0398E-06   3.0508E-06   0.99641
FLUX  925  2825.00        1.061212E+14   3.0195E-06   3.0319E-06   0.99591
FLUX  926  2835.00        1.057469E+14   3.0067E-06   3.0132E-06   0.99784
FLUX  927  2845.00        1.053752E+14   2.9793E-06   2.9947E-06   0.99487
FLUX  928  2855.00        1.050061E+14   2.9659E-06   2.9763E-06   0.99652
FLUX  929  2865.00        1.046396E+14   2.9437E-06   2.9581E-06   0.99513
FLUX  930  2875.00        1.042757E+14   2.9183E-06   2.9401E-06   0.99260
FLUX  931  2885.00        1.039142E+14   2.9110E-06   2.9222E-06   0.99617
FLUX  932  2895.00        1.035553E+14   2.8968E-06   2.9045E-06   0.99735
FLUX  933  2905.00        1.031988E+14   2.8795E-06   2.8869E-06   0.99745
FLUX  934  2915.00        1.028448E+14   2.8630E-06   2.8695E-06   0.99773
FLUX  935  2925.00        1.024932E+14   2.8343E-06   2.8522E-06   0.99373
FLUX  936  2935.00        1.021440E+14   2.8285E-06   2.8351E-06   0.99765
FLUX  937  2945.00        1.017971E+14   2.8049E-06   2.8182E-06   0.99531
FLUX  938  2955.00        1.014526E+14   2.7937E-06   2.8013E-06   0.99728
FLUX  939  2965.00        1.011105E+14   2.7802E-06   2.7847E-06   0.99839
FLUX  940  2975.00        1.007706E+14   2.7636E-06   2.7682E-06   0.99836
FLUX  941  2985.00        1.004330E+14   2.7465E-06   2.7518E-06   0.99807
FLUX  942  2995.00        1.000977E+14   2.7262E-06   2.7356E-06   0.99656
FLUX  943  3005.00        9.976456E+13   2.7108E-06   2.7195E-06   0.99678
FLUX  944  3015.00        9.943367E+13   2.6998E-06   2.7036E-06   0.99859
FLUX  945  3025.00        9.910496E+13   2.6797E-06   2.6878E-06   0.99697
FLUX  946  3035.00        9.877842E+13   2.6488E-06   2.6722E-06   0.99127
FLUX  947  3045.00        9.845402E+13   2.6460E-06   2.6566E-06   0.99598
FLUX  948  3055.00        9.813175E+13   2.6346E-06   2.6413E-06   0.99747
FLUX  949  3065.00        9.781158E+13   2.6158E-06   2.6260E-06   0.99609
FLUX  950  3075.00        9.749350E+13   2.6075E-06   2.6109E-06   0.99869
FLUX  951  3085.00        9.717747E+13   2.5855E-06   2.5960E-06   0.99596
FLUX  952  3095.00        9.686349E+13   2.5729E-06   2.5812E-06   0.99679
FLUX  953  3105.00        9.655153E+13   2.5641E-06   2.5665E-06   0.99906
FLUX  954  3115.00        9.624157E+13   2.5302E-06   2.5519E-06   0.99151
FLUX  955  3125.00        9.593360E+13   2.5323E-06   2.5375E-06   0.99795
FLUX  956  3135.00        9.562759E+13   2.5206E-06   2.5232E-06   0.99899
FLUX  957  3145.00        9.532353E+13   2.5060E-06   2.5090E-06   0.99882
FLUX  958  3155.00        9.502139E+13   2.4824E-06   2.4949E-06   0.99500
FLUX  959  3165.00        9.472117E+13   2.4735E-06   2.4810E-06   0.99699
FLUX  960  3175.00        9.442283E+13   2.4618E-06   2.4672E-06   0.99784
FLUX  961  3185.00        9.412637E+13   2.4486E-06   2.4532E-06   0.99808
FLUX  962  3195.00        9.383177E+13   2.4379E-06   2.4394E-06   0.99935
FLUX  963  3210.00        9.339330E+13   2.4132E-06   2.4189E-06   0.99764
FLUX  964  3230.00        9.281502E+13   2.3880E-06   2.3920E-06   0.99835
FLUX  965  3250.00        9.224385E+13   2.3599E-06   2.3655E-06   0.99765
FLUX  966  3270.00        9.167966E+13   2.3328E-06   2.3395E-06   0.99718
FLUX  967  3290.00        9.112234E+13   2.2959E-06   2.3141E-06   0.99215
FLUX  968  3310.00        9.057175E+13   2.2792E-06   2.2889E-06   0.99577
FLUX  969  3330.00        9.002778E+13   2.2519E-06   2.2640E-06   0.99463
FLUX  970  3350.00        8.949030E+13   2.2342E-06   2.2396E-06   0.99755
FLUX  971  3370.00        8.895920E+13   2.2081E-06   2.2156E-06   0.99661
FLUX  972  3390.00        8.843437E+13   2.1800E-06   2.1920E-06   0.99454
FLUX  973  3410.00        8.791569E+13   2.1550E-06   2.1687E-06   0.99366
FLUX  974  3430.00        8.740306E+13   2.1400E-06   2.1458E-06   0.99730
FLUX  975  3450.00        8.689638E+13   2.1204E-06   2.1233E-06   0.99863
FLUX  976  3470.00        8.639553E+13   2.0964E-06   2.1011E-06   0.99776
FLUX  977  3490.00        8.590043E+13   2.0751E-06   2.0792E-06   0.99803
FLUX  978  3510.00        8.541097E+13   2.0551E-06   2.0577E-06   0.99876
FLUX  979  3530.00        8.492705E+13   2.0299E-06   2.0365E-06   0.99680
FLUX  980  3550.00        8.444859E+13   2.0121E-06   2.0156E-06   0.99831
FLUX  981  3570.00        8.397549E+13   1.9891E-06   1.9950E-06   0.99703
FLUX  982  3590.00        8.350766E+13   1.9686E-06   1.9747E-06   0.99690
FLUX  983  3610.00        8.304501E+13   1.9529E-06   1.9548E-06   0.99906
FLUX  984  3630.00        8.258747E+13   1.9331E-06   1.9351E-06   0.99895
FLUX  985  3650.00        8.213493E+13   1.9085E-06   1.9157E-06   0.99623
FLUX  986  3670.00        8.168733E+13   1.8876E-06   1.8967E-06   0.99523
FLUX  987  3690.00        8.124458E+13   1.8604E-06   1.8779E-06   0.99071
FLUX  988  3710.00        8.080660E+13   1.8409E-06   1.8593E-06   0.99007
FLUX  989  3730.00        8.037332E+13   1.8290E-06   1.8411E-06   0.99342
FLUX  990  3750.00        7.994467E+13   1.7973E-06   1.8231E-06   0.98583
FLUX  991  3770.00        7.952056E+13   1.7958E-06   1.8054E-06   0.99470
FLUX  992  3790.00        7.910092E+13   1.7767E-06   1.7880E-06   0.99370
FLUX  993  3810.00        7.868570E+13   1.7635E-06   1.7708E-06   0.99590
FLUX  994  3830.00        7.827480E+13   1.7499E-06   1.7538E-06   0.99777
FLUX  995  3850.00        7.786818E+13   1.7345E-06   1.7371E-06   0.99855
FLUX  996  3870.00        7.746576E+13   1.7133E-06   1.7206E-06   0.99578
FLUX  997  3890.00        7.706748E+13   1.6989E-06   1.7043E-06   0.99685
FLUX  998  3910.00        7.667327E+13   1.6855E-06   1.6883E-06   0.99836
FLUX  999  3930.00        7.628308E+13   1.6699E-06   1.6725E-06   0.99847
FLUX 1000  3950.00        7.589684E+13   1.6486E-06   1.6569E-06   0.99499
FLUX 1001  3970.00        7.551448E+13   1.6363E-06   1.6415E-06   0.99685
FLUX 1002  3990.00        7.513596E+13   1.6135E-06   1.6263E-06   0.99209
FLUX 1003  4010.00        7.476122E+13   1.6034E-06   1.6114E-06   0.99505
FLUX 1004  4030.00        7.439020E+13   1.5932E-06   1.5966E-06   0.99783
FLUX 1005  4050.00        7.402284E+13   1.5649E-06   1.5821E-06   0.98913
FLUX 1006  4070.00        7.365909E+13   1.5621E-06   1.5677E-06   0.99644
FLUX 1007  4090.00        7.329890E+13   1.5493E-06   1.5536E-06   0.99723
FLUX 1008  4110.00        7.294221E+13   1.5364E-06   1.5396E-06   0.99794
FLUX 1009  4130.00        7.258898E+13   1.5245E-06   1.5258E-06   0.99913
FLUX 1010  4150.00        7.223916E+13   1.5082E-06   1.5122E-06   0.99734
FLUX 1011  4170.00        7.189269E+13   1.4957E-06   1.4988E-06   0.99797
FLUX 1012  4190.00        7.154952E+13   1.4801E-06   1.4855E-06   0.99632
FLUX 1013  4210.00        7.120962E+13   1.4614E-06   1.4725E-06   0.99246
FLUX 1014  4230.00        7.087293E+13   1.4591E-06   1.4596E-06   0.99969
FLUX 1015  4250.00        7.053941E+13   1.4420E-06   1.4468E-06   0.99668
FLUX 1016  4270.00        7.020902E+13   1.4328E-06   1.4343E-06   0.99899
FLUX 1017  4290.00        6.988170E+13   1.3895E-06   1.4219E-06   0.97724
FLUX 1018  4310.00        6.955742E+13   1.3565E-06   1.4096E-06   0.96234
FLUX 1019  4330.00        6.923614E+13   1.3592E-06   1.3975E-06   0.97257
FLUX 1020  4350.00        6.891782E+13   1.3133E-06   1.3856E-06   0.94784
FLUX 1021  4370.00        6.860240E+13   1.2984E-06   1.3738E-06   0.94512
FLUX 1022  4390.00        6.828986E+13   1.2946E-06   1.3622E-06   0.95038
FLUX 1023  4410.00        6.798016E+13   1.2488E-06   1.3507E-06   0.92452
FLUX 1024  4430.00        6.767325E+13   1.2501E-06   1.3394E-06   0.93333
FLUX 1025  4450.00        6.736910E+13   1.2435E-06   1.3282E-06   0.93623
FLUX 1026  4470.00        6.706767E+13   1.2046E-06   1.3172E-06   0.91455
FLUX 1027  4490.00        6.676893E+13   1.2152E-06   1.3062E-06   0.93034
FLUX 1028  4510.00        6.647284E+13   1.2001E-06   1.2954E-06   0.92640
FLUX 1029  4530.00        6.617936E+13   1.1707E-06   1.2848E-06   0.91122
FLUX 1030  4550.00        6.588846E+13   1.1771E-06   1.2742E-06   0.92373
FLUX 1031  4570.00        6.560011E+13   1.1757E-06   1.2639E-06   0.93024
FLUX 1032  4590.00        6.531427E+13   1.1439E-06   1.2536E-06   0.91250
FLUX 1033  4610.00        6.503091E+13   1.1511E-06   1.2435E-06   0.92574
FLUX 1034  4630.00        6.475000E+13   1.1416E-06   1.2334E-06   0.92551
FLUX 1035  4650.00        6.447151E+13   1.1346E-06   1.2235E-06   0.92734
FLUX 1036  4670.00        6.419540E+13   1.1316E-06   1.2138E-06   0.93235
FLUX 1037  4690.00        6.392164E+13   1.1249E-06   1.2041E-06   0.93424
FLUX 1038  4710.00        6.365021E+13   1.1148E-06   1.1946E-06   0.93323
FLUX 1039  4730.00        6.338108E+13   1.1185E-06   1.1851E-06   0.94381
FLUX 1040  4750.00        6.311421E+13   1.1048E-06   1.1758E-06   0.93963
FLUX 1041  4770.00        6.284958E+13   1.0963E-06   1.1666E-06   0.93979
FLUX 1042  4790.00        6.258716E+13   1.0913E-06   1.1575E-06   0.94283
FLUX 1043  4810.00        6.232692E+13   1.0765E-06   1.1485E-06   0.93732
FLUX 1044  4830.00        6.206884E+13   1.0820E-06   1.1396E-06   0.94948
FLUX 1045  4850.00        6.181289E+13   1.0710E-06   1.1308E-06   0.94715
FLUX 1046  4870.00        6.155903E+13   1.0597E-06   1.1221E-06   0.94441
FLUX 1047  4890.00        6.130726E+13   1.0545E-06   1.1135E-06   0.94702
FLUX 1048  4910.00        6.105754E+13   1.0473E-06   1.1050E-06   0.94774
FLUX 1049  4930.00        6.080984E+13   1.0391E-06   1.0966E-06   0.94761
FLUX 1050  4950.00        6.056414E+13   1.0305E-06   1.0883E-06   0.94691
FLUX 1051  4970.00        6.032042E+13   1.0248E-06   1.0801E-06   0.94886
FLUX 1052  4990.00        6.007866E+13   1.0176E-06   1.0720E-06   0.94931
FLUX 1053  5010.00        5.983882E+13   1.0147E-06   1.0639E-06   0.95371
FLUX 1054  5030.00        5.960089E+13   1.0080E-06   1.0560E-06   0.95457
FLUX 1055  5050.00        5.936485E+13   9.9437E-07   1.0481E-06   0.94871
FLUX 1056  5070.00        5.913067E+13   9.9081E-07   1.0404E-06   0.95237
FLUX 1057  5090.00        5.889833E+13   9.8779E-07   1.0327E-06   0.95653
FLUX 1058  5110.00        5.866781E+13   9.7542E-07   1.0251E-06   0.95154
FLUX 1059  5130.00        5.843908E+13   9.7256E-07   1.0176E-06   0.95575
FLUX 1060  5150.00        5.821214E+13   9.6424E-07   1.0102E-06   0.95454
FLUX 1061  5170.00        5.798694E+13   9.6458E-07   1.0028E-06   0.96188
FLUX 1062  5190.00        5.776349E+13   9.5306E-07   9.9555E-07   0.95733
FLUX 1063  5210.00        5.754175E+13   9.4736E-07   9.8836E-07   0.95852
FLUX 1064  5230.00        5.732170E+13   9.3925E-07   9.8125E-07   0.95720
FLUX 1065  5250.00        5.710333E+13   9.3746E-07   9.7421E-07   0.96227
FLUX 1066  5270.00        5.688662E+13   9.3421E-07   9.6725E-07   0.96584
FLUX 1067  5290.00        5.667155E+13   9.2107E-07   9.6037E-07   0.95908
FLUX 1068  5310.00        5.645810E+13   9.1785E-07   9.5356E-07   0.96255
FLUX 1069  5330.00        5.624625E+13   9.1210E-07   9.4682E-07   0.96333
FLUX 1070  5350.00        5.603598E+13   9.0785E-07   9.4015E-07   0.96564
FLUX 1071  5370.00        5.582728E+13   9.0201E-07   9.3356E-07   0.96621
FLUX 1072  5390.00        5.562013E+13   8.9719E-07   9.2703E-07   0.96781
FLUX 1073  5410.00        5.541451E+13   8.9138E-07   9.2057E-07   0.96829
FLUX 1074  5430.00        5.521041E+13   8.8090E-07   9.1418E-07   0.96360
FLUX 1075  5450.00        5.500780E+13   8.8047E-07   9.0785E-07   0.96984
FLUX 1076  5470.00        5.480667E+13   8.7424E-07   9.0158E-07   0.96967
FLUX 1077  5490.00        5.460701E+13   8.6805E-07   8.9539E-07   0.96947
FLUX 1078  5510.00        5.440880E+13   8.6419E-07   8.8925E-07   0.97182
FLUX 1079  5530.00        5.421203E+13   8.6324E-07   8.8318E-07   0.97742
FLUX 1080  5550.00        5.401667E+13   8.5110E-07   8.7717E-07   0.97028
FLUX 1081  5570.00        5.382271E+13   8.5201E-07   8.7122E-07   0.97796
FLUX 1082  5590.00        5.363014E+13   8.4265E-07   8.6533E-07   0.97380
FLUX 1083  5610.00        5.343895E+13   8.3847E-07   8.5950E-07   0.97553
FLUX 1084  5630.00        5.324911E+13   8.3204E-07   8.5373E-07   0.97460
FLUX 1085  5650.00        5.306062E+13   8.3082E-07   8.4802E-07   0.97972
FLUX 1086  5670.00        5.287346E+13   8.2595E-07   8.4236E-07   0.98052
FLUX 1087  5690.00        5.268761E+13   8.1712E-07   8.3676E-07   0.97653
FLUX 1088  5710.00        5.250306E+13   8.1629E-07   8.3122E-07   0.98205
FLUX 1089  5730.00        5.231981E+13   8.1058E-07   8.2573E-07   0.98166
FLUX 1090  5750.00        5.213783E+13   8.0580E-07   8.2029E-07   0.98233
FLUX 1091  5770.00        5.195711E+13   8.0024E-07   8.1491E-07   0.98199
FLUX 1092  5790.00        5.177763E+13   7.9727E-07   8.0958E-07   0.98479
FLUX 1093  5810.00        5.159940E+13   7.9077E-07   8.0431E-07   0.98317
FLUX 1094  5830.00        5.142238E+13   7.8657E-07   7.9908E-07   0.98434
FLUX 1095  5850.00        5.124658E+13   7.8301E-07   7.9391E-07   0.98627
FLUX 1096  5870.00        5.107198E+13   7.7606E-07   7.8879E-07   0.98387
FLUX 1097  5890.00        5.089856E+13   7.7101E-07   7.8371E-07   0.98379
FLUX 1098  5910.00        5.072631E+13   7.6828E-07   7.7868E-07   0.98664
FLUX 1099  5930.00        5.055523E+13   7.6408E-07   7.7371E-07   0.98756
FLUX 1100  5950.00        5.038529E+13   7.5815E-07   7.6878E-07   0.98617
FLUX 1101  5970.00        5.021650E+13   7.5581E-07   7.6389E-07   0.98941
FLUX 1102  5990.00        5.004883E+13   7.5124E-07   7.5905E-07   0.98970
FLUX 1103  6010.00        4.988228E+13   7.4661E-07   7.5426E-07   0.98985
FLUX 1104  6030.00        4.971683E+13   7.4249E-07   7.4952E-07   0.99063
FLUX 1105  6050.00        4.955248E+13   7.3727E-07   7.4481E-07   0.98987
FLUX 1106  6070.00        4.938921E+13   7.3282E-07   7.4016E-07   0.99008
FLUX 1107  6090.00        4.922701E+13   7.2831E-07   7.3554E-07   0.99016
FLUX 1108  6110.00        4.906588E+13   7.2297E-07   7.3097E-07   0.98905
FLUX 1109  6130.00        4.890579E+13   7.2029E-07   7.2644E-07   0.99153
FLUX 1110  6150.00        4.874675E+13   7.1654E-07   7.2195E-07   0.99250
FLUX 1111  6170.00        4.858874E+13   7.1259E-07   7.1751E-07   0.99314
FLUX 1112  6190.00        4.843174E+13   7.0886E-07   7.1311E-07   0.99404
FLUX 1113  6210.00        4.827576E+13   7.0493E-07   7.0874E-07   0.99462
FLUX 1114  6230.00        4.812079E+13   6.9901E-07   7.0442E-07   0.99232
FLUX 1115  6250.00        4.796680E+13   6.9519E-07   7.0013E-07   0.99294
FLUX 1116  6270.00        4.781380E+13   6.9130E-07   6.9589E-07   0.99341
FLUX 1117  6290.00        4.766176E+13   6.8807E-07   6.9168E-07   0.99478
FLUX 1118  6310.00        4.751070E+13   6.8327E-07   6.8751E-07   0.99382
FLUX 1119  6330.00        4.736058E+13   6.8093E-07   6.8338E-07   0.99641
FLUX 1120  6350.00        4.721142E+13   6.7633E-07   6.7929E-07   0.99564
FLUX 1121  6370.00        4.706319E+13   6.7293E-07   6.7523E-07   0.99660
FLUX 1122  6390.00        4.691588E+13   6.6858E-07   6.7121E-07   0.99608
FLUX 1123  6420.00        4.669665E+13   6.6304E-07   6.6525E-07   0.99669
FLUX 1124  6460.00        4.640751E+13   6.5505E-07   6.5742E-07   0.99640
FLUX 1125  6500.00        4.612192E+13   6.4757E-07   6.4972E-07   0.99668
FLUX 1126  6540.00        4.583983E+13   6.4060E-07   6.4216E-07   0.99757
FLUX 1127  6580.00        4.556117E+13   6.3360E-07   6.3473E-07   0.99822
FLUX 1128  6620.00        4.528588E+13   6.2616E-07   6.2743E-07   0.99796
FLUX 1129  6660.00        4.501389E+13   6.1937E-07   6.2026E-07   0.99856
FLUX 1130  6700.00        4.474515E+13   6.1228E-07   6.1320E-07   0.99849
FLUX 1131  6740.00        4.447960E+13   6.0514E-07   6.0627E-07   0.99813
FLUX 1132  6780.00        4.421718E+13   5.9874E-07   5.9945E-07   0.99882
FLUX 1133  6820.00        4.395784E+13   5.9199E-07   5.9275E-07   0.99872
FLUX 1134  6860.00        4.370153E+13   5.8561E-07   5.8616E-07   0.99906
FLUX 1135  6900.00        4.344819E+13   5.7914E-07   5.7968E-07   0.99907
FLUX 1136  6940.00        4.319777E+13   5.7269E-07   5.7330E-07   0.99893
FLUX 1137  6980.00        4.295021E+13   5.6670E-07   5.6703E-07   0.99941
FLUX 1138  7020.00        4.270548E+13   5.6005E-07   5.6087E-07   0.99854
FLUX 1139  7060.00        4.246353E+13   5.5443E-07   5.5480E-07   0.99932
FLUX 1140  7100.00        4.222430E+13   5.4854E-07   5.4883E-07   0.99946
FLUX 1141  7140.00        4.198775E+13   5.4272E-07   5.4296E-07   0.99957
FLUX 1142  7180.00        4.175383E+13   5.3690E-07   5.3718E-07   0.99949
FLUX 1143  7220.00        4.152251E+13   5.3128E-07   5.3149E-07   0.99960
FLUX 1144  7260.00        4.129373E+13   5.2556E-07   5.2589E-07   0.99938
FLUX 1145  7300.00        4.106747E+13   5.2026E-07   5.2038E-07   0.99978
FLUX 1146  7340.00        4.084366E+13   5.1460E-07   5.1495E-07   0.99931
FLUX 1147  7380.00        4.062229E+13   5.0949E-07   5.0961E-07   0.99975
FLUX 1148  7420.00        4.040330E+13   5.0392E-07   5.0436E-07   0.99914
FLUX 1149  7460.00        4.018666E+13   4.9801E-07   4.9918E-07   0.99766
FLUX 1150  7500.00        3.997233E+13   4.9356E-07   4.9408E-07   0.99894
FLUX 1151  7540.00        3.976028E+13   4.8858E-07   4.8906E-07   0.99900
FLUX 1152  7580.00        3.955046E+13   4.8405E-07   4.8412E-07   0.99985
FLUX 1153  7620.00        3.934285E+13   4.7914E-07   4.7925E-07   0.99978
FLUX 1154  7660.00        3.913740E+13   4.7438E-07   4.7446E-07   0.99985
FLUX 1155  7700.00        3.893409E+13   4.6950E-07   4.6973E-07   0.99951
FLUX 1156  7740.00        3.873288E+13   4.6501E-07   4.6507E-07   0.99986
FLUX 1157  7780.00        3.853374E+13   4.6045E-07   4.6049E-07   0.99991
FLUX 1158  7820.00        3.833664E+13   4.5592E-07   4.5597E-07   0.99988
FLUX 1159  7860.00        3.814154E+13   4.5148E-07   4.5152E-07   0.99991
FLUX 1160  7900.00        3.794842E+13   4.4709E-07   4.4713E-07   0.99990
FLUX 1161  7940.00        3.775724E+13   4.4274E-07   4.4280E-07   0.99984
FLUX 1162  7980.00        3.756798E+13   4.3853E-07   4.3854E-07   0.99997
FLUX 1163  8020.00        3.738061E+13   4.3414E-07   4.3434E-07   0.99953
FLUX 1164  8060.00        3.719510E+13   4.2993E-07   4.3020E-07   0.99938
FLUX 1165  8100.00        3.701142E+13   4.2606E-07   4.2612E-07   0.99986
FLUX 1166  8140.00        3.682955E+13   4.2176E-07   4.2210E-07   0.99921
FLUX 1167  8180.00        3.664945E+13   4.1802E-07   4.1813E-07   0.99974
FLUX 1168  8220.00        3.647111E+13   4.1418E-07   4.1422E-07   0.99990
FLUX 1169  8260.00        3.629449E+13   4.1025E-07   4.1036E-07   0.99974
FLUX 1170  8300.00        3.611958E+13   4.0649E-07   4.0656E-07   0.99984
FLUX 1171  8340.00        3.594634E+13   4.0256E-07   4.0281E-07   0.99940
FLUX 1172  8380.00        3.577476E+13   3.9891E-07   3.9911E-07   0.99952
FLUX 1173  8420.00        3.560481E+13   3.9541E-07   3.9546E-07   0.99987
FLUX 1174  8460.00        3.543647E+13   3.9178E-07   3.9186E-07   0.99981
FLUX 1175  8500.00        3.526971E+13   3.8824E-07   3.8831E-07   0.99983
FLUX 1176  8540.00        3.510451E+13   3.8472E-07   3.8481E-07   0.99977
FLUX 1177  8580.00        3.494085E+13   3.8130E-07   3.8135E-07   0.99987
FLUX 1178  8620.00        3.477871E+13   3.7786E-07   3.7794E-07   0.99978
FLUX 1179  8660.00        3.461807E+13   3.7455E-07   3.7458E-07   0.99990
FLUX 1180  8700.00        3.445891E+13   3.7124E-07   3.7126E-07   0.99993
FLUX 1181  8740.00        3.430120E+13   3.6795E-07   3.6799E-07   0.99989
FLUX 1182  8780.00        3.414493E+13   3.6472E-07   3.6476E-07   0.99989
FLUX 1183  8820.00        3.399008E+13   3.6136E-07   3.6157E-07   0.99943
FLUX 1184  8860.00        3.383663E+13   3.5826E-07   3.5842E-07   0.99954
FLUX 1185  8900.00        3.368455E+13   3.5506E-07   3.5531E-07   0.99930
FLUX 1186  8940.00        3.353384E+13   3.5216E-07   3.5225E-07   0.99976
FLUX 1187  8980.00        3.338447E+13   3.4897E-07   3.4922E-07   0.99928
FLUX 1188  9020.00        3.323642E+13   3.4613E-07   3.4623E-07   0.99971
FLUX 1189  9060.00        3.308968E+13   3.4327E-07   3.4328E-07   0.99998
FLUX 1190  9100.00        3.294423E+13   3.4012E-07   3.4037E-07   0.99927
FLUX 1191  9140.00        3.280005E+13   3.3735E-07   3.3749E-07   0.99958
FLUX 1192  9180.00        3.265714E+13   3.3457E-07   3.3464E-07   0.99978
FLUX 1193  9220.00        3.251546E+13   3.3183E-07   3.3183E-07   0.99998
FLUX 1194  9260.00        3.237500E+13   3.2903E-07   3.2906E-07   0.99992
FLUX 1195  9300.00        3.223575E+13   3.2631E-07   3.2632E-07   0.99997
FLUX 1196  9340.00        3.209770E+13   3.2357E-07   3.2361E-07   0.99988
FLUX 1197  9380.00        3.196082E+13   3.2092E-07   3.2094E-07   0.99993
FLUX 1198  9420.00        3.182511E+13   3.1828E-07   3.1830E-07   0.99994
FLUX 1199  9460.00        3.169054E+13   3.1565E-07   3.1569E-07   0.99985
FLUX 1200  9500.00        3.155711E+13   3.1307E-07   3.1312E-07   0.99985
FLUX 1201  9540.00        3.142479E+13   3.1052E-07   3.1058E-07   0.99983
FLUX 1202  9580.00        3.129358E+13   3.0805E-07   3.0806E-07   0.99997
FLUX 1203  9620.00        3.116346E+13   3.0552E-07   3.0558E-07   0.99982
FLUX 1204  9660.00        3.103442E+13   3.0311E-07   3.0313E-07   0.99995
FLUX 1205  9700.00        3.090644E+13   3.0070E-07   3.0070E-07   0.99998
FLUX 1206  9740.00        3.077952E+13   2.9805E-07   2.9831E-07   0.99913
FLUX 1207  9780.00        3.065363E+13   2.9582E-07   2.9594E-07   0.99959
FLUX 1208  9820.00        3.052877E+13   2.9357E-07   2.9361E-07   0.99988
FLUX 1209  9860.00        3.040492E+13   2.9128E-07   2.9130E-07   0.99993
FLUX 1210  9900.00        3.028207E+13   2.8901E-07   2.8901E-07   0.99999
FLUX 1211  9940.00        3.016021E+13   2.8671E-07   2.8676E-07   0.99982
FLUX 1212  9980.00        3.003933E+13   2.8449E-07   2.8453E-07   0.99988
FLUX 1213 10020.00        2.991941E+13   2.8229E-07   2.8232E-07   0.99988
FLUX 1214 20000.00        1.498963E+13   7.2846E-08   7.2847E-08   0.99998
FLUX 1215 40000.00        7.494813E+12   1.8312E-08   1.8312E-08   1.00000
FLUX 1216 60000.00        4.996542E+12   8.1044E-09   8.1044E-09   1.00000
FLUX 1217 80000.00        3.747406E+12   4.5339E-09   4.5339E-09   1.00000
FLUX 1218100000.00        2.997925E+12   2.8861E-09   2.8861E-09   1.00000
FLUX 1219120000.00        2.498271E+12   1.9943E-09   1.9943E-09   1.00000
FLUX 1220140000.00        2.141375E+12   1.4584E-09   1.4584E-09   1.00000
FLUX 1221160000.00        1.873703E+12   1.1119E-09   1.1119E-09   1.00000
FLUX
