TEFF  25000.  GRAVITY 4.00000 LTE 
TITLE TEST MODEL WITH SDSC OPACITY  VTURB 2 KM/S                                
 OPACITY IFOP
FLUX   45    23.00        1.303446E+16   3.2787E-18   4.2803E-18   0.76599
FLUX   46    23.40        1.281165E+16   7.6813E-18   7.9059E-18   0.97158
FLUX   47    24.00        1.249135E+16   1.8612E-17   1.9132E-17   0.97282
FLUX   48    24.65        1.216197E+16   4.6525E-17   4.7577E-17   0.97790
FLUX   49    25.24        1.187767E+16   1.0380E-16   1.0463E-16   0.99203
FLUX   50    25.68        1.167416E+16   1.7387E-16   1.8419E-16   0.94397
FLUX   51    26.00        1.153048E+16   2.8934E-16   2.9175E-16   0.99173
FLUX   52    26.40        1.135578E+16   4.6676E-16   4.8144E-16   0.96950
FLUX   53    26.85        1.116546E+16   7.9845E-16   8.1498E-16   0.97971
FLUX   54    27.35        1.096133E+16   1.4099E-15   1.4343E-15   0.98293
FLUX   55    27.85        1.076454E+16   2.4456E-15   2.4781E-15   0.98687
FLUX   56    28.40        1.055607E+16   4.6383E-15   4.6610E-15   0.99511
FLUX   57    29.00        1.033767E+16   8.4437E-15   8.5472E-15   0.98789
FLUX   58    29.60        1.012813E+16   1.5192E-14   1.5298E-14   0.99307
FLUX   59    30.10        9.959884E+15   2.4035E-14   2.4579E-14   0.97789
FLUX   60    30.80        9.733523E+15   4.5701E-14   4.9615E-14   0.92113
FLUX   61    31.80        9.427437E+15   1.1468E-13   1.1632E-13   0.98590
FLUX   62    32.80        9.140015E+15   2.4986E-13   2.5976E-13   0.96188
FLUX   63    33.80        8.869601E+15   5.5228E-13   5.5457E-13   0.99586
FLUX   64    34.80        8.614727E+15   1.1304E-12   1.1376E-12   0.99372
FLUX   65    35.70        8.397549E+15   3.9935E-12   4.2502E-12   0.93961
FLUX   66    36.60        8.191052E+15   7.7577E-12   8.0592E-12   0.96259
FLUX   67    37.50        7.994467E+15   1.2420E-11   1.3491E-11   0.92059
FLUX   68    38.50        7.786818E+15   2.1735E-11   2.3446E-11   0.92704
FLUX   69    39.50        7.589684E+15   3.9804E-11   4.2311E-11   0.94075
FLUX   70    40.50        7.402284E+15   6.3963E-11   6.8746E-11   0.93043
FLUX   71    41.40        7.241365E+15   9.9195E-11   1.0542E-10   0.94091
FLUX   72    42.20        7.104088E+15   1.4223E-10   1.5996E-10   0.88917
FLUX   73    43.00        6.971919E+15   2.0770E-10   2.2458E-10   0.92480
FLUX   74    44.10        6.798016E+15   3.2952E-10   3.5093E-10   0.93900
FLUX   75    45.10        6.647284E+15   4.7846E-10   5.1955E-10   0.92091
FLUX   76    46.00        6.517228E+15   6.6018E-10   7.2434E-10   0.91142
FLUX   77    47.00        6.378564E+15   9.6753E-10   1.0322E-09   0.93732
FLUX   78    48.00        6.245677E+15   1.3731E-09   1.4478E-09   0.94843
FLUX   79    49.00        6.118214E+15   1.9377E-09   2.0050E-09   0.96641
FLUX   80    50.00        5.995850E+15   2.6558E-09   2.7344E-09   0.97125
FLUX   81    50.60        5.924753E+15   1.6766E-08   3.7947E-08   0.44182
FLUX   82    51.20        5.855322E+15   1.1184E-07   1.9492E-07   0.57378
FLUX   83    52.00        5.765240E+15   1.3033E-07   2.2174E-07   0.58773
FLUX   84    53.00        5.656462E+15   1.5694E-07   2.5990E-07   0.60385
FLUX   85    54.00        5.551713E+15   1.6401E-07   3.0374E-07   0.53997
FLUX   86    55.00        5.450773E+15   2.6176E-07   3.5401E-07   0.73942
FLUX   87    56.00        5.353438E+15   3.2106E-07   4.1114E-07   0.78091
FLUX   88    57.00        5.259518E+15   3.9598E-07   4.7576E-07   0.83230
FLUX   89    58.00        5.168836E+15   3.9315E-07   5.6082E-07   0.70104
FLUX   90    59.00        5.081229E+15   5.3464E-07   6.4337E-07   0.83100
FLUX   91    60.00        4.996542E+15   6.1771E-07   7.3546E-07   0.83990
FLUX   92    61.00        4.914631E+15   7.5417E-07   8.3776E-07   0.90022
FLUX   93    62.00        4.835363E+15   8.6187E-07   9.5097E-07   0.90631
FLUX   94    63.00        4.758611E+15   9.8036E-07   1.0758E-06   0.91131
FLUX   95    64.00        4.684258E+15   1.0203E-06   1.2134E-06   0.84088
FLUX   96    65.00        4.612192E+15   1.2171E-06   1.3641E-06   0.89221
FLUX   97    65.80        4.556117E+15   1.3803E-06   1.4947E-06   0.92349
FLUX   98    66.50        4.508158E+15   1.4785E-06   1.6164E-06   0.91465
FLUX   99    67.50        4.441370E+15   1.5179E-06   1.8030E-06   0.84183
FLUX  100    68.50        4.376533E+15   1.6286E-06   2.0051E-06   0.81221
FLUX  101    69.50        4.313561E+15   2.0853E-06   2.2234E-06   0.93789
FLUX  102    70.50        4.252376E+15   2.1608E-06   2.4584E-06   0.87896
FLUX  103    71.60        4.187046E+15   2.5105E-06   2.7371E-06   0.91722
FLUX  104    72.60        4.129373E+15   2.6967E-06   3.0098E-06   0.89599
FLUX  105    73.50        4.078810E+15   2.8371E-06   3.2713E-06   0.86726
FLUX  106    74.50        4.024060E+15   3.3121E-06   3.5804E-06   0.92506
FLUX  107    75.50        3.970762E+15   3.6304E-06   3.9094E-06   0.92862
FLUX  108    76.50        3.918856E+15   3.9863E-06   4.2594E-06   0.93589
FLUX  109    77.50        3.868290E+15   4.3713E-06   4.6294E-06   0.94424
FLUX  110    78.50        3.819013E+15   4.7988E-06   5.0205E-06   0.95585
FLUX  111    79.50        3.770975E+15   5.0803E-06   5.4330E-06   0.93507
FLUX  112    80.50        3.724130E+15   5.4305E-06   5.8675E-06   0.92552
FLUX  113    81.50        3.678436E+15   5.7131E-06   6.3241E-06   0.90338
FLUX  114    82.50        3.633848E+15   6.3684E-06   6.8036E-06   0.93603
FLUX  115    83.50        3.590329E+15   5.5674E-06   7.3064E-06   0.76199
FLUX  116    84.50        3.547840E+15   6.9245E-06   7.8322E-06   0.88411
FLUX  117    85.50        3.506345E+15   7.2449E-06   8.3815E-06   0.86440
FLUX  118    86.50        3.465809E+15   7.8922E-06   8.9538E-06   0.88143
FLUX  119    87.50        3.426200E+15   8.5986E-06   9.5496E-06   0.90042
FLUX  120    88.50        3.387486E+15   9.4863E-06   1.0169E-05   0.93284
FLUX  121    89.50        3.349637E+15   1.0128E-05   1.0812E-05   0.93668
FLUX  122    90.50        3.312624E+15   1.0297E-05   1.1479E-05   0.89704
FLUX  123    91.50        3.276421E+15   1.4523E-05   1.3640E-03   0.01065
FLUX  124    92.50        3.241000E+15   9.9907E-05   1.3605E-03   0.07343
FLUX  125    93.50        3.206337E+15   2.5238E-04   1.3567E-03   0.18602
FLUX  126    94.50        3.172407E+15   5.0381E-04   1.3527E-03   0.37245
FLUX  127    95.50        3.139188E+15   6.3683E-04   1.3484E-03   0.47228
FLUX  128    96.50        3.106658E+15   7.2743E-04   1.3439E-03   0.54128
FLUX  129    97.50        3.074795E+15   1.1330E-04   1.3393E-03   0.08460
FLUX  130    98.50        3.043579E+15   5.4609E-04   1.3344E-03   0.40923
FLUX  131    99.50        3.012990E+15   5.5152E-04   1.3294E-03   0.41487
FLUX  132   100.50        2.983010E+15   7.6740E-04   1.3242E-03   0.57953
FLUX  133   101.50        2.953621E+15   7.9182E-04   1.3188E-03   0.60042
FLUX  134   102.50        2.924805E+15   4.2618E-04   1.3135E-03   0.32446
FLUX  135   103.50        2.896546E+15   6.5055E-04   1.3078E-03   0.49743
FLUX  136   104.50        2.868828E+15   1.0018E-03   1.3020E-03   0.76939
FLUX  137   105.50        2.841635E+15   9.3315E-04   1.2961E-03   0.71998
FLUX  138   106.50        2.814953E+15   7.6062E-04   1.2900E-03   0.58962
FLUX  139   107.50        2.788767E+15   8.7840E-04   1.2839E-03   0.68418
FLUX  140   108.50        2.763065E+15   7.5863E-04   1.2776E-03   0.59378
FLUX  141   109.50        2.737831E+15   9.3269E-04   1.2713E-03   0.73364
FLUX  142   110.50        2.713054E+15   8.6755E-04   1.2653E-03   0.68565
FLUX  143   111.50        2.688722E+15   8.5870E-04   1.2588E-03   0.68215
FLUX  144   112.50        2.664822E+15   7.0871E-04   1.2523E-03   0.56594
FLUX  145   113.50        2.641344E+15   9.1065E-04   1.2458E-03   0.73100
FLUX  146   114.50        2.618275E+15   8.4593E-04   1.2391E-03   0.68268
FLUX  147   115.50        2.595606E+15   8.7232E-04   1.2325E-03   0.70779
FLUX  148   116.50        2.573326E+15   8.6687E-04   1.2258E-03   0.70721
FLUX  149   117.50        2.551426E+15   5.0899E-04   1.2192E-03   0.41746
FLUX  150   118.50        2.529895E+15   8.4621E-04   1.2125E-03   0.69792
FLUX  151   119.50        2.508724E+15   7.8596E-04   1.2057E-03   0.65187
FLUX  152   120.50        2.487905E+15   6.0261E-04   1.1989E-03   0.50264
FLUX  153   121.50        2.467428E+15   4.6861E-04   1.1921E-03   0.39310
FLUX  154   122.50        2.447286E+15   7.7051E-04   1.1857E-03   0.64985
FLUX  155   123.50        2.427470E+15   8.9205E-04   1.1789E-03   0.75671
FLUX  156   124.50        2.407972E+15   9.0221E-04   1.1721E-03   0.76973
FLUX  157   125.50        2.388785E+15   8.6994E-04   1.1653E-03   0.74653
FLUX  158   126.50        2.369901E+15   8.9353E-04   1.1585E-03   0.77129
FLUX  159   127.50        2.351314E+15   9.4777E-04   1.1517E-03   0.82292
FLUX  160   128.50        2.333016E+15   9.5023E-04   1.1449E-03   0.82995
FLUX  161   129.50        2.315000E+15   7.8452E-04   1.1381E-03   0.68931
FLUX  162   130.50        2.297261E+15   8.3367E-04   1.1313E-03   0.73689
FLUX  163   131.50        2.279791E+15   9.6244E-04   1.1246E-03   0.85581
FLUX  164   132.50        2.262585E+15   9.0761E-04   1.1179E-03   0.81186
FLUX  165   133.50        2.245637E+15   8.8036E-04   1.1113E-03   0.79219
FLUX  166   134.50        2.228941E+15   9.1639E-04   1.1047E-03   0.82955
FLUX  167   135.50        2.212491E+15   9.1149E-04   1.0981E-03   0.83006
FLUX  168   136.50        2.196282E+15   8.4716E-04   1.0916E-03   0.77611
FLUX  169   137.50        2.180309E+15   8.3374E-04   1.0850E-03   0.76839
FLUX  170   138.50        2.164567E+15   8.2630E-04   1.0786E-03   0.76612
FLUX  171   139.50        2.149050E+15   5.9245E-04   1.0721E-03   0.55261
FLUX  172   140.50        2.133754E+15   6.3583E-04   1.0657E-03   0.59664
FLUX  173   141.50        2.118675E+15   7.6653E-04   1.0593E-03   0.72361
FLUX  174   142.50        2.103807E+15   7.5252E-04   1.0530E-03   0.71464
FLUX  175   143.50        2.089146E+15   7.9198E-04   1.0467E-03   0.75663
FLUX  176   144.20        2.079005E+15   8.1286E-04   1.0423E-03   0.77984
FLUX  177   144.70        2.071821E+15   8.0154E-04   1.0392E-03   0.77127
FLUX  178   145.50        2.060430E+15   7.8371E-04   1.0343E-03   0.75773
FLUX  179   146.50        2.046365E+15   7.2300E-04   1.0281E-03   0.70321
FLUX  180   147.50        2.032492E+15   7.4935E-04   1.0220E-03   0.73321
FLUX  181   148.50        2.018805E+15   7.5019E-04   1.0159E-03   0.73844
FLUX  182   149.50        2.005301E+15   7.4443E-04   1.0099E-03   0.73717
FLUX  183   150.50        1.991977E+15   6.7823E-04   1.0038E-03   0.67564
FLUX  184   151.20        1.982755E+15   5.9837E-04   9.9964E-04   0.59858
FLUX  185   151.70        1.976220E+15   6.2363E-04   9.9666E-04   0.62572
FLUX  186   152.50        1.965852E+15   6.5547E-04   9.9192E-04   0.66081
FLUX  187   153.50        1.953046E+15   5.4968E-04   9.8603E-04   0.55747
FLUX  188   154.50        1.940405E+15   5.2731E-04   9.8018E-04   0.53797
FLUX  189   155.50        1.927926E+15   5.2672E-04   9.7438E-04   0.54057
FLUX  190   156.50        1.915607E+15   5.8952E-04   9.6863E-04   0.60862
FLUX  191   157.50        1.903444E+15   6.3910E-04   9.6291E-04   0.66371
FLUX  192   158.50        1.891435E+15   6.5031E-04   9.5725E-04   0.67936
FLUX  193   159.50        1.879577E+15   6.4942E-04   9.5164E-04   0.68243
FLUX  194   160.50        1.867866E+15   6.7071E-04   9.4606E-04   0.70895
FLUX  195   161.50        1.856300E+15   6.6268E-04   9.4053E-04   0.70458
FLUX  196   162.50        1.844877E+15   6.5689E-04   9.3505E-04   0.70252
FLUX  197   163.50        1.833593E+15   7.0833E-04   9.2961E-04   0.76196
FLUX  198   164.50        1.822447E+15   7.1456E-04   9.2421E-04   0.77315
FLUX  199   165.50        1.811435E+15   7.1545E-04   9.1886E-04   0.77863
FLUX  200   166.50        1.800556E+15   7.3421E-04   9.1355E-04   0.80369
FLUX  201   167.20        1.793017E+15   7.0276E-04   9.0986E-04   0.77238
FLUX  202   167.70        1.787671E+15   7.7546E-04   9.0723E-04   0.85476
FLUX  203   168.50        1.779184E+15   7.5834E-04   9.0306E-04   0.83974
FLUX  204   169.50        1.768687E+15   7.2339E-04   8.9788E-04   0.80566
FLUX  205   170.50        1.758314E+15   7.1163E-04   8.9275E-04   0.79712
FLUX  206   171.50        1.748061E+15   6.7760E-04   8.8766E-04   0.76335
FLUX  207   172.50        1.737928E+15   6.7442E-04   8.8262E-04   0.76411
FLUX  208   173.50        1.727911E+15   7.1228E-04   8.7761E-04   0.81161
FLUX  209   174.50        1.718009E+15   7.0107E-04   8.7265E-04   0.80337
FLUX  210   175.50        1.708219E+15   7.1610E-04   8.6774E-04   0.82525
FLUX  211   176.50        1.698541E+15   7.1151E-04   8.6287E-04   0.82458
FLUX  212   177.50        1.688972E+15   6.7130E-04   8.5803E-04   0.78237
FLUX  213   178.50        1.679510E+15   6.9407E-04   8.5323E-04   0.81346
FLUX  214   179.50        1.670153E+15   7.2120E-04   8.4847E-04   0.85000
FLUX  215   180.50        1.660900E+15   7.3481E-04   8.4374E-04   0.87089
FLUX  216   181.50        1.651749E+15   6.5585E-04   8.3906E-04   0.78165
FLUX  217   182.50        1.642699E+15   6.9344E-04   8.3441E-04   0.83105
FLUX  218   183.50        1.633747E+15   6.7701E-04   8.2982E-04   0.81585
FLUX  219   184.50        1.624892E+15   6.1834E-04   8.2526E-04   0.74926
FLUX  220   185.50        1.616132E+15   6.3372E-04   8.2075E-04   0.77213
FLUX  221   186.50        1.607466E+15   6.4940E-04   8.1627E-04   0.79557
FLUX  222   187.50        1.598893E+15   6.8720E-04   8.1183E-04   0.84648
FLUX  223   188.50        1.590411E+15   6.1361E-04   8.0743E-04   0.75996
FLUX  224   189.50        1.582018E+15   5.7111E-04   8.0307E-04   0.71116
FLUX  225   190.50        1.573714E+15   6.3455E-04   7.9874E-04   0.79444
FLUX  226   191.50        1.565496E+15   5.9644E-04   7.9448E-04   0.75072
FLUX  227   192.50        1.557364E+15   5.7012E-04   7.9024E-04   0.72145
FLUX  228   193.50        1.549315E+15   6.1713E-04   7.8602E-04   0.78513
FLUX  229   194.50        1.541350E+15   6.3947E-04   7.8184E-04   0.81790
FLUX  230   195.50        1.533465E+15   5.7554E-04   7.7770E-04   0.74005
FLUX  231   196.70        1.524110E+15   6.3694E-04   7.7286E-04   0.82414
FLUX  232   197.60        1.517169E+15   6.7098E-04   7.6926E-04   0.87224
FLUX  233   198.40        1.511051E+15   6.2456E-04   7.6608E-04   0.81527
FLUX  234   199.50        1.502719E+15   6.2051E-04   7.6174E-04   0.81460
FLUX  235   200.50        1.495224E+15   6.5016E-04   7.5781E-04   0.85795
FLUX  236   201.50        1.487804E+15   6.4800E-04   7.5391E-04   0.85951
FLUX  237   202.50        1.480457E+15   6.7423E-04   7.5005E-04   0.89891
FLUX  238   203.50        1.473182E+15   6.1553E-04   7.4621E-04   0.82487
FLUX  239   204.50        1.465978E+15   6.3474E-04   7.4241E-04   0.85498
FLUX  240   205.50        1.458844E+15   6.1563E-04   7.3959E-04   0.83240
FLUX  241   206.50        1.451780E+15   6.2578E-04   7.3581E-04   0.85047
FLUX  242   207.40        1.445480E+15   6.7520E-04   7.3243E-04   0.92185
FLUX  243   207.80        1.442697E+15   6.0252E-04   7.3094E-04   0.82431
FLUX  244   208.50        1.437854E+15   6.4073E-04   7.2834E-04   0.87972
FLUX  245   209.50        1.430990E+15   6.0664E-04   7.2464E-04   0.83715
FLUX  246   210.50        1.424192E+15   6.3653E-04   7.2099E-04   0.88286
FLUX  247   211.50        1.417459E+15   6.4387E-04   7.1736E-04   0.89756
FLUX  248   212.50        1.410788E+15   6.5465E-04   7.1376E-04   0.91719
FLUX  249   213.50        1.404180E+15   6.4857E-04   7.1018E-04   0.91325
FLUX  250   214.50        1.397634E+15   6.1684E-04   7.0664E-04   0.87293
FLUX  251   215.50        1.391148E+15   6.5200E-04   7.0312E-04   0.92729
FLUX  252   216.50        1.384723E+15   6.5516E-04   6.9963E-04   0.93645
FLUX  253   217.50        1.378356E+15   6.5183E-04   6.9616E-04   0.93633
FLUX  254   218.50        1.372048E+15   6.3499E-04   6.9272E-04   0.91666
FLUX  255   219.50        1.365797E+15   6.5039E-04   6.8931E-04   0.94354
FLUX  256   220.50        1.359603E+15   6.5262E-04   6.8592E-04   0.95145
FLUX  257   221.50        1.353465E+15   6.4666E-04   6.8256E-04   0.94740
FLUX  258   222.50        1.347382E+15   6.3456E-04   6.7922E-04   0.93425
FLUX  259   223.50        1.341353E+15   6.3028E-04   6.7591E-04   0.93250
FLUX  260   224.50        1.335379E+15   6.4142E-04   6.7262E-04   0.95361
FLUX  261   225.50        1.329457E+15   6.2727E-04   6.6936E-04   0.93712
FLUX  262   226.50        1.323587E+15   6.3941E-04   6.6613E-04   0.95988
FLUX  263   227.50        1.317769E+15   6.3470E-04   6.6292E-04   0.95743
FLUX  264   228.50        1.312002E+15   6.3983E-04   6.5974E-04   0.96983
FLUX  265   229.50        1.306285E+15   6.0167E-04   6.5658E-04   0.91636
FLUX  266   230.50        1.300618E+15   6.2879E-04   6.5345E-04   0.96225
FLUX  267   231.50        1.295000E+15   6.1269E-04   6.5035E-04   0.94210
FLUX  268   232.50        1.289430E+15   5.4590E-04   6.4726E-04   0.84339
FLUX  269   233.50        1.283908E+15   5.9589E-04   6.4420E-04   0.92500
FLUX  270   234.50        1.278433E+15   6.0711E-04   6.4116E-04   0.94690
FLUX  271   235.50        1.273004E+15   6.0907E-04   6.3814E-04   0.95443
FLUX  272   236.50        1.267622E+15   6.0766E-04   6.3515E-04   0.95672
FLUX  273   237.50        1.262284E+15   5.9923E-04   6.3218E-04   0.94788
FLUX  274   238.50        1.256992E+15   6.0039E-04   6.2923E-04   0.95416
FLUX  275   239.50        1.251743E+15   5.9902E-04   6.2630E-04   0.95643
FLUX  276   240.50        1.246538E+15   5.9201E-04   6.2339E-04   0.94966
FLUX  277   241.50        1.241377E+15   5.9212E-04   6.2050E-04   0.95426
FLUX  278   242.50        1.236258E+15   5.9580E-04   6.1763E-04   0.96464
FLUX  279   243.50        1.231181E+15   5.8310E-04   6.1478E-04   0.94846
FLUX  280   244.50        1.226145E+15   5.8873E-04   6.1196E-04   0.96205
FLUX  281   245.50        1.221151E+15   5.9430E-04   6.0915E-04   0.97563
FLUX  282   246.50        1.216197E+15   5.8711E-04   6.0636E-04   0.96826
FLUX  283   247.50        1.211283E+15   5.8345E-04   6.0360E-04   0.96663
FLUX  284   248.50        1.206408E+15   5.7799E-04   6.0085E-04   0.96195
FLUX  285   249.50        1.201573E+15   5.0809E-04   5.9812E-04   0.84948
FLUX  286   250.50        1.196776E+15   5.6945E-04   5.9541E-04   0.95640
FLUX  287   251.30        1.192967E+15   5.4723E-04   5.9326E-04   0.92241
FLUX  288   251.80        1.190598E+15   5.7108E-04   5.9192E-04   0.96480
FLUX  289   252.50        1.187297E+15   5.6630E-04   5.9005E-04   0.95975
FLUX  290   253.50        1.182613E+15   5.6412E-04   5.8741E-04   0.96036
FLUX  291   254.50        1.177967E+15   5.5254E-04   5.8479E-04   0.94485
FLUX  292   255.50        1.173356E+15   5.6134E-04   5.8219E-04   0.96418
FLUX  293   256.50        1.168782E+15   5.5910E-04   5.7961E-04   0.96460
FLUX  294   257.50        1.164243E+15   5.6276E-04   5.7705E-04   0.97524
FLUX  295   258.50        1.159739E+15   5.5916E-04   5.7451E-04   0.97329
FLUX  296   259.50        1.155270E+15   5.5705E-04   5.7198E-04   0.97391
FLUX  297   260.50        1.150835E+15   5.5507E-04   5.7352E-04   0.96783
FLUX  298   261.50        1.146434E+15   5.5072E-04   5.7097E-04   0.96453
FLUX  299   262.50        1.142067E+15   5.5094E-04   5.6844E-04   0.96920
FLUX  300   263.50        1.137732E+15   5.5050E-04   5.6593E-04   0.97272
FLUX  301   264.50        1.133431E+15   5.5065E-04   5.6344E-04   0.97730
FLUX  302   265.50        1.129162E+15   5.5224E-04   5.6096E-04   0.98445
FLUX  303   266.50        1.124925E+15   5.3502E-04   5.5850E-04   0.95796
FLUX  304   267.50        1.120720E+15   5.4113E-04   5.5606E-04   0.97316
FLUX  305   268.50        1.116546E+15   5.4318E-04   5.5363E-04   0.98112
FLUX  306   269.50        1.112403E+15   5.2790E-04   5.5122E-04   0.95770
FLUX  307   270.50        1.108290E+15   5.2180E-04   5.4882E-04   0.95077
FLUX  308   271.50        1.104208E+15   5.2589E-04   5.4644E-04   0.96239
FLUX  309   272.50        1.100156E+15   5.2850E-04   5.4408E-04   0.97136
FLUX  310   273.50        1.096133E+15   5.2912E-04   5.4174E-04   0.97672
FLUX  311   274.50        1.092140E+15   5.1820E-04   5.3941E-04   0.96069
FLUX  312   275.50        1.088176E+15   5.2040E-04   5.3709E-04   0.96892
FLUX  313   276.50        1.084241E+15   5.1853E-04   5.3479E-04   0.96959
FLUX  314   277.50        1.080333E+15   5.2572E-04   5.3251E-04   0.98725
FLUX  315   278.50        1.076454E+15   5.2073E-04   5.3025E-04   0.98205
FLUX  316   279.50        1.072603E+15   5.0457E-04   5.2800E-04   0.95563
FLUX  317   280.50        1.068779E+15   5.1261E-04   5.2576E-04   0.97498
FLUX  318   281.50        1.064982E+15   5.1782E-04   5.2354E-04   0.98908
FLUX  319   282.50        1.061212E+15   5.1393E-04   5.2133E-04   0.98581
FLUX  320   283.50        1.057469E+15   4.9764E-04   5.1914E-04   0.95859
FLUX  321   284.50        1.053752E+15   5.0815E-04   5.1696E-04   0.98295
FLUX  322   285.50        1.050061E+15   5.0321E-04   5.1479E-04   0.97751
FLUX  323   286.50        1.046396E+15   5.0667E-04   5.1264E-04   0.98835
FLUX  324   287.50        1.042757E+15   5.0445E-04   5.1050E-04   0.98815
FLUX  325   288.50        1.039142E+15   5.0217E-04   5.0838E-04   0.98779
FLUX  326   289.50        1.035553E+15   4.9781E-04   5.0627E-04   0.98329
FLUX  327   291.00        1.030215E+15   4.9324E-04   5.0313E-04   0.98036
FLUX  328   293.00        1.023183E+15   4.9303E-04   4.9899E-04   0.98807
FLUX  329   295.00        1.016246E+15   4.8459E-04   4.9490E-04   0.97917
FLUX  330   297.00        1.009402E+15   4.8462E-04   4.9086E-04   0.98729
FLUX  331   299.00        1.002651E+15   4.8044E-04   4.8688E-04   0.98678
FLUX  332   301.00        9.959884E+14   4.6951E-04   4.8294E-04   0.97218
FLUX  333   303.00        9.894142E+14   4.7410E-04   4.7906E-04   0.98965
FLUX  334   305.00        9.829262E+14   4.7193E-04   4.7522E-04   0.99307
FLUX  335   307.00        9.765228E+14   4.6986E-04   4.7143E-04   0.99667
FLUX  336   309.00        9.702023E+14   4.5889E-04   4.6769E-04   0.98118
FLUX  337   311.00        9.639630E+14   4.6136E-04   4.6399E-04   0.99431
FLUX  338   313.00        9.578035E+14   4.5595E-04   4.6090E-04   0.98927
FLUX  339   315.00        9.517222E+14   4.5444E-04   4.5728E-04   0.99380
FLUX  340   317.00        9.457177E+14   4.4821E-04   4.5371E-04   0.98787
FLUX  341   319.00        9.397884E+14   4.4413E-04   4.5019E-04   0.98655
FLUX  342   321.00        9.339330E+14   4.4441E-04   4.4671E-04   0.99484
FLUX  343   323.00        9.281502E+14   4.3969E-04   4.4327E-04   0.99193
FLUX  344   325.00        9.224385E+14   4.3813E-04   4.3987E-04   0.99603
FLUX  345   327.00        9.167966E+14   4.3328E-04   4.3652E-04   0.99259
FLUX  346   329.00        9.112234E+14   4.3005E-04   4.3320E-04   0.99274
FLUX  347   331.00        9.057175E+14   4.2757E-04   4.2991E-04   0.99456
FLUX  348   333.00        9.002778E+14   4.2381E-04   4.2667E-04   0.99329
FLUX  349   335.00        8.949030E+14   4.2098E-04   4.2346E-04   0.99414
FLUX  350   337.00        8.895920E+14   4.1799E-04   4.2029E-04   0.99453
FLUX  351   339.00        8.843437E+14   4.1593E-04   4.1715E-04   0.99706
FLUX  352   341.00        8.791569E+14   4.1301E-04   4.1406E-04   0.99748
FLUX  353   343.00        8.740306E+14   4.0837E-04   4.1397E-04   0.98646
FLUX  354   345.00        8.689638E+14   4.0502E-04   4.1089E-04   0.98571
FLUX  355   347.00        8.639553E+14   4.0299E-04   4.0784E-04   0.98811
FLUX  356   349.00        8.590043E+14   3.9990E-04   4.0482E-04   0.98784
FLUX  357   351.00        8.541097E+14   3.9790E-04   4.0184E-04   0.99020
FLUX  358   353.00        8.492705E+14   3.9634E-04   3.9890E-04   0.99358
FLUX  359   355.00        8.444859E+14   3.9337E-04   3.9599E-04   0.99341
FLUX  360   357.00        8.397549E+14   3.9203E-04   3.9310E-04   0.99726
FLUX  361   359.00        8.350766E+14   3.8494E-04   3.9026E-04   0.98638
FLUX  362   361.00        8.304501E+14   3.8250E-04   3.8745E-04   0.98724
FLUX  363   363.00        8.258747E+14   3.8124E-04   3.8466E-04   0.99111
FLUX  364   364.00        8.236058E+14   3.8292E-04   3.8328E-04   0.99904
FLUX  365   365.00        8.213493E+14   3.8000E-04   4.9052E-04   0.77469
FLUX  366   367.00        8.168733E+14   3.7894E-04   4.8645E-04   0.77899
FLUX  367   369.00        8.124458E+14   3.6532E-04   4.8685E-04   0.75037
FLUX  368   371.00        8.080660E+14   3.5549E-04   4.8285E-04   0.73623
FLUX  369   373.00        8.037332E+14   3.5015E-04   4.7890E-04   0.73115
FLUX  370   375.00        7.994467E+14   3.7717E-04   4.7500E-04   0.79405
FLUX  371   377.00        7.952056E+14   3.7796E-04   4.7114E-04   0.80221
FLUX  372   379.00        7.910092E+14   3.9751E-04   4.6734E-04   0.85058
FLUX  373   381.00        7.868570E+14   4.1781E-04   4.6357E-04   0.90128
FLUX  374   383.00        7.827480E+14   3.7506E-04   4.5986E-04   0.81561
FLUX  375   385.00        7.786818E+14   4.2814E-04   4.5619E-04   0.93852
FLUX  376   387.00        7.746576E+14   4.2835E-04   4.5256E-04   0.94651
FLUX  377   389.00        7.706748E+14   3.6201E-04   4.4897E-04   0.80632
FLUX  378   391.00        7.667327E+14   4.3475E-04   4.4543E-04   0.97602
FLUX  379   393.00        7.628308E+14   4.2452E-04   4.4193E-04   0.96061
FLUX  380   395.00        7.589684E+14   4.2550E-04   4.3848E-04   0.97042
FLUX  381   397.00        7.551448E+14   3.4984E-04   4.3506E-04   0.80411
FLUX  382   399.00        7.513596E+14   4.1888E-04   4.3169E-04   0.97035
FLUX  383   401.00        7.476122E+14   4.2014E-04   4.2835E-04   0.98082
FLUX  384   403.00        7.439020E+14   4.0592E-04   4.2505E-04   0.95498
FLUX  385   405.00        7.402284E+14   4.1439E-04   4.2179E-04   0.98245
FLUX  386   407.00        7.365909E+14   4.0089E-04   4.1857E-04   0.95775
FLUX  387   409.00        7.329890E+14   3.8017E-04   4.1539E-04   0.91522
FLUX  388   411.00        7.294221E+14   3.4518E-04   4.1224E-04   0.83732
FLUX  389   413.00        7.258898E+14   3.9251E-04   4.0913E-04   0.95937
FLUX  390   415.00        7.223916E+14   3.9414E-04   4.0606E-04   0.97064
FLUX  391   417.00        7.189269E+14   3.9553E-04   4.0302E-04   0.98143
FLUX  392   419.00        7.154952E+14   3.9482E-04   4.0001E-04   0.98701
FLUX  393   421.00        7.120962E+14   3.9466E-04   3.9704E-04   0.99401
FLUX  394   423.00        7.087293E+14   3.8967E-04   3.9410E-04   0.98876
FLUX  395   425.00        7.053941E+14   3.8365E-04   3.9120E-04   0.98070
FLUX  396   427.00        7.020902E+14   3.7426E-04   3.8833E-04   0.96379
FLUX  397   429.00        6.988170E+14   3.7593E-04   3.8549E-04   0.97521
FLUX  398   431.00        6.955742E+14   3.6804E-04   3.8268E-04   0.96174
FLUX  399   433.00        6.923614E+14   3.4438E-04   3.7990E-04   0.90651
FLUX  400   435.00        6.891782E+14   3.2004E-04   3.7715E-04   0.84858
FLUX  401   437.00        6.860240E+14   3.6015E-04   3.7443E-04   0.96188
FLUX  402   439.00        6.828986E+14   3.6146E-04   3.7174E-04   0.97235
FLUX  403   441.00        6.798016E+14   3.6192E-04   3.6907E-04   0.98063
FLUX  404   443.00        6.767325E+14   3.6045E-04   3.6644E-04   0.98366
FLUX  405   445.00        6.736910E+14   3.5835E-04   3.6383E-04   0.98492
FLUX  406   447.00        6.706767E+14   3.4497E-04   3.6126E-04   0.95491
FLUX  407   449.00        6.676893E+14   3.5369E-04   3.5870E-04   0.98602
FLUX  408   451.00        6.647284E+14   3.5371E-04   3.5618E-04   0.99307
FLUX  409   453.00        6.617936E+14   3.5094E-04   3.5368E-04   0.99226
FLUX  410   455.00        6.588846E+14   3.4877E-04   3.5121E-04   0.99305
FLUX  411   457.00        6.560011E+14   3.4609E-04   3.4877E-04   0.99231
FLUX  412   459.00        6.531427E+14   3.4300E-04   3.4635E-04   0.99034
FLUX  413   461.00        6.503091E+14   3.3804E-04   3.4396E-04   0.98280
FLUX  414   463.00        6.475000E+14   3.3636E-04   3.4159E-04   0.98469
FLUX  415   465.00        6.447151E+14   3.2949E-04   3.3924E-04   0.97127
FLUX  416   467.00        6.419540E+14   3.3221E-04   3.3692E-04   0.98602
FLUX  417   469.00        6.392164E+14   3.3222E-04   3.3463E-04   0.99282
FLUX  418   471.00        6.365021E+14   3.2260E-04   3.3235E-04   0.97064
FLUX  419   473.00        6.338108E+14   3.2580E-04   3.3010E-04   0.98697
FLUX  420   475.00        6.311421E+14   3.2345E-04   3.2788E-04   0.98651
FLUX  421   477.00        6.284958E+14   3.2545E-04   3.2567E-04   0.99932
FLUX  422   479.00        6.258716E+14   3.2231E-04   3.2349E-04   0.99634
FLUX  423   481.00        6.232692E+14   3.1850E-04   3.2133E-04   0.99118
FLUX  424   483.00        6.206884E+14   3.1535E-04   3.1919E-04   0.98795
FLUX  425   485.00        6.181289E+14   2.9903E-04   3.1708E-04   0.94309
FLUX  426   487.00        6.155903E+14   2.7126E-04   3.1498E-04   0.86118
FLUX  427   489.00        6.130726E+14   3.0963E-04   3.1291E-04   0.98951
FLUX  428   491.00        6.105754E+14   3.0902E-04   3.1085E-04   0.99409
FLUX  429   493.00        6.080984E+14   3.0119E-04   3.0882E-04   0.97529
FLUX  430   495.00        6.056414E+14   3.0438E-04   3.0681E-04   0.99209
FLUX  431   497.00        6.032042E+14   3.0455E-04   3.0481E-04   0.99913
FLUX  432   499.00        6.007866E+14   3.0186E-04   3.0284E-04   0.99678
FLUX  433   501.00        5.983882E+14   2.9149E-04   3.0088E-04   0.96876
FLUX  434   503.00        5.960089E+14   2.9759E-04   2.9895E-04   0.99545
FLUX  435   505.00        5.936485E+14   2.9285E-04   2.9703E-04   0.98591
FLUX  436   507.00        5.913067E+14   2.9438E-04   2.9514E-04   0.99745
FLUX  437   509.00        5.889833E+14   2.9213E-04   2.9326E-04   0.99615
FLUX  438   511.00        5.866781E+14   2.8967E-04   2.9140E-04   0.99407
FLUX  439   513.00        5.843908E+14   2.8560E-04   2.8955E-04   0.98636
FLUX  440   515.00        5.821214E+14   2.8457E-04   2.8772E-04   0.98905
FLUX  441   517.00        5.798694E+14   2.8467E-04   2.8591E-04   0.99565
FLUX  442   519.00        5.776349E+14   2.8316E-04   2.8412E-04   0.99664
FLUX  443   521.00        5.754175E+14   2.8080E-04   2.8234E-04   0.99455
FLUX  444   523.00        5.732170E+14   2.7947E-04   2.8058E-04   0.99604
FLUX  445   525.00        5.710333E+14   2.7788E-04   2.7884E-04   0.99657
FLUX  446   527.00        5.688662E+14   2.7556E-04   2.7711E-04   0.99442
FLUX  447   529.00        5.667155E+14   2.7460E-04   2.7540E-04   0.99709
FLUX  448   531.00        5.645810E+14   2.7252E-04   2.7370E-04   0.99567
FLUX  449   533.00        5.624625E+14   2.7113E-04   2.7202E-04   0.99671
FLUX  450   535.00        5.603598E+14   2.6913E-04   2.7036E-04   0.99544
FLUX  451   537.00        5.582728E+14   2.6802E-04   2.6871E-04   0.99743
FLUX  452   539.00        5.562013E+14   2.6627E-04   2.6708E-04   0.99698
FLUX  453   541.00        5.541451E+14   2.6494E-04   2.6546E-04   0.99804
FLUX  454   543.00        5.521041E+14   2.6301E-04   2.6386E-04   0.99678
FLUX  455   545.00        5.500780E+14   2.6132E-04   2.6227E-04   0.99640
FLUX  456   547.00        5.480667E+14   2.5970E-04   2.6069E-04   0.99618
FLUX  457   549.00        5.460701E+14   2.5817E-04   2.5913E-04   0.99629
FLUX  458   551.00        5.440880E+14   2.5718E-04   2.5758E-04   0.99843
FLUX  459   553.00        5.421203E+14   2.5513E-04   2.5605E-04   0.99642
FLUX  460   555.00        5.401667E+14   2.5423E-04   2.5453E-04   0.99880
FLUX  461   557.00        5.382271E+14   2.5249E-04   2.5303E-04   0.99790
FLUX  462   559.00        5.363014E+14   2.5131E-04   2.5153E-04   0.99912
FLUX  463   561.00        5.343895E+14   2.4965E-04   2.5005E-04   0.99837
FLUX  464   563.00        5.324911E+14   2.4839E-04   2.4859E-04   0.99920
FLUX  465   565.00        5.306062E+14   2.4590E-04   2.4714E-04   0.99501
FLUX  466   567.00        5.287346E+14   2.4332E-04   2.4570E-04   0.99032
FLUX  467   569.00        5.268761E+14   2.4135E-04   2.4427E-04   0.98806
FLUX  468   571.00        5.250306E+14   2.4165E-04   2.4285E-04   0.99505
FLUX  469   573.00        5.231981E+14   2.4052E-04   2.4145E-04   0.99613
FLUX  470   575.00        5.213783E+14   2.3850E-04   2.4006E-04   0.99348
FLUX  471   577.00        5.195711E+14   2.3836E-04   2.3868E-04   0.99865
FLUX  472   579.00        5.177763E+14   2.3684E-04   2.3732E-04   0.99800
FLUX  473   581.00        5.159940E+14   2.3554E-04   2.3596E-04   0.99822
FLUX  474   583.00        5.142238E+14   2.3370E-04   2.3462E-04   0.99607
FLUX  475   585.00        5.124658E+14   2.3273E-04   2.3329E-04   0.99759
FLUX  476   587.00        5.107198E+14   2.2512E-04   2.3197E-04   0.97048
FLUX  477   589.00        5.089856E+14   2.2819E-04   2.3066E-04   0.98930
FLUX  478   591.00        5.072631E+14   2.2822E-04   2.2936E-04   0.99499
FLUX  479   593.00        5.055523E+14   2.2644E-04   2.2808E-04   0.99282
FLUX  480   595.00        5.038529E+14   2.2502E-04   2.2680E-04   0.99212
FLUX  481   597.00        5.021650E+14   2.2527E-04   2.2554E-04   0.99881
FLUX  482   599.00        5.004883E+14   2.2297E-04   2.2429E-04   0.99412
FLUX  483   601.00        4.988228E+14   2.2252E-04   2.2304E-04   0.99767
FLUX  484   603.00        4.971683E+14   2.2089E-04   2.2181E-04   0.99587
FLUX  485   605.00        4.955248E+14   2.1984E-04   2.2059E-04   0.99661
FLUX  486   607.00        4.938921E+14   2.1902E-04   2.1937E-04   0.99839
FLUX  487   609.00        4.922701E+14   2.1783E-04   2.1817E-04   0.99843
FLUX  488   611.00        4.906588E+14   2.1664E-04   2.1698E-04   0.99843
FLUX  489   613.00        4.890579E+14   2.1562E-04   2.1579E-04   0.99919
FLUX  490   615.00        4.874675E+14   2.1338E-04   2.1462E-04   0.99420
FLUX  491   617.00        4.858874E+14   2.1264E-04   2.1346E-04   0.99617
FLUX  492   619.00        4.843174E+14   2.1193E-04   2.1230E-04   0.99825
FLUX  493   621.00        4.827576E+14   2.1099E-04   2.1116E-04   0.99918
FLUX  494   623.00        4.812079E+14   2.0991E-04   2.1002E-04   0.99946
FLUX  495   625.00        4.796680E+14   2.0833E-04   2.0889E-04   0.99731
FLUX  496   627.00        4.781380E+14   2.0742E-04   2.0778E-04   0.99830
FLUX  497   629.00        4.766176E+14   2.0650E-04   2.0667E-04   0.99918
FLUX  498   631.00        4.751070E+14   2.0527E-04   2.0557E-04   0.99857
FLUX  499   633.00        4.736058E+14   2.0439E-04   2.0448E-04   0.99957
FLUX  500   635.00        4.721142E+14   2.0250E-04   2.0340E-04   0.99560
FLUX  501   637.00        4.706319E+14   2.0195E-04   2.0232E-04   0.99818
FLUX  502   639.00        4.691588E+14   2.0099E-04   2.0126E-04   0.99865
FLUX  503   641.00        4.676950E+14   1.9996E-04   2.0020E-04   0.99880
FLUX  504   643.00        4.662403E+14   1.9912E-04   1.9915E-04   0.99982
FLUX  505   645.00        4.647946E+14   1.9798E-04   1.9811E-04   0.99934
FLUX  506   647.00        4.633578E+14   1.9633E-04   1.9708E-04   0.99621
FLUX  507   649.00        4.619299E+14   1.9530E-04   1.9606E-04   0.99617
FLUX  508   651.00        4.605108E+14   1.9477E-04   1.9504E-04   0.99859
FLUX  509   653.00        4.591003E+14   1.9305E-04   1.9403E-04   0.99493
FLUX  510   655.00        4.576985E+14   1.8717E-04   1.9303E-04   0.96962
FLUX  511   657.00        4.563052E+14   1.6734E-04   1.9204E-04   0.87140
FLUX  512   659.00        4.549203E+14   1.8783E-04   1.9105E-04   0.98310
FLUX  513   661.00        4.535439E+14   1.8939E-04   1.9008E-04   0.99640
FLUX  514   663.00        4.521757E+14   1.8892E-04   1.8911E-04   0.99903
FLUX  515   665.00        4.508158E+14   1.8791E-04   1.8828E-04   0.99808
FLUX  516   667.00        4.494640E+14   1.8554E-04   1.8732E-04   0.99047
FLUX  517   669.00        4.481203E+14   1.8459E-04   1.8637E-04   0.99045
FLUX  518   671.00        4.467846E+14   1.8533E-04   1.8543E-04   0.99948
FLUX  519   673.00        4.454569E+14   1.8389E-04   1.8449E-04   0.99673
FLUX  520   675.00        4.441370E+14   1.8342E-04   1.8357E-04   0.99922
FLUX  521   677.00        4.428250E+14   1.8263E-04   1.8265E-04   0.99992
FLUX  522   679.00        4.415206E+14   1.8027E-04   1.8173E-04   0.99194
FLUX  523   681.00        4.402239E+14   1.8049E-04   1.8083E-04   0.99814
FLUX  524   683.00        4.389348E+14   1.7967E-04   1.7993E-04   0.99856
FLUX  525   685.00        4.376533E+14   1.7894E-04   1.7903E-04   0.99947
FLUX  526   687.00        4.363792E+14   1.7807E-04   1.7815E-04   0.99957
FLUX  527   689.00        4.351125E+14   1.7699E-04   1.7727E-04   0.99841
FLUX  528   691.00        4.338531E+14   1.7602E-04   1.7640E-04   0.99789
FLUX  529   693.00        4.326010E+14   1.7542E-04   1.7553E-04   0.99935
FLUX  530   695.00        4.313561E+14   1.7463E-04   1.7467E-04   0.99976
FLUX  531   697.00        4.301184E+14   1.7380E-04   1.7382E-04   0.99989
FLUX  532   699.00        4.288877E+14   1.7291E-04   1.7297E-04   0.99965
FLUX  533   701.00        4.276641E+14   1.7207E-04   1.7213E-04   0.99966
FLUX  534   703.00        4.264474E+14   1.7122E-04   1.7129E-04   0.99958
FLUX  535   705.00        4.252376E+14   1.7039E-04   1.7046E-04   0.99959
FLUX  536   707.00        4.240347E+14   1.6693E-04   1.6964E-04   0.98403
FLUX  537   709.00        4.228385E+14   1.6880E-04   1.6882E-04   0.99987
FLUX  538   711.00        4.216491E+14   1.6701E-04   1.6801E-04   0.99405
FLUX  539   713.00        4.204663E+14   1.6639E-04   1.6721E-04   0.99509
FLUX  540   715.00        4.192902E+14   1.6634E-04   1.6641E-04   0.99956
FLUX  541   717.00        4.181206E+14   1.6556E-04   1.6562E-04   0.99968
FLUX  542   719.00        4.169576E+14   1.6482E-04   1.6483E-04   0.99997
FLUX  543   721.00        4.158010E+14   1.6404E-04   1.6404E-04   0.99997
FLUX  544   723.00        4.146508E+14   1.6092E-04   1.6327E-04   0.98561
FLUX  545   725.00        4.135069E+14   1.6225E-04   1.6250E-04   0.99851
FLUX  546   727.00        4.123693E+14   1.6170E-04   1.6173E-04   0.99981
FLUX  547   729.00        4.112380E+14   1.5954E-04   1.6097E-04   0.99109
FLUX  548   731.00        4.101129E+14   1.6015E-04   1.6021E-04   0.99959
FLUX  549   733.00        4.089939E+14   1.5937E-04   1.5946E-04   0.99943
FLUX  550   735.00        4.078810E+14   1.5870E-04   1.5872E-04   0.99988
FLUX  551   737.00        4.067741E+14   1.5798E-04   1.5798E-04   0.99999
FLUX  552   739.00        4.056732E+14   1.5724E-04   1.5724E-04   0.99998
FLUX  553   741.00        4.045783E+14   1.5651E-04   1.5651E-04   0.99999
FLUX  554   743.00        4.034892E+14   1.5571E-04   1.5579E-04   0.99949
FLUX  555   745.00        4.024060E+14   1.5505E-04   1.5509E-04   0.99970
FLUX  556   747.00        4.013286E+14   1.5384E-04   1.5438E-04   0.99652
FLUX  557   749.00        4.002570E+14   1.5357E-04   1.5367E-04   0.99935
FLUX  558   751.00        3.991911E+14   1.5283E-04   1.5297E-04   0.99912
FLUX  559   753.00        3.981308E+14   1.5210E-04   1.5227E-04   0.99893
FLUX  560   755.00        3.970762E+14   1.5154E-04   1.5157E-04   0.99982
FLUX  561   757.00        3.960271E+14   1.5085E-04   1.5088E-04   0.99982
FLUX  562   759.00        3.949835E+14   1.5015E-04   1.5020E-04   0.99970
FLUX  563   761.00        3.939455E+14   1.4931E-04   1.4951E-04   0.99862
FLUX  564   763.00        3.929128E+14   1.4878E-04   1.4884E-04   0.99959
FLUX  565   765.00        3.918856E+14   1.4812E-04   1.4817E-04   0.99971
FLUX  566   767.00        3.908638E+14   1.4748E-04   1.4750E-04   0.99988
FLUX  567   769.00        3.898472E+14   1.4679E-04   1.4684E-04   0.99968
FLUX  568   771.00        3.888359E+14   1.4610E-04   1.4618E-04   0.99946
FLUX  569   773.00        3.878299E+14   1.4546E-04   1.4552E-04   0.99952
FLUX  570   775.00        3.868290E+14   1.4484E-04   1.4488E-04   0.99976
FLUX  571   777.00        3.858333E+14   1.4350E-04   1.4423E-04   0.99497
FLUX  572   779.00        3.848427E+14   1.4359E-04   1.4359E-04   0.99998
FLUX  573   781.00        3.838572E+14   1.4282E-04   1.4295E-04   0.99907
FLUX  574   783.00        3.828768E+14   1.4232E-04   1.4232E-04   0.99997
FLUX  575   785.00        3.819013E+14   1.4164E-04   1.4186E-04   0.99843
FLUX  576   787.00        3.809307E+14   1.4069E-04   1.4123E-04   0.99616
FLUX  577   789.00        3.799651E+14   1.3983E-04   1.4061E-04   0.99445
FLUX  578   791.00        3.790044E+14   1.3962E-04   1.4000E-04   0.99729
FLUX  579   793.00        3.780485E+14   1.3893E-04   1.3938E-04   0.99671
FLUX  580   795.00        3.770975E+14   1.3832E-04   1.3878E-04   0.99670
FLUX  581   797.00        3.761512E+14   1.3777E-04   1.3817E-04   0.99712
FLUX  582   799.00        3.752096E+14   1.3714E-04   1.3757E-04   0.99690
FLUX  583   801.00        3.742728E+14   1.3654E-04   1.3697E-04   0.99684
FLUX  584   803.00        3.733406E+14   1.3609E-04   1.3638E-04   0.99790
FLUX  585   805.00        3.724130E+14   1.3557E-04   1.3579E-04   0.99839
FLUX  586   807.00        3.714901E+14   1.3510E-04   1.3521E-04   0.99919
FLUX  587   809.00        3.705717E+14   1.3425E-04   1.3463E-04   0.99721
FLUX  588   811.00        3.696578E+14   1.3326E-04   1.3405E-04   0.99415
FLUX  589   813.00        3.687485E+14   1.3339E-04   1.3347E-04   0.99938
FLUX  590   815.00        3.678436E+14   1.3255E-04   1.3290E-04   0.99733
FLUX  591   817.00        3.669431E+14   1.3228E-04   1.3234E-04   0.99956
FLUX  592   819.00        3.660470E+14   1.3132E-04   1.3177E-04   0.99653
FLUX  593   821.00        3.651553E+14   1.3014E-04   1.3730E-04   0.94781
FLUX  594   823.00        3.642679E+14   1.2956E-04   1.3671E-04   0.94775
FLUX  595   825.00        3.633848E+14   1.2965E-04   1.3612E-04   0.95246
FLUX  596   827.00        3.625060E+14   1.2814E-04   1.3560E-04   0.94494
FLUX  597   829.00        3.616315E+14   1.2851E-04   1.3502E-04   0.95180
FLUX  598   831.00        3.607611E+14   1.2807E-04   1.3444E-04   0.95265
FLUX  599   833.00        3.598950E+14   1.2750E-04   1.3387E-04   0.95243
FLUX  600   835.00        3.590329E+14   1.2657E-04   1.3329E-04   0.94958
FLUX  601   837.00        3.581750E+14   1.2576E-04   1.3273E-04   0.94749
FLUX  602   839.00        3.573212E+14   1.2565E-04   1.3216E-04   0.95070
FLUX  603   841.00        3.564715E+14   1.2481E-04   1.3160E-04   0.94836
FLUX  604   843.00        3.556257E+14   1.2366E-04   1.3104E-04   0.94368
FLUX  605   845.00        3.547840E+14   1.2239E-04   1.3049E-04   0.93794
FLUX  606   847.00        3.539463E+14   1.2208E-04   1.2994E-04   0.93953
FLUX  607   849.00        3.531125E+14   1.2225E-04   1.2939E-04   0.94478
FLUX  608   851.00        3.522826E+14   1.2043E-04   1.2885E-04   0.93464
FLUX  609   853.00        3.514566E+14   1.2202E-04   1.2831E-04   0.95094
FLUX  610   855.00        3.506345E+14   1.1772E-04   1.2778E-04   0.92130
FLUX  611   857.00        3.498162E+14   1.2306E-04   1.2724E-04   0.96710
FLUX  612   859.00        3.490017E+14   1.1726E-04   1.2671E-04   0.92537
FLUX  613   861.00        3.481911E+14   1.1710E-04   1.2619E-04   0.92800
FLUX  614   863.00        3.473841E+14   1.2290E-04   1.2566E-04   0.97804
FLUX  615   865.00        3.465809E+14   1.1927E-04   1.2514E-04   0.95304
FLUX  616   867.00        3.457814E+14   1.1144E-04   1.2463E-04   0.89416
FLUX  617   869.00        3.449856E+14   1.2081E-04   1.2411E-04   0.97340
FLUX  618   871.00        3.441935E+14   1.2211E-04   1.2360E-04   0.98793
FLUX  619   873.00        3.434049E+14   1.1882E-04   1.2310E-04   0.96526
FLUX  620   875.00        3.426200E+14   1.0809E-04   1.2259E-04   0.88168
FLUX  621   877.00        3.418387E+14   1.1614E-04   1.2209E-04   0.95122
FLUX  622   879.00        3.410609E+14   1.2030E-04   1.2159E-04   0.98938
FLUX  623   881.00        3.402866E+14   1.2013E-04   1.2110E-04   0.99200
FLUX  624   883.00        3.395159E+14   1.1910E-04   1.2061E-04   0.98752
FLUX  625   885.00        3.387486E+14   1.1264E-04   1.2012E-04   0.93776
FLUX  626   887.00        3.379848E+14   1.0498E-04   1.1963E-04   0.87749
FLUX  627   889.00        3.372244E+14   1.1662E-04   1.1915E-04   0.97879
FLUX  628   891.00        3.364675E+14   1.1776E-04   1.1867E-04   0.99230
FLUX  629   893.00        3.357139E+14   1.1743E-04   1.1819E-04   0.99351
FLUX  630   895.00        3.349637E+14   1.1732E-04   1.1772E-04   0.99659
FLUX  631   897.00        3.342168E+14   1.1663E-04   1.1725E-04   0.99474
FLUX  632   899.00        3.334733E+14   1.1342E-04   1.1678E-04   0.97127
FLUX  633   901.00        3.327331E+14   1.0238E-04   1.1631E-04   0.88018
FLUX  634   903.00        3.319961E+14   1.0787E-04   1.1585E-04   0.93113
FLUX  635   905.00        3.312624E+14   1.1408E-04   1.1539E-04   0.98868
FLUX  636   907.00        3.305320E+14   1.1340E-04   1.1493E-04   0.98667
FLUX  637   909.00        3.298047E+14   1.1384E-04   1.1448E-04   0.99445
FLUX  638   911.00        3.290807E+14   1.1387E-04   1.1403E-04   0.99867
FLUX  639   913.00        3.283598E+14   1.1351E-04   1.1358E-04   0.99944
FLUX  640   915.00        3.276421E+14   1.1306E-04   1.1313E-04   0.99936
FLUX  641   917.00        3.269275E+14   1.1208E-04   1.1269E-04   0.99465
FLUX  642   919.00        3.262160E+14   1.1147E-04   1.1224E-04   0.99312
FLUX  643   921.00        3.255076E+14   1.0728E-04   1.1181E-04   0.95949
FLUX  644   923.00        3.248023E+14   9.5409E-05   1.1137E-04   0.85669
FLUX  645   925.00        3.241000E+14   1.0644E-04   1.1094E-04   0.95950
FLUX  646   927.00        3.234008E+14   1.0899E-04   1.1050E-04   0.98626
FLUX  647   929.00        3.227045E+14   1.0975E-04   1.1008E-04   0.99700
FLUX  648   931.00        3.220113E+14   1.0904E-04   1.0965E-04   0.99445
FLUX  649   933.00        3.213210E+14   1.0885E-04   1.0922E-04   0.99654
FLUX  650   935.00        3.206337E+14   1.0865E-04   1.0880E-04   0.99862
FLUX  651   937.00        3.199493E+14   1.0833E-04   1.0838E-04   0.99952
FLUX  652   939.00        3.192678E+14   1.0793E-04   1.0797E-04   0.99968
FLUX  653   941.00        3.185893E+14   1.0732E-04   1.0755E-04   0.99787
FLUX  654   943.00        3.179136E+14   1.0708E-04   1.0714E-04   0.99938
FLUX  655   945.00        3.172407E+14   1.0663E-04   1.0673E-04   0.99906
FLUX  656   947.00        3.165707E+14   1.0559E-04   1.0633E-04   0.99310
FLUX  657   949.00        3.159036E+14   1.0553E-04   1.0592E-04   0.99630
FLUX  658   951.00        3.152392E+14   1.0375E-04   1.0552E-04   0.98320
FLUX  659   953.00        3.145776E+14   9.9902E-05   1.0512E-04   0.95038
FLUX  660   955.00        3.139188E+14   8.9858E-05   1.0472E-04   0.85808
FLUX  661   957.00        3.132628E+14   1.0131E-04   1.0432E-04   0.97109
FLUX  662   959.00        3.126095E+14   1.0327E-04   1.0393E-04   0.99365
FLUX  663   961.00        3.119589E+14   1.0292E-04   1.0354E-04   0.99402
FLUX  664   963.00        3.113110E+14   1.0231E-04   1.0315E-04   0.99188
FLUX  665   965.00        3.106658E+14   1.0276E-04   1.0276E-04   0.99993
FLUX  666   967.00        3.100233E+14   1.0235E-04   1.0238E-04   0.99976
FLUX  667   969.00        3.093834E+14   1.0186E-04   1.0200E-04   0.99863
FLUX  668   971.00        3.087461E+14   1.0118E-04   1.0162E-04   0.99574
FLUX  669   973.00        3.081115E+14   1.0122E-04   1.0124E-04   0.99977
FLUX  670   975.00        3.074795E+14   1.0081E-04   1.0086E-04   0.99945
FLUX  671   977.00        3.068501E+14   1.0048E-04   1.0049E-04   0.99994
FLUX  672   979.00        3.062232E+14   1.0009E-04   1.0012E-04   0.99973
FLUX  673   981.00        3.055989E+14   9.9644E-05   9.9748E-05   0.99896
FLUX  674   983.00        3.049771E+14   9.9351E-05   9.9380E-05   0.99970
FLUX  675   985.00        3.043579E+14   9.8974E-05   9.9014E-05   0.99959
FLUX  676   987.00        3.037411E+14   9.8522E-05   9.8651E-05   0.99870
FLUX  677   989.00        3.031269E+14   9.8064E-05   9.8289E-05   0.99771
FLUX  678   991.00        3.025151E+14   9.7278E-05   9.7929E-05   0.99335
FLUX  679   993.00        3.019058E+14   9.7547E-05   9.7572E-05   0.99974
FLUX  680   995.00        3.012990E+14   9.7165E-05   9.7216E-05   0.99947
FLUX  681   997.00        3.006946E+14   9.6718E-05   9.6862E-05   0.99851
FLUX  682   999.00        3.000926E+14   9.6240E-05   9.6511E-05   0.99719
FLUX  683  1002.50        2.990449E+14   9.2023E-05   9.5899E-05   0.95958
FLUX  684  1007.50        2.975608E+14   8.9849E-05   9.5037E-05   0.94542
FLUX  685  1012.50        2.960914E+14   9.3704E-05   9.4185E-05   0.99489
FLUX  686  1017.50        2.946364E+14   9.3334E-05   9.3345E-05   0.99988
FLUX  687  1022.50        2.931956E+14   9.2458E-05   9.2517E-05   0.99936
FLUX  688  1027.50        2.917689E+14   9.1686E-05   9.1699E-05   0.99986
FLUX  689  1032.50        2.903559E+14   9.0518E-05   9.0892E-05   0.99589
FLUX  690  1037.50        2.889566E+14   9.0090E-05   9.0095E-05   0.99994
FLUX  691  1042.50        2.875707E+14   8.9308E-05   8.9309E-05   0.99999
FLUX  692  1047.50        2.861981E+14   8.8531E-05   8.8534E-05   0.99997
FLUX  693  1052.50        2.848385E+14   8.7734E-05   8.7768E-05   0.99961
FLUX  694  1057.50        2.834917E+14   8.7005E-05   8.7012E-05   0.99992
FLUX  695  1062.50        2.821576E+14   8.6261E-05   8.6266E-05   0.99994
FLUX  696  1067.50        2.808361E+14   8.5340E-05   8.5530E-05   0.99778
FLUX  697  1072.50        2.795268E+14   8.4800E-05   8.4803E-05   0.99997
FLUX  698  1077.50        2.782297E+14   8.4073E-05   8.4085E-05   0.99986
FLUX  699  1082.50        2.769446E+14   8.2404E-05   8.3376E-05   0.98834
FLUX  700  1087.50        2.756713E+14   8.2436E-05   8.2676E-05   0.99710
FLUX  701  1092.50        2.744096E+14   7.5675E-05   8.1985E-05   0.92303
FLUX  702  1097.50        2.731595E+14   7.9664E-05   8.1302E-05   0.97984
FLUX  703  1102.50        2.719206E+14   8.0133E-05   8.0628E-05   0.99386
FLUX  704  1107.50        2.706930E+14   7.9954E-05   7.9962E-05   0.99989
FLUX  705  1112.50        2.694764E+14   7.9294E-05   7.9305E-05   0.99987
FLUX  706  1117.50        2.682707E+14   7.8649E-05   7.8655E-05   0.99993
FLUX  707  1122.50        2.670757E+14   7.7958E-05   7.8013E-05   0.99928
FLUX  708  1127.50        2.658914E+14   7.7270E-05   7.7380E-05   0.99858
FLUX  709  1132.50        2.647174E+14   7.6620E-05   7.6754E-05   0.99826
FLUX  710  1137.50        2.635538E+14   7.6117E-05   7.6135E-05   0.99976
FLUX  711  1142.50        2.624004E+14   7.5458E-05   7.5524E-05   0.99913
FLUX  712  1147.50        2.612571E+14   7.4913E-05   7.4920E-05   0.99991
FLUX  713  1152.50        2.601236E+14   7.4321E-05   7.4324E-05   0.99997
FLUX  714  1157.50        2.590000E+14   7.3673E-05   7.3734E-05   0.99917
FLUX  715  1162.50        2.578860E+14   7.3128E-05   7.3152E-05   0.99967
FLUX  716  1167.50        2.567816E+14   7.2528E-05   7.2576E-05   0.99934
FLUX  717  1172.50        2.556866E+14   7.2002E-05   7.2008E-05   0.99992
FLUX  718  1177.50        2.546008E+14   7.1418E-05   7.1446E-05   0.99961
FLUX  719  1182.50        2.535243E+14   7.0881E-05   7.0890E-05   0.99987
FLUX  720  1187.50        2.524568E+14   7.0339E-05   7.0341E-05   0.99997
FLUX  721  1192.50        2.513983E+14   6.9798E-05   6.9798E-05   0.99999
FLUX  722  1197.50        2.503486E+14   6.8753E-05   6.9262E-05   0.99265
FLUX  723  1202.50        2.493077E+14   6.8726E-05   6.8732E-05   0.99991
FLUX  724  1207.50        2.482754E+14   6.8207E-05   6.8208E-05   0.99999
FLUX  725  1212.50        2.472515E+14   6.7683E-05   6.7689E-05   0.99991
FLUX  726  1217.50        2.462361E+14   6.7172E-05   6.7177E-05   0.99992
FLUX  727  1222.50        2.452290E+14   6.6666E-05   6.6670E-05   0.99993
FLUX  728  1227.50        2.442301E+14   6.6168E-05   6.6169E-05   0.99998
FLUX  729  1232.50        2.432394E+14   6.5667E-05   6.5674E-05   0.99989
FLUX  730  1237.50        2.422566E+14   6.5177E-05   6.5184E-05   0.99988
FLUX  731  1242.50        2.412817E+14   6.4699E-05   6.4700E-05   0.99999
FLUX  732  1247.50        2.403146E+14   6.4132E-05   6.4221E-05   0.99861
FLUX  733  1252.50        2.393553E+14   6.3580E-05   6.3748E-05   0.99737
FLUX  734  1257.50        2.384036E+14   6.3242E-05   6.3279E-05   0.99940
FLUX  735  1262.50        2.374594E+14   6.2795E-05   6.2816E-05   0.99966
FLUX  736  1267.50        2.365227E+14   6.2353E-05   6.2358E-05   0.99992
FLUX  737  1272.50        2.355933E+14   6.1879E-05   6.1905E-05   0.99958
FLUX  738  1277.50        2.346712E+14   6.0374E-05   6.1457E-05   0.98238
FLUX  739  1282.50        2.337563E+14   5.6408E-05   6.1013E-05   0.92452
FLUX  740  1287.50        2.328485E+14   6.0211E-05   6.0575E-05   0.99399
FLUX  741  1292.50        2.319478E+14   6.0134E-05   6.0141E-05   0.99988
FLUX  742  1297.50        2.310539E+14   5.9351E-05   5.9712E-05   0.99397
FLUX  743  1302.50        2.301670E+14   5.9266E-05   5.9287E-05   0.99965
FLUX  744  1307.50        2.292868E+14   5.8866E-05   5.8866E-05   0.99999
FLUX  745  1312.50        2.284133E+14   5.8450E-05   5.8451E-05   1.00000
FLUX  746  1317.50        2.275465E+14   5.8026E-05   5.8039E-05   0.99978
FLUX  747  1322.50        2.266862E+14   5.7631E-05   5.7632E-05   0.99998
FLUX  748  1327.50        2.258324E+14   5.7228E-05   5.7229E-05   0.99998
FLUX  749  1332.50        2.249850E+14   5.6811E-05   5.6830E-05   0.99967
FLUX  750  1337.50        2.241439E+14   5.6418E-05   5.6435E-05   0.99968
FLUX  751  1342.50        2.233091E+14   5.5970E-05   5.6045E-05   0.99867
FLUX  752  1347.50        2.224805E+14   5.5652E-05   5.5658E-05   0.99989
FLUX  753  1352.50        2.216580E+14   5.5255E-05   5.5276E-05   0.99962
FLUX  754  1357.50        2.208416E+14   5.4890E-05   5.4897E-05   0.99987
FLUX  755  1362.50        2.200312E+14   5.4492E-05   5.4523E-05   0.99943
FLUX  756  1367.50        2.192267E+14   5.4140E-05   5.4152E-05   0.99978
FLUX  757  1372.50        2.184281E+14   5.3757E-05   5.3785E-05   0.99948
FLUX  758  1377.50        2.176352E+14   5.3420E-05   5.3421E-05   0.99998
FLUX  759  1382.50        2.168481E+14   5.3060E-05   5.3062E-05   0.99998
FLUX  760  1387.50        2.160667E+14   5.2699E-05   5.2705E-05   0.99987
FLUX  761  1392.50        2.152908E+14   5.2302E-05   5.2353E-05   0.99904
FLUX  762  1397.50        2.145206E+14   5.1978E-05   5.2004E-05   0.99949
FLUX  763  1402.50        2.137558E+14   5.1643E-05   5.1658E-05   0.99970
FLUX  764  1407.50        2.129964E+14   5.1316E-05   5.1316E-05   0.99998
FLUX  765  1412.50        2.122425E+14   5.0968E-05   5.0978E-05   0.99981
FLUX  766  1417.50        2.114938E+14   5.0636E-05   5.0642E-05   0.99987
FLUX  767  1422.50        2.107504E+14   5.0310E-05   5.0310E-05   0.99999
FLUX  768  1427.50        2.100123E+14   4.9977E-05   4.9981E-05   0.99992
FLUX  769  1432.50        2.092792E+14   4.9649E-05   4.9656E-05   0.99986
FLUX  770  1437.50        2.085513E+14   4.9323E-05   4.9333E-05   0.99978
FLUX  771  1442.50        2.078284E+14   4.9013E-05   4.9014E-05   0.99998
FLUX  772  1447.50        2.071105E+14   4.8694E-05   4.8698E-05   0.99993
FLUX  773  1452.50        2.063976E+14   4.8378E-05   4.8385E-05   0.99986
FLUX  774  1457.00        2.057601E+14   4.8104E-05   4.8105E-05   0.99998
FLUX  775  1462.00        2.050564E+14   4.8038E-05   4.8386E-05   0.99280
FLUX  776  1467.50        2.042879E+14   4.8045E-05   4.8046E-05   0.99999
FLUX  777  1472.50        2.035942E+14   4.7719E-05   4.7739E-05   0.99957
FLUX  778  1477.50        2.029052E+14   4.7284E-05   4.7436E-05   0.99680
FLUX  779  1482.50        2.022209E+14   4.6900E-05   4.7136E-05   0.99501
FLUX  780  1487.50        2.015412E+14   4.6511E-05   4.6838E-05   0.99301
FLUX  781  1492.50        2.008660E+14   4.6146E-05   4.6543E-05   0.99146
FLUX  782  1497.50        2.001953E+14   4.5778E-05   4.6251E-05   0.98978
FLUX  783  1502.50        1.995291E+14   4.5447E-05   4.5962E-05   0.98881
FLUX  784  1507.50        1.988673E+14   4.4964E-05   4.5675E-05   0.98442
FLUX  785  1512.50        1.982099E+14   4.4749E-05   4.5391E-05   0.98586
FLUX  786  1517.50        1.975568E+14   4.4422E-05   4.5110E-05   0.98474
FLUX  787  1522.50        1.969080E+14   4.4130E-05   4.4831E-05   0.98435
FLUX  788  1527.50        1.962635E+14   4.3803E-05   4.4555E-05   0.98312
FLUX  789  1532.50        1.956232E+14   4.3491E-05   4.4282E-05   0.98215
FLUX  790  1537.50        1.949870E+14   4.3350E-05   4.4011E-05   0.98500
FLUX  791  1542.50        1.943549E+14   4.2858E-05   4.3742E-05   0.97980
FLUX  792  1547.50        1.937270E+14   4.2839E-05   4.3476E-05   0.98536
FLUX  793  1552.50        1.931031E+14   4.2552E-05   4.3212E-05   0.98473
FLUX  794  1557.50        1.924831E+14   4.1924E-05   4.2951E-05   0.97610
FLUX  795  1562.50        1.918672E+14   4.2356E-05   4.2692E-05   0.99214
FLUX  796  1567.50        1.912552E+14   4.1610E-05   4.2435E-05   0.98056
FLUX  797  1572.50        1.906471E+14   4.1089E-05   4.2180E-05   0.97413
FLUX  798  1577.50        1.900428E+14   4.1692E-05   4.1928E-05   0.99437
FLUX  799  1582.50        1.894423E+14   4.1367E-05   4.1678E-05   0.99253
FLUX  800  1587.50        1.888457E+14   3.9862E-05   4.1431E-05   0.96214
FLUX  801  1592.50        1.882527E+14   4.0615E-05   4.1185E-05   0.98615
FLUX  802  1597.50        1.876635E+14   4.0861E-05   4.0942E-05   0.99801
FLUX  803  1605.00        1.867866E+14   4.0196E-05   4.0581E-05   0.99052
FLUX  804  1615.00        1.856300E+14   3.9071E-05   4.0107E-05   0.97416
FLUX  805  1625.00        1.844877E+14   3.9616E-05   3.9642E-05   0.99935
FLUX  806  1635.00        1.833593E+14   3.8732E-05   3.9184E-05   0.98846
FLUX  807  1645.00        1.822447E+14   3.7616E-05   3.8734E-05   0.97112
FLUX  808  1655.00        1.811435E+14   3.8277E-05   3.8292E-05   0.99960
FLUX  809  1665.00        1.800556E+14   3.7857E-05   3.7858E-05   0.99997
FLUX  810  1675.00        1.789806E+14   3.6951E-05   3.7431E-05   0.98719
FLUX  811  1685.00        1.779184E+14   3.5819E-05   3.7010E-05   0.96782
FLUX  812  1695.00        1.768687E+14   3.6578E-05   3.6597E-05   0.99948
FLUX  813  1705.00        1.758314E+14   3.5983E-05   3.6191E-05   0.99425
FLUX  814  1715.00        1.748061E+14   3.5785E-05   3.5792E-05   0.99982
FLUX  815  1725.00        1.737928E+14   3.5357E-05   3.5398E-05   0.99884
FLUX  816  1735.00        1.727911E+14   3.3521E-05   3.5012E-05   0.95741
FLUX  817  1745.00        1.718009E+14   3.4475E-05   3.4631E-05   0.99549
FLUX  818  1755.00        1.708219E+14   3.4256E-05   3.4257E-05   0.99997
FLUX  819  1765.00        1.698541E+14   3.3888E-05   3.3889E-05   0.99999
FLUX  820  1775.00        1.688972E+14   3.3522E-05   3.3526E-05   0.99987
FLUX  821  1785.00        1.679510E+14   3.3129E-05   3.3170E-05   0.99878
FLUX  822  1795.00        1.670153E+14   3.2819E-05   3.2819E-05   0.99999
FLUX  823  1805.00        1.660900E+14   3.2431E-05   3.2473E-05   0.99870
FLUX  824  1815.00        1.651749E+14   3.0797E-05   3.2133E-05   0.95840
FLUX  825  1825.00        1.642699E+14   3.1516E-05   3.1799E-05   0.99111
FLUX  826  1835.00        1.633747E+14   3.1465E-05   3.1469E-05   0.99986
FLUX  827  1845.00        1.624892E+14   3.1138E-05   3.1145E-05   0.99977
FLUX  828  1855.00        1.616132E+14   3.0775E-05   3.0825E-05   0.99838
FLUX  829  1865.00        1.607466E+14   3.0258E-05   3.0510E-05   0.99171
FLUX  830  1875.00        1.598893E+14   2.8914E-05   3.0201E-05   0.95741
FLUX  831  1885.00        1.590411E+14   2.9858E-05   2.9895E-05   0.99873
FLUX  832  1895.00        1.582018E+14   2.9568E-05   2.9595E-05   0.99908
FLUX  833  1905.00        1.573714E+14   2.9184E-05   2.9299E-05   0.99610
FLUX  834  1915.00        1.565496E+14   2.9004E-05   2.9007E-05   0.99991
FLUX  835  1925.00        1.557364E+14   2.8719E-05   2.8720E-05   0.99998
FLUX  836  1935.00        1.549315E+14   2.8367E-05   2.8436E-05   0.99757
FLUX  837  1945.00        1.541350E+14   2.6789E-05   2.8158E-05   0.95141
FLUX  838  1955.00        1.533465E+14   2.7767E-05   2.7883E-05   0.99587
FLUX  839  1965.00        1.525662E+14   2.7611E-05   2.7612E-05   0.99999
FLUX  840  1975.00        1.517937E+14   2.7345E-05   2.7345E-05   0.99999
FLUX  841  1985.00        1.510290E+14   2.7081E-05   2.7081E-05   1.00000
FLUX  842  1995.00        1.502719E+14   2.6822E-05   2.6822E-05   1.00000
FLUX  843  2005.00        1.495224E+14   2.6566E-05   2.6566E-05   0.99999
FLUX  844  2015.00        1.487804E+14   2.6314E-05   2.6314E-05   1.00000
FLUX  845  2025.00        1.480457E+14   2.6066E-05   2.6066E-05   1.00000
FLUX  846  2035.00        1.473182E+14   2.5821E-05   2.5821E-05   1.00000
FLUX  847  2045.00        1.465978E+14   2.5567E-05   2.5579E-05   0.99953
FLUX  848  2055.00        1.458844E+14   2.5281E-05   2.5341E-05   0.99764
FLUX  849  2065.00        1.451780E+14   2.5106E-05   2.5106E-05   1.00000
FLUX  850  2075.00        1.444783E+14   2.4873E-05   2.4874E-05   0.99997
FLUX  851  2085.00        1.437854E+14   2.4645E-05   2.4645E-05   0.99999
FLUX  852  2095.00        1.430990E+14   2.4418E-05   2.4420E-05   0.99992
FLUX  853  2105.00        1.424192E+14   2.4196E-05   2.4197E-05   0.99992
FLUX  854  2115.00        1.417459E+14   2.3868E-05   2.3978E-05   0.99543
FLUX  855  2125.00        1.410788E+14   2.3761E-05   2.3762E-05   0.99999
FLUX  856  2135.00        1.404180E+14   2.3547E-05   2.3548E-05   0.99994
FLUX  857  2145.00        1.397634E+14   2.3328E-05   2.3337E-05   0.99958
FLUX  858  2155.00        1.391148E+14   2.3079E-05   2.3129E-05   0.99784
FLUX  859  2165.00        1.384723E+14   2.1779E-05   2.2924E-05   0.95003
FLUX  860  2175.00        1.378356E+14   2.2622E-05   2.2722E-05   0.99560
FLUX  861  2185.00        1.372048E+14   2.2504E-05   2.2522E-05   0.99918
FLUX  862  2195.00        1.365797E+14   2.2323E-05   2.2325E-05   0.99994
FLUX  863  2205.00        1.359603E+14   2.2130E-05   2.2130E-05   1.00000
FLUX  864  2215.00        1.353465E+14   2.1938E-05   2.1938E-05   1.00000
FLUX  865  2225.00        1.347382E+14   2.1740E-05   2.1748E-05   0.99962
FLUX  866  2235.00        1.341353E+14   2.1561E-05   2.1561E-05   1.00000
FLUX  867  2245.00        1.335379E+14   2.1376E-05   2.1376E-05   1.00000
FLUX  868  2255.00        1.329457E+14   2.1194E-05   2.1194E-05   0.99999
FLUX  869  2265.00        1.323587E+14   2.1014E-05   2.1014E-05   1.00000
FLUX  870  2275.00        1.317769E+14   2.0836E-05   2.0836E-05   1.00000
FLUX  871  2285.00        1.312002E+14   2.0681E-05   2.0759E-05   0.99626
FLUX  872  2295.00        1.306285E+14   2.0584E-05   2.0584E-05   1.00000
FLUX  873  2305.00        1.300618E+14   2.0405E-05   2.0412E-05   0.99965
FLUX  874  2315.00        1.295000E+14   2.0241E-05   2.0242E-05   0.99997
FLUX  875  2325.00        1.289430E+14   2.0072E-05   2.0074E-05   0.99991
FLUX  876  2335.00        1.283908E+14   1.9872E-05   1.9908E-05   0.99821
FLUX  877  2345.00        1.278433E+14   1.9688E-05   1.9744E-05   0.99718
FLUX  878  2355.00        1.273004E+14   1.9516E-05   1.9582E-05   0.99662
FLUX  879  2365.00        1.267622E+14   1.9346E-05   1.9422E-05   0.99609
FLUX  880  2375.00        1.262284E+14   1.9177E-05   1.9264E-05   0.99550
FLUX  881  2385.00        1.256992E+14   1.9018E-05   1.9107E-05   0.99533
FLUX  882  2395.00        1.251743E+14   1.8848E-05   1.8953E-05   0.99444
FLUX  883  2405.00        1.246538E+14   1.8688E-05   1.8801E-05   0.99402
FLUX  884  2415.00        1.241377E+14   1.8531E-05   1.8650E-05   0.99361
FLUX  885  2425.00        1.236258E+14   1.8386E-05   1.8501E-05   0.99379
FLUX  886  2435.00        1.231181E+14   1.8236E-05   1.8354E-05   0.99354
FLUX  887  2445.00        1.226145E+14   1.8075E-05   1.8209E-05   0.99264
FLUX  888  2455.00        1.221151E+14   1.7959E-05   1.8065E-05   0.99411
FLUX  889  2465.00        1.216197E+14   1.7789E-05   1.7923E-05   0.99249
FLUX  890  2475.00        1.211283E+14   1.7629E-05   1.7783E-05   0.99135
FLUX  891  2485.00        1.206408E+14   1.7567E-05   1.7645E-05   0.99563
FLUX  892  2495.00        1.201573E+14   1.7315E-05   1.7508E-05   0.98899
FLUX  893  2505.00        1.196776E+14   1.7372E-05   1.7372E-05   0.99998
FLUX  894  2515.00        1.192018E+14   1.7191E-05   1.7238E-05   0.99724
FLUX  895  2525.00        1.187297E+14   1.6871E-05   1.7106E-05   0.98626
FLUX  896  2535.00        1.182613E+14   1.6896E-05   1.6975E-05   0.99532
FLUX  897  2545.00        1.177967E+14   1.6842E-05   1.6846E-05   0.99980
FLUX  898  2555.00        1.173356E+14   1.6634E-05   1.6718E-05   0.99501
FLUX  899  2565.00        1.168782E+14   1.6296E-05   1.6591E-05   0.98223
FLUX  900  2575.00        1.164243E+14   1.6408E-05   1.6466E-05   0.99647
FLUX  901  2585.00        1.159739E+14   1.6342E-05   1.6342E-05   0.99997
FLUX  902  2595.00        1.155270E+14   1.6209E-05   1.6220E-05   0.99934
FLUX  903  2605.00        1.150835E+14   1.5968E-05   1.6099E-05   0.99186
FLUX  904  2615.00        1.146434E+14   1.5570E-05   1.5980E-05   0.97434
FLUX  905  2625.00        1.142067E+14   1.5035E-05   1.5861E-05   0.94788
FLUX  906  2635.00        1.137732E+14   1.5653E-05   1.5744E-05   0.99418
FLUX  907  2645.00        1.133431E+14   1.5628E-05   1.5629E-05   0.99997
FLUX  908  2655.00        1.129162E+14   1.5495E-05   1.5514E-05   0.99878
FLUX  909  2665.00        1.124925E+14   1.5319E-05   1.5401E-05   0.99468
FLUX  910  2675.00        1.120720E+14   1.4855E-05   1.5289E-05   0.97158
FLUX  911  2685.00        1.116546E+14   1.5090E-05   1.5178E-05   0.99418
FLUX  912  2695.00        1.112403E+14   1.5068E-05   1.5069E-05   0.99997
FLUX  913  2705.00        1.108290E+14   1.4960E-05   1.4960E-05   0.99999
FLUX  914  2715.00        1.104208E+14   1.4853E-05   1.4853E-05   1.00000
FLUX  915  2725.00        1.100156E+14   1.4747E-05   1.4747E-05   0.99999
FLUX  916  2735.00        1.096133E+14   1.4642E-05   1.4642E-05   0.99998
FLUX  917  2745.00        1.092140E+14   1.4509E-05   1.4538E-05   0.99796
FLUX  918  2755.00        1.088176E+14   1.4004E-05   1.4436E-05   0.97009
FLUX  919  2765.00        1.084241E+14   1.4154E-05   1.4334E-05   0.98745
FLUX  920  2775.00        1.080333E+14   1.4224E-05   1.4233E-05   0.99937
FLUX  921  2785.00        1.076454E+14   1.4134E-05   1.4134E-05   0.99999
FLUX  922  2795.00        1.072603E+14   1.4035E-05   1.4035E-05   1.00000
FLUX  923  2805.00        1.068779E+14   1.3935E-05   1.3938E-05   0.99980
FLUX  924  2815.00        1.064982E+14   1.3841E-05   1.3841E-05   0.99998
FLUX  925  2825.00        1.061212E+14   1.3745E-05   1.3746E-05   0.99998
FLUX  926  2835.00        1.057469E+14   1.3650E-05   1.3651E-05   0.99995
FLUX  927  2845.00        1.053752E+14   1.3557E-05   1.3557E-05   0.99999
FLUX  928  2855.00        1.050061E+14   1.3453E-05   1.3465E-05   0.99914
FLUX  929  2865.00        1.046396E+14   1.3247E-05   1.3373E-05   0.99057
FLUX  930  2875.00        1.042757E+14   1.2769E-05   1.3282E-05   0.96132
FLUX  931  2885.00        1.039142E+14   1.3151E-05   1.3193E-05   0.99687
FLUX  932  2895.00        1.035553E+14   1.3102E-05   1.3104E-05   0.99985
FLUX  933  2905.00        1.031988E+14   1.3015E-05   1.3016E-05   0.99999
FLUX  934  2915.00        1.028448E+14   1.2928E-05   1.2928E-05   0.99999
FLUX  935  2925.00        1.024932E+14   1.2842E-05   1.2842E-05   0.99999
FLUX  936  2935.00        1.021440E+14   1.2756E-05   1.2757E-05   0.99998
FLUX  937  2945.00        1.017971E+14   1.2672E-05   1.2672E-05   0.99998
FLUX  938  2955.00        1.014526E+14   1.2588E-05   1.2588E-05   1.00000
FLUX  939  2965.00        1.011105E+14   1.2505E-05   1.2505E-05   0.99999
FLUX  940  2975.00        1.007706E+14   1.2423E-05   1.2423E-05   1.00000
FLUX  941  2985.00        1.004330E+14   1.2342E-05   1.2342E-05   1.00000
FLUX  942  2995.00        1.000977E+14   1.2261E-05   1.2261E-05   0.99998
FLUX  943  3005.00        9.976456E+13   1.2182E-05   1.2182E-05   0.99999
FLUX  944  3015.00        9.943367E+13   1.2097E-05   1.2103E-05   0.99956
FLUX  945  3025.00        9.910496E+13   1.2002E-05   1.2025E-05   0.99814
FLUX  946  3035.00        9.877842E+13   1.1536E-05   1.1947E-05   0.96563
FLUX  947  3045.00        9.845402E+13   1.1633E-05   1.1870E-05   0.97999
FLUX  948  3055.00        9.813175E+13   1.1782E-05   1.1794E-05   0.99892
FLUX  949  3065.00        9.781158E+13   1.1718E-05   1.1719E-05   0.99992
FLUX  950  3075.00        9.749350E+13   1.1637E-05   1.1644E-05   0.99932
FLUX  951  3085.00        9.717747E+13   1.1567E-05   1.1571E-05   0.99971
FLUX  952  3095.00        9.686349E+13   1.1497E-05   1.1497E-05   0.99999
FLUX  953  3105.00        9.655153E+13   1.1425E-05   1.1425E-05   0.99999
FLUX  954  3115.00        9.624157E+13   1.1351E-05   1.1353E-05   0.99982
FLUX  955  3125.00        9.593360E+13   1.1278E-05   1.1282E-05   0.99967
FLUX  956  3135.00        9.562759E+13   1.1211E-05   1.1212E-05   0.99998
FLUX  957  3145.00        9.532353E+13   1.1142E-05   1.1142E-05   0.99998
FLUX  958  3155.00        9.502139E+13   1.1073E-05   1.1073E-05   1.00000
FLUX  959  3165.00        9.472117E+13   1.1004E-05   1.1004E-05   0.99999
FLUX  960  3175.00        9.442283E+13   1.0936E-05   1.0936E-05   1.00000
FLUX  961  3185.00        9.412637E+13   1.0869E-05   1.0869E-05   1.00000
FLUX  962  3195.00        9.383177E+13   1.0802E-05   1.0802E-05   1.00000
FLUX  963  3210.00        9.339330E+13   1.0704E-05   1.0704E-05   1.00000
FLUX  964  3230.00        9.281502E+13   1.0574E-05   1.0574E-05   1.00000
FLUX  965  3250.00        9.224385E+13   1.0446E-05   1.0446E-05   1.00000
FLUX  966  3270.00        9.167966E+13   1.0321E-05   1.0321E-05   0.99997
FLUX  967  3290.00        9.112234E+13   9.9023E-06   1.0221E-05   0.96879
FLUX  968  3310.00        9.057175E+13   1.0039E-05   1.0100E-05   0.99397
FLUX  969  3330.00        9.002778E+13   9.9787E-06   9.9814E-06   0.99973
FLUX  970  3350.00        8.949030E+13   9.8644E-06   9.8645E-06   0.99999
FLUX  971  3370.00        8.895920E+13   9.7495E-06   9.7497E-06   0.99998
FLUX  972  3390.00        8.843437E+13   9.6366E-06   9.6368E-06   0.99998
FLUX  973  3410.00        8.791569E+13   9.5257E-06   9.5259E-06   0.99997
FLUX  974  3430.00        8.740306E+13   9.4166E-06   9.4169E-06   0.99997
FLUX  975  3450.00        8.689638E+13   9.3060E-06   9.3097E-06   0.99960
FLUX  976  3470.00        8.639553E+13   9.1830E-06   9.2043E-06   0.99769
FLUX  977  3490.00        8.590043E+13   9.0783E-06   9.1007E-06   0.99754
FLUX  978  3510.00        8.541097E+13   8.9760E-06   8.9988E-06   0.99746
FLUX  979  3530.00        8.492705E+13   8.8733E-06   8.8986E-06   0.99716
FLUX  980  3550.00        8.444859E+13   8.7733E-06   8.8001E-06   0.99696
FLUX  981  3570.00        8.397549E+13   8.6740E-06   8.7032E-06   0.99665
FLUX  982  3590.00        8.350766E+13   8.5840E-06   8.6078E-06   0.99724
FLUX  983  3610.00        8.304501E+13   8.4826E-06   8.5140E-06   0.99631
FLUX  984  3630.00        8.258747E+13   8.3996E-06   8.4218E-06   0.99737
FLUX  985  3650.00        8.213493E+13   8.2959E-06   8.3310E-06   0.99579
FLUX  986  3670.00        8.168733E+13   8.2341E-06   8.2416E-06   0.99908
FLUX  987  3690.00        8.124458E+13   8.1095E-06   8.1537E-06   0.99458
FLUX  988  3710.00        8.080660E+13   8.0405E-06   8.0672E-06   0.99670
FLUX  989  3730.00        8.037332E+13   7.8543E-06   7.9820E-06   0.98400
FLUX  990  3750.00        7.994467E+13   7.6997E-06   7.8982E-06   0.97487
FLUX  991  3770.00        7.952056E+13   7.8047E-06   7.8157E-06   0.99860
FLUX  992  3790.00        7.910092E+13   7.7342E-06   7.7344E-06   0.99997
FLUX  993  3810.00        7.868570E+13   7.6091E-06   7.6544E-06   0.99408
FLUX  994  3830.00        7.827480E+13   7.5380E-06   7.5756E-06   0.99504
FLUX  995  3850.00        7.786818E+13   7.4979E-06   7.4980E-06   0.99998
FLUX  996  3870.00        7.746576E+13   7.4216E-06   7.4217E-06   0.99999
FLUX  997  3890.00        7.706748E+13   7.3307E-06   7.3464E-06   0.99786
FLUX  998  3910.00        7.667327E+13   7.1942E-06   7.2723E-06   0.98926
FLUX  999  3930.00        7.628308E+13   7.1941E-06   7.1993E-06   0.99928
FLUX 1000  3950.00        7.589684E+13   7.1267E-06   7.1274E-06   0.99990
FLUX 1001  3970.00        7.551448E+13   7.0565E-06   7.0566E-06   0.99999
FLUX 1002  3990.00        7.513596E+13   6.9868E-06   6.9868E-06   1.00000
FLUX 1003  4010.00        7.476122E+13   6.8659E-06   6.9180E-06   0.99246
FLUX 1004  4030.00        7.439020E+13   6.7662E-06   6.8503E-06   0.98774
FLUX 1005  4050.00        7.402284E+13   6.5963E-06   6.7835E-06   0.97241
FLUX 1006  4070.00        7.365909E+13   6.7122E-06   6.7177E-06   0.99919
FLUX 1007  4090.00        7.329890E+13   6.6527E-06   6.6528E-06   0.99999
FLUX 1008  4110.00        7.294221E+13   6.5888E-06   6.5888E-06   0.99999
FLUX 1009  4130.00        7.258898E+13   6.5191E-06   6.5258E-06   0.99898
FLUX 1010  4150.00        7.223916E+13   6.4538E-06   6.4636E-06   0.99847
FLUX 1011  4170.00        7.189269E+13   6.2861E-06   6.4024E-06   0.98183
FLUX 1012  4190.00        7.154952E+13   6.3292E-06   6.3420E-06   0.99799
FLUX 1013  4210.00        7.120962E+13   6.2823E-06   6.2824E-06   0.99999
FLUX 1014  4230.00        7.087293E+13   6.2237E-06   6.2237E-06   1.00000
FLUX 1015  4250.00        7.053941E+13   6.1618E-06   6.1657E-06   0.99936
FLUX 1016  4270.00        7.020902E+13   6.1086E-06   6.1086E-06   1.00000
FLUX 1017  4290.00        6.988170E+13   6.0396E-06   6.0523E-06   0.99791
FLUX 1018  4310.00        6.955742E+13   5.9967E-06   5.9967E-06   1.00000
FLUX 1019  4330.00        6.923614E+13   5.9419E-06   5.9419E-06   0.99999
FLUX 1020  4350.00        6.891782E+13   5.8853E-06   5.8878E-06   0.99956
FLUX 1021  4370.00        6.860240E+13   5.7194E-06   5.8345E-06   0.98027
FLUX 1022  4390.00        6.828986E+13   5.7450E-06   5.7819E-06   0.99362
FLUX 1023  4410.00        6.798016E+13   5.7299E-06   5.7300E-06   0.99998
FLUX 1024  4430.00        6.767325E+13   5.6787E-06   5.6788E-06   1.00000
FLUX 1025  4450.00        6.736910E+13   5.6282E-06   5.6282E-06   1.00000
FLUX 1026  4470.00        6.706767E+13   5.5852E-06   5.5852E-06   1.00000
FLUX 1027  4490.00        6.676893E+13   5.5359E-06   5.5359E-06   1.00000
FLUX 1028  4510.00        6.647284E+13   5.4872E-06   5.4872E-06   1.00000
FLUX 1029  4530.00        6.617936E+13   5.4391E-06   5.4392E-06   0.99998
FLUX 1030  4550.00        6.588846E+13   5.3918E-06   5.3918E-06   1.00000
FLUX 1031  4570.00        6.560011E+13   5.3450E-06   5.3451E-06   0.99999
FLUX 1032  4590.00        6.531427E+13   5.2989E-06   5.2989E-06   1.00000
FLUX 1033  4610.00        6.503091E+13   5.2510E-06   5.2533E-06   0.99956
FLUX 1034  4630.00        6.475000E+13   5.2028E-06   5.2083E-06   0.99894
FLUX 1035  4650.00        6.447151E+13   4.9836E-06   5.1638E-06   0.96509
FLUX 1036  4670.00        6.419540E+13   4.9690E-06   5.1200E-06   0.97051
FLUX 1037  4690.00        6.392164E+13   5.0503E-06   5.0767E-06   0.99482
FLUX 1038  4710.00        6.365021E+13   5.0338E-06   5.0339E-06   0.99998
FLUX 1039  4730.00        6.338108E+13   4.9916E-06   4.9916E-06   0.99999
FLUX 1040  4750.00        6.311421E+13   4.9497E-06   4.9499E-06   0.99995
FLUX 1041  4770.00        6.284958E+13   4.9087E-06   4.9087E-06   0.99999
FLUX 1042  4790.00        6.258716E+13   4.8680E-06   4.8680E-06   1.00000
FLUX 1043  4810.00        6.232692E+13   4.8279E-06   4.8279E-06   1.00000
FLUX 1044  4830.00        6.206884E+13   4.7882E-06   4.7882E-06   1.00000
FLUX 1045  4850.00        6.181289E+13   4.7490E-06   4.7490E-06   1.00000
FLUX 1046  4870.00        6.155903E+13   4.7102E-06   4.7102E-06   1.00000
FLUX 1047  4890.00        6.130726E+13   4.6720E-06   4.6720E-06   1.00000
FLUX 1048  4910.00        6.105754E+13   4.6342E-06   4.6342E-06   1.00000
FLUX 1049  4930.00        6.080984E+13   4.5968E-06   4.5968E-06   1.00000
FLUX 1050  4950.00        6.056414E+13   4.5599E-06   4.5599E-06   1.00000
FLUX 1051  4970.00        6.032042E+13   4.5235E-06   4.5235E-06   1.00000
FLUX 1052  4990.00        6.007866E+13   4.4875E-06   4.4875E-06   1.00000
FLUX 1053  5010.00        5.983882E+13   4.4518E-06   4.4519E-06   1.00000
FLUX 1054  5030.00        5.960089E+13   4.4166E-06   4.4167E-06   0.99999
FLUX 1055  5050.00        5.936485E+13   4.3819E-06   4.3819E-06   1.00000
FLUX 1056  5070.00        5.913067E+13   4.3475E-06   4.3475E-06   1.00000
FLUX 1057  5090.00        5.889833E+13   4.3135E-06   4.3136E-06   0.99998
FLUX 1058  5110.00        5.866781E+13   4.2657E-06   4.2800E-06   0.99665
FLUX 1059  5130.00        5.843908E+13   4.1119E-06   4.2468E-06   0.96822
FLUX 1060  5150.00        5.821214E+13   4.2051E-06   4.2140E-06   0.99789
FLUX 1061  5170.00        5.798694E+13   4.1815E-06   4.1816E-06   0.99999
FLUX 1062  5190.00        5.776349E+13   4.1495E-06   4.1495E-06   1.00000
FLUX 1063  5210.00        5.754175E+13   4.1178E-06   4.1179E-06   1.00000
FLUX 1064  5230.00        5.732170E+13   4.0865E-06   4.0865E-06   1.00000
FLUX 1065  5250.00        5.710333E+13   4.0555E-06   4.0555E-06   1.00000
FLUX 1066  5270.00        5.688662E+13   4.0249E-06   4.0249E-06   1.00000
FLUX 1067  5290.00        5.667155E+13   3.9946E-06   3.9946E-06   1.00000
FLUX 1068  5310.00        5.645810E+13   3.9647E-06   3.9647E-06   1.00000
FLUX 1069  5330.00        5.624625E+13   3.9351E-06   3.9351E-06   1.00000
FLUX 1070  5350.00        5.603598E+13   3.9058E-06   3.9058E-06   1.00000
FLUX 1071  5370.00        5.582728E+13   3.8768E-06   3.8768E-06   1.00000
FLUX 1072  5390.00        5.562013E+13   3.8481E-06   3.8482E-06   1.00000
FLUX 1073  5410.00        5.541451E+13   3.8198E-06   3.8198E-06   1.00000
FLUX 1074  5430.00        5.521041E+13   3.7918E-06   3.7918E-06   1.00000
FLUX 1075  5450.00        5.500780E+13   3.7641E-06   3.7641E-06   1.00000
FLUX 1076  5470.00        5.480667E+13   3.7367E-06   3.7367E-06   1.00000
FLUX 1077  5490.00        5.460701E+13   3.7096E-06   3.7096E-06   1.00000
FLUX 1078  5510.00        5.440880E+13   3.6827E-06   3.6827E-06   1.00000
FLUX 1079  5530.00        5.421203E+13   3.6562E-06   3.6562E-06   1.00000
FLUX 1080  5550.00        5.401667E+13   3.6299E-06   3.6299E-06   1.00000
FLUX 1081  5570.00        5.382271E+13   3.6040E-06   3.6040E-06   1.00000
FLUX 1082  5590.00        5.363014E+13   3.5783E-06   3.5783E-06   1.00000
FLUX 1083  5610.00        5.343895E+13   3.5528E-06   3.5528E-06   1.00000
FLUX 1084  5630.00        5.324911E+13   3.5277E-06   3.5277E-06   1.00000
FLUX 1085  5650.00        5.306062E+13   3.5028E-06   3.5028E-06   1.00000
FLUX 1086  5670.00        5.287346E+13   3.4781E-06   3.4781E-06   1.00000
FLUX 1087  5690.00        5.268761E+13   3.4538E-06   3.4538E-06   1.00000
FLUX 1088  5710.00        5.250306E+13   3.4296E-06   3.4296E-06   1.00000
FLUX 1089  5730.00        5.231981E+13   3.4058E-06   3.4058E-06   1.00000
FLUX 1090  5750.00        5.213783E+13   3.3821E-06   3.3821E-06   1.00000
FLUX 1091  5770.00        5.195711E+13   3.3587E-06   3.3588E-06   1.00000
FLUX 1092  5790.00        5.177763E+13   3.3355E-06   3.3356E-06   0.99995
FLUX 1093  5810.00        5.159940E+13   3.3127E-06   3.3127E-06   1.00000
FLUX 1094  5830.00        5.142238E+13   3.2900E-06   3.2900E-06   1.00000
FLUX 1095  5850.00        5.124658E+13   3.2700E-06   3.2700E-06   0.99999
FLUX 1096  5870.00        5.107198E+13   3.2477E-06   3.2478E-06   0.99998
FLUX 1097  5890.00        5.089856E+13   3.2115E-06   3.2258E-06   0.99558
FLUX 1098  5910.00        5.072631E+13   3.0903E-06   3.2040E-06   0.96454
FLUX 1099  5930.00        5.055523E+13   3.1750E-06   3.1824E-06   0.99766
FLUX 1100  5950.00        5.038529E+13   3.1610E-06   3.1610E-06   0.99999
FLUX 1101  5970.00        5.021650E+13   3.1399E-06   3.1399E-06   1.00000
FLUX 1102  5990.00        5.004883E+13   3.1190E-06   3.1190E-06   1.00000
FLUX 1103  6010.00        4.988228E+13   3.0983E-06   3.0983E-06   1.00000
FLUX 1104  6030.00        4.971683E+13   3.0777E-06   3.0777E-06   1.00000
FLUX 1105  6050.00        4.955248E+13   3.0574E-06   3.0574E-06   1.00000
FLUX 1106  6070.00        4.938921E+13   3.0373E-06   3.0373E-06   1.00000
FLUX 1107  6090.00        4.922701E+13   3.0174E-06   3.0174E-06   1.00000
FLUX 1108  6110.00        4.906588E+13   2.9977E-06   2.9977E-06   1.00000
FLUX 1109  6130.00        4.890579E+13   2.9781E-06   2.9781E-06   1.00000
FLUX 1110  6150.00        4.874675E+13   2.9588E-06   2.9588E-06   1.00000
FLUX 1111  6170.00        4.858874E+13   2.9396E-06   2.9396E-06   1.00000
FLUX 1112  6190.00        4.843174E+13   2.9207E-06   2.9207E-06   1.00000
FLUX 1113  6210.00        4.827576E+13   2.9019E-06   2.9019E-06   1.00000
FLUX 1114  6230.00        4.812079E+13   2.8833E-06   2.8833E-06   1.00000
FLUX 1115  6250.00        4.796680E+13   2.8648E-06   2.8648E-06   1.00000
FLUX 1116  6270.00        4.781380E+13   2.8466E-06   2.8466E-06   1.00000
FLUX 1117  6290.00        4.766176E+13   2.8285E-06   2.8285E-06   1.00000
FLUX 1118  6310.00        4.751070E+13   2.8106E-06   2.8106E-06   1.00000
FLUX 1119  6330.00        4.736058E+13   2.7928E-06   2.7928E-06   1.00000
FLUX 1120  6350.00        4.721142E+13   2.7752E-06   2.7752E-06   1.00000
FLUX 1121  6370.00        4.706319E+13   2.7578E-06   2.7578E-06   1.00000
FLUX 1122  6390.00        4.691588E+13   2.7405E-06   2.7406E-06   1.00000
FLUX 1123  6420.00        4.669665E+13   2.7150E-06   2.7150E-06   1.00000
FLUX 1124  6460.00        4.640751E+13   2.6814E-06   2.6814E-06   1.00000
FLUX 1125  6500.00        4.612192E+13   2.6485E-06   2.6485E-06   1.00000
FLUX 1126  6540.00        4.583983E+13   2.6161E-06   2.6161E-06   1.00000
FLUX 1127  6580.00        4.556117E+13   2.5844E-06   2.5844E-06   1.00000
FLUX 1128  6620.00        4.528588E+13   2.5531E-06   2.5532E-06   0.99999
FLUX 1129  6660.00        4.501389E+13   2.5225E-06   2.5225E-06   1.00000
FLUX 1130  6700.00        4.474515E+13   2.4924E-06   2.4925E-06   1.00000
FLUX 1131  6740.00        4.447960E+13   2.4629E-06   2.4629E-06   1.00000
FLUX 1132  6780.00        4.421718E+13   2.4339E-06   2.4339E-06   1.00000
FLUX 1133  6820.00        4.395784E+13   2.4053E-06   2.4053E-06   1.00000
FLUX 1134  6860.00        4.370153E+13   2.3773E-06   2.3773E-06   0.99999
FLUX 1135  6900.00        4.344819E+13   2.3497E-06   2.3497E-06   1.00000
FLUX 1136  6940.00        4.319777E+13   2.3226E-06   2.3227E-06   0.99999
FLUX 1137  6980.00        4.295021E+13   2.2960E-06   2.2960E-06   1.00000
FLUX 1138  7020.00        4.270548E+13   2.2699E-06   2.2699E-06   1.00000
FLUX 1139  7060.00        4.246353E+13   2.2441E-06   2.2441E-06   1.00000
FLUX 1140  7100.00        4.222430E+13   2.2189E-06   2.2189E-06   1.00000
FLUX 1141  7140.00        4.198775E+13   2.1940E-06   2.1940E-06   0.99998
FLUX 1142  7180.00        4.175383E+13   2.1695E-06   2.1695E-06   0.99999
FLUX 1143  7220.00        4.152251E+13   2.1455E-06   2.1455E-06   1.00000
FLUX 1144  7260.00        4.129373E+13   2.1218E-06   2.1218E-06   0.99999
FLUX 1145  7300.00        4.106747E+13   2.0986E-06   2.0986E-06   1.00000
FLUX 1146  7340.00        4.084366E+13   2.0757E-06   2.0757E-06   1.00000
FLUX 1147  7380.00        4.062229E+13   2.0532E-06   2.0532E-06   1.00000
FLUX 1148  7420.00        4.040330E+13   2.0267E-06   2.0310E-06   0.99785
FLUX 1149  7460.00        4.018666E+13   1.9720E-06   2.0093E-06   0.98147
FLUX 1150  7500.00        3.997233E+13   1.9407E-06   1.9878E-06   0.97630
FLUX 1151  7540.00        3.976028E+13   1.9652E-06   1.9667E-06   0.99921
FLUX 1152  7580.00        3.955046E+13   1.9460E-06   1.9460E-06   0.99999
FLUX 1153  7620.00        3.934285E+13   1.9255E-06   1.9255E-06   1.00000
FLUX 1154  7660.00        3.913740E+13   1.9054E-06   1.9054E-06   1.00000
FLUX 1155  7700.00        3.893409E+13   1.8856E-06   1.8856E-06   1.00000
FLUX 1156  7740.00        3.873288E+13   1.8661E-06   1.8661E-06   1.00000
FLUX 1157  7780.00        3.853374E+13   1.8469E-06   1.8469E-06   1.00000
FLUX 1158  7820.00        3.833664E+13   1.8280E-06   1.8280E-06   1.00000
FLUX 1159  7860.00        3.814154E+13   1.8094E-06   1.8094E-06   1.00000
FLUX 1160  7900.00        3.794842E+13   1.7910E-06   1.7910E-06   1.00000
FLUX 1161  7940.00        3.775724E+13   1.7730E-06   1.7730E-06   1.00000
FLUX 1162  7980.00        3.756798E+13   1.7552E-06   1.7552E-06   1.00000
FLUX 1163  8020.00        3.738061E+13   1.7376E-06   1.7376E-06   1.00000
FLUX 1164  8060.00        3.719510E+13   1.7204E-06   1.7204E-06   1.00000
FLUX 1165  8100.00        3.701142E+13   1.7034E-06   1.7034E-06   1.00000
FLUX 1166  8140.00        3.682955E+13   1.6866E-06   1.6866E-06   1.00000
FLUX 1167  8180.00        3.664945E+13   1.6701E-06   1.6701E-06   1.00000
FLUX 1168  8220.00        3.647111E+13   1.6538E-06   1.6538E-06   1.00000
FLUX 1169  8260.00        3.629449E+13   1.6377E-06   1.6377E-06   1.00000
FLUX 1170  8300.00        3.611958E+13   1.6219E-06   1.6219E-06   1.00000
FLUX 1171  8340.00        3.594634E+13   1.6063E-06   1.6063E-06   1.00000
FLUX 1172  8380.00        3.577476E+13   1.5910E-06   1.5910E-06   1.00000
FLUX 1173  8420.00        3.560481E+13   1.5758E-06   1.5758E-06   1.00000
FLUX 1174  8460.00        3.543647E+13   1.5609E-06   1.5609E-06   1.00000
FLUX 1175  8500.00        3.526971E+13   1.5461E-06   1.5461E-06   1.00000
FLUX 1176  8540.00        3.510451E+13   1.5316E-06   1.5316E-06   1.00000
FLUX 1177  8580.00        3.494085E+13   1.5173E-06   1.5173E-06   1.00000
FLUX 1178  8620.00        3.477871E+13   1.5032E-06   1.5032E-06   1.00000
FLUX 1179  8660.00        3.461807E+13   1.4892E-06   1.4892E-06   1.00000
FLUX 1180  8700.00        3.445891E+13   1.4755E-06   1.4755E-06   1.00000
FLUX 1181  8740.00        3.430120E+13   1.4619E-06   1.4619E-06   1.00000
FLUX 1182  8780.00        3.414493E+13   1.4486E-06   1.4486E-06   1.00000
FLUX 1183  8820.00        3.399008E+13   1.4354E-06   1.4354E-06   1.00000
FLUX 1184  8860.00        3.383663E+13   1.4224E-06   1.4224E-06   1.00000
FLUX 1185  8900.00        3.368455E+13   1.4096E-06   1.4096E-06   1.00000
FLUX 1186  8940.00        3.353384E+13   1.3969E-06   1.3969E-06   1.00000
FLUX 1187  8980.00        3.338447E+13   1.3844E-06   1.3844E-06   1.00000
FLUX 1188  9020.00        3.323642E+13   1.3721E-06   1.3721E-06   1.00000
FLUX 1189  9060.00        3.308968E+13   1.3599E-06   1.3599E-06   1.00000
FLUX 1190  9100.00        3.294423E+13   1.3479E-06   1.3479E-06   1.00000
FLUX 1191  9140.00        3.280005E+13   1.3361E-06   1.3361E-06   1.00000
FLUX 1192  9180.00        3.265714E+13   1.3244E-06   1.3244E-06   1.00000
FLUX 1193  9220.00        3.251546E+13   1.3128E-06   1.3128E-06   1.00000
FLUX 1194  9260.00        3.237500E+13   1.3014E-06   1.3014E-06   0.99999
FLUX 1195  9300.00        3.223575E+13   1.2902E-06   1.2902E-06   1.00000
FLUX 1196  9340.00        3.209770E+13   1.2791E-06   1.2791E-06   1.00000
FLUX 1197  9380.00        3.196082E+13   1.2681E-06   1.2681E-06   1.00000
FLUX 1198  9420.00        3.182511E+13   1.2573E-06   1.2573E-06   1.00000
FLUX 1199  9460.00        3.169054E+13   1.2466E-06   1.2466E-06   1.00000
FLUX 1200  9500.00        3.155711E+13   1.2361E-06   1.2361E-06   1.00000
FLUX 1201  9540.00        3.142479E+13   1.2257E-06   1.2257E-06   1.00000
FLUX 1202  9580.00        3.129358E+13   1.2154E-06   1.2154E-06   1.00000
FLUX 1203  9620.00        3.116346E+13   1.2052E-06   1.2052E-06   1.00000
FLUX 1204  9660.00        3.103442E+13   1.1952E-06   1.1952E-06   1.00000
FLUX 1205  9700.00        3.090644E+13   1.1853E-06   1.1853E-06   0.99999
FLUX 1206  9740.00        3.077952E+13   1.1755E-06   1.1755E-06   1.00000
FLUX 1207  9780.00        3.065363E+13   1.1658E-06   1.1658E-06   1.00000
FLUX 1208  9820.00        3.052877E+13   1.1563E-06   1.1563E-06   1.00000
FLUX 1209  9860.00        3.040492E+13   1.1469E-06   1.1469E-06   1.00000
FLUX 1210  9900.00        3.028207E+13   1.1375E-06   1.1375E-06   1.00000
FLUX 1211  9940.00        3.016021E+13   1.1283E-06   1.1283E-06   1.00000
FLUX 1212  9980.00        3.003933E+13   1.1192E-06   1.1192E-06   1.00000
FLUX 1213 10020.00        2.991941E+13   1.1103E-06   1.1103E-06   1.00000
FLUX 1214 20000.00        1.498963E+13   2.7476E-07   2.7476E-07   1.00000
FLUX 1215 40000.00        7.494813E+12   6.7332E-08   6.7332E-08   1.00000
FLUX 1216 60000.00        4.996542E+12   2.9513E-08   2.9513E-08   1.00000
FLUX 1217 80000.00        3.747406E+12   1.6428E-08   1.6428E-08   1.00000
FLUX 1218100000.00        2.997925E+12   1.0426E-08   1.0426E-08   1.00000
FLUX 1219120000.00        2.498271E+12   7.1885E-09   7.1885E-09   1.00000
FLUX 1220140000.00        2.141375E+12   5.2491E-09   5.2491E-09   1.00000
FLUX 1221160000.00        1.873703E+12   3.9973E-09   3.9973E-09   1.00000
FLUX
