TEFF   8250.  GRAVITY 4.50000 LTE 
TITLE TEST RUN WITH SDSC OPACITY  VTURB 2 KM/S    L/H 1.25                      
 OPACITY IFOP
FLUX   81    50.60        5.924753E+15   5.0259E-26   5.6818E-26   0.88456
FLUX   82    51.20        5.855322E+15   9.6564E-26   9.8038E-26   0.98496
FLUX   83    52.00        5.765240E+15   1.9693E-25   1.9875E-25   0.99083
FLUX   84    53.00        5.656462E+15   4.6638E-25   4.6642E-25   0.99992
FLUX   85    54.00        5.551713E+15   1.0572E-24   1.0606E-24   0.99681
FLUX   86    55.00        5.450773E+15   2.3422E-24   2.3430E-24   0.99966
FLUX   87    56.00        5.353438E+15   5.0349E-24   5.0350E-24   0.99999
FLUX   88    57.00        5.259518E+15   1.0545E-23   1.0545E-23   0.99999
FLUX   89    58.00        5.168836E+15   2.1434E-23   2.1567E-23   0.99382
FLUX   90    59.00        5.081229E+15   4.3101E-23   4.3121E-23   0.99955
FLUX   91    60.00        4.996542E+15   8.4379E-23   8.4436E-23   0.99933
FLUX   92    61.00        4.914631E+15   1.6215E-22   1.6215E-22   0.99999
FLUX   93    62.00        4.835363E+15   3.0582E-22   3.0582E-22   0.99998
FLUX   94    63.00        4.758611E+15   5.6711E-22   5.6711E-22   0.99999
FLUX   95    64.00        4.684258E+15   1.0353E-21   1.0356E-21   0.99976
FLUX   96    65.00        4.612192E+15   1.8632E-21   1.8633E-21   0.99998
FLUX   97    65.80        4.556117E+15   2.9508E-21   2.9509E-21   0.99998
FLUX   98    66.50        4.508158E+15   4.3779E-21   4.3815E-21   0.99918
FLUX   99    67.50        4.441370E+15   7.6184E-21   7.6233E-21   0.99936
FLUX  100    68.50        4.376533E+15   1.3101E-20   1.3103E-20   0.99991
FLUX  101    69.50        4.313561E+15   2.2258E-20   2.2258E-20   0.99999
FLUX  102    70.50        4.252376E+15   3.7315E-20   3.7390E-20   0.99799
FLUX  103    71.60        4.187046E+15   6.5331E-20   6.5332E-20   0.99998
FLUX  104    72.60        4.129373E+15   1.0732E-19   1.0732E-19   0.99999
FLUX  105    73.50        4.078810E+15   1.6632E-19   1.6633E-19   0.99998
FLUX  106    74.50        4.024060E+15   2.6800E-19   2.6809E-19   0.99966
FLUX  107    75.50        3.970762E+15   4.2778E-19   4.2793E-19   0.99964
FLUX  108    76.50        3.918856E+15   6.7639E-19   6.7656E-19   0.99975
FLUX  109    77.50        3.868290E+15   1.0594E-18   1.0596E-18   0.99975
FLUX  110    78.50        3.819013E+15   1.6444E-18   1.6444E-18   1.00000
FLUX  111    79.50        3.770975E+15   2.5217E-18   2.5287E-18   0.99720
FLUX  112    80.50        3.724130E+15   3.8501E-18   3.8543E-18   0.99891
FLUX  113    81.50        3.678436E+15   5.8226E-18   5.8235E-18   0.99985
FLUX  114    82.50        3.633848E+15   8.7233E-18   8.7238E-18   0.99994
FLUX  115    83.50        3.590329E+15   1.2959E-17   1.2959E-17   0.99997
FLUX  116    84.50        3.547840E+15   1.9092E-17   1.9092E-17   0.99999
FLUX  117    85.50        3.506345E+15   2.7901E-17   2.7901E-17   0.99999
FLUX  118    86.50        3.465809E+15   4.0450E-17   4.0450E-17   0.99999
FLUX  119    87.50        3.426200E+15   5.8164E-17   5.8189E-17   0.99958
FLUX  120    88.50        3.387486E+15   8.3072E-17   8.3073E-17   0.99998
FLUX  121    89.50        3.349637E+15   1.1772E-16   1.1772E-16   1.00000
FLUX  122    90.50        3.312624E+15   1.6555E-16   1.6561E-16   0.99963
FLUX  123    91.50        3.276421E+15   1.3800E-14   5.1784E-14   0.26649
FLUX  124    92.50        3.241000E+15   5.1540E-14   6.7498E-14   0.76357
FLUX  125    93.50        3.206337E+15   7.0374E-14   8.7489E-14   0.80438
FLUX  126    94.50        3.172407E+15   9.3761E-14   1.1279E-13   0.83132
FLUX  127    95.50        3.139188E+15   1.3274E-13   1.4464E-13   0.91775
FLUX  128    96.50        3.106658E+15   1.7330E-13   1.8455E-13   0.93903
FLUX  129    97.50        3.074795E+15   2.0866E-13   2.3432E-13   0.89050
FLUX  130    98.50        3.043579E+15   2.7487E-13   2.9611E-13   0.92827
FLUX  131    99.50        3.012990E+15   3.3253E-13   3.7247E-13   0.89276
FLUX  132   100.50        2.983010E+15   4.5135E-13   4.6645E-13   0.96762
FLUX  133   101.50        2.953621E+15   5.6749E-13   5.8163E-13   0.97569
FLUX  134   102.50        2.924805E+15   6.0118E-13   7.2395E-13   0.83042
FLUX  135   103.50        2.896546E+15   8.6675E-13   8.9528E-13   0.96813
FLUX  136   104.50        2.868828E+15   1.0851E-12   1.1029E-12   0.98389
FLUX  137   105.50        2.841635E+15   1.3313E-12   1.3534E-12   0.98364
FLUX  138   106.50        2.814953E+15   1.5815E-12   1.6548E-12   0.95570
FLUX  139   107.50        2.788767E+15   1.9653E-12   2.0161E-12   0.97480
FLUX  140   108.50        2.763065E+15   2.3929E-12   2.4479E-12   0.97753
FLUX  141   109.50        2.737831E+15   2.8049E-12   2.9623E-12   0.94685
FLUX  142   110.50        2.713054E+15   1.5092E-11   4.3465E-11   0.34722
FLUX  143   111.50        2.688722E+15   2.7941E-11   5.0957E-11   0.54831
FLUX  144   112.50        2.664822E+15   3.7930E-11   5.9569E-11   0.63674
FLUX  145   113.50        2.641344E+15   4.8861E-11   6.9734E-11   0.70068
FLUX  146   114.50        2.618275E+15   5.9786E-11   8.1075E-11   0.73742
FLUX  147   115.50        2.595606E+15   6.3811E-11   9.4012E-11   0.67875
FLUX  148   116.50        2.573326E+15   8.4219E-11   1.0874E-10   0.77451
FLUX  149   117.50        2.551426E+15   9.8162E-11   1.2547E-10   0.78237
FLUX  150   118.50        2.529895E+15   9.9460E-11   1.4441E-10   0.68871
FLUX  151   119.50        2.508724E+15   6.5230E-11   1.6583E-10   0.39335
FLUX  152   120.50        2.487905E+15   6.7864E-11   1.8999E-10   0.35720
FLUX  153   121.50        2.467428E+15   1.4822E-11   2.1719E-10   0.06825
FLUX  154   122.50        2.447286E+15   8.2255E-11   2.5524E-10   0.32226
FLUX  155   123.50        2.427470E+15   1.7527E-10   2.9060E-10   0.60312
FLUX  156   124.50        2.407972E+15   4.1494E-10   1.5212E-08   0.02728
FLUX  157   125.50        2.388785E+15   6.5383E-10   1.5161E-08   0.04313
FLUX  158   126.50        2.369901E+15   6.6073E-10   1.5081E-08   0.04381
FLUX  159   127.50        2.351314E+15   9.8192E-10   1.5004E-08   0.06544
FLUX  160   128.50        2.333016E+15   1.3648E-09   1.4986E-08   0.09107
FLUX  161   129.50        2.315000E+15   1.6640E-09   1.5007E-08   0.11088
FLUX  162   130.50        2.297261E+15   1.5028E-09   1.5062E-08   0.09978
FLUX  163   131.50        2.279791E+15   2.2355E-09   1.5153E-08   0.14753
FLUX  164   132.50        2.262585E+15   2.6592E-09   1.5261E-08   0.17425
FLUX  165   133.50        2.245637E+15   3.0137E-09   1.5387E-08   0.19586
FLUX  166   134.50        2.228941E+15   3.8715E-09   1.5483E-08   0.25004
FLUX  167   135.50        2.212491E+15   4.0233E-09   1.5568E-08   0.25843
FLUX  168   136.50        2.196282E+15   4.5705E-09   1.5670E-08   0.29167
FLUX  169   137.50        2.180309E+15   5.1237E-09   1.5835E-08   0.32358
FLUX  170   138.50        2.164567E+15   5.3263E-09   1.6089E-08   0.33104
FLUX  171   139.50        2.149050E+15   6.2835E-09   1.6394E-08   0.38328
FLUX  172   140.50        2.133754E+15   7.0908E-09   1.7120E-08   0.41417
FLUX  173   141.50        2.118675E+15   7.6692E-09   1.8285E-08   0.41942
FLUX  174   142.50        2.103807E+15   8.6929E-09   1.9901E-08   0.43682
FLUX  175   143.50        2.089146E+15   8.9334E-09   2.1264E-08   0.42011
FLUX  176   144.20        2.079005E+15   1.1238E-08   2.2275E-08   0.50454
FLUX  177   144.70        2.071821E+15   1.2869E-08   3.7660E-08   0.34170
FLUX  178   145.50        2.060430E+15   1.5404E-08   3.9303E-08   0.39194
FLUX  179   146.50        2.046365E+15   1.4373E-08   4.1449E-08   0.34678
FLUX  180   147.50        2.032492E+15   1.6185E-08   4.3697E-08   0.37040
FLUX  181   148.50        2.018805E+15   1.8939E-08   4.6047E-08   0.41129
FLUX  182   149.50        2.005301E+15   2.2494E-08   4.8502E-08   0.46378
FLUX  183   150.50        1.991977E+15   2.6119E-08   5.1064E-08   0.51148
FLUX  184   151.20        1.982755E+15   2.5640E-08   5.2933E-08   0.48439
FLUX  185   151.70        1.976220E+15   2.4684E-08   5.4308E-08   0.45451
FLUX  186   152.50        1.965852E+15   8.6034E-08   1.1316E-06   0.07603
FLUX  187   153.50        1.953046E+15   1.2431E-07   1.1414E-06   0.10890
FLUX  188   154.50        1.940405E+15   1.9275E-07   1.1523E-06   0.16727
FLUX  189   155.50        1.927926E+15   1.7052E-07   1.1648E-06   0.14639
FLUX  190   156.50        1.915607E+15   1.5047E-07   1.1785E-06   0.12769
FLUX  191   157.50        1.903444E+15   3.0342E-07   1.2946E-06   0.23437
FLUX  192   158.50        1.891435E+15   3.5979E-07   1.3069E-06   0.27530
FLUX  193   159.50        1.879577E+15   4.4862E-07   1.3192E-06   0.34008
FLUX  194   160.50        1.867866E+15   4.1946E-07   1.3311E-06   0.31512
FLUX  195   161.50        1.856300E+15   4.0118E-07   1.3435E-06   0.29861
FLUX  196   162.50        1.844877E+15   2.9099E-07   1.3869E-06   0.20981
FLUX  197   163.50        1.833593E+15   3.9750E-07   1.4017E-06   0.28359
FLUX  198   164.50        1.822447E+15   6.1493E-07   1.4168E-06   0.43404
FLUX  199   165.50        1.811435E+15   3.0892E-07   1.4316E-06   0.21579
FLUX  200   166.50        1.800556E+15   6.3729E-07   1.4460E-06   0.44072
FLUX  201   167.20        1.793017E+15   3.2444E-07   1.4561E-06   0.22281
FLUX  202   167.70        1.787671E+15   1.2910E-06   3.0580E-06   0.42218
FLUX  203   168.50        1.779184E+15   1.4084E-06   3.0990E-06   0.45447
FLUX  204   169.50        1.768687E+15   1.0229E-06   3.1438E-06   0.32537
FLUX  205   170.50        1.758314E+15   1.1369E-06   3.1895E-06   0.35646
FLUX  206   171.50        1.748061E+15   1.4506E-06   3.3335E-06   0.43515
FLUX  207   172.50        1.737928E+15   1.4952E-06   3.3829E-06   0.44200
FLUX  208   173.50        1.727911E+15   1.7682E-06   3.4273E-06   0.51590
FLUX  209   174.50        1.718009E+15   1.7328E-06   3.4764E-06   0.49844
FLUX  210   175.50        1.708219E+15   2.0519E-06   3.5207E-06   0.58280
FLUX  211   176.50        1.698541E+15   1.5026E-06   3.5650E-06   0.42149
FLUX  212   177.50        1.688972E+15   1.9464E-06   3.6090E-06   0.53931
FLUX  213   178.50        1.679510E+15   1.9643E-06   3.6516E-06   0.53792
FLUX  214   179.50        1.670153E+15   2.5155E-06   3.6939E-06   0.68098
FLUX  215   180.50        1.660900E+15   2.2721E-06   3.7372E-06   0.60797
FLUX  216   181.50        1.651749E+15   2.3779E-06   3.7795E-06   0.62917
FLUX  217   182.50        1.642699E+15   2.2187E-06   3.8223E-06   0.58044
FLUX  218   183.50        1.633747E+15   2.0313E-06   3.8642E-06   0.52568
FLUX  219   184.50        1.624892E+15   1.7185E-06   3.9053E-06   0.44005
FLUX  220   185.50        1.616132E+15   2.0724E-06   3.9480E-06   0.52494
FLUX  221   186.50        1.607466E+15   2.4203E-06   3.9889E-06   0.60676
FLUX  222   187.50        1.598893E+15   2.3346E-06   4.0553E-06   0.57571
FLUX  223   188.50        1.590411E+15   2.4270E-06   4.0949E-06   0.59268
FLUX  224   189.50        1.582018E+15   2.6584E-06   4.1351E-06   0.64288
FLUX  225   190.50        1.573714E+15   2.4707E-06   4.1742E-06   0.59188
FLUX  226   191.50        1.565496E+15   2.7440E-06   4.2130E-06   0.65132
FLUX  227   192.50        1.557364E+15   2.6743E-06   4.2509E-06   0.62911
FLUX  228   193.50        1.549315E+15   1.9825E-06   4.2881E-06   0.46232
FLUX  229   194.50        1.541350E+15   3.0016E-06   4.3251E-06   0.69399
FLUX  230   195.50        1.533465E+15   3.0584E-06   4.3617E-06   0.70119
FLUX  231   196.70        1.524110E+15   3.4537E-06   4.4054E-06   0.78395
FLUX  232   197.60        1.517169E+15   3.3790E-06   4.4382E-06   0.76134
FLUX  233   198.40        1.511051E+15   3.3116E-06   4.5679E-06   0.72497
FLUX  234   199.50        1.502719E+15   3.2479E-06   4.6080E-06   0.70484
FLUX  235   200.50        1.495224E+15   3.0104E-06   4.6438E-06   0.64824
FLUX  236   201.50        1.487804E+15   3.0346E-06   4.6797E-06   0.64845
FLUX  237   202.50        1.480457E+15   2.8109E-06   4.7150E-06   0.59616
FLUX  238   203.50        1.473182E+15   3.2634E-06   4.7502E-06   0.68701
FLUX  239   204.50        1.465978E+15   3.6314E-06   4.7838E-06   0.75910
FLUX  240   205.50        1.458844E+15   3.5187E-06   4.8172E-06   0.73044
FLUX  241   206.50        1.451780E+15   3.3819E-06   4.8510E-06   0.69714
FLUX  242   207.40        1.445480E+15   3.9843E-06   4.8816E-06   0.81619
FLUX  243   207.80        1.442697E+15   4.2015E-06   5.2978E-06   0.79306
FLUX  244   208.50        1.437854E+15   4.0820E-06   5.3279E-06   0.76616
FLUX  245   209.50        1.430990E+15   3.8776E-06   5.3708E-06   0.72199
FLUX  246   210.50        1.424192E+15   3.5268E-06   5.4136E-06   0.65147
FLUX  247   211.50        1.417459E+15   3.6603E-06   5.4563E-06   0.67084
FLUX  248   212.50        1.410788E+15   3.8449E-06   5.4992E-06   0.69917
FLUX  249   213.50        1.404180E+15   3.1103E-06   5.5428E-06   0.56113
FLUX  250   214.50        1.397634E+15   3.7519E-06   5.5860E-06   0.67166
FLUX  251   215.50        1.391148E+15   3.7676E-06   5.6291E-06   0.66930
FLUX  252   216.50        1.384723E+15   3.4648E-06   5.6724E-06   0.61082
FLUX  253   217.50        1.378356E+15   3.4719E-06   5.7156E-06   0.60744
FLUX  254   218.50        1.372048E+15   3.7376E-06   5.7584E-06   0.64907
FLUX  255   219.50        1.365797E+15   4.0901E-06   5.8008E-06   0.70509
FLUX  256   220.50        1.359603E+15   3.8862E-06   5.8429E-06   0.66511
FLUX  257   221.50        1.353465E+15   3.4507E-06   5.8853E-06   0.58633
FLUX  258   222.50        1.347382E+15   3.4309E-06   5.9314E-06   0.57842
FLUX  259   223.50        1.341353E+15   4.1550E-06   5.9740E-06   0.69552
FLUX  260   224.50        1.335379E+15   3.7443E-06   6.0166E-06   0.62232
FLUX  261   225.50        1.329457E+15   3.4548E-06   6.0826E-06   0.56798
FLUX  262   226.50        1.323587E+15   3.4748E-06   6.1240E-06   0.56740
FLUX  263   227.50        1.317769E+15   3.7669E-06   6.1653E-06   0.61098
FLUX  264   228.50        1.312002E+15   4.1305E-06   6.2065E-06   0.66550
FLUX  265   229.50        1.306285E+15   3.7298E-06   6.2477E-06   0.59699
FLUX  266   230.50        1.300618E+15   3.9458E-06   6.2894E-06   0.62737
FLUX  267   231.50        1.295000E+15   3.7768E-06   6.3312E-06   0.59654
FLUX  268   232.50        1.289430E+15   2.6381E-06   6.3727E-06   0.41397
FLUX  269   233.50        1.283908E+15   3.2183E-06   6.4182E-06   0.50144
FLUX  270   234.50        1.278433E+15   2.6200E-06   6.4581E-06   0.40569
FLUX  271   235.50        1.273004E+15   3.7854E-06   6.4980E-06   0.58254
FLUX  272   236.50        1.267622E+15   2.8179E-06   6.5381E-06   0.43100
FLUX  273   237.50        1.262284E+15   3.3484E-06   6.5781E-06   0.50902
FLUX  274   238.50        1.256992E+15   2.4522E-06   6.6187E-06   0.37050
FLUX  275   239.50        1.251743E+15   2.9249E-06   6.6587E-06   0.43925
FLUX  276   240.50        1.246538E+15   2.8733E-06   6.6989E-06   0.42892
FLUX  277   241.50        1.241377E+15   2.9679E-06   6.7392E-06   0.44040
FLUX  278   242.50        1.236258E+15   3.7672E-06   6.7795E-06   0.55567
FLUX  279   243.50        1.231181E+15   3.6245E-06   6.8198E-06   0.53147
FLUX  280   244.50        1.226145E+15   4.0444E-06   6.8678E-06   0.58890
FLUX  281   245.50        1.221151E+15   4.0221E-06   6.9074E-06   0.58228
FLUX  282   246.50        1.216197E+15   4.0945E-06   6.9470E-06   0.58940
FLUX  283   247.50        1.211283E+15   3.7284E-06   6.9861E-06   0.53369
FLUX  284   248.50        1.206408E+15   3.7791E-06   7.0253E-06   0.53793
FLUX  285   249.50        1.201573E+15   3.5660E-06   7.0645E-06   0.50479
FLUX  286   250.50        1.196776E+15   4.5913E-06   7.1098E-06   0.64578
FLUX  287   251.30        1.192967E+15   3.4463E-06   7.1408E-06   0.48263
FLUX  288   251.80        1.190598E+15   3.0469E-06   7.3622E-06   0.41386
FLUX  289   252.50        1.187297E+15   2.9081E-06   7.3906E-06   0.39348
FLUX  290   253.50        1.182613E+15   3.0495E-06   7.4318E-06   0.41033
FLUX  291   254.50        1.177967E+15   3.1732E-06   7.4730E-06   0.42462
FLUX  292   255.50        1.173356E+15   3.8467E-06   7.5141E-06   0.51194
FLUX  293   256.50        1.168782E+15   3.6826E-06   7.5550E-06   0.48744
FLUX  294   257.50        1.164243E+15   4.2192E-06   7.5956E-06   0.55548
FLUX  295   258.50        1.159739E+15   4.2988E-06   7.6361E-06   0.56296
FLUX  296   259.50        1.155270E+15   4.1772E-06   7.6766E-06   0.54414
FLUX  297   260.50        1.150835E+15   3.9410E-06   7.7172E-06   0.51067
FLUX  298   261.50        1.146434E+15   3.6673E-06   7.7576E-06   0.47274
FLUX  299   262.50        1.142067E+15   4.5883E-06   7.7982E-06   0.58839
FLUX  300   263.50        1.137732E+15   4.7897E-06   7.8405E-06   0.61090
FLUX  301   264.50        1.133431E+15   5.8283E-06   7.8806E-06   0.73957
FLUX  302   265.50        1.129162E+15   6.0848E-06   7.9210E-06   0.76818
FLUX  303   266.50        1.124925E+15   5.0809E-06   7.9614E-06   0.63819
FLUX  304   267.50        1.120720E+15   5.6465E-06   8.0018E-06   0.70565
FLUX  305   268.50        1.116546E+15   5.6961E-06   8.0423E-06   0.70827
FLUX  306   269.50        1.112403E+15   5.1698E-06   8.0828E-06   0.63960
FLUX  307   270.50        1.108290E+15   5.5562E-06   8.1253E-06   0.68382
FLUX  308   271.50        1.104208E+15   5.0374E-06   8.1653E-06   0.61693
FLUX  309   272.50        1.100156E+15   5.1730E-06   8.2052E-06   0.63045
FLUX  310   273.50        1.096133E+15   5.7474E-06   8.2451E-06   0.69707
FLUX  311   274.50        1.092140E+15   4.2026E-06   8.2850E-06   0.50725
FLUX  312   275.50        1.088176E+15   4.5806E-06   8.3249E-06   0.55022
FLUX  313   276.50        1.084241E+15   4.9362E-06   8.3645E-06   0.59014
FLUX  314   277.50        1.080333E+15   5.4031E-06   8.4038E-06   0.64293
FLUX  315   278.50        1.076454E+15   4.2963E-06   8.4432E-06   0.50885
FLUX  316   279.50        1.072603E+15   2.0118E-06   8.4826E-06   0.23717
FLUX  317   280.50        1.068779E+15   2.5013E-06   8.5224E-06   0.29349
FLUX  318   281.50        1.064982E+15   5.3927E-06   8.5621E-06   0.62983
FLUX  319   282.50        1.061212E+15   6.3689E-06   8.6019E-06   0.74041
FLUX  320   283.50        1.057469E+15   6.2520E-06   8.6417E-06   0.72347
FLUX  321   284.50        1.053752E+15   6.0191E-06   8.6815E-06   0.69333
FLUX  322   285.50        1.050061E+15   5.6103E-06   8.7211E-06   0.64330
FLUX  323   286.50        1.046396E+15   6.5989E-06   8.7606E-06   0.75324
FLUX  324   287.50        1.042757E+15   6.5402E-06   8.8001E-06   0.74320
FLUX  325   288.50        1.039142E+15   6.6130E-06   8.8395E-06   0.74812
FLUX  326   289.50        1.035553E+15   6.3530E-06   8.8787E-06   0.71554
FLUX  327   291.00        1.030215E+15   7.4463E-06   8.9387E-06   0.83304
FLUX  328   293.00        1.023183E+15   7.1273E-06   9.0167E-06   0.79045
FLUX  329   295.00        1.016246E+15   7.1436E-06   9.0950E-06   0.78544
FLUX  330   297.00        1.009402E+15   7.4482E-06   9.1730E-06   0.81197
FLUX  331   299.00        1.002651E+15   7.7029E-06   9.2510E-06   0.83266
FLUX  332   301.00        9.959884E+14   7.9421E-06   9.3290E-06   0.85133
FLUX  333   303.00        9.894142E+14   7.9241E-06   9.4067E-06   0.84239
FLUX  334   305.00        9.829262E+14   8.0502E-06   9.4837E-06   0.84884
FLUX  335   307.00        9.765228E+14   8.2279E-06   9.5604E-06   0.86062
FLUX  336   309.00        9.702023E+14   8.4545E-06   9.6381E-06   0.87719
FLUX  337   311.00        9.639630E+14   8.3059E-06   9.7143E-06   0.85502
FLUX  338   313.00        9.578035E+14   8.3867E-06   9.7909E-06   0.85658
FLUX  339   315.00        9.517222E+14   8.6818E-06   9.8672E-06   0.87987
FLUX  340   317.00        9.457177E+14   8.7356E-06   9.9436E-06   0.87851
FLUX  341   319.00        9.397884E+14   8.2354E-06   1.0020E-05   0.82192
FLUX  342   321.00        9.339330E+14   8.6777E-06   1.0095E-05   0.85957
FLUX  343   323.00        9.281502E+14   8.3372E-06   1.0171E-05   0.81971
FLUX  344   325.00        9.224385E+14   8.7809E-06   1.0246E-05   0.85704
FLUX  345   327.00        9.167966E+14   9.1557E-06   1.0320E-05   0.88716
FLUX  346   329.00        9.112234E+14   9.2618E-06   1.0395E-05   0.89101
FLUX  347   331.00        9.057175E+14   9.5568E-06   1.0469E-05   0.91290
FLUX  348   333.00        9.002778E+14   9.4601E-06   1.0542E-05   0.89734
FLUX  349   335.00        8.949030E+14   9.4620E-06   1.0616E-05   0.89131
FLUX  350   337.00        8.895920E+14   9.4557E-06   1.0689E-05   0.88461
FLUX  351   339.00        8.843437E+14   9.5469E-06   1.0762E-05   0.88708
FLUX  352   341.00        8.791569E+14   9.6579E-06   1.0834E-05   0.89141
FLUX  353   343.00        8.740306E+14   9.7850E-06   1.0906E-05   0.89719
FLUX  354   345.00        8.689638E+14   9.8536E-06   1.0978E-05   0.89759
FLUX  355   347.00        8.639553E+14   9.8554E-06   1.1049E-05   0.89198
FLUX  356   349.00        8.590043E+14   9.9813E-06   1.1120E-05   0.89763
FLUX  357   351.00        8.541097E+14   1.0267E-05   1.1190E-05   0.91753
FLUX  358   353.00        8.492705E+14   1.0265E-05   1.1260E-05   0.91161
FLUX  359   355.00        8.444859E+14   1.0636E-05   1.1330E-05   0.93874
FLUX  360   357.00        8.397549E+14   1.0279E-05   1.1399E-05   0.90177
FLUX  361   359.00        8.350766E+14   1.0262E-05   1.1468E-05   0.89481
FLUX  362   361.00        8.304501E+14   1.0407E-05   1.1536E-05   0.90216
FLUX  363   363.00        8.258747E+14   1.0588E-05   1.1604E-05   0.91247
FLUX  364   364.00        8.236058E+14   1.0612E-05   1.1638E-05   0.91189
FLUX  365   365.00        8.213493E+14   1.1121E-05   3.5853E-05   0.31019
FLUX  366   367.00        8.168733E+14   1.0892E-05   3.5834E-05   0.30395
FLUX  367   369.00        8.124458E+14   9.9499E-06   3.5814E-05   0.27782
FLUX  368   371.00        8.080660E+14   1.0543E-05   3.5794E-05   0.29455
FLUX  369   373.00        8.037332E+14   1.0674E-05   3.5774E-05   0.29838
FLUX  370   375.00        7.994467E+14   1.2984E-05   3.5754E-05   0.36315
FLUX  371   377.00        7.952056E+14   1.3788E-05   3.5752E-05   0.38566
FLUX  372   379.00        7.910092E+14   1.6706E-05   3.5732E-05   0.46754
FLUX  373   381.00        7.868570E+14   1.9575E-05   3.5711E-05   0.54814
FLUX  374   383.00        7.827480E+14   1.5808E-05   3.5690E-05   0.44293
FLUX  375   385.00        7.786818E+14   2.2223E-05   3.5668E-05   0.62307
FLUX  376   387.00        7.746576E+14   2.5247E-05   3.5644E-05   0.70831
FLUX  377   389.00        7.706748E+14   1.5002E-05   3.5616E-05   0.42121
FLUX  378   391.00        7.667327E+14   2.5481E-05   3.5585E-05   0.71606
FLUX  379   393.00        7.628308E+14   1.8963E-05   3.5554E-05   0.53337
FLUX  380   395.00        7.589684E+14   2.4419E-05   3.5523E-05   0.68742
FLUX  381   397.00        7.551448E+14   1.3856E-05   3.5491E-05   0.39040
FLUX  382   399.00        7.513596E+14   2.6144E-05   3.5457E-05   0.73734
FLUX  383   401.00        7.476122E+14   3.0621E-05   3.5421E-05   0.86449
FLUX  384   403.00        7.439020E+14   3.1338E-05   3.5383E-05   0.88568
FLUX  385   405.00        7.402284E+14   3.1169E-05   3.5345E-05   0.88183
FLUX  386   407.00        7.365909E+14   2.9567E-05   3.5307E-05   0.83743
FLUX  387   409.00        7.329890E+14   2.3259E-05   3.5269E-05   0.65949
FLUX  388   411.00        7.294221E+14   1.8199E-05   3.5231E-05   0.51657
FLUX  389   413.00        7.258898E+14   2.9017E-05   3.5193E-05   0.82452
FLUX  390   415.00        7.223916E+14   3.1632E-05   3.5155E-05   0.89978
FLUX  391   417.00        7.189269E+14   3.2207E-05   3.5118E-05   0.91710
FLUX  392   419.00        7.154952E+14   3.2150E-05   3.5079E-05   0.91650
FLUX  393   421.00        7.120962E+14   3.2451E-05   3.5038E-05   0.92617
FLUX  394   423.00        7.087293E+14   3.1761E-05   3.4997E-05   0.90753
FLUX  395   425.00        7.053941E+14   3.2178E-05   3.4956E-05   0.92053
FLUX  396   427.00        7.020902E+14   3.1263E-05   3.4914E-05   0.89544
FLUX  397   429.00        6.988170E+14   3.1602E-05   3.4872E-05   0.90624
FLUX  398   431.00        6.955742E+14   2.8814E-05   3.4829E-05   0.82729
FLUX  399   433.00        6.923614E+14   2.2284E-05   3.4783E-05   0.64065
FLUX  400   435.00        6.891782E+14   1.9300E-05   3.4737E-05   0.55561
FLUX  401   437.00        6.860240E+14   2.9856E-05   3.4690E-05   0.86065
FLUX  402   439.00        6.828986E+14   3.1618E-05   3.4643E-05   0.91269
FLUX  403   441.00        6.798016E+14   3.1759E-05   3.4596E-05   0.91801
FLUX  404   443.00        6.767325E+14   3.1652E-05   3.4548E-05   0.91617
FLUX  405   445.00        6.736910E+14   3.2403E-05   3.4501E-05   0.93920
FLUX  406   447.00        6.706767E+14   3.2525E-05   3.4453E-05   0.94406
FLUX  407   449.00        6.676893E+14   3.2308E-05   3.4403E-05   0.93910
FLUX  408   451.00        6.647284E+14   3.3357E-05   3.4352E-05   0.97103
FLUX  409   453.00        6.617936E+14   3.2479E-05   3.4299E-05   0.94694
FLUX  410   455.00        6.588846E+14   3.2304E-05   3.4245E-05   0.94334
FLUX  411   457.00        6.560011E+14   3.3329E-05   3.4191E-05   0.97479
FLUX  412   459.00        6.531427E+14   3.2544E-05   3.4137E-05   0.95334
FLUX  413   461.00        6.503091E+14   3.3120E-05   3.4083E-05   0.97175
FLUX  414   463.00        6.475000E+14   3.2503E-05   3.4029E-05   0.95516
FLUX  415   465.00        6.447151E+14   3.2897E-05   3.3974E-05   0.96827
FLUX  416   467.00        6.419540E+14   3.3073E-05   3.3920E-05   0.97503
FLUX  417   469.00        6.392164E+14   3.2278E-05   3.3865E-05   0.95313
FLUX  418   471.00        6.365021E+14   3.1157E-05   3.3811E-05   0.92150
FLUX  419   473.00        6.338108E+14   3.2725E-05   3.3757E-05   0.96945
FLUX  420   475.00        6.311421E+14   3.2790E-05   3.3702E-05   0.97294
FLUX  421   477.00        6.284958E+14   3.2533E-05   3.3647E-05   0.96688
FLUX  422   479.00        6.258716E+14   3.2277E-05   3.3590E-05   0.96090
FLUX  423   481.00        6.232692E+14   3.1574E-05   3.3533E-05   0.94160
FLUX  424   483.00        6.206884E+14   2.9865E-05   3.3475E-05   0.89215
FLUX  425   485.00        6.181289E+14   2.2999E-05   3.3417E-05   0.68823
FLUX  426   487.00        6.155903E+14   1.8753E-05   3.3360E-05   0.56214
FLUX  427   489.00        6.130726E+14   2.8474E-05   3.3302E-05   0.85505
FLUX  428   491.00        6.105754E+14   3.0886E-05   3.3244E-05   0.92908
FLUX  429   493.00        6.080984E+14   3.1116E-05   3.3185E-05   0.93765
FLUX  430   495.00        6.056414E+14   3.1891E-05   3.3127E-05   0.96269
FLUX  431   497.00        6.032042E+14   3.2304E-05   3.3069E-05   0.97687
FLUX  432   499.00        6.007866E+14   3.1498E-05   3.3010E-05   0.95419
FLUX  433   501.00        5.983882E+14   3.0876E-05   3.2952E-05   0.93699
FLUX  434   503.00        5.960089E+14   3.1752E-05   3.2892E-05   0.96534
FLUX  435   505.00        5.936485E+14   3.1384E-05   3.2831E-05   0.95594
FLUX  436   507.00        5.913067E+14   3.1986E-05   3.2770E-05   0.97610
FLUX  437   509.00        5.889833E+14   3.1814E-05   3.2708E-05   0.97267
FLUX  438   511.00        5.866781E+14   3.1973E-05   3.2646E-05   0.97938
FLUX  439   513.00        5.843908E+14   3.1618E-05   3.2585E-05   0.97034
FLUX  440   515.00        5.821214E+14   3.1165E-05   3.2523E-05   0.95825
FLUX  441   517.00        5.798694E+14   3.0714E-05   3.2461E-05   0.94616
FLUX  442   519.00        5.776349E+14   3.0679E-05   3.2399E-05   0.94693
FLUX  443   521.00        5.754175E+14   3.1009E-05   3.2336E-05   0.95894
FLUX  444   523.00        5.732170E+14   3.0895E-05   3.2274E-05   0.95728
FLUX  445   525.00        5.710333E+14   3.1559E-05   3.2211E-05   0.97974
FLUX  446   527.00        5.688662E+14   3.0161E-05   3.2149E-05   0.93818
FLUX  447   529.00        5.667155E+14   3.1264E-05   3.2086E-05   0.97439
FLUX  448   531.00        5.645810E+14   3.1131E-05   3.2023E-05   0.97213
FLUX  449   533.00        5.624625E+14   3.0392E-05   3.1961E-05   0.95091
FLUX  450   535.00        5.603598E+14   3.1132E-05   3.1898E-05   0.97598
FLUX  451   537.00        5.582728E+14   3.0880E-05   3.1835E-05   0.96998
FLUX  452   539.00        5.562013E+14   3.0844E-05   3.1777E-05   0.97066
FLUX  453   541.00        5.541451E+14   3.0434E-05   3.1714E-05   0.95964
FLUX  454   543.00        5.521041E+14   3.0753E-05   3.1651E-05   0.97162
FLUX  455   545.00        5.500780E+14   3.0944E-05   3.1588E-05   0.97961
FLUX  456   547.00        5.480667E+14   3.0787E-05   3.1525E-05   0.97659
FLUX  457   549.00        5.460701E+14   3.0925E-05   3.1462E-05   0.98292
FLUX  458   551.00        5.440880E+14   3.0909E-05   3.1400E-05   0.98438
FLUX  459   553.00        5.421203E+14   3.0680E-05   3.1337E-05   0.97902
FLUX  460   555.00        5.401667E+14   3.0827E-05   3.1275E-05   0.98568
FLUX  461   557.00        5.382271E+14   3.0503E-05   3.1212E-05   0.97728
FLUX  462   559.00        5.363014E+14   3.0470E-05   3.1149E-05   0.97822
FLUX  463   561.00        5.343895E+14   3.0560E-05   3.1085E-05   0.98311
FLUX  464   563.00        5.324911E+14   3.0656E-05   3.1026E-05   0.98807
FLUX  465   565.00        5.306062E+14   3.0591E-05   3.0962E-05   0.98801
FLUX  466   567.00        5.287346E+14   3.0318E-05   3.0897E-05   0.98125
FLUX  467   569.00        5.268761E+14   3.0459E-05   3.0832E-05   0.98791
FLUX  468   571.00        5.250306E+14   3.0355E-05   3.0767E-05   0.98662
FLUX  469   573.00        5.231981E+14   3.0628E-05   3.0702E-05   0.99759
FLUX  470   575.00        5.213783E+14   3.0339E-05   3.0637E-05   0.99028
FLUX  471   577.00        5.195711E+14   3.0379E-05   3.0572E-05   0.99367
FLUX  472   579.00        5.177763E+14   3.0269E-05   3.0508E-05   0.99217
FLUX  473   581.00        5.159940E+14   3.0261E-05   3.0443E-05   0.99403
FLUX  474   583.00        5.142238E+14   3.0258E-05   3.0378E-05   0.99606
FLUX  475   585.00        5.124658E+14   3.0135E-05   3.0313E-05   0.99410
FLUX  476   587.00        5.107198E+14   3.0047E-05   3.0249E-05   0.99331
FLUX  477   589.00        5.089856E+14   2.9628E-05   3.0184E-05   0.98156
FLUX  478   591.00        5.072631E+14   2.9926E-05   3.0120E-05   0.99357
FLUX  479   593.00        5.055523E+14   2.9884E-05   3.0056E-05   0.99426
FLUX  480   595.00        5.038529E+14   2.9826E-05   2.9992E-05   0.99448
FLUX  481   597.00        5.021650E+14   2.9786E-05   2.9928E-05   0.99524
FLUX  482   599.00        5.004883E+14   2.9630E-05   2.9864E-05   0.99214
FLUX  483   601.00        4.988228E+14   2.9428E-05   2.9801E-05   0.98748
FLUX  484   603.00        4.971683E+14   2.9484E-05   2.9737E-05   0.99147
FLUX  485   605.00        4.955248E+14   2.9518E-05   2.9674E-05   0.99475
FLUX  486   607.00        4.938921E+14   2.9540E-05   2.9610E-05   0.99765
FLUX  487   609.00        4.922701E+14   2.9375E-05   2.9545E-05   0.99425
FLUX  488   611.00        4.906588E+14   2.9252E-05   2.9481E-05   0.99225
FLUX  489   613.00        4.890579E+14   2.8937E-05   2.9416E-05   0.98370
FLUX  490   615.00        4.874675E+14   2.8652E-05   2.9352E-05   0.97617
FLUX  491   617.00        4.858874E+14   2.8822E-05   2.9288E-05   0.98410
FLUX  492   619.00        4.843174E+14   2.9108E-05   2.9223E-05   0.99607
FLUX  493   621.00        4.827576E+14   2.9035E-05   2.9159E-05   0.99575
FLUX  494   623.00        4.812079E+14   2.8821E-05   2.9095E-05   0.99057
FLUX  495   625.00        4.796680E+14   2.8347E-05   2.9032E-05   0.97642
FLUX  496   627.00        4.781380E+14   2.8880E-05   2.8977E-05   0.99664
FLUX  497   629.00        4.766176E+14   2.8827E-05   2.8914E-05   0.99700
FLUX  498   631.00        4.751070E+14   2.8540E-05   2.8850E-05   0.98924
FLUX  499   633.00        4.736058E+14   2.8554E-05   2.8787E-05   0.99190
FLUX  500   635.00        4.721142E+14   2.8271E-05   2.8725E-05   0.98420
FLUX  501   637.00        4.706319E+14   2.8283E-05   2.8661E-05   0.98680
FLUX  502   639.00        4.691588E+14   2.8360E-05   2.8599E-05   0.99166
FLUX  503   641.00        4.676950E+14   2.8057E-05   2.8536E-05   0.98322
FLUX  504   643.00        4.662403E+14   2.8112E-05   2.8473E-05   0.98731
FLUX  505   645.00        4.647946E+14   2.7778E-05   2.8410E-05   0.97774
FLUX  506   647.00        4.633578E+14   2.7869E-05   2.8348E-05   0.98311
FLUX  507   649.00        4.619299E+14   2.7450E-05   2.8286E-05   0.97046
FLUX  508   651.00        4.605108E+14   2.7178E-05   2.8225E-05   0.96293
FLUX  509   653.00        4.591003E+14   2.6054E-05   2.8162E-05   0.92514
FLUX  510   655.00        4.576985E+14   2.2210E-05   2.8105E-05   0.79024
FLUX  511   657.00        4.563052E+14   1.7934E-05   2.8043E-05   0.63951
FLUX  512   659.00        4.549203E+14   2.4755E-05   2.7981E-05   0.88470
FLUX  513   661.00        4.535439E+14   2.6659E-05   2.7919E-05   0.95486
FLUX  514   663.00        4.521757E+14   2.7204E-05   2.7857E-05   0.97655
FLUX  515   665.00        4.508158E+14   2.7370E-05   2.7795E-05   0.98470
FLUX  516   667.00        4.494640E+14   2.7391E-05   2.7733E-05   0.98765
FLUX  517   669.00        4.481203E+14   2.7461E-05   2.7671E-05   0.99243
FLUX  518   671.00        4.467846E+14   2.7420E-05   2.7609E-05   0.99317
FLUX  519   673.00        4.454569E+14   2.7365E-05   2.7547E-05   0.99339
FLUX  520   675.00        4.441370E+14   2.7258E-05   2.7485E-05   0.99173
FLUX  521   677.00        4.428250E+14   2.7345E-05   2.7424E-05   0.99714
FLUX  522   679.00        4.415206E+14   2.7271E-05   2.7362E-05   0.99665
FLUX  523   681.00        4.402239E+14   2.7204E-05   2.7301E-05   0.99647
FLUX  524   683.00        4.389348E+14   2.7105E-05   2.7240E-05   0.99507
FLUX  525   685.00        4.376533E+14   2.7025E-05   2.7178E-05   0.99436
FLUX  526   687.00        4.363792E+14   2.7044E-05   2.7118E-05   0.99729
FLUX  527   689.00        4.351125E+14   2.6993E-05   2.7057E-05   0.99764
FLUX  528   691.00        4.338531E+14   2.6917E-05   2.6996E-05   0.99707
FLUX  529   693.00        4.326010E+14   2.6853E-05   2.6936E-05   0.99694
FLUX  530   695.00        4.313561E+14   2.6803E-05   2.6875E-05   0.99730
FLUX  531   697.00        4.301184E+14   2.6722E-05   2.6815E-05   0.99652
FLUX  532   699.00        4.288877E+14   2.6705E-05   2.6755E-05   0.99815
FLUX  533   701.00        4.276641E+14   2.6454E-05   2.6694E-05   0.99101
FLUX  534   703.00        4.264474E+14   2.6490E-05   2.6634E-05   0.99457
FLUX  535   705.00        4.252376E+14   2.6485E-05   2.6575E-05   0.99664
FLUX  536   707.00        4.240347E+14   2.6446E-05   2.6515E-05   0.99738
FLUX  537   709.00        4.228385E+14   2.6389E-05   2.6455E-05   0.99748
FLUX  538   711.00        4.216491E+14   2.5846E-05   2.6396E-05   0.97919
FLUX  539   713.00        4.204663E+14   2.6107E-05   2.6337E-05   0.99129
FLUX  540   715.00        4.192902E+14   2.6115E-05   2.6277E-05   0.99383
FLUX  541   717.00        4.181206E+14   2.6031E-05   2.6218E-05   0.99285
FLUX  542   719.00        4.169576E+14   2.5945E-05   2.6159E-05   0.99179
FLUX  543   721.00        4.158010E+14   2.5947E-05   2.6100E-05   0.99414
FLUX  544   723.00        4.146508E+14   2.5881E-05   2.6041E-05   0.99383
FLUX  545   725.00        4.135069E+14   2.5790E-05   2.5985E-05   0.99247
FLUX  546   727.00        4.123693E+14   2.5840E-05   2.5927E-05   0.99664
FLUX  547   729.00        4.112380E+14   2.5635E-05   2.5868E-05   0.99097
FLUX  548   731.00        4.101129E+14   2.5657E-05   2.5816E-05   0.99384
FLUX  549   733.00        4.089939E+14   2.5600E-05   2.5758E-05   0.99389
FLUX  550   735.00        4.078810E+14   2.5625E-05   2.5700E-05   0.99710
FLUX  551   737.00        4.067741E+14   2.5574E-05   2.5642E-05   0.99735
FLUX  552   739.00        4.056732E+14   2.5393E-05   2.5584E-05   0.99254
FLUX  553   741.00        4.045783E+14   2.5114E-05   2.5526E-05   0.98387
FLUX  554   743.00        4.034892E+14   2.5163E-05   2.5468E-05   0.98805
FLUX  555   745.00        4.024060E+14   2.5188E-05   2.5410E-05   0.99124
FLUX  556   747.00        4.013286E+14   2.5021E-05   2.5353E-05   0.98693
FLUX  557   749.00        4.002570E+14   2.5025E-05   2.5295E-05   0.98933
FLUX  558   751.00        3.991911E+14   2.5081E-05   2.5238E-05   0.99377
FLUX  559   753.00        3.981308E+14   2.5061E-05   2.5181E-05   0.99524
FLUX  560   755.00        3.970762E+14   2.5080E-05   2.5124E-05   0.99824
FLUX  561   757.00        3.960271E+14   2.4986E-05   2.5067E-05   0.99674
FLUX  562   759.00        3.949835E+14   2.4933E-05   2.5011E-05   0.99689
FLUX  563   761.00        3.939455E+14   2.4874E-05   2.4954E-05   0.99677
FLUX  564   763.00        3.929128E+14   2.4832E-05   2.4898E-05   0.99736
FLUX  565   765.00        3.918856E+14   2.4739E-05   2.4842E-05   0.99587
FLUX  566   767.00        3.908638E+14   2.4536E-05   2.4786E-05   0.98993
FLUX  567   769.00        3.898472E+14   2.4591E-05   2.4730E-05   0.99438
FLUX  568   771.00        3.888359E+14   2.4506E-05   2.4674E-05   0.99321
FLUX  569   773.00        3.878299E+14   2.4553E-05   2.4618E-05   0.99736
FLUX  570   775.00        3.868290E+14   2.4435E-05   2.4562E-05   0.99480
FLUX  571   777.00        3.858333E+14   2.3906E-05   2.4507E-05   0.97547
FLUX  572   779.00        3.848427E+14   2.4422E-05   2.4451E-05   0.99881
FLUX  573   781.00        3.838572E+14   2.4329E-05   2.4396E-05   0.99726
FLUX  574   783.00        3.828768E+14   2.4171E-05   2.4341E-05   0.99305
FLUX  575   785.00        3.819013E+14   2.4058E-05   2.4285E-05   0.99063
FLUX  576   787.00        3.809307E+14   2.4049E-05   2.4230E-05   0.99254
FLUX  577   789.00        3.799651E+14   2.3959E-05   2.4175E-05   0.99106
FLUX  578   791.00        3.790044E+14   2.3901E-05   2.4120E-05   0.99092
FLUX  579   793.00        3.780485E+14   2.3820E-05   2.4066E-05   0.98981
FLUX  580   795.00        3.770975E+14   2.3727E-05   2.4011E-05   0.98817
FLUX  581   797.00        3.761512E+14   2.3912E-05   2.3957E-05   0.99813
FLUX  582   799.00        3.752096E+14   2.3631E-05   2.3902E-05   0.98866
FLUX  583   801.00        3.742728E+14   2.3720E-05   2.3848E-05   0.99460
FLUX  584   803.00        3.733406E+14   2.3650E-05   2.3794E-05   0.99394
FLUX  585   805.00        3.724130E+14   2.3621E-05   2.3741E-05   0.99494
FLUX  586   807.00        3.714901E+14   2.3584E-05   2.3687E-05   0.99567
FLUX  587   809.00        3.705717E+14   2.3511E-05   2.3633E-05   0.99482
FLUX  588   811.00        3.696578E+14   2.3533E-05   2.3580E-05   0.99801
FLUX  589   813.00        3.687485E+14   2.3504E-05   2.3527E-05   0.99905
FLUX  590   815.00        3.678436E+14   2.3443E-05   2.3474E-05   0.99870
FLUX  591   817.00        3.669431E+14   2.3394E-05   2.3421E-05   0.99888
FLUX  592   819.00        3.660470E+14   2.3008E-05   2.3368E-05   0.98461
FLUX  593   821.00        3.651553E+14   2.3071E-05   2.6645E-05   0.86588
FLUX  594   823.00        3.642679E+14   2.3012E-05   2.6582E-05   0.86570
FLUX  595   825.00        3.633848E+14   2.3022E-05   2.6519E-05   0.86815
FLUX  596   827.00        3.625060E+14   2.3220E-05   2.6456E-05   0.87767
FLUX  597   829.00        3.616315E+14   2.3149E-05   2.6393E-05   0.87709
FLUX  598   831.00        3.607611E+14   2.3041E-05   2.6331E-05   0.87505
FLUX  599   833.00        3.598950E+14   2.2775E-05   2.6269E-05   0.86699
FLUX  600   835.00        3.590329E+14   2.2868E-05   2.6207E-05   0.87259
FLUX  601   837.00        3.581750E+14   2.2821E-05   2.6145E-05   0.87287
FLUX  602   839.00        3.573212E+14   2.2530E-05   2.6084E-05   0.86377
FLUX  603   841.00        3.564715E+14   2.2442E-05   2.6022E-05   0.86241
FLUX  604   843.00        3.556257E+14   2.2251E-05   2.5961E-05   0.85709
FLUX  605   845.00        3.547840E+14   2.1889E-05   2.5900E-05   0.84515
FLUX  606   847.00        3.539463E+14   2.1797E-05   2.5839E-05   0.84354
FLUX  607   849.00        3.531125E+14   2.1925E-05   2.5779E-05   0.85048
FLUX  608   851.00        3.522826E+14   2.0996E-05   2.5719E-05   0.81637
FLUX  609   853.00        3.514566E+14   2.2095E-05   2.5659E-05   0.86111
FLUX  610   855.00        3.506345E+14   2.0005E-05   2.5599E-05   0.78148
FLUX  611   857.00        3.498162E+14   2.2466E-05   2.5539E-05   0.87967
FLUX  612   859.00        3.490017E+14   2.1069E-05   2.5479E-05   0.82690
FLUX  613   861.00        3.481911E+14   2.0815E-05   2.5420E-05   0.81886
FLUX  614   863.00        3.473841E+14   2.2740E-05   2.5361E-05   0.89666
FLUX  615   865.00        3.465809E+14   2.1807E-05   2.5302E-05   0.86189
FLUX  616   867.00        3.457814E+14   1.8640E-05   2.5243E-05   0.73843
FLUX  617   869.00        3.449856E+14   2.2060E-05   2.5184E-05   0.87593
FLUX  618   871.00        3.441935E+14   2.3090E-05   2.5126E-05   0.91898
FLUX  619   873.00        3.434049E+14   2.2125E-05   2.5067E-05   0.88264
FLUX  620   875.00        3.426200E+14   1.8446E-05   2.5009E-05   0.73758
FLUX  621   877.00        3.418387E+14   2.1435E-05   2.4951E-05   0.85909
FLUX  622   879.00        3.410609E+14   2.3148E-05   2.4893E-05   0.92989
FLUX  623   881.00        3.402866E+14   2.3328E-05   2.4835E-05   0.93933
FLUX  624   883.00        3.395159E+14   2.2603E-05   2.4777E-05   0.91227
FLUX  625   885.00        3.387486E+14   2.0496E-05   2.4719E-05   0.82916
FLUX  626   887.00        3.379848E+14   1.7920E-05   2.4662E-05   0.72663
FLUX  627   889.00        3.372244E+14   2.1996E-05   2.4604E-05   0.89400
FLUX  628   891.00        3.364675E+14   2.3098E-05   2.4547E-05   0.94094
FLUX  629   893.00        3.357139E+14   2.3374E-05   2.4490E-05   0.95441
FLUX  630   895.00        3.349637E+14   2.3577E-05   2.4434E-05   0.96494
FLUX  631   897.00        3.342168E+14   2.3106E-05   2.4377E-05   0.94787
FLUX  632   899.00        3.334733E+14   2.1956E-05   2.4321E-05   0.90276
FLUX  633   901.00        3.327331E+14   1.7848E-05   2.4264E-05   0.73557
FLUX  634   903.00        3.319961E+14   1.9529E-05   2.4208E-05   0.80670
FLUX  635   905.00        3.312624E+14   2.2291E-05   2.4152E-05   0.92294
FLUX  636   907.00        3.305320E+14   2.2612E-05   2.4097E-05   0.93839
FLUX  637   909.00        3.298047E+14   2.2594E-05   2.4041E-05   0.93981
FLUX  638   911.00        3.290807E+14   2.3251E-05   2.3986E-05   0.96938
FLUX  639   913.00        3.283598E+14   2.3418E-05   2.3930E-05   0.97860
FLUX  640   915.00        3.276421E+14   2.3372E-05   2.3875E-05   0.97893
FLUX  641   917.00        3.269275E+14   2.3020E-05   2.3821E-05   0.96640
FLUX  642   919.00        3.262160E+14   2.2316E-05   2.3766E-05   0.93899
FLUX  643   921.00        3.255076E+14   2.0598E-05   2.3711E-05   0.86868
FLUX  644   923.00        3.248023E+14   1.6454E-05   2.3657E-05   0.69552
FLUX  645   925.00        3.241000E+14   1.9990E-05   2.3603E-05   0.84692
FLUX  646   927.00        3.234008E+14   2.1583E-05   2.3549E-05   0.91650
FLUX  647   929.00        3.227045E+14   2.2727E-05   2.3495E-05   0.96728
FLUX  648   931.00        3.220113E+14   2.3004E-05   2.3442E-05   0.98134
FLUX  649   933.00        3.213210E+14   2.3044E-05   2.3388E-05   0.98529
FLUX  650   935.00        3.206337E+14   2.3088E-05   2.3335E-05   0.98944
FLUX  651   937.00        3.199493E+14   2.3102E-05   2.3282E-05   0.99227
FLUX  652   939.00        3.192678E+14   2.2909E-05   2.3229E-05   0.98622
FLUX  653   941.00        3.185893E+14   2.2213E-05   2.3176E-05   0.95846
FLUX  654   943.00        3.179136E+14   2.2720E-05   2.3123E-05   0.98258
FLUX  655   945.00        3.172407E+14   2.2638E-05   2.3071E-05   0.98123
FLUX  656   947.00        3.165707E+14   2.2543E-05   2.3019E-05   0.97933
FLUX  657   949.00        3.159036E+14   2.2214E-05   2.2966E-05   0.96723
FLUX  658   951.00        3.152392E+14   2.1438E-05   2.2914E-05   0.93558
FLUX  659   953.00        3.145776E+14   1.9585E-05   2.2862E-05   0.85666
FLUX  660   955.00        3.139188E+14   1.5981E-05   2.2811E-05   0.70058
FLUX  661   957.00        3.132628E+14   1.9894E-05   2.2759E-05   0.87412
FLUX  662   959.00        3.126095E+14   2.1422E-05   2.2708E-05   0.94338
FLUX  663   961.00        3.119589E+14   2.1808E-05   2.2656E-05   0.96258
FLUX  664   963.00        3.113110E+14   2.1812E-05   2.2605E-05   0.96492
FLUX  665   965.00        3.106658E+14   2.2164E-05   2.2554E-05   0.98272
FLUX  666   967.00        3.100233E+14   2.1982E-05   2.2503E-05   0.97683
FLUX  667   969.00        3.093834E+14   2.2078E-05   2.2452E-05   0.98332
FLUX  668   971.00        3.087461E+14   2.2287E-05   2.2402E-05   0.99487
FLUX  669   973.00        3.081115E+14   2.2220E-05   2.2351E-05   0.99411
FLUX  670   975.00        3.074795E+14   2.2065E-05   2.2301E-05   0.98940
FLUX  671   977.00        3.068501E+14   2.2147E-05   2.2251E-05   0.99531
FLUX  672   979.00        3.062232E+14   2.2103E-05   2.2201E-05   0.99560
FLUX  673   981.00        3.055989E+14   2.2041E-05   2.2151E-05   0.99505
FLUX  674   983.00        3.049771E+14   2.1960E-05   2.2101E-05   0.99361
FLUX  675   985.00        3.043579E+14   2.1798E-05   2.2052E-05   0.98850
FLUX  676   987.00        3.037411E+14   2.1736E-05   2.2002E-05   0.98791
FLUX  677   989.00        3.031269E+14   2.1585E-05   2.1953E-05   0.98325
FLUX  678   991.00        3.025151E+14   2.1582E-05   2.1904E-05   0.98529
FLUX  679   993.00        3.019058E+14   2.1550E-05   2.1855E-05   0.98604
FLUX  680   995.00        3.012990E+14   2.1454E-05   2.1806E-05   0.98386
FLUX  681   997.00        3.006946E+14   2.1340E-05   2.1757E-05   0.98083
FLUX  682   999.00        3.000926E+14   2.1027E-05   2.1708E-05   0.96862
FLUX  683  1002.50        2.990449E+14   1.8974E-05   2.1624E-05   0.87748
FLUX  684  1007.50        2.975608E+14   1.8202E-05   2.1503E-05   0.84646
FLUX  685  1012.50        2.960914E+14   2.0678E-05   2.1384E-05   0.96698
FLUX  686  1017.50        2.946364E+14   2.0995E-05   2.1265E-05   0.98727
FLUX  687  1022.50        2.931956E+14   2.1039E-05   2.1148E-05   0.99487
FLUX  688  1027.50        2.917689E+14   2.0986E-05   2.1031E-05   0.99786
FLUX  689  1032.50        2.903559E+14   2.0830E-05   2.0915E-05   0.99592
FLUX  690  1037.50        2.889566E+14   2.0737E-05   2.0800E-05   0.99696
FLUX  691  1042.50        2.875707E+14   2.0608E-05   2.0686E-05   0.99624
FLUX  692  1047.50        2.861981E+14   2.0294E-05   2.0572E-05   0.98649
FLUX  693  1052.50        2.848385E+14   2.0269E-05   2.0459E-05   0.99067
FLUX  694  1057.50        2.834917E+14   2.0219E-05   2.0347E-05   0.99371
FLUX  695  1062.50        2.821576E+14   2.0095E-05   2.0236E-05   0.99302
FLUX  696  1067.50        2.808361E+14   1.9600E-05   2.0126E-05   0.97387
FLUX  697  1072.50        2.795268E+14   1.9717E-05   2.0016E-05   0.98505
FLUX  698  1077.50        2.782297E+14   1.9612E-05   1.9908E-05   0.98516
FLUX  699  1082.50        2.769446E+14   1.9400E-05   1.9800E-05   0.97983
FLUX  700  1087.50        2.756713E+14   1.8877E-05   1.9693E-05   0.95859
FLUX  701  1092.50        2.744096E+14   1.5917E-05   1.9586E-05   0.81265
FLUX  702  1097.50        2.731595E+14   1.7542E-05   1.9481E-05   0.90044
FLUX  703  1102.50        2.719206E+14   1.8922E-05   1.9376E-05   0.97657
FLUX  704  1107.50        2.706930E+14   1.9101E-05   1.9272E-05   0.99111
FLUX  705  1112.50        2.694764E+14   1.9023E-05   1.9168E-05   0.99241
FLUX  706  1117.50        2.682707E+14   1.8965E-05   1.9066E-05   0.99470
FLUX  707  1122.50        2.670757E+14   1.8912E-05   1.8964E-05   0.99726
FLUX  708  1127.50        2.658914E+14   1.8457E-05   1.8862E-05   0.97850
FLUX  709  1132.50        2.647174E+14   1.8393E-05   1.8762E-05   0.98036
FLUX  710  1137.50        2.635538E+14   1.8511E-05   1.8662E-05   0.99188
FLUX  711  1142.50        2.624004E+14   1.8314E-05   1.8563E-05   0.98659
FLUX  712  1147.50        2.612571E+14   1.8418E-05   1.8465E-05   0.99744
FLUX  713  1152.50        2.601236E+14   1.8339E-05   1.8368E-05   0.99843
FLUX  714  1157.50        2.590000E+14   1.8212E-05   1.8271E-05   0.99676
FLUX  715  1162.50        2.578860E+14   1.7903E-05   1.8175E-05   0.98503
FLUX  716  1167.50        2.567816E+14   1.7704E-05   1.8079E-05   0.97924
FLUX  717  1172.50        2.556866E+14   1.7947E-05   1.7984E-05   0.99795
FLUX  718  1177.50        2.546008E+14   1.7480E-05   1.7890E-05   0.97709
FLUX  719  1182.50        2.535243E+14   1.7567E-05   1.7796E-05   0.98711
FLUX  720  1187.50        2.524568E+14   1.7366E-05   1.7703E-05   0.98097
FLUX  721  1192.50        2.513983E+14   1.7600E-05   1.7610E-05   0.99938
FLUX  722  1197.50        2.503486E+14   1.7301E-05   1.7518E-05   0.98759
FLUX  723  1202.50        2.493077E+14   1.7334E-05   1.7427E-05   0.99468
FLUX  724  1207.50        2.482754E+14   1.7180E-05   1.7336E-05   0.99101
FLUX  725  1212.50        2.472515E+14   1.7123E-05   1.7245E-05   0.99292
FLUX  726  1217.50        2.462361E+14   1.7105E-05   1.7155E-05   0.99707
FLUX  727  1222.50        2.452290E+14   1.6987E-05   1.7066E-05   0.99536
FLUX  728  1227.50        2.442301E+14   1.6872E-05   1.6977E-05   0.99378
FLUX  729  1232.50        2.432394E+14   1.6793E-05   1.6889E-05   0.99427
FLUX  730  1237.50        2.422566E+14   1.6735E-05   1.6802E-05   0.99601
FLUX  731  1242.50        2.412817E+14   1.6690E-05   1.6716E-05   0.99844
FLUX  732  1247.50        2.403146E+14   1.6556E-05   1.6630E-05   0.99559
FLUX  733  1252.50        2.393553E+14   1.6459E-05   1.6544E-05   0.99485
FLUX  734  1257.50        2.384036E+14   1.6242E-05   1.6459E-05   0.98682
FLUX  735  1262.50        2.374594E+14   1.6204E-05   1.6375E-05   0.98955
FLUX  736  1267.50        2.365227E+14   1.6125E-05   1.6292E-05   0.98977
FLUX  737  1272.50        2.355933E+14   1.5894E-05   1.6208E-05   0.98063
FLUX  738  1277.50        2.346712E+14   1.5097E-05   1.6126E-05   0.93617
FLUX  739  1282.50        2.337563E+14   1.2858E-05   1.6044E-05   0.80140
FLUX  740  1287.50        2.328485E+14   1.5122E-05   1.5962E-05   0.94735
FLUX  741  1292.50        2.319478E+14   1.5599E-05   1.5882E-05   0.98219
FLUX  742  1297.50        2.310539E+14   1.5666E-05   1.5801E-05   0.99146
FLUX  743  1302.50        2.301670E+14   1.5638E-05   1.5721E-05   0.99468
FLUX  744  1307.50        2.292868E+14   1.5610E-05   1.5642E-05   0.99796
FLUX  745  1312.50        2.284133E+14   1.5509E-05   1.5563E-05   0.99657
FLUX  746  1317.50        2.275465E+14   1.5378E-05   1.5484E-05   0.99314
FLUX  747  1322.50        2.266862E+14   1.5384E-05   1.5406E-05   0.99860
FLUX  748  1327.50        2.258324E+14   1.5301E-05   1.5328E-05   0.99825
FLUX  749  1332.50        2.249850E+14   1.5235E-05   1.5251E-05   0.99897
FLUX  750  1337.50        2.241439E+14   1.5149E-05   1.5174E-05   0.99835
FLUX  751  1342.50        2.233091E+14   1.5076E-05   1.5098E-05   0.99854
FLUX  752  1347.50        2.224805E+14   1.4997E-05   1.5022E-05   0.99834
FLUX  753  1352.50        2.216580E+14   1.4881E-05   1.4947E-05   0.99557
FLUX  754  1357.50        2.208416E+14   1.4788E-05   1.4872E-05   0.99431
FLUX  755  1362.50        2.200312E+14   1.4767E-05   1.4798E-05   0.99790
FLUX  756  1367.50        2.192267E+14   1.4670E-05   1.4724E-05   0.99632
FLUX  757  1372.50        2.184281E+14   1.4474E-05   1.4651E-05   0.98794
FLUX  758  1377.50        2.176352E+14   1.4505E-05   1.4578E-05   0.99495
FLUX  759  1382.50        2.168481E+14   1.4443E-05   1.4506E-05   0.99569
FLUX  760  1387.50        2.160667E+14   1.4425E-05   1.4434E-05   0.99941
FLUX  761  1392.50        2.152908E+14   1.4283E-05   1.4363E-05   0.99445
FLUX  762  1397.50        2.145206E+14   1.4252E-05   1.4292E-05   0.99724
FLUX  763  1402.50        2.137558E+14   1.4185E-05   1.4221E-05   0.99746
FLUX  764  1407.50        2.129964E+14   1.4135E-05   1.4151E-05   0.99886
FLUX  765  1412.50        2.122425E+14   1.4027E-05   1.4082E-05   0.99609
FLUX  766  1417.50        2.114938E+14   1.3986E-05   1.4012E-05   0.99809
FLUX  767  1422.50        2.107504E+14   1.3888E-05   1.3943E-05   0.99606
FLUX  768  1427.50        2.100123E+14   1.3804E-05   1.3875E-05   0.99491
FLUX  769  1432.50        2.092792E+14   1.3770E-05   1.3807E-05   0.99731
FLUX  770  1437.50        2.085513E+14   1.3729E-05   1.3739E-05   0.99926
FLUX  771  1442.50        2.078284E+14   1.3373E-05   1.3672E-05   0.97811
FLUX  772  1447.50        2.071105E+14   1.3568E-05   1.3605E-05   0.99732
FLUX  773  1452.50        2.063976E+14   1.3359E-05   1.3538E-05   0.98678
FLUX  774  1457.00        2.057601E+14   1.3430E-05   1.3479E-05   0.99639
FLUX  775  1462.00        2.050564E+14   1.3611E-05   1.4093E-05   0.96577
FLUX  776  1467.50        2.042879E+14   1.3949E-05   1.4018E-05   0.99508
FLUX  777  1472.50        2.035942E+14   1.3784E-05   1.3949E-05   0.98815
FLUX  778  1477.50        2.029052E+14   1.3579E-05   1.3882E-05   0.97818
FLUX  779  1482.50        2.022209E+14   1.3482E-05   1.3814E-05   0.97595
FLUX  780  1487.50        2.015412E+14   1.3254E-05   1.3747E-05   0.96417
FLUX  781  1492.50        2.008660E+14   1.3263E-05   1.3680E-05   0.96949
FLUX  782  1497.50        2.001953E+14   1.3068E-05   1.3613E-05   0.95993
FLUX  783  1502.50        1.995291E+14   1.2902E-05   1.3547E-05   0.95239
FLUX  784  1507.50        1.988673E+14   1.2764E-05   1.3481E-05   0.94681
FLUX  785  1512.50        1.982099E+14   1.2725E-05   1.3416E-05   0.94855
FLUX  786  1517.50        1.975568E+14   1.2616E-05   1.3350E-05   0.94500
FLUX  787  1522.50        1.969080E+14   1.2499E-05   1.3285E-05   0.94082
FLUX  788  1527.50        1.962635E+14   1.2434E-05   1.3221E-05   0.94046
FLUX  789  1532.50        1.956232E+14   1.2298E-05   1.3156E-05   0.93478
FLUX  790  1537.50        1.949870E+14   1.2282E-05   1.3092E-05   0.93808
FLUX  791  1542.50        1.943549E+14   1.2071E-05   1.3029E-05   0.92650
FLUX  792  1547.50        1.937270E+14   1.2131E-05   1.2965E-05   0.93565
FLUX  793  1552.50        1.931031E+14   1.2027E-05   1.2902E-05   0.93219
FLUX  794  1557.50        1.924831E+14   1.1840E-05   1.2839E-05   0.92216
FLUX  795  1562.50        1.918672E+14   1.2108E-05   1.2777E-05   0.94769
FLUX  796  1567.50        1.912552E+14   1.1736E-05   1.2714E-05   0.92304
FLUX  797  1572.50        1.906471E+14   1.1590E-05   1.2652E-05   0.91606
FLUX  798  1577.50        1.900428E+14   1.1928E-05   1.2590E-05   0.94741
FLUX  799  1582.50        1.894423E+14   1.1858E-05   1.2529E-05   0.94645
FLUX  800  1587.50        1.888457E+14   1.1063E-05   1.2467E-05   0.88735
FLUX  801  1592.50        1.882527E+14   1.1610E-05   1.2406E-05   0.93581
FLUX  802  1597.50        1.876635E+14   1.1997E-05   1.2345E-05   0.97179
FLUX  803  1605.00        1.867866E+14   1.1567E-05   1.2254E-05   0.94394
FLUX  804  1615.00        1.856300E+14   1.1066E-05   1.2134E-05   0.91202
FLUX  805  1625.00        1.844877E+14   1.1723E-05   1.2013E-05   0.97582
FLUX  806  1635.00        1.833593E+14   1.1149E-05   1.1893E-05   0.93742
FLUX  807  1645.00        1.822447E+14   1.0616E-05   1.1773E-05   0.90172
FLUX  808  1655.00        1.811435E+14   1.1431E-05   1.1652E-05   0.98099
FLUX  809  1665.00        1.800556E+14   1.1352E-05   1.1534E-05   0.98423
FLUX  810  1675.00        1.789806E+14   1.0675E-05   1.1417E-05   0.93503
FLUX  811  1685.00        1.779184E+14   1.0103E-05   1.1302E-05   0.89393
FLUX  812  1695.00        1.768687E+14   1.1009E-05   1.1189E-05   0.98390
FLUX  813  1705.00        1.758314E+14   1.0946E-05   1.1077E-05   0.98816
FLUX  814  1715.00        1.748061E+14   1.0873E-05   1.0967E-05   0.99147
FLUX  815  1725.00        1.737928E+14   1.0543E-05   1.0858E-05   0.97099
FLUX  816  1735.00        1.727911E+14   9.3125E-06   1.0752E-05   0.86616
FLUX  817  1745.00        1.718009E+14   1.0150E-05   1.0646E-05   0.95336
FLUX  818  1755.00        1.708219E+14   1.0382E-05   1.0542E-05   0.98481
FLUX  819  1765.00        1.698541E+14   1.0318E-05   1.0440E-05   0.98832
FLUX  820  1775.00        1.688972E+14   1.0262E-05   1.0340E-05   0.99249
FLUX  821  1785.00        1.679510E+14   1.0153E-05   1.0241E-05   0.99138
FLUX  822  1795.00        1.670153E+14   1.0074E-05   1.0143E-05   0.99320
FLUX  823  1805.00        1.660900E+14   9.8138E-06   1.0047E-05   0.97680
FLUX  824  1815.00        1.651749E+14   8.7294E-06   9.9520E-06   0.87715
FLUX  825  1825.00        1.642699E+14   9.3232E-06   9.8584E-06   0.94571
FLUX  826  1835.00        1.633747E+14   9.6448E-06   9.7661E-06   0.98758
FLUX  827  1845.00        1.624892E+14   9.5904E-06   9.6751E-06   0.99125
FLUX  828  1855.00        1.616132E+14   9.4681E-06   9.5854E-06   0.98776
FLUX  829  1865.00        1.607466E+14   9.2438E-06   9.4968E-06   0.97335
FLUX  830  1875.00        1.598893E+14   8.1465E-06   9.4095E-06   0.86577
FLUX  831  1885.00        1.590411E+14   9.0126E-06   9.3234E-06   0.96666
FLUX  832  1895.00        1.582018E+14   9.0840E-06   9.2385E-06   0.98328
FLUX  833  1905.00        1.573714E+14   9.1105E-06   9.1547E-06   0.99517
FLUX  834  1915.00        1.565496E+14   9.0217E-06   9.0721E-06   0.99445
FLUX  835  1925.00        1.557364E+14   8.9079E-06   8.9906E-06   0.99080
FLUX  836  1935.00        1.549315E+14   8.6501E-06   8.9102E-06   0.97081
FLUX  837  1945.00        1.541350E+14   7.6605E-06   8.8308E-06   0.86747
FLUX  838  1955.00        1.533465E+14   8.5056E-06   8.7526E-06   0.97178
FLUX  839  1965.00        1.525662E+14   8.6059E-06   8.6754E-06   0.99200
FLUX  840  1975.00        1.517937E+14   8.5453E-06   8.5992E-06   0.99373
FLUX  841  1985.00        1.510290E+14   8.5069E-06   8.5240E-06   0.99800
FLUX  842  1995.00        1.502719E+14   8.4355E-06   8.4498E-06   0.99830
FLUX  843  2005.00        1.495224E+14   8.3675E-06   8.3766E-06   0.99891
FLUX  844  2015.00        1.487804E+14   8.3009E-06   8.3043E-06   0.99959
FLUX  845  2025.00        1.480457E+14   8.2186E-06   8.2330E-06   0.99825
FLUX  846  2035.00        1.473182E+14   8.1377E-06   8.1626E-06   0.99695
FLUX  847  2045.00        1.465978E+14   8.0903E-06   8.0931E-06   0.99966
FLUX  848  2055.00        1.458844E+14   8.0185E-06   8.0244E-06   0.99926
FLUX  849  2065.00        1.451780E+14   7.9339E-06   7.9566E-06   0.99715
FLUX  850  2075.00        1.444783E+14   7.8747E-06   7.8897E-06   0.99810
FLUX  851  2085.00        1.437854E+14   7.8126E-06   7.8236E-06   0.99859
FLUX  852  2095.00        1.430990E+14   7.7425E-06   7.7583E-06   0.99795
FLUX  853  2105.00        1.424192E+14   7.6798E-06   7.6939E-06   0.99817
FLUX  854  2115.00        1.417459E+14   7.5960E-06   7.6302E-06   0.99551
FLUX  855  2125.00        1.410788E+14   7.5315E-06   7.5674E-06   0.99525
FLUX  856  2135.00        1.404180E+14   7.4612E-06   7.5053E-06   0.99413
FLUX  857  2145.00        1.397634E+14   7.3943E-06   7.4440E-06   0.99332
FLUX  858  2155.00        1.391148E+14   7.2150E-06   7.3835E-06   0.97719
FLUX  859  2165.00        1.384723E+14   6.4233E-06   7.3236E-06   0.87707
FLUX  860  2175.00        1.378356E+14   7.0189E-06   7.2646E-06   0.96618
FLUX  861  2185.00        1.372048E+14   7.1395E-06   7.2062E-06   0.99075
FLUX  862  2195.00        1.365797E+14   7.1300E-06   7.1485E-06   0.99741
FLUX  863  2205.00        1.359603E+14   7.0688E-06   7.0915E-06   0.99680
FLUX  864  2215.00        1.353465E+14   7.0102E-06   7.0352E-06   0.99646
FLUX  865  2225.00        1.347382E+14   6.9768E-06   6.9795E-06   0.99960
FLUX  866  2235.00        1.341353E+14   6.9214E-06   6.9246E-06   0.99955
FLUX  867  2245.00        1.335379E+14   6.8668E-06   6.8702E-06   0.99950
FLUX  868  2255.00        1.329457E+14   6.7935E-06   6.8165E-06   0.99663
FLUX  869  2265.00        1.323587E+14   6.7550E-06   6.7635E-06   0.99875
FLUX  870  2275.00        1.317769E+14   6.7055E-06   6.7110E-06   0.99917
FLUX  871  2285.00        1.312002E+14   6.6739E-06   6.7725E-06   0.98544
FLUX  872  2295.00        1.306285E+14   6.7055E-06   6.7200E-06   0.99783
FLUX  873  2305.00        1.300618E+14   6.6633E-06   6.6682E-06   0.99926
FLUX  874  2315.00        1.295000E+14   6.5956E-06   6.6169E-06   0.99678
FLUX  875  2325.00        1.289430E+14   6.5365E-06   6.5663E-06   0.99546
FLUX  876  2335.00        1.283908E+14   6.4694E-06   6.5162E-06   0.99281
FLUX  877  2345.00        1.278433E+14   6.4116E-06   6.4667E-06   0.99148
FLUX  878  2355.00        1.273004E+14   6.3513E-06   6.4178E-06   0.98964
FLUX  879  2365.00        1.267622E+14   6.2948E-06   6.3694E-06   0.98830
FLUX  880  2375.00        1.262284E+14   6.2337E-06   6.3215E-06   0.98610
FLUX  881  2385.00        1.256992E+14   6.1778E-06   6.2742E-06   0.98464
FLUX  882  2395.00        1.251743E+14   6.1246E-06   6.2274E-06   0.98348
FLUX  883  2405.00        1.246538E+14   6.0739E-06   6.1812E-06   0.98264
FLUX  884  2415.00        1.241377E+14   6.0160E-06   6.1354E-06   0.98053
FLUX  885  2425.00        1.236258E+14   5.9663E-06   6.0902E-06   0.97966
FLUX  886  2435.00        1.231181E+14   5.9216E-06   6.0454E-06   0.97952
FLUX  887  2445.00        1.226145E+14   5.8667E-06   6.0012E-06   0.97759
FLUX  888  2455.00        1.221151E+14   5.8294E-06   5.9575E-06   0.97851
FLUX  889  2465.00        1.216197E+14   5.7751E-06   5.9142E-06   0.97649
FLUX  890  2475.00        1.211283E+14   5.7426E-06   5.8714E-06   0.97806
FLUX  891  2485.00        1.206408E+14   5.7034E-06   5.8290E-06   0.97844
FLUX  892  2495.00        1.201573E+14   5.6264E-06   5.7872E-06   0.97221
FLUX  893  2505.00        1.196776E+14   5.7065E-06   5.7457E-06   0.99316
FLUX  894  2515.00        1.192018E+14   5.6150E-06   5.7048E-06   0.98427
FLUX  895  2525.00        1.187297E+14   5.4785E-06   5.6642E-06   0.96721
FLUX  896  2535.00        1.182613E+14   5.5111E-06   5.6241E-06   0.97991
FLUX  897  2545.00        1.177967E+14   5.5084E-06   5.5844E-06   0.98638
FLUX  898  2555.00        1.173356E+14   5.4161E-06   5.5452E-06   0.97671
FLUX  899  2565.00        1.168782E+14   5.2693E-06   5.5063E-06   0.95694
FLUX  900  2575.00        1.164243E+14   5.3616E-06   5.4679E-06   0.98056
FLUX  901  2585.00        1.159739E+14   5.3554E-06   5.4299E-06   0.98630
FLUX  902  2595.00        1.155270E+14   5.3199E-06   5.3922E-06   0.98659
FLUX  903  2605.00        1.150835E+14   5.1827E-06   5.3550E-06   0.96784
FLUX  904  2615.00        1.146434E+14   4.9872E-06   5.3181E-06   0.93778
FLUX  905  2625.00        1.142067E+14   4.6440E-06   5.2816E-06   0.87928
FLUX  906  2635.00        1.137732E+14   5.0478E-06   5.2455E-06   0.96233
FLUX  907  2645.00        1.133431E+14   5.1374E-06   5.2097E-06   0.98612
FLUX  908  2655.00        1.129162E+14   5.1102E-06   5.1743E-06   0.98761
FLUX  909  2665.00        1.124925E+14   5.0069E-06   5.1393E-06   0.97424
FLUX  910  2675.00        1.120720E+14   4.7764E-06   5.1046E-06   0.93570
FLUX  911  2685.00        1.116546E+14   4.9522E-06   5.0703E-06   0.97671
FLUX  912  2695.00        1.112403E+14   4.9971E-06   5.0363E-06   0.99222
FLUX  913  2705.00        1.108290E+14   4.9796E-06   5.0027E-06   0.99538
FLUX  914  2715.00        1.104208E+14   4.9530E-06   4.9694E-06   0.99669
FLUX  915  2725.00        1.100156E+14   4.9177E-06   4.9364E-06   0.99621
FLUX  916  2735.00        1.096133E+14   4.8728E-06   4.9038E-06   0.99369
FLUX  917  2745.00        1.092140E+14   4.7944E-06   4.8715E-06   0.98418
FLUX  918  2755.00        1.088176E+14   4.5087E-06   4.8395E-06   0.93165
FLUX  919  2765.00        1.084241E+14   4.6098E-06   4.8078E-06   0.95882
FLUX  920  2775.00        1.080333E+14   4.7264E-06   4.7764E-06   0.98954
FLUX  921  2785.00        1.076454E+14   4.7251E-06   4.7453E-06   0.99573
FLUX  922  2795.00        1.072603E+14   4.7079E-06   4.7146E-06   0.99858
FLUX  923  2805.00        1.068779E+14   4.6816E-06   4.6841E-06   0.99946
FLUX  924  2815.00        1.064982E+14   4.6520E-06   4.6539E-06   0.99959
FLUX  925  2825.00        1.061212E+14   4.6211E-06   4.6241E-06   0.99936
FLUX  926  2835.00        1.057469E+14   4.5881E-06   4.5945E-06   0.99862
FLUX  927  2845.00        1.053752E+14   4.5406E-06   4.5652E-06   0.99461
FLUX  928  2855.00        1.050061E+14   4.4931E-06   4.5361E-06   0.99050
FLUX  929  2865.00        1.046396E+14   4.3457E-06   4.5074E-06   0.96412
FLUX  930  2875.00        1.042757E+14   4.1008E-06   4.4789E-06   0.91559
FLUX  931  2885.00        1.039142E+14   4.3638E-06   4.4507E-06   0.98047
FLUX  932  2895.00        1.035553E+14   4.3926E-06   4.4228E-06   0.99317
FLUX  933  2905.00        1.031988E+14   4.3842E-06   4.3951E-06   0.99753
FLUX  934  2915.00        1.028448E+14   4.3558E-06   4.3677E-06   0.99729
FLUX  935  2925.00        1.024932E+14   4.3367E-06   4.3405E-06   0.99913
FLUX  936  2935.00        1.021440E+14   4.3124E-06   4.3136E-06   0.99972
FLUX  937  2945.00        1.017971E+14   4.2851E-06   4.2869E-06   0.99958
FLUX  938  2955.00        1.014526E+14   4.2595E-06   4.2605E-06   0.99976
FLUX  939  2965.00        1.011105E+14   4.2335E-06   4.2343E-06   0.99980
FLUX  940  2975.00        1.007706E+14   4.2071E-06   4.2084E-06   0.99968
FLUX  941  2985.00        1.004330E+14   4.1817E-06   4.1827E-06   0.99976
FLUX  942  2995.00        1.000977E+14   4.1531E-06   4.1573E-06   0.99900
FLUX  943  3005.00        9.976456E+13   4.1216E-06   4.1322E-06   0.99742
FLUX  944  3015.00        9.943367E+13   4.0831E-06   4.1073E-06   0.99411
FLUX  945  3025.00        9.910496E+13   4.0202E-06   4.0826E-06   0.98471
FLUX  946  3035.00        9.877842E+13   3.7479E-06   4.0580E-06   0.92358
FLUX  947  3045.00        9.845402E+13   3.8100E-06   4.0336E-06   0.94455
FLUX  948  3055.00        9.813175E+13   3.9600E-06   4.0095E-06   0.98767
FLUX  949  3065.00        9.781158E+13   3.9664E-06   3.9855E-06   0.99521
FLUX  950  3075.00        9.749350E+13   3.9559E-06   3.9618E-06   0.99851
FLUX  951  3085.00        9.717747E+13   3.9283E-06   3.9383E-06   0.99748
FLUX  952  3095.00        9.686349E+13   3.9098E-06   3.9149E-06   0.99870
FLUX  953  3105.00        9.655153E+13   3.8865E-06   3.8918E-06   0.99864
FLUX  954  3115.00        9.624157E+13   3.8553E-06   3.8689E-06   0.99648
FLUX  955  3125.00        9.593360E+13   3.8383E-06   3.8462E-06   0.99795
FLUX  956  3135.00        9.562759E+13   3.8183E-06   3.8237E-06   0.99859
FLUX  957  3145.00        9.532353E+13   3.7942E-06   3.8013E-06   0.99811
FLUX  958  3155.00        9.502139E+13   3.7749E-06   3.7792E-06   0.99885
FLUX  959  3165.00        9.472117E+13   3.7563E-06   3.7573E-06   0.99974
FLUX  960  3175.00        9.442283E+13   3.7299E-06   3.7355E-06   0.99849
FLUX  961  3185.00        9.412637E+13   3.7131E-06   3.7140E-06   0.99975
FLUX  962  3195.00        9.383177E+13   3.6914E-06   3.6926E-06   0.99968
FLUX  963  3210.00        9.339330E+13   3.6587E-06   3.6609E-06   0.99941
FLUX  964  3230.00        9.281502E+13   3.6186E-06   3.6192E-06   0.99982
FLUX  965  3250.00        9.224385E+13   3.5761E-06   3.5782E-06   0.99941
FLUX  966  3270.00        9.167966E+13   3.5177E-06   3.5380E-06   0.99427
FLUX  967  3290.00        9.112234E+13   3.2747E-06   3.5209E-06   0.93007
FLUX  968  3310.00        9.057175E+13   3.3864E-06   3.4816E-06   0.97266
FLUX  969  3330.00        9.002778E+13   3.4252E-06   3.4429E-06   0.99486
FLUX  970  3350.00        8.949030E+13   3.3984E-06   3.4049E-06   0.99809
FLUX  971  3370.00        8.895920E+13   3.3508E-06   3.3675E-06   0.99505
FLUX  972  3390.00        8.843437E+13   3.3123E-06   3.3307E-06   0.99449
FLUX  973  3410.00        8.791569E+13   3.2752E-06   3.2945E-06   0.99415
FLUX  974  3430.00        8.740306E+13   3.2415E-06   3.2589E-06   0.99467
FLUX  975  3450.00        8.689638E+13   3.2081E-06   3.2239E-06   0.99510
FLUX  976  3470.00        8.639553E+13   3.1711E-06   3.1894E-06   0.99427
FLUX  977  3490.00        8.590043E+13   3.1362E-06   3.1555E-06   0.99387
FLUX  978  3510.00        8.541097E+13   3.1017E-06   3.1222E-06   0.99344
FLUX  979  3530.00        8.492705E+13   3.0670E-06   3.0893E-06   0.99276
FLUX  980  3550.00        8.444859E+13   3.0350E-06   3.0570E-06   0.99278
FLUX  981  3570.00        8.397549E+13   2.9989E-06   3.0252E-06   0.99131
FLUX  982  3590.00        8.350766E+13   2.9682E-06   2.9939E-06   0.99143
FLUX  983  3610.00        8.304501E+13   2.9363E-06   2.9631E-06   0.99097
FLUX  984  3630.00        8.258747E+13   2.9077E-06   2.9327E-06   0.99147
FLUX  985  3650.00        8.213493E+13   2.8732E-06   2.9028E-06   0.98980
FLUX  986  3670.00        8.168733E+13   2.8494E-06   2.8734E-06   0.99164
FLUX  987  3690.00        8.124458E+13   2.8028E-06   2.8444E-06   0.98536
FLUX  988  3710.00        8.080660E+13   2.7820E-06   2.8158E-06   0.98800
FLUX  989  3730.00        8.037332E+13   2.6717E-06   2.7877E-06   0.95837
FLUX  990  3750.00        7.994467E+13   2.6100E-06   2.7600E-06   0.94566
FLUX  991  3770.00        7.952056E+13   2.7030E-06   2.7327E-06   0.98914
FLUX  992  3790.00        7.910092E+13   2.6869E-06   2.7058E-06   0.99302
FLUX  993  3810.00        7.868570E+13   2.6401E-06   2.6793E-06   0.98538
FLUX  994  3830.00        7.827480E+13   2.6204E-06   2.6532E-06   0.98763
FLUX  995  3850.00        7.786818E+13   2.6164E-06   2.6275E-06   0.99578
FLUX  996  3870.00        7.746576E+13   2.5886E-06   2.6021E-06   0.99483
FLUX  997  3890.00        7.706748E+13   2.5514E-06   2.5771E-06   0.99003
FLUX  998  3910.00        7.667327E+13   2.4990E-06   2.5525E-06   0.97906
FLUX  999  3930.00        7.628308E+13   2.5135E-06   2.5282E-06   0.99417
FLUX 1000  3950.00        7.589684E+13   2.4996E-06   2.5043E-06   0.99813
FLUX 1001  3970.00        7.551448E+13   2.4791E-06   2.4807E-06   0.99937
FLUX 1002  3990.00        7.513596E+13   2.4503E-06   2.4574E-06   0.99712
FLUX 1003  4010.00        7.476122E+13   2.3881E-06   2.4344E-06   0.98095
FLUX 1004  4030.00        7.439020E+13   2.3551E-06   2.4118E-06   0.97647
FLUX 1005  4050.00        7.402284E+13   2.2508E-06   2.3895E-06   0.94196
FLUX 1006  4070.00        7.365909E+13   2.3438E-06   2.3675E-06   0.98997
FLUX 1007  4090.00        7.329890E+13   2.3380E-06   2.3458E-06   0.99665
FLUX 1008  4110.00        7.294221E+13   2.3230E-06   2.3244E-06   0.99939
FLUX 1009  4130.00        7.258898E+13   2.2987E-06   2.3033E-06   0.99800
FLUX 1010  4150.00        7.223916E+13   2.2629E-06   2.2825E-06   0.99140
FLUX 1011  4170.00        7.189269E+13   2.1855E-06   2.2620E-06   0.96619
FLUX 1012  4190.00        7.154952E+13   2.2200E-06   2.2417E-06   0.99030
FLUX 1013  4210.00        7.120962E+13   2.2140E-06   2.2217E-06   0.99651
FLUX 1014  4230.00        7.087293E+13   2.2017E-06   2.2020E-06   0.99988
FLUX 1015  4250.00        7.053941E+13   2.1817E-06   2.1825E-06   0.99961
FLUX 1016  4270.00        7.020902E+13   2.1631E-06   2.1633E-06   0.99991
FLUX 1017  4290.00        6.988170E+13   2.1442E-06   2.1444E-06   0.99991
FLUX 1018  4310.00        6.955742E+13   2.1253E-06   2.1257E-06   0.99984
FLUX 1019  4330.00        6.923614E+13   2.1053E-06   2.1072E-06   0.99911
FLUX 1020  4350.00        6.891782E+13   2.0776E-06   2.0890E-06   0.99457
FLUX 1021  4370.00        6.860240E+13   1.9956E-06   2.0710E-06   0.96361
FLUX 1022  4390.00        6.828986E+13   2.0172E-06   2.0532E-06   0.98246
FLUX 1023  4410.00        6.798016E+13   2.0287E-06   2.0357E-06   0.99655
FLUX 1024  4430.00        6.767325E+13   2.0174E-06   2.0184E-06   0.99950
FLUX 1025  4450.00        6.736910E+13   2.0003E-06   2.0013E-06   0.99950
FLUX 1026  4470.00        6.706767E+13   1.9895E-06   1.9900E-06   0.99977
FLUX 1027  4490.00        6.676893E+13   1.9724E-06   1.9732E-06   0.99958
FLUX 1028  4510.00        6.647284E+13   1.9567E-06   1.9567E-06   0.99997
FLUX 1029  4530.00        6.617936E+13   1.9401E-06   1.9404E-06   0.99984
FLUX 1030  4550.00        6.588846E+13   1.9241E-06   1.9243E-06   0.99990
FLUX 1031  4570.00        6.560011E+13   1.9075E-06   1.9084E-06   0.99951
FLUX 1032  4590.00        6.531427E+13   1.8913E-06   1.8927E-06   0.99930
FLUX 1033  4610.00        6.503091E+13   1.8728E-06   1.8772E-06   0.99769
FLUX 1034  4630.00        6.475000E+13   1.8456E-06   1.8618E-06   0.99129
FLUX 1035  4650.00        6.447151E+13   1.7315E-06   1.8467E-06   0.93766
FLUX 1036  4670.00        6.419540E+13   1.7327E-06   1.8317E-06   0.94593
FLUX 1037  4690.00        6.392164E+13   1.7907E-06   1.8169E-06   0.98556
FLUX 1038  4710.00        6.365021E+13   1.7960E-06   1.8023E-06   0.99649
FLUX 1039  4730.00        6.338108E+13   1.7875E-06   1.7879E-06   0.99976
FLUX 1040  4750.00        6.311421E+13   1.7727E-06   1.7737E-06   0.99943
FLUX 1041  4770.00        6.284958E+13   1.7590E-06   1.7596E-06   0.99965
FLUX 1042  4790.00        6.258716E+13   1.7456E-06   1.7457E-06   0.99997
FLUX 1043  4810.00        6.232692E+13   1.7317E-06   1.7319E-06   0.99990
FLUX 1044  4830.00        6.206884E+13   1.7181E-06   1.7183E-06   0.99989
FLUX 1045  4850.00        6.181289E+13   1.7047E-06   1.7049E-06   0.99987
FLUX 1046  4870.00        6.155903E+13   1.6915E-06   1.6916E-06   0.99991
FLUX 1047  4890.00        6.130726E+13   1.6784E-06   1.6785E-06   0.99992
FLUX 1048  4910.00        6.105754E+13   1.6649E-06   1.6655E-06   0.99962
FLUX 1049  4930.00        6.080984E+13   1.6525E-06   1.6527E-06   0.99986
FLUX 1050  4950.00        6.056414E+13   1.6397E-06   1.6400E-06   0.99980
FLUX 1051  4970.00        6.032042E+13   1.6273E-06   1.6275E-06   0.99986
FLUX 1052  4990.00        6.007866E+13   1.6147E-06   1.6151E-06   0.99974
FLUX 1053  5010.00        5.983882E+13   1.6026E-06   1.6029E-06   0.99981
FLUX 1054  5030.00        5.960089E+13   1.5903E-06   1.5908E-06   0.99971
FLUX 1055  5050.00        5.936485E+13   1.5786E-06   1.5788E-06   0.99983
FLUX 1056  5070.00        5.913067E+13   1.5668E-06   1.5670E-06   0.99990
FLUX 1057  5090.00        5.889833E+13   1.5516E-06   1.5553E-06   0.99759
FLUX 1058  5110.00        5.866781E+13   1.5244E-06   1.5437E-06   0.98750
FLUX 1059  5130.00        5.843908E+13   1.4492E-06   1.5323E-06   0.94575
FLUX 1060  5150.00        5.821214E+13   1.5069E-06   1.5210E-06   0.99075
FLUX 1061  5170.00        5.798694E+13   1.5074E-06   1.5098E-06   0.99843
FLUX 1062  5190.00        5.776349E+13   1.4986E-06   1.4987E-06   0.99991
FLUX 1063  5210.00        5.754175E+13   1.4875E-06   1.4878E-06   0.99979
FLUX 1064  5230.00        5.732170E+13   1.4768E-06   1.4770E-06   0.99987
FLUX 1065  5250.00        5.710333E+13   1.4662E-06   1.4662E-06   0.99994
FLUX 1066  5270.00        5.688662E+13   1.4555E-06   1.4556E-06   0.99993
FLUX 1067  5290.00        5.667155E+13   1.4451E-06   1.4452E-06   0.99997
FLUX 1068  5310.00        5.645810E+13   1.4347E-06   1.4348E-06   0.99993
FLUX 1069  5330.00        5.624625E+13   1.4245E-06   1.4246E-06   0.99994
FLUX 1070  5350.00        5.603598E+13   1.4143E-06   1.4144E-06   0.99991
FLUX 1071  5370.00        5.582728E+13   1.4039E-06   1.4044E-06   0.99966
FLUX 1072  5390.00        5.562013E+13   1.3943E-06   1.3944E-06   0.99989
FLUX 1073  5410.00        5.541451E+13   1.3846E-06   1.3846E-06   0.99998
FLUX 1074  5430.00        5.521041E+13   1.3745E-06   1.3749E-06   0.99972
FLUX 1075  5450.00        5.500780E+13   1.3650E-06   1.3653E-06   0.99982
FLUX 1076  5470.00        5.480667E+13   1.3550E-06   1.3557E-06   0.99942
FLUX 1077  5490.00        5.460701E+13   1.3462E-06   1.3463E-06   0.99987
FLUX 1078  5510.00        5.440880E+13   1.3369E-06   1.3370E-06   0.99994
FLUX 1079  5530.00        5.421203E+13   1.3275E-06   1.3278E-06   0.99982
FLUX 1080  5550.00        5.401667E+13   1.3185E-06   1.3186E-06   0.99990
FLUX 1081  5570.00        5.382271E+13   1.3091E-06   1.3096E-06   0.99962
FLUX 1082  5590.00        5.363014E+13   1.2996E-06   1.3007E-06   0.99916
FLUX 1083  5610.00        5.343895E+13   1.2915E-06   1.2918E-06   0.99979
FLUX 1084  5630.00        5.324911E+13   1.2828E-06   1.2830E-06   0.99983
FLUX 1085  5650.00        5.306062E+13   1.2743E-06   1.2744E-06   0.99994
FLUX 1086  5670.00        5.287346E+13   1.2656E-06   1.2658E-06   0.99989
FLUX 1087  5690.00        5.268761E+13   1.2571E-06   1.2573E-06   0.99989
FLUX 1088  5710.00        5.250306E+13   1.2488E-06   1.2489E-06   0.99998
FLUX 1089  5730.00        5.231981E+13   1.2404E-06   1.2405E-06   0.99990
FLUX 1090  5750.00        5.213783E+13   1.2323E-06   1.2323E-06   0.99998
FLUX 1091  5770.00        5.195711E+13   1.2240E-06   1.2241E-06   0.99989
FLUX 1092  5790.00        5.177763E+13   1.2157E-06   1.2160E-06   0.99973
FLUX 1093  5810.00        5.159940E+13   1.2079E-06   1.2080E-06   0.99990
FLUX 1094  5830.00        5.142238E+13   1.2001E-06   1.2001E-06   0.99998
FLUX 1095  5850.00        5.124658E+13   1.1938E-06   1.1939E-06   0.99990
FLUX 1096  5870.00        5.107198E+13   1.1827E-06   1.1861E-06   0.99710
FLUX 1097  5890.00        5.089856E+13   1.1618E-06   1.1784E-06   0.98592
FLUX 1098  5910.00        5.072631E+13   1.1045E-06   1.1708E-06   0.94341
FLUX 1099  5930.00        5.055523E+13   1.1521E-06   1.1632E-06   0.99044
FLUX 1100  5950.00        5.038529E+13   1.1523E-06   1.1557E-06   0.99708
FLUX 1101  5970.00        5.021650E+13   1.1481E-06   1.1483E-06   0.99987
FLUX 1102  5990.00        5.004883E+13   1.1408E-06   1.1409E-06   0.99983
FLUX 1103  6010.00        4.988228E+13   1.1333E-06   1.1337E-06   0.99969
FLUX 1104  6030.00        4.971683E+13   1.1264E-06   1.1265E-06   0.99997
FLUX 1105  6050.00        4.955248E+13   1.1193E-06   1.1193E-06   0.99998
FLUX 1106  6070.00        4.938921E+13   1.1121E-06   1.1122E-06   0.99988
FLUX 1107  6090.00        4.922701E+13   1.1049E-06   1.1052E-06   0.99971
FLUX 1108  6110.00        4.906588E+13   1.0975E-06   1.0983E-06   0.99924
FLUX 1109  6130.00        4.890579E+13   1.0913E-06   1.0914E-06   0.99991
FLUX 1110  6150.00        4.874675E+13   1.0845E-06   1.0846E-06   0.99990
FLUX 1111  6170.00        4.858874E+13   1.0778E-06   1.0779E-06   0.99997
FLUX 1112  6190.00        4.843174E+13   1.0710E-06   1.0712E-06   0.99987
FLUX 1113  6210.00        4.827576E+13   1.0645E-06   1.0646E-06   0.99997
FLUX 1114  6230.00        4.812079E+13   1.0574E-06   1.0580E-06   0.99940
FLUX 1115  6250.00        4.796680E+13   1.0513E-06   1.0515E-06   0.99977
FLUX 1116  6270.00        4.781380E+13   1.0447E-06   1.0450E-06   0.99964
FLUX 1117  6290.00        4.766176E+13   1.0386E-06   1.0387E-06   0.99992
FLUX 1118  6310.00        4.751070E+13   1.0319E-06   1.0323E-06   0.99955
FLUX 1119  6330.00        4.736058E+13   1.0258E-06   1.0261E-06   0.99973
FLUX 1120  6350.00        4.721142E+13   1.0196E-06   1.0199E-06   0.99976
FLUX 1121  6370.00        4.706319E+13   1.0136E-06   1.0137E-06   0.99989
FLUX 1122  6390.00        4.691588E+13   1.0074E-06   1.0076E-06   0.99983
FLUX 1123  6420.00        4.669665E+13   9.9853E-07   9.9856E-07   0.99997
FLUX 1124  6460.00        4.640751E+13   9.8652E-07   9.8669E-07   0.99983
FLUX 1125  6500.00        4.612192E+13   9.7482E-07   9.7502E-07   0.99979
FLUX 1126  6540.00        4.583983E+13   9.6354E-07   9.6357E-07   0.99997
FLUX 1127  6580.00        4.556117E+13   9.5222E-07   9.5231E-07   0.99991
FLUX 1128  6620.00        4.528588E+13   9.4107E-07   9.4125E-07   0.99981
FLUX 1129  6660.00        4.501389E+13   9.3026E-07   9.3038E-07   0.99987
FLUX 1130  6700.00        4.474515E+13   9.1959E-07   9.1969E-07   0.99989
FLUX 1131  6740.00        4.447960E+13   9.0902E-07   9.0919E-07   0.99981
FLUX 1132  6780.00        4.421718E+13   8.9879E-07   8.9887E-07   0.99991
FLUX 1133  6820.00        4.395784E+13   8.8863E-07   8.8872E-07   0.99990
FLUX 1134  6860.00        4.370153E+13   8.7861E-07   8.7874E-07   0.99985
FLUX 1135  6900.00        4.344819E+13   8.6858E-07   8.6893E-07   0.99959
FLUX 1136  6940.00        4.319777E+13   8.5895E-07   8.5929E-07   0.99961
FLUX 1137  6980.00        4.295021E+13   8.4950E-07   8.4980E-07   0.99965
FLUX 1138  7020.00        4.270548E+13   8.4017E-07   8.4047E-07   0.99964
FLUX 1139  7060.00        4.246353E+13   8.3098E-07   8.3129E-07   0.99963
FLUX 1140  7100.00        4.222430E+13   8.2220E-07   8.2225E-07   0.99993
FLUX 1141  7140.00        4.198775E+13   8.1318E-07   8.1337E-07   0.99977
FLUX 1142  7180.00        4.175383E+13   8.0443E-07   8.0463E-07   0.99976
FLUX 1143  7220.00        4.152251E+13   7.9542E-07   7.9602E-07   0.99924
FLUX 1144  7260.00        4.129373E+13   7.8728E-07   7.8756E-07   0.99965
FLUX 1145  7300.00        4.106747E+13   7.7914E-07   7.7923E-07   0.99989
FLUX 1146  7340.00        4.084366E+13   7.7083E-07   7.7103E-07   0.99975
FLUX 1147  7380.00        4.062229E+13   7.6283E-07   7.6296E-07   0.99983
FLUX 1148  7420.00        4.040330E+13   7.5240E-07   7.5502E-07   0.99653
FLUX 1149  7460.00        4.018666E+13   7.2039E-07   7.4722E-07   0.96410
FLUX 1150  7500.00        3.997233E+13   7.1228E-07   7.3953E-07   0.96315
FLUX 1151  7540.00        3.976028E+13   7.2882E-07   7.3196E-07   0.99572
FLUX 1152  7580.00        3.955046E+13   7.2427E-07   7.2450E-07   0.99968
FLUX 1153  7620.00        3.934285E+13   7.1708E-07   7.1716E-07   0.99989
FLUX 1154  7660.00        3.913740E+13   7.0986E-07   7.0993E-07   0.99990
FLUX 1155  7700.00        3.893409E+13   7.0273E-07   7.0281E-07   0.99989
FLUX 1156  7740.00        3.873288E+13   6.9577E-07   6.9579E-07   0.99997
FLUX 1157  7780.00        3.853374E+13   6.8887E-07   6.8888E-07   0.99998
FLUX 1158  7820.00        3.833664E+13   6.8206E-07   6.8207E-07   0.99999
FLUX 1159  7860.00        3.814154E+13   6.7535E-07   6.7536E-07   0.99999
FLUX 1160  7900.00        3.794842E+13   6.6874E-07   6.6874E-07   0.99999
FLUX 1161  7940.00        3.775724E+13   6.6221E-07   6.6223E-07   0.99998
FLUX 1162  7980.00        3.756798E+13   6.5579E-07   6.5581E-07   0.99997
FLUX 1163  8020.00        3.738061E+13   6.4942E-07   6.4948E-07   0.99991
FLUX 1164  8060.00        3.719510E+13   6.4318E-07   6.4324E-07   0.99991
FLUX 1165  8100.00        3.701142E+13   6.3708E-07   6.3709E-07   0.99998
FLUX 1166  8140.00        3.682955E+13   6.3093E-07   6.3103E-07   0.99984
FLUX 1167  8180.00        3.664945E+13   6.2498E-07   6.2506E-07   0.99988
FLUX 1168  8220.00        3.647111E+13   6.1915E-07   6.1916E-07   0.99998
FLUX 1169  8260.00        3.629449E+13   6.1333E-07   6.1335E-07   0.99997
FLUX 1170  8300.00        3.611958E+13   6.0759E-07   6.0763E-07   0.99994
FLUX 1171  8340.00        3.594634E+13   6.0175E-07   6.0198E-07   0.99962
FLUX 1172  8380.00        3.577476E+13   5.9610E-07   5.9640E-07   0.99950
FLUX 1173  8420.00        3.560481E+13   5.9075E-07   5.9091E-07   0.99972
FLUX 1174  8460.00        3.543647E+13   5.8545E-07   5.8549E-07   0.99993
FLUX 1175  8500.00        3.526971E+13   5.8014E-07   5.8014E-07   0.99999
FLUX 1176  8540.00        3.510451E+13   5.7482E-07   5.7487E-07   0.99992
FLUX 1177  8580.00        3.494085E+13   5.6962E-07   5.6967E-07   0.99991
FLUX 1178  8620.00        3.477871E+13   5.6447E-07   5.6454E-07   0.99988
FLUX 1179  8660.00        3.461807E+13   5.5947E-07   5.5948E-07   0.99999
FLUX 1180  8700.00        3.445891E+13   5.5448E-07   5.5448E-07   0.99999
FLUX 1181  8740.00        3.430120E+13   5.4953E-07   5.4955E-07   0.99995
FLUX 1182  8780.00        3.414493E+13   5.4469E-07   5.4469E-07   0.99999
FLUX 1183  8820.00        3.399008E+13   5.3981E-07   5.3989E-07   0.99985
FLUX 1184  8860.00        3.383663E+13   5.3509E-07   5.3516E-07   0.99988
FLUX 1185  8900.00        3.368455E+13   5.3042E-07   5.3048E-07   0.99989
FLUX 1186  8940.00        3.353384E+13   5.2584E-07   5.2587E-07   0.99995
FLUX 1187  8980.00        3.338447E+13   5.2124E-07   5.2132E-07   0.99985
FLUX 1188  9020.00        3.323642E+13   5.1678E-07   5.1682E-07   0.99991
FLUX 1189  9060.00        3.308968E+13   5.1238E-07   5.1238E-07   0.99998
FLUX 1190  9100.00        3.294423E+13   5.0793E-07   5.0800E-07   0.99986
FLUX 1191  9140.00        3.280005E+13   5.0363E-07   5.0368E-07   0.99990
FLUX 1192  9180.00        3.265714E+13   4.9940E-07   4.9941E-07   0.99998
FLUX 1193  9220.00        3.251546E+13   4.9518E-07   4.9519E-07   0.99998
FLUX 1194  9260.00        3.237500E+13   4.9102E-07   4.9103E-07   0.99998
FLUX 1195  9300.00        3.223575E+13   4.8691E-07   4.8692E-07   0.99998
FLUX 1196  9340.00        3.209770E+13   4.8285E-07   4.8286E-07   0.99997
FLUX 1197  9380.00        3.196082E+13   4.7884E-07   4.7885E-07   0.99998
FLUX 1198  9420.00        3.182511E+13   4.7488E-07   4.7489E-07   0.99998
FLUX 1199  9460.00        3.169054E+13   4.7097E-07   4.7098E-07   0.99997
FLUX 1200  9500.00        3.155711E+13   4.6710E-07   4.6712E-07   0.99995
FLUX 1201  9540.00        3.142479E+13   4.6322E-07   4.6330E-07   0.99982
FLUX 1202  9580.00        3.129358E+13   4.5953E-07   4.5953E-07   0.99999
FLUX 1203  9620.00        3.116346E+13   4.5578E-07   4.5581E-07   0.99993
FLUX 1204  9660.00        3.103442E+13   4.5213E-07   4.5213E-07   0.99999
FLUX 1205  9700.00        3.090644E+13   4.4849E-07   4.4849E-07   0.99999
FLUX 1206  9740.00        3.077952E+13   4.4484E-07   4.4490E-07   0.99986
FLUX 1207  9780.00        3.065363E+13   4.4132E-07   4.4135E-07   0.99992
FLUX 1208  9820.00        3.052877E+13   4.3780E-07   4.3785E-07   0.99990
FLUX 1209  9860.00        3.040492E+13   4.3436E-07   4.3438E-07   0.99995
FLUX 1210  9900.00        3.028207E+13   4.3095E-07   4.3096E-07   0.99999
FLUX 1211  9940.00        3.016021E+13   4.2755E-07   4.2757E-07   0.99995
FLUX 1212  9980.00        3.003933E+13   4.2419E-07   4.2423E-07   0.99990
FLUX 1213 10020.00        2.991941E+13   4.2088E-07   4.2092E-07   0.99990
FLUX 1214 20000.00        1.498963E+13   1.0741E-07   1.0742E-07   0.99999
FLUX 1215 40000.00        7.494813E+12   2.6747E-08   2.6747E-08   1.00000
FLUX 1216 60000.00        4.996542E+12   1.1789E-08   1.1789E-08   1.00000
FLUX 1217 80000.00        3.747406E+12   6.5801E-09   6.5801E-09   1.00000
FLUX 1218100000.00        2.997925E+12   4.1826E-09   4.1826E-09   1.00000
FLUX 1219120000.00        2.498271E+12   2.8873E-09   2.8873E-09   1.00000
FLUX 1220140000.00        2.141375E+12   2.1101E-09   2.1101E-09   1.00000
FLUX 1221160000.00        1.873703E+12   1.6079E-09   1.6079E-09   1.00000
FLUX
