TEFF  22000.  GRAVITY 4.50000 LTE 
TITLE TEST MODEL WITH SDSC OPACITY  VTURB 2 KM/S                                
 OPACITY IFOP
FLUX   45    23.00        1.303446E+16   4.5822E-21   5.6962E-21   0.80444
FLUX   46    23.40        1.281165E+16   1.1228E-20   1.1445E-20   0.98104
FLUX   47    24.00        1.249135E+16   3.1088E-20   3.1242E-20   0.99504
FLUX   48    24.65        1.216197E+16   8.7514E-20   8.7884E-20   0.99579
FLUX   49    25.24        1.187767E+16   2.1480E-19   2.1484E-19   0.99980
FLUX   50    25.68        1.167416E+16   3.9819E-19   4.0769E-19   0.97671
FLUX   51    26.00        1.153048E+16   6.4553E-19   6.4563E-19   0.99985
FLUX   52    26.40        1.135578E+16   1.1186E-18   1.1193E-18   0.99936
FLUX   53    26.85        1.116546E+16   2.0296E-18   2.0306E-18   0.99948
FLUX   54    27.35        1.096133E+16   3.8368E-18   3.8447E-18   0.99794
FLUX   55    27.85        1.076454E+16   7.1488E-18   7.1509E-18   0.99971
FLUX   56    28.40        1.055607E+16   1.3931E-17   1.3933E-17   0.99982
FLUX   57    29.00        1.033767E+16   2.7635E-17   2.7656E-17   0.99923
FLUX   58    29.60        1.012813E+16   5.3131E-17   5.3186E-17   0.99896
FLUX   59    30.10        9.959884E+15   9.0127E-17   9.0390E-17   0.99708
FLUX   60    30.80        9.733523E+15   1.8200E-16   1.8687E-16   0.97390
FLUX   61    31.80        9.427437E+15   4.8828E-16   4.8884E-16   0.99885
FLUX   62    32.80        9.140015E+15   1.1875E-15   1.2089E-15   0.98231
FLUX   63    33.80        8.869601E+15   2.8305E-15   2.8313E-15   0.99971
FLUX   64    34.80        8.614727E+15   6.3308E-15   6.3386E-15   0.99877
FLUX   65    35.70        8.397549E+15   1.3706E-14   1.3973E-14   0.98088
FLUX   66    36.60        8.191052E+15   2.6767E-14   2.6884E-14   0.99564
FLUX   67    37.50        7.994467E+15   4.8909E-14   4.9732E-14   0.98345
FLUX   68    38.50        7.786818E+15   9.4261E-14   9.5476E-14   0.98727
FLUX   69    39.50        7.589684E+15   1.7563E-13   1.7787E-13   0.98740
FLUX   70    40.50        7.402284E+15   3.1560E-13   3.2059E-13   0.98445
FLUX   71    41.40        7.241365E+15   5.2861E-13   5.3287E-13   0.99201
FLUX   72    42.20        7.104088E+15   8.0844E-13   8.2808E-13   0.97628
FLUX   73    43.00        6.971919E+15   1.2290E-12   1.2563E-12   0.97829
FLUX   74    44.10        6.798016E+15   2.1413E-12   2.1781E-12   0.98314
FLUX   75    45.10        6.647284E+15   3.4653E-12   3.5098E-12   0.98734
FLUX   76    46.00        6.517228E+15   5.2189E-12   5.2994E-12   0.98481
FLUX   77    47.00        6.378564E+15   8.1434E-12   8.2343E-12   0.98897
FLUX   78    48.00        6.245677E+15   1.2422E-11   1.2557E-11   0.98927
FLUX   79    49.00        6.118214E+15   1.8759E-11   1.8862E-11   0.99456
FLUX   80    50.00        5.995850E+15   2.7747E-11   2.7820E-11   0.99740
FLUX   81    50.60        5.924753E+15   6.6882E-10   1.3128E-09   0.50948
FLUX   82    51.20        5.855322E+15   4.1864E-09   5.7102E-09   0.73314
FLUX   83    52.00        5.765240E+15   5.3008E-09   7.0257E-09   0.75449
FLUX   84    53.00        5.656462E+15   7.3903E-09   9.0262E-09   0.81876
FLUX   85    54.00        5.551713E+15   8.5127E-09   1.1493E-08   0.74070
FLUX   86    55.00        5.450773E+15   1.3266E-08   1.4513E-08   0.91409
FLUX   87    56.00        5.353438E+15   1.6368E-08   1.8174E-08   0.90063
FLUX   88    57.00        5.259518E+15   2.1633E-08   2.2581E-08   0.95800
FLUX   89    58.00        5.168836E+15   2.2423E-08   2.8251E-08   0.79371
FLUX   90    59.00        5.081229E+15   3.1441E-08   3.4557E-08   0.90984
FLUX   91    60.00        4.996542E+15   3.9523E-08   4.1985E-08   0.94137
FLUX   92    61.00        4.914631E+15   5.0105E-08   5.0680E-08   0.98866
FLUX   93    62.00        4.835363E+15   5.8959E-08   6.0800E-08   0.96972
FLUX   94    63.00        4.758611E+15   7.0997E-08   7.2510E-08   0.97913
FLUX   95    64.00        4.684258E+15   7.9241E-08   8.6015E-08   0.92125
FLUX   96    65.00        4.612192E+15   9.6559E-08   1.0149E-07   0.95143
FLUX   97    65.80        4.556117E+15   1.1359E-07   1.1542E-07   0.98414
FLUX   98    66.50        4.508158E+15   1.2436E-07   1.2882E-07   0.96532
FLUX   99    67.50        4.441370E+15   1.3823E-07   1.5011E-07   0.92081
FLUX  100    68.50        4.376533E+15   1.5807E-07   1.7411E-07   0.90787
FLUX  101    69.50        4.313561E+15   1.9622E-07   2.0105E-07   0.97599
FLUX  102    70.50        4.252376E+15   2.1912E-07   2.3117E-07   0.94786
FLUX  103    71.60        4.187046E+15   2.5724E-07   2.6827E-07   0.95887
FLUX  104    72.60        4.129373E+15   2.8868E-07   3.0589E-07   0.94374
FLUX  105    73.50        4.078810E+15   3.1851E-07   3.4315E-07   0.92817
FLUX  106    74.50        4.024060E+15   3.7401E-07   3.8860E-07   0.96245
FLUX  107    75.50        3.970762E+15   4.2480E-07   4.3854E-07   0.96866
FLUX  108    76.50        3.918856E+15   4.8077E-07   4.9335E-07   0.97451
FLUX  109    77.50        3.868290E+15   5.4377E-07   5.5310E-07   0.98313
FLUX  110    78.50        3.819013E+15   6.0961E-07   6.1817E-07   0.98615
FLUX  111    79.50        3.770975E+15   6.6552E-07   6.8884E-07   0.96614
FLUX  112    80.50        3.724130E+15   7.3536E-07   7.6537E-07   0.96078
FLUX  113    81.50        3.678436E+15   8.0323E-07   8.4803E-07   0.94717
FLUX  114    82.50        3.633848E+15   9.0671E-07   9.3714E-07   0.96753
FLUX  115    83.50        3.590329E+15   9.1572E-07   1.0330E-06   0.88647
FLUX  116    84.50        3.547840E+15   1.0574E-06   1.1358E-06   0.93097
FLUX  117    85.50        3.506345E+15   1.1520E-06   1.2459E-06   0.92467
FLUX  118    86.50        3.465809E+15   1.2753E-06   1.3634E-06   0.93538
FLUX  119    87.50        3.426200E+15   1.4141E-06   1.4886E-06   0.94993
FLUX  120    88.50        3.387486E+15   1.5743E-06   1.6219E-06   0.97062
FLUX  121    89.50        3.349637E+15   1.7131E-06   1.7634E-06   0.97147
FLUX  122    90.50        3.312624E+15   1.7776E-06   1.9133E-06   0.92903
FLUX  123    91.50        3.276421E+15   2.5965E-06   8.6832E-04   0.00299
FLUX  124    92.50        3.241000E+15   1.1601E-05   8.6216E-04   0.01346
FLUX  125    93.50        3.206337E+15   3.4430E-05   8.5600E-04   0.04022
FLUX  126    94.50        3.172407E+15   1.1835E-04   8.4981E-04   0.13926
FLUX  127    95.50        3.139188E+15   2.2807E-04   8.4362E-04   0.27034
FLUX  128    96.50        3.106658E+15   3.0450E-04   8.3750E-04   0.36358
FLUX  129    97.50        3.074795E+15   4.1333E-05   8.3149E-04   0.04971
FLUX  130    98.50        3.043579E+15   3.2605E-04   8.2551E-04   0.39497
FLUX  131    99.50        3.012990E+15   3.1847E-04   8.1955E-04   0.38859
FLUX  132   100.50        2.983010E+15   4.3965E-04   8.1362E-04   0.54036
FLUX  133   101.50        2.953621E+15   3.9948E-04   8.0772E-04   0.49458
FLUX  134   102.50        2.924805E+15   9.5460E-05   8.0372E-04   0.11877
FLUX  135   103.50        2.896546E+15   2.8192E-04   7.9788E-04   0.35333
FLUX  136   104.50        2.868828E+15   5.6507E-04   7.9209E-04   0.71340
FLUX  137   105.50        2.841635E+15   5.4127E-04   7.8635E-04   0.68834
FLUX  138   106.50        2.814953E+15   4.3047E-04   7.8068E-04   0.55140
FLUX  139   107.50        2.788767E+15   5.2128E-04   7.7508E-04   0.67255
FLUX  140   108.50        2.763065E+15   4.2230E-04   7.6954E-04   0.54878
FLUX  141   109.50        2.737831E+15   5.4400E-04   7.6405E-04   0.71200
FLUX  142   110.50        2.713054E+15   4.9437E-04   7.6526E-04   0.64602
FLUX  143   111.50        2.688722E+15   4.7255E-04   7.5980E-04   0.62194
FLUX  144   112.50        2.664822E+15   4.1669E-04   7.5438E-04   0.55236
FLUX  145   113.50        2.641344E+15   5.3459E-04   7.4949E-04   0.71327
FLUX  146   114.50        2.618275E+15   4.7396E-04   7.4419E-04   0.63688
FLUX  147   115.50        2.595606E+15   5.0956E-04   7.3895E-04   0.68957
FLUX  148   116.50        2.573326E+15   5.2406E-04   7.3376E-04   0.71421
FLUX  149   117.50        2.551426E+15   3.5739E-04   7.2895E-04   0.49028
FLUX  150   118.50        2.529895E+15   5.3303E-04   7.2389E-04   0.73635
FLUX  151   119.50        2.508724E+15   4.3236E-04   7.1889E-04   0.60143
FLUX  152   120.50        2.487905E+15   2.9549E-04   7.1395E-04   0.41388
FLUX  153   121.50        2.467428E+15   1.3447E-04   7.0907E-04   0.18964
FLUX  154   122.50        2.447286E+15   3.7890E-04   7.0496E-04   0.53747
FLUX  155   123.50        2.427470E+15   5.3402E-04   7.0021E-04   0.76265
FLUX  156   124.50        2.407972E+15   5.5391E-04   6.9668E-04   0.79507
FLUX  157   125.50        2.388785E+15   5.3138E-04   6.9203E-04   0.76786
FLUX  158   126.50        2.369901E+15   4.9493E-04   6.8743E-04   0.71997
FLUX  159   127.50        2.351314E+15   5.6661E-04   6.8289E-04   0.82973
FLUX  160   128.50        2.333016E+15   5.7171E-04   6.7841E-04   0.84272
FLUX  161   129.50        2.315000E+15   4.4738E-04   6.7398E-04   0.66379
FLUX  162   130.50        2.297261E+15   4.7338E-04   6.6960E-04   0.70695
FLUX  163   131.50        2.279791E+15   5.6873E-04   6.6529E-04   0.85485
FLUX  164   132.50        2.262585E+15   5.2886E-04   6.6108E-04   0.79999
FLUX  165   133.50        2.245637E+15   4.8922E-04   6.5692E-04   0.74473
FLUX  166   134.50        2.228941E+15   5.4378E-04   6.5280E-04   0.83300
FLUX  167   135.50        2.212491E+15   5.3606E-04   6.4874E-04   0.82632
FLUX  168   136.50        2.196282E+15   4.8829E-04   6.4472E-04   0.75737
FLUX  169   137.50        2.180309E+15   4.9454E-04   6.4076E-04   0.77181
FLUX  170   138.50        2.164567E+15   5.0241E-04   6.3685E-04   0.78890
FLUX  171   139.50        2.149050E+15   4.1871E-04   6.3299E-04   0.66148
FLUX  172   140.50        2.133754E+15   4.4558E-04   6.2918E-04   0.70819
FLUX  173   141.50        2.118675E+15   4.6677E-04   6.2542E-04   0.74633
FLUX  174   142.50        2.103807E+15   4.7215E-04   6.2175E-04   0.75940
FLUX  175   143.50        2.089146E+15   4.8309E-04   6.1808E-04   0.78159
FLUX  176   144.20        2.079005E+15   5.0030E-04   6.1554E-04   0.81278
FLUX  177   144.70        2.071821E+15   4.9329E-04   6.1381E-04   0.80366
FLUX  178   145.50        2.060430E+15   4.8577E-04   6.1094E-04   0.79511
FLUX  179   146.50        2.046365E+15   4.5008E-04   6.0740E-04   0.74099
FLUX  180   147.50        2.032492E+15   4.5893E-04   6.0389E-04   0.75995
FLUX  181   148.50        2.018805E+15   4.5491E-04   6.0043E-04   0.75765
FLUX  182   149.50        2.005301E+15   4.5663E-04   5.9700E-04   0.76488
FLUX  183   150.50        1.991977E+15   4.1956E-04   5.9361E-04   0.70680
FLUX  184   151.20        1.982755E+15   3.7323E-04   5.9126E-04   0.63125
FLUX  185   151.70        1.976220E+15   3.9082E-04   5.8959E-04   0.66287
FLUX  186   152.50        1.965852E+15   4.0822E-04   5.8695E-04   0.69550
FLUX  187   153.50        1.953046E+15   3.5612E-04   5.8367E-04   0.61013
FLUX  188   154.50        1.940405E+15   3.6382E-04   5.8044E-04   0.62679
FLUX  189   155.50        1.927926E+15   3.5491E-04   5.7724E-04   0.61484
FLUX  190   156.50        1.915607E+15   3.7830E-04   5.7407E-04   0.65898
FLUX  191   157.50        1.903444E+15   4.0507E-04   5.7093E-04   0.70949
FLUX  192   158.50        1.891435E+15   4.1035E-04   5.6783E-04   0.72265
FLUX  193   159.50        1.879577E+15   4.1510E-04   5.6476E-04   0.73500
FLUX  194   160.50        1.867866E+15   4.2513E-04   5.6172E-04   0.75682
FLUX  195   161.50        1.856300E+15   4.2550E-04   5.5872E-04   0.76158
FLUX  196   162.50        1.844877E+15   4.1585E-04   5.5574E-04   0.74829
FLUX  197   163.50        1.833593E+15   4.4343E-04   5.5280E-04   0.80216
FLUX  198   164.50        1.822447E+15   4.4438E-04   5.4988E-04   0.80813
FLUX  199   165.50        1.811435E+15   4.3292E-04   5.4700E-04   0.79143
FLUX  200   166.50        1.800556E+15   4.6065E-04   5.4417E-04   0.84652
FLUX  201   167.20        1.793017E+15   4.4521E-04   5.4220E-04   0.82111
FLUX  202   167.70        1.787671E+15   4.6485E-04   5.4081E-04   0.85955
FLUX  203   168.50        1.779184E+15   4.6895E-04   5.3859E-04   0.87070
FLUX  204   169.50        1.768687E+15   4.4910E-04   5.3584E-04   0.83813
FLUX  205   170.50        1.758314E+15   4.3458E-04   5.3311E-04   0.81517
FLUX  206   171.50        1.748061E+15   4.1518E-04   5.3041E-04   0.78276
FLUX  207   172.50        1.737928E+15   4.1314E-04   5.2774E-04   0.78285
FLUX  208   173.50        1.727911E+15   4.3778E-04   5.2509E-04   0.83372
FLUX  209   174.50        1.718009E+15   4.2492E-04   5.2246E-04   0.81330
FLUX  210   175.50        1.708219E+15   4.4151E-04   5.1985E-04   0.84930
FLUX  211   176.50        1.698541E+15   4.2252E-04   5.1727E-04   0.81682
FLUX  212   177.50        1.688972E+15   4.1671E-04   5.1471E-04   0.80959
FLUX  213   178.50        1.679510E+15   4.2683E-04   5.1218E-04   0.83336
FLUX  214   179.50        1.670153E+15   4.4690E-04   5.0967E-04   0.87684
FLUX  215   180.50        1.660900E+15   4.5294E-04   5.0718E-04   0.89306
FLUX  216   181.50        1.651749E+15   4.0887E-04   5.0471E-04   0.81012
FLUX  217   182.50        1.642699E+15   4.3206E-04   5.0227E-04   0.86022
FLUX  218   183.50        1.633747E+15   4.1614E-04   4.9987E-04   0.83250
FLUX  219   184.50        1.624892E+15   3.8428E-04   4.9749E-04   0.77244
FLUX  220   185.50        1.616132E+15   3.8256E-04   4.9514E-04   0.77263
FLUX  221   186.50        1.607466E+15   3.9293E-04   4.9281E-04   0.79732
FLUX  222   187.50        1.598893E+15   4.2556E-04   4.9050E-04   0.86760
FLUX  223   188.50        1.590411E+15   3.8232E-04   4.8821E-04   0.78309
FLUX  224   189.50        1.582018E+15   3.5887E-04   4.8594E-04   0.73851
FLUX  225   190.50        1.573714E+15   3.9541E-04   4.8369E-04   0.81749
FLUX  226   191.50        1.565496E+15   3.7197E-04   4.8152E-04   0.77250
FLUX  227   192.50        1.557364E+15   3.6167E-04   4.7930E-04   0.75457
FLUX  228   193.50        1.549315E+15   3.8461E-04   4.7711E-04   0.80613
FLUX  229   194.50        1.541350E+15   3.9649E-04   4.7493E-04   0.83484
FLUX  230   195.50        1.533465E+15   3.6463E-04   4.7277E-04   0.77126
FLUX  231   196.70        1.524110E+15   3.9981E-04   4.7027E-04   0.85017
FLUX  232   197.60        1.517169E+15   4.1920E-04   4.6841E-04   0.89495
FLUX  233   198.40        1.511051E+15   3.8989E-04   4.6678E-04   0.83528
FLUX  234   199.50        1.502719E+15   3.8628E-04   4.6454E-04   0.83154
FLUX  235   200.50        1.495224E+15   4.0220E-04   4.6251E-04   0.86960
FLUX  236   201.50        1.487804E+15   3.9648E-04   4.6050E-04   0.86098
FLUX  237   202.50        1.480457E+15   4.1825E-04   4.5850E-04   0.91221
FLUX  238   203.50        1.473182E+15   3.8559E-04   4.5652E-04   0.84463
FLUX  239   204.50        1.465978E+15   3.9572E-04   4.5456E-04   0.87057
FLUX  240   205.50        1.458844E+15   3.8801E-04   4.5261E-04   0.85726
FLUX  241   206.50        1.451780E+15   3.9468E-04   4.5067E-04   0.87577
FLUX  242   207.40        1.445480E+15   4.1582E-04   4.4894E-04   0.92622
FLUX  243   207.80        1.442697E+15   3.7971E-04   4.4817E-04   0.84725
FLUX  244   208.50        1.437854E+15   4.0017E-04   4.4684E-04   0.89557
FLUX  245   209.50        1.430990E+15   3.8067E-04   4.4494E-04   0.85557
FLUX  246   210.50        1.424192E+15   3.9627E-04   4.4306E-04   0.89440
FLUX  247   211.50        1.417459E+15   3.9872E-04   4.4119E-04   0.90374
FLUX  248   212.50        1.410788E+15   4.0765E-04   4.3933E-04   0.92788
FLUX  249   213.50        1.404180E+15   4.0031E-04   4.3749E-04   0.91501
FLUX  250   214.50        1.397634E+15   3.8621E-04   4.3566E-04   0.88648
FLUX  251   215.50        1.391148E+15   4.0465E-04   4.3385E-04   0.93269
FLUX  252   216.50        1.384723E+15   4.0360E-04   4.3205E-04   0.93415
FLUX  253   217.50        1.378356E+15   4.0170E-04   4.3026E-04   0.93362
FLUX  254   218.50        1.372048E+15   3.9330E-04   4.2848E-04   0.91788
FLUX  255   219.50        1.365797E+15   4.0330E-04   4.2672E-04   0.94511
FLUX  256   220.50        1.359603E+15   3.9949E-04   4.2497E-04   0.94006
FLUX  257   221.50        1.353465E+15   3.9523E-04   4.2323E-04   0.93384
FLUX  258   222.50        1.347382E+15   3.8572E-04   4.2150E-04   0.91511
FLUX  259   223.50        1.341353E+15   3.9151E-04   4.1978E-04   0.93266
FLUX  260   224.50        1.335379E+15   3.9414E-04   4.1808E-04   0.94274
FLUX  261   225.50        1.329457E+15   3.8397E-04   4.1639E-04   0.92216
FLUX  262   226.50        1.323587E+15   3.9323E-04   4.1470E-04   0.94821
FLUX  263   227.50        1.317769E+15   3.9252E-04   4.1303E-04   0.95033
FLUX  264   228.50        1.312002E+15   3.9639E-04   4.1137E-04   0.96358
FLUX  265   229.50        1.306285E+15   3.8069E-04   4.0972E-04   0.92914
FLUX  266   230.50        1.300618E+15   3.8758E-04   4.0809E-04   0.94976
FLUX  267   231.50        1.295000E+15   3.7789E-04   4.0646E-04   0.92971
FLUX  268   232.50        1.289430E+15   3.2138E-04   4.0485E-04   0.79384
FLUX  269   233.50        1.283908E+15   3.6453E-04   4.0324E-04   0.90399
FLUX  270   234.50        1.278433E+15   3.6579E-04   4.0165E-04   0.91073
FLUX  271   235.50        1.273004E+15   3.7041E-04   4.0007E-04   0.92588
FLUX  272   236.50        1.267622E+15   3.6471E-04   3.9849E-04   0.91522
FLUX  273   237.50        1.262284E+15   3.6528E-04   3.9693E-04   0.92025
FLUX  274   238.50        1.256992E+15   3.6171E-04   3.9538E-04   0.91484
FLUX  275   239.50        1.251743E+15   3.6849E-04   3.9385E-04   0.93563
FLUX  276   240.50        1.246538E+15   3.5921E-04   3.9232E-04   0.91562
FLUX  277   241.50        1.241377E+15   3.6209E-04   3.9080E-04   0.92653
FLUX  278   242.50        1.236258E+15   3.6617E-04   3.8929E-04   0.94061
FLUX  279   243.50        1.231181E+15   3.5575E-04   3.8779E-04   0.91738
FLUX  280   244.50        1.226145E+15   3.6231E-04   3.8630E-04   0.93791
FLUX  281   245.50        1.221151E+15   3.6456E-04   3.8482E-04   0.94737
FLUX  282   246.50        1.216197E+15   3.5923E-04   3.8334E-04   0.93709
FLUX  283   247.50        1.211283E+15   3.5668E-04   3.8188E-04   0.93399
FLUX  284   248.50        1.206408E+15   3.6047E-04   3.8043E-04   0.94754
FLUX  285   249.50        1.201573E+15   3.4569E-04   3.7899E-04   0.91213
FLUX  286   250.50        1.196776E+15   3.5891E-04   3.7756E-04   0.95061
FLUX  287   251.30        1.192967E+15   3.4304E-04   3.7642E-04   0.91133
FLUX  288   251.80        1.190598E+15   3.5703E-04   3.7571E-04   0.95030
FLUX  289   252.50        1.187297E+15   3.4903E-04   3.7472E-04   0.93145
FLUX  290   253.50        1.182613E+15   3.4680E-04   3.7332E-04   0.92897
FLUX  291   254.50        1.177967E+15   3.4194E-04   3.7194E-04   0.91936
FLUX  292   255.50        1.173356E+15   3.5051E-04   3.7056E-04   0.94590
FLUX  293   256.50        1.168782E+15   3.4861E-04   3.6919E-04   0.94425
FLUX  294   257.50        1.164243E+15   3.5290E-04   3.6783E-04   0.95943
FLUX  295   258.50        1.159739E+15   3.5388E-04   3.6647E-04   0.96563
FLUX  296   259.50        1.155270E+15   3.5268E-04   3.6513E-04   0.96592
FLUX  297   260.50        1.150835E+15   3.4887E-04   3.6730E-04   0.94983
FLUX  298   261.50        1.146434E+15   3.4824E-04   3.6592E-04   0.95168
FLUX  299   262.50        1.142067E+15   3.4770E-04   3.6455E-04   0.95377
FLUX  300   263.50        1.137732E+15   3.4765E-04   3.6319E-04   0.95719
FLUX  301   264.50        1.133431E+15   3.5317E-04   3.6184E-04   0.97604
FLUX  302   265.50        1.129162E+15   3.5389E-04   3.6050E-04   0.98166
FLUX  303   266.50        1.124925E+15   3.4500E-04   3.5916E-04   0.96057
FLUX  304   267.50        1.120720E+15   3.4962E-04   3.5784E-04   0.97705
FLUX  305   268.50        1.116546E+15   3.4963E-04   3.5652E-04   0.98068
FLUX  306   269.50        1.112403E+15   3.4268E-04   3.5521E-04   0.96474
FLUX  307   270.50        1.108290E+15   3.4275E-04   3.5391E-04   0.96849
FLUX  308   271.50        1.104208E+15   3.4119E-04   3.5261E-04   0.96761
FLUX  309   272.50        1.100156E+15   3.3898E-04   3.5133E-04   0.96486
FLUX  310   273.50        1.096133E+15   3.4299E-04   3.5005E-04   0.97982
FLUX  311   274.50        1.092140E+15   3.3186E-04   3.4878E-04   0.95148
FLUX  312   275.50        1.088176E+15   3.3334E-04   3.4752E-04   0.95920
FLUX  313   276.50        1.084241E+15   3.3422E-04   3.4627E-04   0.96522
FLUX  314   277.50        1.080333E+15   3.3992E-04   3.4502E-04   0.98522
FLUX  315   278.50        1.076454E+15   3.3725E-04   3.4378E-04   0.98100
FLUX  316   279.50        1.072603E+15   3.2231E-04   3.4255E-04   0.94093
FLUX  317   280.50        1.068779E+15   3.3086E-04   3.4132E-04   0.96935
FLUX  318   281.50        1.064982E+15   3.3656E-04   3.4011E-04   0.98958
FLUX  319   282.50        1.061212E+15   3.3330E-04   3.3890E-04   0.98348
FLUX  320   283.50        1.057469E+15   3.2133E-04   3.3769E-04   0.95155
FLUX  321   284.50        1.053752E+15   3.2761E-04   3.3650E-04   0.97357
FLUX  322   285.50        1.050061E+15   3.2804E-04   3.3531E-04   0.97832
FLUX  323   286.50        1.046396E+15   3.3130E-04   3.3413E-04   0.99154
FLUX  324   287.50        1.042757E+15   3.2877E-04   3.3296E-04   0.98742
FLUX  325   288.50        1.039142E+15   3.2787E-04   3.3179E-04   0.98820
FLUX  326   289.50        1.035553E+15   3.2683E-04   3.3063E-04   0.98851
FLUX  327   291.00        1.030215E+15   3.2524E-04   3.2890E-04   0.98887
FLUX  328   293.00        1.023183E+15   3.2266E-04   3.2661E-04   0.98788
FLUX  329   295.00        1.016246E+15   3.1815E-04   3.2436E-04   0.98086
FLUX  330   297.00        1.009402E+15   3.1909E-04   3.2212E-04   0.99059
FLUX  331   299.00        1.002651E+15   3.1604E-04   3.1991E-04   0.98789
FLUX  332   301.00        9.959884E+14   3.1332E-04   3.1773E-04   0.98613
FLUX  333   303.00        9.894142E+14   3.1449E-04   3.1557E-04   0.99657
FLUX  334   305.00        9.829262E+14   3.1218E-04   3.1344E-04   0.99599
FLUX  335   307.00        9.765228E+14   3.1020E-04   3.1133E-04   0.99639
FLUX  336   309.00        9.702023E+14   3.0654E-04   3.0924E-04   0.99127
FLUX  337   311.00        9.639630E+14   3.0568E-04   3.0717E-04   0.99512
FLUX  338   313.00        9.578035E+14   3.0409E-04   3.0557E-04   0.99515
FLUX  339   315.00        9.517222E+14   3.0215E-04   3.0354E-04   0.99542
FLUX  340   317.00        9.457177E+14   2.9897E-04   3.0154E-04   0.99149
FLUX  341   319.00        9.397884E+14   2.9485E-04   2.9956E-04   0.98430
FLUX  342   321.00        9.339330E+14   2.9613E-04   2.9760E-04   0.99505
FLUX  343   323.00        9.281502E+14   2.9440E-04   2.9566E-04   0.99572
FLUX  344   325.00        9.224385E+14   2.9271E-04   2.9374E-04   0.99646
FLUX  345   327.00        9.167966E+14   2.9087E-04   2.9185E-04   0.99667
FLUX  346   329.00        9.112234E+14   2.8875E-04   2.8997E-04   0.99581
FLUX  347   331.00        9.057175E+14   2.8766E-04   2.8810E-04   0.99844
FLUX  348   333.00        9.002778E+14   2.8561E-04   2.8626E-04   0.99772
FLUX  349   335.00        8.949030E+14   2.8332E-04   2.8444E-04   0.99606
FLUX  350   337.00        8.895920E+14   2.8200E-04   2.8263E-04   0.99775
FLUX  351   339.00        8.843437E+14   2.8051E-04   2.8085E-04   0.99880
FLUX  352   341.00        8.791569E+14   2.7884E-04   2.7908E-04   0.99915
FLUX  353   343.00        8.740306E+14   2.7578E-04   2.7958E-04   0.98644
FLUX  354   345.00        8.689638E+14   2.7390E-04   2.7780E-04   0.98597
FLUX  355   347.00        8.639553E+14   2.7317E-04   2.7604E-04   0.98960
FLUX  356   349.00        8.590043E+14   2.7158E-04   2.7429E-04   0.99011
FLUX  357   351.00        8.541097E+14   2.7063E-04   2.7257E-04   0.99288
FLUX  358   353.00        8.492705E+14   2.6922E-04   2.7086E-04   0.99393
FLUX  359   355.00        8.444859E+14   2.6764E-04   2.6917E-04   0.99432
FLUX  360   357.00        8.397549E+14   2.6707E-04   2.6750E-04   0.99839
FLUX  361   359.00        8.350766E+14   2.6315E-04   2.6584E-04   0.98986
FLUX  362   361.00        8.304501E+14   2.6178E-04   2.6420E-04   0.99084
FLUX  363   363.00        8.258747E+14   2.6056E-04   2.6258E-04   0.99230
FLUX  364   364.00        8.236058E+14   2.6175E-04   2.6178E-04   0.99990
FLUX  365   365.00        8.213493E+14   2.6069E-04   3.7130E-04   0.70211
FLUX  366   367.00        8.168733E+14   2.6011E-04   3.6833E-04   0.70619
FLUX  367   369.00        8.124458E+14   2.5204E-04   3.7049E-04   0.68029
FLUX  368   371.00        8.080660E+14   2.4190E-04   3.6755E-04   0.65813
FLUX  369   373.00        8.037332E+14   2.3675E-04   3.6465E-04   0.64926
FLUX  370   375.00        7.994467E+14   2.5488E-04   3.6178E-04   0.70452
FLUX  371   377.00        7.952056E+14   2.5722E-04   3.5895E-04   0.71659
FLUX  372   379.00        7.910092E+14   2.7711E-04   3.5614E-04   0.77808
FLUX  373   381.00        7.868570E+14   2.9755E-04   3.5338E-04   0.84202
FLUX  374   383.00        7.827480E+14   2.6074E-04   3.5064E-04   0.74361
FLUX  375   385.00        7.786818E+14   3.1140E-04   3.4794E-04   0.89500
FLUX  376   387.00        7.746576E+14   3.2067E-04   3.4527E-04   0.92875
FLUX  377   389.00        7.706748E+14   2.4804E-04   3.4263E-04   0.72392
FLUX  378   391.00        7.667327E+14   3.2533E-04   3.4002E-04   0.95680
FLUX  379   393.00        7.628308E+14   3.2131E-04   3.3744E-04   0.95219
FLUX  380   395.00        7.589684E+14   3.2107E-04   3.3489E-04   0.95874
FLUX  381   397.00        7.551448E+14   2.4067E-04   3.3237E-04   0.72411
FLUX  382   399.00        7.513596E+14   3.1322E-04   3.2988E-04   0.94947
FLUX  383   401.00        7.476122E+14   3.1992E-04   3.2742E-04   0.97709
FLUX  384   403.00        7.439020E+14   3.0795E-04   3.2499E-04   0.94756
FLUX  385   405.00        7.402284E+14   3.1826E-04   3.2258E-04   0.98659
FLUX  386   407.00        7.365909E+14   3.0942E-04   3.2020E-04   0.96634
FLUX  387   409.00        7.329890E+14   2.8196E-04   3.1785E-04   0.88708
FLUX  388   411.00        7.294221E+14   2.4648E-04   3.1553E-04   0.78116
FLUX  389   413.00        7.258898E+14   2.9901E-04   3.1323E-04   0.95458
FLUX  390   415.00        7.223916E+14   3.0228E-04   3.1096E-04   0.97207
FLUX  391   417.00        7.189269E+14   3.0383E-04   3.0872E-04   0.98415
FLUX  392   419.00        7.154952E+14   3.0389E-04   3.0650E-04   0.99148
FLUX  393   421.00        7.120962E+14   3.0319E-04   3.0431E-04   0.99635
FLUX  394   423.00        7.087293E+14   2.9994E-04   3.0213E-04   0.99275
FLUX  395   425.00        7.053941E+14   2.9668E-04   2.9999E-04   0.98897
FLUX  396   427.00        7.020902E+14   2.8845E-04   2.9786E-04   0.96839
FLUX  397   429.00        6.988170E+14   2.9143E-04   2.9576E-04   0.98536
FLUX  398   431.00        6.955742E+14   2.8563E-04   2.9368E-04   0.97259
FLUX  399   433.00        6.923614E+14   2.5404E-04   2.9162E-04   0.87113
FLUX  400   435.00        6.891782E+14   2.3237E-04   2.8958E-04   0.80244
FLUX  401   437.00        6.860240E+14   2.7816E-04   2.8757E-04   0.96729
FLUX  402   439.00        6.828986E+14   2.7729E-04   2.8557E-04   0.97100
FLUX  403   441.00        6.798016E+14   2.7976E-04   2.8360E-04   0.98644
FLUX  404   443.00        6.767325E+14   2.7759E-04   2.8165E-04   0.98557
FLUX  405   445.00        6.736910E+14   2.7772E-04   2.7972E-04   0.99284
FLUX  406   447.00        6.706767E+14   2.6276E-04   2.7781E-04   0.94584
FLUX  407   449.00        6.676893E+14   2.7221E-04   2.7591E-04   0.98657
FLUX  408   451.00        6.647284E+14   2.7317E-04   2.7404E-04   0.99681
FLUX  409   453.00        6.617936E+14   2.7048E-04   2.7219E-04   0.99372
FLUX  410   455.00        6.588846E+14   2.6902E-04   2.7036E-04   0.99504
FLUX  411   457.00        6.560011E+14   2.6723E-04   2.6854E-04   0.99511
FLUX  412   459.00        6.531427E+14   2.6537E-04   2.6675E-04   0.99484
FLUX  413   461.00        6.503091E+14   2.6240E-04   2.6497E-04   0.99031
FLUX  414   463.00        6.475000E+14   2.6037E-04   2.6321E-04   0.98922
FLUX  415   465.00        6.447151E+14   2.5767E-04   2.6147E-04   0.98547
FLUX  416   467.00        6.419540E+14   2.5785E-04   2.5975E-04   0.99269
FLUX  417   469.00        6.392164E+14   2.5738E-04   2.5804E-04   0.99745
FLUX  418   471.00        6.365021E+14   2.4976E-04   2.5635E-04   0.97430
FLUX  419   473.00        6.338108E+14   2.5160E-04   2.5468E-04   0.98792
FLUX  420   475.00        6.311421E+14   2.5000E-04   2.5302E-04   0.98807
FLUX  421   477.00        6.284958E+14   2.5123E-04   2.5138E-04   0.99941
FLUX  422   479.00        6.258716E+14   2.4880E-04   2.4976E-04   0.99614
FLUX  423   481.00        6.232692E+14   2.4538E-04   2.4815E-04   0.98881
FLUX  424   483.00        6.206884E+14   2.4222E-04   2.4656E-04   0.98241
FLUX  425   485.00        6.181289E+14   2.2005E-04   2.4499E-04   0.89821
FLUX  426   487.00        6.155903E+14   1.9629E-04   2.4343E-04   0.80635
FLUX  427   489.00        6.130726E+14   2.3688E-04   2.4188E-04   0.97931
FLUX  428   491.00        6.105754E+14   2.3832E-04   2.4035E-04   0.99155
FLUX  429   493.00        6.080984E+14   2.3124E-04   2.3884E-04   0.96820
FLUX  430   495.00        6.056414E+14   2.3637E-04   2.3734E-04   0.99592
FLUX  431   497.00        6.032042E+14   2.3562E-04   2.3585E-04   0.99904
FLUX  432   499.00        6.007866E+14   2.3375E-04   2.3438E-04   0.99733
FLUX  433   501.00        5.983882E+14   2.2583E-04   2.3292E-04   0.96957
FLUX  434   503.00        5.960089E+14   2.3029E-04   2.3147E-04   0.99490
FLUX  435   505.00        5.936485E+14   2.2548E-04   2.3004E-04   0.98020
FLUX  436   507.00        5.913067E+14   2.2803E-04   2.2862E-04   0.99739
FLUX  437   509.00        5.889833E+14   2.2653E-04   2.2722E-04   0.99697
FLUX  438   511.00        5.866781E+14   2.2462E-04   2.2582E-04   0.99468
FLUX  439   513.00        5.843908E+14   2.2184E-04   2.2445E-04   0.98838
FLUX  440   515.00        5.821214E+14   2.2062E-04   2.2308E-04   0.98899
FLUX  441   517.00        5.798694E+14   2.2102E-04   2.2173E-04   0.99683
FLUX  442   519.00        5.776349E+14   2.1970E-04   2.2039E-04   0.99691
FLUX  443   521.00        5.754175E+14   2.1702E-04   2.1906E-04   0.99070
FLUX  444   523.00        5.732170E+14   2.1701E-04   2.1774E-04   0.99663
FLUX  445   525.00        5.710333E+14   2.1585E-04   2.1644E-04   0.99730
FLUX  446   527.00        5.688662E+14   2.1425E-04   2.1515E-04   0.99585
FLUX  447   529.00        5.667155E+14   2.1346E-04   2.1387E-04   0.99812
FLUX  448   531.00        5.645810E+14   2.1199E-04   2.1260E-04   0.99716
FLUX  449   533.00        5.624625E+14   2.1064E-04   2.1134E-04   0.99667
FLUX  450   535.00        5.603598E+14   2.0892E-04   2.1010E-04   0.99442
FLUX  451   537.00        5.582728E+14   2.0854E-04   2.0886E-04   0.99846
FLUX  452   539.00        5.562013E+14   2.0727E-04   2.0764E-04   0.99821
FLUX  453   541.00        5.541451E+14   2.0603E-04   2.0643E-04   0.99808
FLUX  454   543.00        5.521041E+14   2.0433E-04   2.0522E-04   0.99566
FLUX  455   545.00        5.500780E+14   2.0327E-04   2.0403E-04   0.99626
FLUX  456   547.00        5.480667E+14   2.0210E-04   2.0285E-04   0.99627
FLUX  457   549.00        5.460701E+14   2.0120E-04   2.0168E-04   0.99762
FLUX  458   551.00        5.440880E+14   2.0013E-04   2.0052E-04   0.99801
FLUX  459   553.00        5.421203E+14   1.9889E-04   1.9938E-04   0.99756
FLUX  460   555.00        5.401667E+14   1.9800E-04   1.9824E-04   0.99882
FLUX  461   557.00        5.382271E+14   1.9676E-04   1.9711E-04   0.99826
FLUX  462   559.00        5.363014E+14   1.9580E-04   1.9599E-04   0.99903
FLUX  463   561.00        5.343895E+14   1.9453E-04   1.9488E-04   0.99819
FLUX  464   563.00        5.324911E+14   1.9369E-04   1.9378E-04   0.99955
FLUX  465   565.00        5.306062E+14   1.9132E-04   1.9269E-04   0.99292
FLUX  466   567.00        5.287346E+14   1.8997E-04   1.9161E-04   0.99144
FLUX  467   569.00        5.268761E+14   1.8914E-04   1.9054E-04   0.99270
FLUX  468   571.00        5.250306E+14   1.8890E-04   1.8947E-04   0.99696
FLUX  469   573.00        5.231981E+14   1.8800E-04   1.8842E-04   0.99780
FLUX  470   575.00        5.213783E+14   1.8684E-04   1.8737E-04   0.99714
FLUX  471   577.00        5.195711E+14   1.8619E-04   1.8634E-04   0.99921
FLUX  472   579.00        5.177763E+14   1.8512E-04   1.8531E-04   0.99901
FLUX  473   581.00        5.159940E+14   1.8408E-04   1.8429E-04   0.99884
FLUX  474   583.00        5.142238E+14   1.8293E-04   1.8328E-04   0.99809
FLUX  475   585.00        5.124658E+14   1.8206E-04   1.8228E-04   0.99882
FLUX  476   587.00        5.107198E+14   1.7465E-04   1.8128E-04   0.96343
FLUX  477   589.00        5.089856E+14   1.7866E-04   1.8030E-04   0.99090
FLUX  478   591.00        5.072631E+14   1.7887E-04   1.7932E-04   0.99749
FLUX  479   593.00        5.055523E+14   1.7782E-04   1.7835E-04   0.99702
FLUX  480   595.00        5.038529E+14   1.7648E-04   1.7739E-04   0.99489
FLUX  481   597.00        5.021650E+14   1.7630E-04   1.7643E-04   0.99921
FLUX  482   599.00        5.004883E+14   1.7486E-04   1.7549E-04   0.99641
FLUX  483   601.00        4.988228E+14   1.7444E-04   1.7455E-04   0.99937
FLUX  484   603.00        4.971683E+14   1.7340E-04   1.7362E-04   0.99871
FLUX  485   605.00        4.955248E+14   1.7253E-04   1.7270E-04   0.99903
FLUX  486   607.00        4.938921E+14   1.7167E-04   1.7178E-04   0.99932
FLUX  487   609.00        4.922701E+14   1.7071E-04   1.7088E-04   0.99900
FLUX  488   611.00        4.906588E+14   1.6987E-04   1.6998E-04   0.99935
FLUX  489   613.00        4.890579E+14   1.6904E-04   1.6909E-04   0.99974
FLUX  490   615.00        4.874675E+14   1.6735E-04   1.6820E-04   0.99492
FLUX  491   617.00        4.858874E+14   1.6706E-04   1.6732E-04   0.99846
FLUX  492   619.00        4.843174E+14   1.6636E-04   1.6645E-04   0.99948
FLUX  493   621.00        4.827576E+14   1.6553E-04   1.6559E-04   0.99966
FLUX  494   623.00        4.812079E+14   1.6465E-04   1.6473E-04   0.99953
FLUX  495   625.00        4.796680E+14   1.6344E-04   1.6388E-04   0.99735
FLUX  496   627.00        4.781380E+14   1.6285E-04   1.6303E-04   0.99888
FLUX  497   629.00        4.766176E+14   1.6208E-04   1.6220E-04   0.99926
FLUX  498   631.00        4.751070E+14   1.6112E-04   1.6137E-04   0.99850
FLUX  499   633.00        4.736058E+14   1.6046E-04   1.6054E-04   0.99947
FLUX  500   635.00        4.721142E+14   1.5864E-04   1.5972E-04   0.99322
FLUX  501   637.00        4.706319E+14   1.5825E-04   1.5891E-04   0.99585
FLUX  502   639.00        4.691588E+14   1.5791E-04   1.5811E-04   0.99876
FLUX  503   641.00        4.676950E+14   1.5702E-04   1.5731E-04   0.99820
FLUX  504   643.00        4.662403E+14   1.5650E-04   1.5651E-04   0.99989
FLUX  505   645.00        4.647946E+14   1.5558E-04   1.5573E-04   0.99908
FLUX  506   647.00        4.633578E+14   1.5447E-04   1.5495E-04   0.99692
FLUX  507   649.00        4.619299E+14   1.5377E-04   1.5417E-04   0.99741
FLUX  508   651.00        4.605108E+14   1.5275E-04   1.5340E-04   0.99575
FLUX  509   653.00        4.591003E+14   1.5116E-04   1.5264E-04   0.99030
FLUX  510   655.00        4.576985E+14   1.4315E-04   1.5188E-04   0.94253
FLUX  511   657.00        4.563052E+14   1.2610E-04   1.5113E-04   0.83438
FLUX  512   659.00        4.549203E+14   1.4624E-04   1.5038E-04   0.97243
FLUX  513   661.00        4.535439E+14   1.4880E-04   1.4964E-04   0.99439
FLUX  514   663.00        4.521757E+14   1.4868E-04   1.4891E-04   0.99845
FLUX  515   665.00        4.508158E+14   1.4816E-04   1.4830E-04   0.99904
FLUX  516   667.00        4.494640E+14   1.4577E-04   1.4758E-04   0.98776
FLUX  517   669.00        4.481203E+14   1.4506E-04   1.4686E-04   0.98774
FLUX  518   671.00        4.467846E+14   1.4604E-04   1.4614E-04   0.99931
FLUX  519   673.00        4.454569E+14   1.4521E-04   1.4543E-04   0.99844
FLUX  520   675.00        4.441370E+14   1.4463E-04   1.4473E-04   0.99930
FLUX  521   677.00        4.428250E+14   1.4400E-04   1.4403E-04   0.99982
FLUX  522   679.00        4.415206E+14   1.4239E-04   1.4334E-04   0.99337
FLUX  523   681.00        4.402239E+14   1.4243E-04   1.4265E-04   0.99850
FLUX  524   683.00        4.389348E+14   1.4182E-04   1.4196E-04   0.99898
FLUX  525   685.00        4.376533E+14   1.4122E-04   1.4128E-04   0.99955
FLUX  526   687.00        4.363792E+14   1.4057E-04   1.4061E-04   0.99971
FLUX  527   689.00        4.351125E+14   1.3985E-04   1.3994E-04   0.99934
FLUX  528   691.00        4.338531E+14   1.3920E-04   1.3928E-04   0.99945
FLUX  529   693.00        4.326010E+14   1.3844E-04   1.3862E-04   0.99870
FLUX  530   695.00        4.313561E+14   1.3792E-04   1.3796E-04   0.99973
FLUX  531   697.00        4.301184E+14   1.3730E-04   1.3731E-04   0.99990
FLUX  532   699.00        4.288877E+14   1.3661E-04   1.3667E-04   0.99960
FLUX  533   701.00        4.276641E+14   1.3596E-04   1.3603E-04   0.99950
FLUX  534   703.00        4.264474E+14   1.3533E-04   1.3539E-04   0.99952
FLUX  535   705.00        4.252376E+14   1.3462E-04   1.3476E-04   0.99901
FLUX  536   707.00        4.240347E+14   1.3176E-04   1.3413E-04   0.98230
FLUX  537   709.00        4.228385E+14   1.3350E-04   1.3351E-04   0.99990
FLUX  538   711.00        4.216491E+14   1.3235E-04   1.3289E-04   0.99595
FLUX  539   713.00        4.204663E+14   1.3181E-04   1.3228E-04   0.99651
FLUX  540   715.00        4.192902E+14   1.3157E-04   1.3167E-04   0.99927
FLUX  541   717.00        4.181206E+14   1.3099E-04   1.3106E-04   0.99949
FLUX  542   719.00        4.169576E+14   1.3045E-04   1.3046E-04   0.99990
FLUX  543   721.00        4.158010E+14   1.2985E-04   1.2986E-04   0.99991
FLUX  544   723.00        4.146508E+14   1.2761E-04   1.2927E-04   0.98712
FLUX  545   725.00        4.135069E+14   1.2858E-04   1.2868E-04   0.99922
FLUX  546   727.00        4.123693E+14   1.2808E-04   1.2810E-04   0.99987
FLUX  547   729.00        4.112380E+14   1.2631E-04   1.2752E-04   0.99055
FLUX  548   731.00        4.101129E+14   1.2689E-04   1.2694E-04   0.99964
FLUX  549   733.00        4.089939E+14   1.2634E-04   1.2637E-04   0.99980
FLUX  550   735.00        4.078810E+14   1.2580E-04   1.2580E-04   0.99998
FLUX  551   737.00        4.067741E+14   1.2523E-04   1.2524E-04   0.99998
FLUX  552   739.00        4.056732E+14   1.2467E-04   1.2467E-04   0.99997
FLUX  553   741.00        4.045783E+14   1.2412E-04   1.2412E-04   0.99998
FLUX  554   743.00        4.034892E+14   1.2344E-04   1.2356E-04   0.99903
FLUX  555   745.00        4.024060E+14   1.2298E-04   1.2304E-04   0.99957
FLUX  556   747.00        4.013286E+14   1.2228E-04   1.2249E-04   0.99827
FLUX  557   749.00        4.002570E+14   1.2186E-04   1.2195E-04   0.99930
FLUX  558   751.00        3.991911E+14   1.2129E-04   1.2141E-04   0.99904
FLUX  559   753.00        3.981308E+14   1.2078E-04   1.2087E-04   0.99925
FLUX  560   755.00        3.970762E+14   1.2031E-04   1.2034E-04   0.99975
FLUX  561   757.00        3.960271E+14   1.1979E-04   1.1982E-04   0.99978
FLUX  562   759.00        3.949835E+14   1.1924E-04   1.1929E-04   0.99958
FLUX  563   761.00        3.939455E+14   1.1873E-04   1.1877E-04   0.99966
FLUX  564   763.00        3.929128E+14   1.1822E-04   1.1825E-04   0.99973
FLUX  565   765.00        3.918856E+14   1.1771E-04   1.1774E-04   0.99976
FLUX  566   767.00        3.908638E+14   1.1722E-04   1.1723E-04   0.99990
FLUX  567   769.00        3.898472E+14   1.1669E-04   1.1672E-04   0.99970
FLUX  568   771.00        3.888359E+14   1.1618E-04   1.1622E-04   0.99971
FLUX  569   773.00        3.878299E+14   1.1569E-04   1.1572E-04   0.99976
FLUX  570   775.00        3.868290E+14   1.1518E-04   1.1522E-04   0.99967
FLUX  571   777.00        3.858333E+14   1.1389E-04   1.1472E-04   0.99269
FLUX  572   779.00        3.848427E+14   1.1422E-04   1.1423E-04   0.99991
FLUX  573   781.00        3.838572E+14   1.1363E-04   1.1374E-04   0.99901
FLUX  574   783.00        3.828768E+14   1.1326E-04   1.1326E-04   0.99998
FLUX  575   785.00        3.819013E+14   1.1263E-04   1.1293E-04   0.99736
FLUX  576   787.00        3.809307E+14   1.1198E-04   1.1245E-04   0.99581
FLUX  577   789.00        3.799651E+14   1.1134E-04   1.1197E-04   0.99433
FLUX  578   791.00        3.790044E+14   1.1123E-04   1.1150E-04   0.99761
FLUX  579   793.00        3.780485E+14   1.1074E-04   1.1103E-04   0.99745
FLUX  580   795.00        3.770975E+14   1.1010E-04   1.1056E-04   0.99584
FLUX  581   797.00        3.761512E+14   1.0979E-04   1.1009E-04   0.99726
FLUX  582   799.00        3.752096E+14   1.0914E-04   1.0963E-04   0.99550
FLUX  583   801.00        3.742728E+14   1.0886E-04   1.0917E-04   0.99715
FLUX  584   803.00        3.733406E+14   1.0852E-04   1.0872E-04   0.99819
FLUX  585   805.00        3.724130E+14   1.0808E-04   1.0826E-04   0.99832
FLUX  586   807.00        3.714901E+14   1.0774E-04   1.0781E-04   0.99928
FLUX  587   809.00        3.705717E+14   1.0705E-04   1.0737E-04   0.99710
FLUX  588   811.00        3.696578E+14   1.0660E-04   1.0692E-04   0.99702
FLUX  589   813.00        3.687485E+14   1.0640E-04   1.0648E-04   0.99928
FLUX  590   815.00        3.678436E+14   1.0576E-04   1.0604E-04   0.99730
FLUX  591   817.00        3.669431E+14   1.0555E-04   1.0561E-04   0.99952
FLUX  592   819.00        3.660470E+14   1.0497E-04   1.0517E-04   0.99812
FLUX  593   821.00        3.651553E+14   1.0391E-04   1.1140E-04   0.93274
FLUX  594   823.00        3.642679E+14   1.0361E-04   1.1093E-04   0.93402
FLUX  595   825.00        3.633848E+14   1.0357E-04   1.1046E-04   0.93764
FLUX  596   827.00        3.625060E+14   1.0269E-04   1.1007E-04   0.93296
FLUX  597   829.00        3.616315E+14   1.0272E-04   1.0961E-04   0.93718
FLUX  598   831.00        3.607611E+14   1.0236E-04   1.0915E-04   0.93778
FLUX  599   833.00        3.598950E+14   1.0192E-04   1.0869E-04   0.93768
FLUX  600   835.00        3.590329E+14   1.0128E-04   1.0824E-04   0.93574
FLUX  601   837.00        3.581750E+14   1.0067E-04   1.0778E-04   0.93399
FLUX  602   839.00        3.573212E+14   1.0061E-04   1.0734E-04   0.93730
FLUX  603   841.00        3.564715E+14   1.0016E-04   1.0689E-04   0.93703
FLUX  604   843.00        3.556257E+14   9.8999E-05   1.0645E-04   0.93002
FLUX  605   845.00        3.547840E+14   9.7772E-05   1.0601E-04   0.92231
FLUX  606   847.00        3.539463E+14   9.8045E-05   1.0557E-04   0.92872
FLUX  607   849.00        3.531125E+14   9.7314E-05   1.0514E-04   0.92560
FLUX  608   851.00        3.522826E+14   9.6604E-05   1.0470E-04   0.92263
FLUX  609   853.00        3.514566E+14   9.6869E-05   1.0428E-04   0.92898
FLUX  610   855.00        3.506345E+14   9.4462E-05   1.0385E-04   0.90961
FLUX  611   857.00        3.498162E+14   9.7737E-05   1.0342E-04   0.94501
FLUX  612   859.00        3.490017E+14   9.3434E-05   1.0300E-04   0.90710
FLUX  613   861.00        3.481911E+14   9.3503E-05   1.0258E-04   0.91147
FLUX  614   863.00        3.473841E+14   9.7909E-05   1.0217E-04   0.95831
FLUX  615   865.00        3.465809E+14   9.4602E-05   1.0175E-04   0.92971
FLUX  616   867.00        3.457814E+14   8.8958E-05   1.0134E-04   0.87779
FLUX  617   869.00        3.449856E+14   9.6179E-05   1.0093E-04   0.95289
FLUX  618   871.00        3.441935E+14   9.7986E-05   1.0053E-04   0.97471
FLUX  619   873.00        3.434049E+14   9.4550E-05   1.0012E-04   0.94433
FLUX  620   875.00        3.426200E+14   8.5894E-05   9.9723E-05   0.86133
FLUX  621   877.00        3.418387E+14   9.2068E-05   9.9325E-05   0.92694
FLUX  622   879.00        3.410609E+14   9.6729E-05   9.8928E-05   0.97777
FLUX  623   881.00        3.402866E+14   9.6943E-05   9.8534E-05   0.98385
FLUX  624   883.00        3.395159E+14   9.5633E-05   9.8142E-05   0.97443
FLUX  625   885.00        3.387486E+14   8.9072E-05   9.7753E-05   0.91119
FLUX  626   887.00        3.379848E+14   8.3070E-05   9.7366E-05   0.85317
FLUX  627   889.00        3.372244E+14   9.2958E-05   9.6981E-05   0.95852
FLUX  628   891.00        3.364675E+14   9.5056E-05   9.6599E-05   0.98403
FLUX  629   893.00        3.357139E+14   9.5124E-05   9.6219E-05   0.98862
FLUX  630   895.00        3.349637E+14   9.5115E-05   9.5841E-05   0.99242
FLUX  631   897.00        3.342168E+14   9.4284E-05   9.5466E-05   0.98762
FLUX  632   899.00        3.334733E+14   9.0784E-05   9.5092E-05   0.95470
FLUX  633   901.00        3.327331E+14   8.0894E-05   9.4721E-05   0.85402
FLUX  634   903.00        3.319961E+14   8.4961E-05   9.4352E-05   0.90047
FLUX  635   905.00        3.312624E+14   9.1610E-05   9.3985E-05   0.97473
FLUX  636   907.00        3.305320E+14   9.1791E-05   9.3621E-05   0.98046
FLUX  637   909.00        3.298047E+14   9.2334E-05   9.3258E-05   0.99010
FLUX  638   911.00        3.290807E+14   9.2477E-05   9.2898E-05   0.99547
FLUX  639   913.00        3.283598E+14   9.2212E-05   9.2539E-05   0.99646
FLUX  640   915.00        3.276421E+14   9.1815E-05   9.2183E-05   0.99601
FLUX  641   917.00        3.269275E+14   9.0930E-05   9.1829E-05   0.99021
FLUX  642   919.00        3.262160E+14   8.9992E-05   9.1477E-05   0.98377
FLUX  643   921.00        3.255076E+14   8.5412E-05   9.1127E-05   0.93728
FLUX  644   923.00        3.248023E+14   7.5232E-05   9.0779E-05   0.82874
FLUX  645   925.00        3.241000E+14   8.4326E-05   9.0433E-05   0.93248
FLUX  646   927.00        3.234008E+14   8.7750E-05   9.0089E-05   0.97404
FLUX  647   929.00        3.227045E+14   8.9089E-05   8.9747E-05   0.99267
FLUX  648   931.00        3.220113E+14   8.8670E-05   8.9407E-05   0.99176
FLUX  649   933.00        3.213210E+14   8.8773E-05   8.9069E-05   0.99668
FLUX  650   935.00        3.206337E+14   8.8591E-05   8.8732E-05   0.99841
FLUX  651   937.00        3.199493E+14   8.8350E-05   8.8398E-05   0.99945
FLUX  652   939.00        3.192678E+14   8.7991E-05   8.8066E-05   0.99915
FLUX  653   941.00        3.185893E+14   8.7317E-05   8.7735E-05   0.99524
FLUX  654   943.00        3.179136E+14   8.7353E-05   8.7407E-05   0.99939
FLUX  655   945.00        3.172407E+14   8.6904E-05   8.7080E-05   0.99798
FLUX  656   947.00        3.165707E+14   8.5876E-05   8.6755E-05   0.98987
FLUX  657   949.00        3.159036E+14   8.5788E-05   8.6432E-05   0.99254
FLUX  658   951.00        3.152392E+14   8.3841E-05   8.6111E-05   0.97364
FLUX  659   953.00        3.145776E+14   7.9358E-05   8.5792E-05   0.92501
FLUX  660   955.00        3.139188E+14   7.0927E-05   8.5474E-05   0.82981
FLUX  661   957.00        3.132628E+14   8.0661E-05   8.5158E-05   0.94719
FLUX  662   959.00        3.126095E+14   8.3576E-05   8.4844E-05   0.98505
FLUX  663   961.00        3.119589E+14   8.3759E-05   8.4532E-05   0.99085
FLUX  664   963.00        3.113110E+14   8.3230E-05   8.4221E-05   0.98823
FLUX  665   965.00        3.106658E+14   8.3874E-05   8.3913E-05   0.99954
FLUX  666   967.00        3.100233E+14   8.3540E-05   8.3606E-05   0.99922
FLUX  667   969.00        3.093834E+14   8.3176E-05   8.3300E-05   0.99851
FLUX  668   971.00        3.087461E+14   8.2666E-05   8.2996E-05   0.99602
FLUX  669   973.00        3.081115E+14   8.2686E-05   8.2694E-05   0.99990
FLUX  670   975.00        3.074795E+14   8.2361E-05   8.2394E-05   0.99960
FLUX  671   977.00        3.068501E+14   8.2092E-05   8.2095E-05   0.99997
FLUX  672   979.00        3.062232E+14   8.1788E-05   8.1798E-05   0.99988
FLUX  673   981.00        3.055989E+14   8.1476E-05   8.1502E-05   0.99968
FLUX  674   983.00        3.049771E+14   8.1168E-05   8.1208E-05   0.99950
FLUX  675   985.00        3.043579E+14   8.0900E-05   8.0916E-05   0.99980
FLUX  676   987.00        3.037411E+14   8.0575E-05   8.0625E-05   0.99938
FLUX  677   989.00        3.031269E+14   8.0230E-05   8.0336E-05   0.99868
FLUX  678   991.00        3.025151E+14   7.9573E-05   8.0048E-05   0.99407
FLUX  679   993.00        3.019058E+14   7.9740E-05   7.9762E-05   0.99973
FLUX  680   995.00        3.012990E+14   7.9361E-05   7.9477E-05   0.99854
FLUX  681   997.00        3.006946E+14   7.8887E-05   7.9194E-05   0.99612
FLUX  682   999.00        3.000926E+14   7.8408E-05   7.8913E-05   0.99360
FLUX  683  1002.50        2.990449E+14   7.3881E-05   7.8423E-05   0.94208
FLUX  684  1007.50        2.975608E+14   7.1977E-05   7.7733E-05   0.92596
FLUX  685  1012.50        2.960914E+14   7.6379E-05   7.7051E-05   0.99129
FLUX  686  1017.50        2.946364E+14   7.6317E-05   7.6378E-05   0.99920
FLUX  687  1022.50        2.931956E+14   7.5660E-05   7.5714E-05   0.99928
FLUX  688  1027.50        2.917689E+14   7.5048E-05   7.5059E-05   0.99986
FLUX  689  1032.50        2.903559E+14   7.4060E-05   7.4412E-05   0.99526
FLUX  690  1037.50        2.889566E+14   7.3766E-05   7.3774E-05   0.99989
FLUX  691  1042.50        2.875707E+14   7.3140E-05   7.3144E-05   0.99994
FLUX  692  1047.50        2.861981E+14   7.2512E-05   7.2522E-05   0.99986
FLUX  693  1052.50        2.848385E+14   7.1878E-05   7.1908E-05   0.99958
FLUX  694  1057.50        2.834917E+14   7.1286E-05   7.1302E-05   0.99977
FLUX  695  1062.50        2.821576E+14   7.0698E-05   7.0704E-05   0.99992
FLUX  696  1067.50        2.808361E+14   6.9890E-05   7.0113E-05   0.99683
FLUX  697  1072.50        2.795268E+14   6.9513E-05   6.9529E-05   0.99978
FLUX  698  1077.50        2.782297E+14   6.8932E-05   6.8953E-05   0.99970
FLUX  699  1082.50        2.769446E+14   6.7483E-05   6.8384E-05   0.98683
FLUX  700  1087.50        2.756713E+14   6.7319E-05   6.7822E-05   0.99258
FLUX  701  1092.50        2.744096E+14   6.0769E-05   6.7267E-05   0.90339
FLUX  702  1097.50        2.731595E+14   6.4378E-05   6.6719E-05   0.96490
FLUX  703  1102.50        2.719206E+14   6.5595E-05   6.6178E-05   0.99119
FLUX  704  1107.50        2.706930E+14   6.5616E-05   6.5643E-05   0.99958
FLUX  705  1112.50        2.694764E+14   6.5110E-05   6.5115E-05   0.99992
FLUX  706  1117.50        2.682707E+14   6.4585E-05   6.4593E-05   0.99987
FLUX  707  1122.50        2.670757E+14   6.4026E-05   6.4078E-05   0.99919
FLUX  708  1127.50        2.658914E+14   6.3404E-05   6.3569E-05   0.99742
FLUX  709  1132.50        2.647174E+14   6.2945E-05   6.3065E-05   0.99809
FLUX  710  1137.50        2.635538E+14   6.2562E-05   6.2568E-05   0.99989
FLUX  711  1142.50        2.624004E+14   6.2041E-05   6.2077E-05   0.99941
FLUX  712  1147.50        2.612571E+14   6.1590E-05   6.1592E-05   0.99997
FLUX  713  1152.50        2.601236E+14   6.1107E-05   6.1112E-05   0.99992
FLUX  714  1157.50        2.590000E+14   6.0605E-05   6.0637E-05   0.99947
FLUX  715  1162.50        2.578860E+14   6.0133E-05   6.0169E-05   0.99941
FLUX  716  1167.50        2.567816E+14   5.9680E-05   5.9705E-05   0.99957
FLUX  717  1172.50        2.556866E+14   5.9236E-05   5.9247E-05   0.99981
FLUX  718  1177.50        2.546008E+14   5.8726E-05   5.8795E-05   0.99883
FLUX  719  1182.50        2.535243E+14   5.8341E-05   5.8347E-05   0.99989
FLUX  720  1187.50        2.524568E+14   5.7891E-05   5.7905E-05   0.99977
FLUX  721  1192.50        2.513983E+14   5.7466E-05   5.7467E-05   0.99998
FLUX  722  1197.50        2.503486E+14   5.6627E-05   5.7035E-05   0.99285
FLUX  723  1202.50        2.493077E+14   5.6606E-05   5.6607E-05   0.99998
FLUX  724  1207.50        2.482754E+14   5.6183E-05   5.6185E-05   0.99997
FLUX  725  1212.50        2.472515E+14   5.5763E-05   5.5767E-05   0.99993
FLUX  726  1217.50        2.462361E+14   5.5350E-05   5.5353E-05   0.99994
FLUX  727  1222.50        2.452290E+14   5.4943E-05   5.4945E-05   0.99997
FLUX  728  1227.50        2.442301E+14   5.4536E-05   5.4541E-05   0.99991
FLUX  729  1232.50        2.432394E+14   5.4135E-05   5.4141E-05   0.99990
FLUX  730  1237.50        2.422566E+14   5.3741E-05   5.3746E-05   0.99991
FLUX  731  1242.50        2.412817E+14   5.3354E-05   5.3355E-05   0.99999
FLUX  732  1247.50        2.403146E+14   5.2920E-05   5.2968E-05   0.99909
FLUX  733  1252.50        2.393553E+14   5.2455E-05   5.2585E-05   0.99751
FLUX  734  1257.50        2.384036E+14   5.2178E-05   5.2207E-05   0.99944
FLUX  735  1262.50        2.374594E+14   5.1820E-05   5.1833E-05   0.99976
FLUX  736  1267.50        2.365227E+14   5.1457E-05   5.1463E-05   0.99989
FLUX  737  1272.50        2.355933E+14   5.0951E-05   5.1097E-05   0.99715
FLUX  738  1277.50        2.346712E+14   4.9466E-05   5.0734E-05   0.97500
FLUX  739  1282.50        2.337563E+14   4.5623E-05   5.0376E-05   0.90565
FLUX  740  1287.50        2.328485E+14   4.9402E-05   5.0021E-05   0.98762
FLUX  741  1292.50        2.319478E+14   4.9574E-05   4.9670E-05   0.99805
FLUX  742  1297.50        2.310539E+14   4.9037E-05   4.9323E-05   0.99419
FLUX  743  1302.50        2.301670E+14   4.8978E-05   4.8980E-05   0.99997
FLUX  744  1307.50        2.292868E+14   4.8639E-05   4.8640E-05   0.99999
FLUX  745  1312.50        2.284133E+14   4.8304E-05   4.8304E-05   1.00000
FLUX  746  1317.50        2.275465E+14   4.7952E-05   4.7971E-05   0.99961
FLUX  747  1322.50        2.266862E+14   4.7641E-05   4.7642E-05   0.99999
FLUX  748  1327.50        2.258324E+14   4.7315E-05   4.7316E-05   0.99999
FLUX  749  1332.50        2.249850E+14   4.6991E-05   4.6993E-05   0.99997
FLUX  750  1337.50        2.241439E+14   4.6673E-05   4.6674E-05   0.99998
FLUX  751  1342.50        2.233091E+14   4.6307E-05   4.6357E-05   0.99892
FLUX  752  1347.50        2.224805E+14   4.6041E-05   4.6045E-05   0.99992
FLUX  753  1352.50        2.216580E+14   4.5729E-05   4.5735E-05   0.99987
FLUX  754  1357.50        2.208416E+14   4.5425E-05   4.5428E-05   0.99993
FLUX  755  1362.50        2.200312E+14   4.5119E-05   4.5124E-05   0.99987
FLUX  756  1367.50        2.192267E+14   4.4817E-05   4.4824E-05   0.99985
FLUX  757  1372.50        2.184281E+14   4.4520E-05   4.4526E-05   0.99986
FLUX  758  1377.50        2.176352E+14   4.4231E-05   4.4232E-05   0.99999
FLUX  759  1382.50        2.168481E+14   4.3940E-05   4.3940E-05   0.99999
FLUX  760  1387.50        2.160667E+14   4.3650E-05   4.3651E-05   0.99998
FLUX  761  1392.50        2.152908E+14   4.3342E-05   4.3365E-05   0.99947
FLUX  762  1397.50        2.145206E+14   4.3070E-05   4.3082E-05   0.99971
FLUX  763  1402.50        2.137558E+14   4.2801E-05   4.2802E-05   0.99998
FLUX  764  1407.50        2.129964E+14   4.2523E-05   4.2524E-05   0.99997
FLUX  765  1412.50        2.122425E+14   4.2246E-05   4.2249E-05   0.99993
FLUX  766  1417.50        2.114938E+14   4.1976E-05   4.1977E-05   0.99998
FLUX  767  1422.50        2.107504E+14   4.1707E-05   4.1707E-05   0.99999
FLUX  768  1427.50        2.100123E+14   4.1440E-05   4.1440E-05   0.99999
FLUX  769  1432.50        2.092792E+14   4.1175E-05   4.1176E-05   0.99997
FLUX  770  1437.50        2.085513E+14   4.0911E-05   4.0914E-05   0.99994
FLUX  771  1442.50        2.078284E+14   4.0642E-05   4.0655E-05   0.99970
FLUX  772  1447.50        2.071105E+14   4.0391E-05   4.0398E-05   0.99985
FLUX  773  1452.50        2.063976E+14   4.0137E-05   4.0143E-05   0.99986
FLUX  774  1457.00        2.057601E+14   3.9916E-05   3.9916E-05   0.99999
FLUX  775  1462.00        2.050564E+14   3.9920E-05   4.0292E-05   0.99078
FLUX  776  1467.50        2.042879E+14   4.0013E-05   4.0014E-05   0.99998
FLUX  777  1472.50        2.035942E+14   3.9754E-05   3.9763E-05   0.99976
FLUX  778  1477.50        2.029052E+14   3.9394E-05   3.9515E-05   0.99695
FLUX  779  1482.50        2.022209E+14   3.9074E-05   3.9269E-05   0.99504
FLUX  780  1487.50        2.015412E+14   3.8738E-05   3.9025E-05   0.99263
FLUX  781  1492.50        2.008660E+14   3.8427E-05   3.8784E-05   0.99079
FLUX  782  1497.50        2.001953E+14   3.8110E-05   3.8545E-05   0.98871
FLUX  783  1502.50        1.995291E+14   3.7843E-05   3.8308E-05   0.98785
FLUX  784  1507.50        1.988673E+14   3.7441E-05   3.8073E-05   0.98340
FLUX  785  1512.50        1.982099E+14   3.7248E-05   3.7841E-05   0.98432
FLUX  786  1517.50        1.975568E+14   3.6992E-05   3.7610E-05   0.98357
FLUX  787  1522.50        1.969080E+14   3.6688E-05   3.7382E-05   0.98143
FLUX  788  1527.50        1.962635E+14   3.6437E-05   3.7156E-05   0.98066
FLUX  789  1532.50        1.956232E+14   3.6158E-05   3.6932E-05   0.97906
FLUX  790  1537.50        1.949870E+14   3.6015E-05   3.6709E-05   0.98109
FLUX  791  1542.50        1.943549E+14   3.5649E-05   3.6489E-05   0.97698
FLUX  792  1547.50        1.937270E+14   3.5578E-05   3.6271E-05   0.98089
FLUX  793  1552.50        1.931031E+14   3.5303E-05   3.6055E-05   0.97915
FLUX  794  1557.50        1.924831E+14   3.4929E-05   3.5840E-05   0.97458
FLUX  795  1562.50        1.918672E+14   3.5132E-05   3.5628E-05   0.98609
FLUX  796  1567.50        1.912552E+14   3.4553E-05   3.5417E-05   0.97561
FLUX  797  1572.50        1.906471E+14   3.4224E-05   3.5209E-05   0.97202
FLUX  798  1577.50        1.900428E+14   3.4626E-05   3.5002E-05   0.98926
FLUX  799  1582.50        1.894423E+14   3.4330E-05   3.4797E-05   0.98659
FLUX  800  1587.50        1.888457E+14   3.3237E-05   3.4594E-05   0.96078
FLUX  801  1592.50        1.882527E+14   3.3716E-05   3.4392E-05   0.98034
FLUX  802  1597.50        1.876635E+14   3.4018E-05   3.4192E-05   0.99489
FLUX  803  1605.00        1.867866E+14   3.3392E-05   3.3896E-05   0.98514
FLUX  804  1615.00        1.856300E+14   3.2509E-05   3.3507E-05   0.97020
FLUX  805  1625.00        1.844877E+14   3.3002E-05   3.3125E-05   0.99630
FLUX  806  1635.00        1.833593E+14   3.2168E-05   3.2749E-05   0.98228
FLUX  807  1645.00        1.822447E+14   3.1280E-05   3.2379E-05   0.96606
FLUX  808  1655.00        1.811435E+14   3.1949E-05   3.2016E-05   0.99791
FLUX  809  1665.00        1.800556E+14   3.1620E-05   3.1659E-05   0.99877
FLUX  810  1675.00        1.789806E+14   3.0695E-05   3.1307E-05   0.98044
FLUX  811  1685.00        1.779184E+14   2.9772E-05   3.0962E-05   0.96156
FLUX  812  1695.00        1.768687E+14   3.0558E-05   3.0622E-05   0.99791
FLUX  813  1705.00        1.758314E+14   3.0113E-05   3.0288E-05   0.99420
FLUX  814  1715.00        1.748061E+14   2.9950E-05   2.9960E-05   0.99966
FLUX  815  1725.00        1.737928E+14   2.9528E-05   2.9636E-05   0.99634
FLUX  816  1735.00        1.727911E+14   2.7797E-05   2.9318E-05   0.94812
FLUX  817  1745.00        1.718009E+14   2.8726E-05   2.9005E-05   0.99038
FLUX  818  1755.00        1.708219E+14   2.8689E-05   2.8697E-05   0.99973
FLUX  819  1765.00        1.698541E+14   2.8391E-05   2.8394E-05   0.99989
FLUX  820  1775.00        1.688972E+14   2.8088E-05   2.8095E-05   0.99975
FLUX  821  1785.00        1.679510E+14   2.7778E-05   2.7802E-05   0.99914
FLUX  822  1795.00        1.670153E+14   2.7512E-05   2.7512E-05   0.99998
FLUX  823  1805.00        1.660900E+14   2.7133E-05   2.7228E-05   0.99654
FLUX  824  1815.00        1.651749E+14   2.5587E-05   2.6947E-05   0.94954
FLUX  825  1825.00        1.642699E+14   2.6264E-05   2.6671E-05   0.98474
FLUX  826  1835.00        1.633747E+14   2.6379E-05   2.6399E-05   0.99924
FLUX  827  1845.00        1.624892E+14   2.6127E-05   2.6132E-05   0.99982
FLUX  828  1855.00        1.616132E+14   2.5832E-05   2.5868E-05   0.99861
FLUX  829  1865.00        1.607466E+14   2.5344E-05   2.5608E-05   0.98966
FLUX  830  1875.00        1.598893E+14   2.4008E-05   2.5353E-05   0.94698
FLUX  831  1885.00        1.590411E+14   2.5005E-05   2.5101E-05   0.99619
FLUX  832  1895.00        1.582018E+14   2.4835E-05   2.4852E-05   0.99929
FLUX  833  1905.00        1.573714E+14   2.4514E-05   2.4608E-05   0.99620
FLUX  834  1915.00        1.565496E+14   2.4364E-05   2.4367E-05   0.99989
FLUX  835  1925.00        1.557364E+14   2.4127E-05   2.4129E-05   0.99990
FLUX  836  1935.00        1.549315E+14   2.3751E-05   2.3895E-05   0.99394
FLUX  837  1945.00        1.541350E+14   2.2277E-05   2.3665E-05   0.94133
FLUX  838  1955.00        1.533465E+14   2.3263E-05   2.3438E-05   0.99253
FLUX  839  1965.00        1.525662E+14   2.3213E-05   2.3214E-05   0.99997
FLUX  840  1975.00        1.517937E+14   2.2993E-05   2.2993E-05   0.99999
FLUX  841  1985.00        1.510290E+14   2.2775E-05   2.2775E-05   0.99999
FLUX  842  1995.00        1.502719E+14   2.2560E-05   2.2561E-05   0.99999
FLUX  843  2005.00        1.495224E+14   2.2349E-05   2.2349E-05   1.00000
FLUX  844  2015.00        1.487804E+14   2.2140E-05   2.2140E-05   1.00000
FLUX  845  2025.00        1.480457E+14   2.1935E-05   2.1935E-05   0.99999
FLUX  846  2035.00        1.473182E+14   2.1732E-05   2.1732E-05   1.00000
FLUX  847  2045.00        1.465978E+14   2.1523E-05   2.1532E-05   0.99958
FLUX  848  2055.00        1.458844E+14   2.1287E-05   2.1335E-05   0.99776
FLUX  849  2065.00        1.451780E+14   2.1140E-05   2.1140E-05   0.99999
FLUX  850  2075.00        1.444783E+14   2.0948E-05   2.0948E-05   0.99999
FLUX  851  2085.00        1.437854E+14   2.0758E-05   2.0759E-05   1.00000
FLUX  852  2095.00        1.430990E+14   2.0571E-05   2.0572E-05   0.99998
FLUX  853  2105.00        1.424192E+14   2.0387E-05   2.0387E-05   0.99998
FLUX  854  2115.00        1.417459E+14   2.0121E-05   2.0206E-05   0.99582
FLUX  855  2125.00        1.410788E+14   2.0025E-05   2.0026E-05   0.99994
FLUX  856  2135.00        1.404180E+14   1.9847E-05   1.9849E-05   0.99990
FLUX  857  2145.00        1.397634E+14   1.9664E-05   1.9674E-05   0.99950
FLUX  858  2155.00        1.391148E+14   1.9399E-05   1.9502E-05   0.99470
FLUX  859  2165.00        1.384723E+14   1.8196E-05   1.9332E-05   0.94126
FLUX  860  2175.00        1.378356E+14   1.8993E-05   1.9164E-05   0.99112
FLUX  861  2185.00        1.372048E+14   1.8979E-05   1.8998E-05   0.99899
FLUX  862  2195.00        1.365797E+14   1.8832E-05   1.8834E-05   0.99988
FLUX  863  2205.00        1.359603E+14   1.8672E-05   1.8673E-05   0.99999
FLUX  864  2215.00        1.353465E+14   1.8513E-05   1.8513E-05   0.99999
FLUX  865  2225.00        1.347382E+14   1.8351E-05   1.8356E-05   0.99974
FLUX  866  2235.00        1.341353E+14   1.8200E-05   1.8200E-05   0.99999
FLUX  867  2245.00        1.335379E+14   1.8046E-05   1.8047E-05   0.99999
FLUX  868  2255.00        1.329457E+14   1.7895E-05   1.7895E-05   0.99999
FLUX  869  2265.00        1.323587E+14   1.7745E-05   1.7745E-05   1.00000
FLUX  870  2275.00        1.317769E+14   1.7597E-05   1.7597E-05   1.00000
FLUX  871  2285.00        1.312002E+14   1.7472E-05   1.7550E-05   0.99555
FLUX  872  2295.00        1.306285E+14   1.7405E-05   1.7405E-05   0.99999
FLUX  873  2305.00        1.300618E+14   1.7256E-05   1.7261E-05   0.99969
FLUX  874  2315.00        1.295000E+14   1.7119E-05   1.7119E-05   0.99998
FLUX  875  2325.00        1.289430E+14   1.6979E-05   1.6979E-05   0.99997
FLUX  876  2335.00        1.283908E+14   1.6819E-05   1.6841E-05   0.99869
FLUX  877  2345.00        1.278433E+14   1.6659E-05   1.6704E-05   0.99728
FLUX  878  2355.00        1.273004E+14   1.6513E-05   1.6569E-05   0.99661
FLUX  879  2365.00        1.267622E+14   1.6372E-05   1.6436E-05   0.99613
FLUX  880  2375.00        1.262284E+14   1.6230E-05   1.6304E-05   0.99543
FLUX  881  2385.00        1.256992E+14   1.6096E-05   1.6174E-05   0.99518
FLUX  882  2395.00        1.251743E+14   1.5959E-05   1.6045E-05   0.99462
FLUX  883  2405.00        1.246538E+14   1.5820E-05   1.5918E-05   0.99380
FLUX  884  2415.00        1.241377E+14   1.5689E-05   1.5793E-05   0.99345
FLUX  885  2425.00        1.236258E+14   1.5564E-05   1.5668E-05   0.99331
FLUX  886  2435.00        1.231181E+14   1.5440E-05   1.5546E-05   0.99322
FLUX  887  2445.00        1.226145E+14   1.5302E-05   1.5425E-05   0.99206
FLUX  888  2455.00        1.221151E+14   1.5199E-05   1.5305E-05   0.99308
FLUX  889  2465.00        1.216197E+14   1.5061E-05   1.5186E-05   0.99175
FLUX  890  2475.00        1.211283E+14   1.4934E-05   1.5069E-05   0.99104
FLUX  891  2485.00        1.206408E+14   1.4861E-05   1.4953E-05   0.99382
FLUX  892  2495.00        1.201573E+14   1.4690E-05   1.4839E-05   0.98994
FLUX  893  2505.00        1.196776E+14   1.4717E-05   1.4726E-05   0.99939
FLUX  894  2515.00        1.192018E+14   1.4547E-05   1.4614E-05   0.99540
FLUX  895  2525.00        1.187297E+14   1.4320E-05   1.4504E-05   0.98732
FLUX  896  2535.00        1.182613E+14   1.4302E-05   1.4394E-05   0.99358
FLUX  897  2545.00        1.177967E+14   1.4238E-05   1.4286E-05   0.99663
FLUX  898  2555.00        1.173356E+14   1.4077E-05   1.4179E-05   0.99277
FLUX  899  2565.00        1.168782E+14   1.3840E-05   1.4074E-05   0.98336
FLUX  900  2575.00        1.164243E+14   1.3889E-05   1.3969E-05   0.99428
FLUX  901  2585.00        1.159739E+14   1.3832E-05   1.3866E-05   0.99758
FLUX  902  2595.00        1.155270E+14   1.3719E-05   1.3764E-05   0.99678
FLUX  903  2605.00        1.150835E+14   1.3512E-05   1.3663E-05   0.98897
FLUX  904  2615.00        1.146434E+14   1.3205E-05   1.3563E-05   0.97363
FLUX  905  2625.00        1.142067E+14   1.2648E-05   1.3464E-05   0.93941
FLUX  906  2635.00        1.137732E+14   1.3224E-05   1.3366E-05   0.98936
FLUX  907  2645.00        1.133431E+14   1.3234E-05   1.3269E-05   0.99737
FLUX  908  2655.00        1.129162E+14   1.3128E-05   1.3173E-05   0.99656
FLUX  909  2665.00        1.124925E+14   1.2973E-05   1.3079E-05   0.99193
FLUX  910  2675.00        1.120720E+14   1.2625E-05   1.2985E-05   0.97225
FLUX  911  2685.00        1.116546E+14   1.2783E-05   1.2892E-05   0.99154
FLUX  912  2695.00        1.112403E+14   1.2786E-05   1.2801E-05   0.99885
FLUX  913  2705.00        1.108290E+14   1.2710E-05   1.2710E-05   0.99998
FLUX  914  2715.00        1.104208E+14   1.2620E-05   1.2620E-05   0.99999
FLUX  915  2725.00        1.100156E+14   1.2531E-05   1.2531E-05   0.99999
FLUX  916  2735.00        1.096133E+14   1.2439E-05   1.2443E-05   0.99961
FLUX  917  2745.00        1.092140E+14   1.2297E-05   1.2357E-05   0.99517
FLUX  918  2755.00        1.088176E+14   1.1897E-05   1.2270E-05   0.96953
FLUX  919  2765.00        1.084241E+14   1.1989E-05   1.2185E-05   0.98386
FLUX  920  2775.00        1.080333E+14   1.2072E-05   1.2101E-05   0.99758
FLUX  921  2785.00        1.076454E+14   1.2017E-05   1.2018E-05   0.99998
FLUX  922  2795.00        1.072603E+14   1.1935E-05   1.1935E-05   0.99999
FLUX  923  2805.00        1.068779E+14   1.1852E-05   1.1853E-05   0.99991
FLUX  924  2815.00        1.064982E+14   1.1772E-05   1.1772E-05   0.99998
FLUX  925  2825.00        1.061212E+14   1.1692E-05   1.1692E-05   0.99997
FLUX  926  2835.00        1.057469E+14   1.1612E-05   1.1613E-05   0.99991
FLUX  927  2845.00        1.053752E+14   1.1534E-05   1.1534E-05   0.99998
FLUX  928  2855.00        1.050061E+14   1.1429E-05   1.1457E-05   0.99754
FLUX  929  2865.00        1.046396E+14   1.1223E-05   1.1380E-05   0.98624
FLUX  930  2875.00        1.042757E+14   1.0848E-05   1.1304E-05   0.95965
FLUX  931  2885.00        1.039142E+14   1.1159E-05   1.1228E-05   0.99385
FLUX  932  2895.00        1.035553E+14   1.1145E-05   1.1154E-05   0.99925
FLUX  933  2905.00        1.031988E+14   1.1080E-05   1.1080E-05   0.99999
FLUX  934  2915.00        1.028448E+14   1.1006E-05   1.1007E-05   0.99997
FLUX  935  2925.00        1.024932E+14   1.0934E-05   1.0934E-05   0.99999
FLUX  936  2935.00        1.021440E+14   1.0862E-05   1.0863E-05   0.99997
FLUX  937  2945.00        1.017971E+14   1.0791E-05   1.0792E-05   0.99998
FLUX  938  2955.00        1.014526E+14   1.0721E-05   1.0721E-05   1.00000
FLUX  939  2965.00        1.011105E+14   1.0652E-05   1.0652E-05   0.99999
FLUX  940  2975.00        1.007706E+14   1.0583E-05   1.0583E-05   1.00000
FLUX  941  2985.00        1.004330E+14   1.0514E-05   1.0514E-05   1.00000
FLUX  942  2995.00        1.000977E+14   1.0447E-05   1.0447E-05   0.99999
FLUX  943  3005.00        9.976456E+13   1.0380E-05   1.0380E-05   0.99998
FLUX  944  3015.00        9.943367E+13   1.0310E-05   1.0313E-05   0.99965
FLUX  945  3025.00        9.910496E+13   1.0201E-05   1.0248E-05   0.99541
FLUX  946  3035.00        9.877842E+13   9.7975E-06   1.0182E-05   0.96219
FLUX  947  3045.00        9.845402E+13   9.8649E-06   1.0118E-05   0.97498
FLUX  948  3055.00        9.813175E+13   1.0020E-05   1.0054E-05   0.99664
FLUX  949  3065.00        9.781158E+13   9.9906E-06   9.9908E-06   0.99997
FLUX  950  3075.00        9.749350E+13   9.9253E-06   9.9281E-06   0.99971
FLUX  951  3085.00        9.717747E+13   9.8639E-06   9.8660E-06   0.99978
FLUX  952  3095.00        9.686349E+13   9.8044E-06   9.8045E-06   0.99999
FLUX  953  3105.00        9.655153E+13   9.7435E-06   9.7435E-06   0.99999
FLUX  954  3115.00        9.624157E+13   9.6823E-06   9.6831E-06   0.99992
FLUX  955  3125.00        9.593360E+13   9.6218E-06   9.6233E-06   0.99984
FLUX  956  3135.00        9.562759E+13   9.5640E-06   9.5640E-06   0.99999
FLUX  957  3145.00        9.532353E+13   9.5052E-06   9.5053E-06   0.99999
FLUX  958  3155.00        9.502139E+13   9.4470E-06   9.4471E-06   1.00000
FLUX  959  3165.00        9.472117E+13   9.3892E-06   9.3894E-06   0.99998
FLUX  960  3175.00        9.442283E+13   9.3321E-06   9.3322E-06   0.99999
FLUX  961  3185.00        9.412637E+13   9.2756E-06   9.2756E-06   1.00000
FLUX  962  3195.00        9.383177E+13   9.2194E-06   9.2194E-06   0.99999
FLUX  963  3210.00        9.339330E+13   9.1361E-06   9.1362E-06   1.00000
FLUX  964  3230.00        9.281502E+13   9.0269E-06   9.0269E-06   1.00000
FLUX  965  3250.00        9.224385E+13   8.9195E-06   8.9196E-06   0.99999
FLUX  966  3270.00        9.167966E+13   8.8071E-06   8.8141E-06   0.99920
FLUX  967  3290.00        9.112234E+13   8.4216E-06   8.7327E-06   0.96438
FLUX  968  3310.00        9.057175E+13   8.5452E-06   8.6306E-06   0.99011
FLUX  969  3330.00        9.002778E+13   8.5280E-06   8.5302E-06   0.99975
FLUX  970  3350.00        8.949030E+13   8.4315E-06   8.4316E-06   0.99999
FLUX  971  3370.00        8.895920E+13   8.3341E-06   8.3346E-06   0.99993
FLUX  972  3390.00        8.843437E+13   8.2392E-06   8.2394E-06   0.99998
FLUX  973  3410.00        8.791569E+13   8.1455E-06   8.1457E-06   0.99997
FLUX  974  3430.00        8.740306E+13   8.0529E-06   8.0536E-06   0.99990
FLUX  975  3450.00        8.689638E+13   7.9623E-06   7.9631E-06   0.99990
FLUX  976  3470.00        8.639553E+13   7.8616E-06   7.8741E-06   0.99841
FLUX  977  3490.00        8.590043E+13   7.7680E-06   7.7866E-06   0.99762
FLUX  978  3510.00        8.541097E+13   7.6815E-06   7.7005E-06   0.99753
FLUX  979  3530.00        8.492705E+13   7.5951E-06   7.6158E-06   0.99728
FLUX  980  3550.00        8.444859E+13   7.5094E-06   7.5325E-06   0.99693
FLUX  981  3570.00        8.397549E+13   7.4259E-06   7.4506E-06   0.99669
FLUX  982  3590.00        8.350766E+13   7.3468E-06   7.3700E-06   0.99686
FLUX  983  3610.00        8.304501E+13   7.2651E-06   7.2907E-06   0.99649
FLUX  984  3630.00        8.258747E+13   7.1890E-06   7.2126E-06   0.99672
FLUX  985  3650.00        8.213493E+13   7.1071E-06   7.1358E-06   0.99597
FLUX  986  3670.00        8.168733E+13   7.0400E-06   7.0602E-06   0.99714
FLUX  987  3690.00        8.124458E+13   6.9499E-06   6.9858E-06   0.99485
FLUX  988  3710.00        8.080660E+13   6.8789E-06   6.9126E-06   0.99512
FLUX  989  3730.00        8.037332E+13   6.7017E-06   6.8405E-06   0.97970
FLUX  990  3750.00        7.994467E+13   6.5780E-06   6.7695E-06   0.97171
FLUX  991  3770.00        7.952056E+13   6.6779E-06   6.6997E-06   0.99675
FLUX  992  3790.00        7.910092E+13   6.6251E-06   6.6309E-06   0.99913
FLUX  993  3810.00        7.868570E+13   6.5240E-06   6.5631E-06   0.99405
FLUX  994  3830.00        7.827480E+13   6.4620E-06   6.4964E-06   0.99470
FLUX  995  3850.00        7.786818E+13   6.4300E-06   6.4306E-06   0.99990
FLUX  996  3870.00        7.746576E+13   6.3657E-06   6.3659E-06   0.99997
FLUX  997  3890.00        7.706748E+13   6.2804E-06   6.3021E-06   0.99655
FLUX  998  3910.00        7.667327E+13   6.1780E-06   6.2393E-06   0.99018
FLUX  999  3930.00        7.628308E+13   6.1672E-06   6.1774E-06   0.99835
FLUX 1000  3950.00        7.589684E+13   6.1155E-06   6.1164E-06   0.99986
FLUX 1001  3970.00        7.551448E+13   6.0562E-06   6.0563E-06   0.99999
FLUX 1002  3990.00        7.513596E+13   5.9970E-06   5.9971E-06   0.99999
FLUX 1003  4010.00        7.476122E+13   5.8891E-06   5.9387E-06   0.99166
FLUX 1004  4030.00        7.439020E+13   5.8082E-06   5.8812E-06   0.98760
FLUX 1005  4050.00        7.402284E+13   5.6357E-06   5.8245E-06   0.96759
FLUX 1006  4070.00        7.365909E+13   5.7562E-06   5.7686E-06   0.99785
FLUX 1007  4090.00        7.329890E+13   5.7134E-06   5.7135E-06   0.99998
FLUX 1008  4110.00        7.294221E+13   5.6592E-06   5.6592E-06   0.99999
FLUX 1009  4130.00        7.258898E+13   5.6007E-06   5.6057E-06   0.99910
FLUX 1010  4150.00        7.223916E+13   5.5365E-06   5.5529E-06   0.99704
FLUX 1011  4170.00        7.189269E+13   5.4043E-06   5.5009E-06   0.98244
FLUX 1012  4190.00        7.154952E+13   5.4310E-06   5.4496E-06   0.99659
FLUX 1013  4210.00        7.120962E+13   5.3988E-06   5.3990E-06   0.99998
FLUX 1014  4230.00        7.087293E+13   5.3490E-06   5.3491E-06   0.99999
FLUX 1015  4250.00        7.053941E+13   5.2970E-06   5.2998E-06   0.99946
FLUX 1016  4270.00        7.020902E+13   5.2513E-06   5.2513E-06   1.00000
FLUX 1017  4290.00        6.988170E+13   5.1938E-06   5.2034E-06   0.99816
FLUX 1018  4310.00        6.955742E+13   5.1561E-06   5.1562E-06   0.99999
FLUX 1019  4330.00        6.923614E+13   5.1095E-06   5.1096E-06   0.99999
FLUX 1020  4350.00        6.891782E+13   5.0563E-06   5.0636E-06   0.99855
FLUX 1021  4370.00        6.860240E+13   4.9182E-06   5.0182E-06   0.98007
FLUX 1022  4390.00        6.828986E+13   4.9312E-06   4.9735E-06   0.99149
FLUX 1023  4410.00        6.798016E+13   4.9283E-06   4.9293E-06   0.99980
FLUX 1024  4430.00        6.767325E+13   4.8857E-06   4.8857E-06   0.99999
FLUX 1025  4450.00        6.736910E+13   4.8427E-06   4.8427E-06   1.00000
FLUX 1026  4470.00        6.706767E+13   4.8067E-06   4.8067E-06   1.00000
FLUX 1027  4490.00        6.676893E+13   4.7647E-06   4.7647E-06   1.00000
FLUX 1028  4510.00        6.647284E+13   4.7233E-06   4.7233E-06   1.00000
FLUX 1029  4530.00        6.617936E+13   4.6823E-06   4.6824E-06   0.99997
FLUX 1030  4550.00        6.588846E+13   4.6420E-06   4.6421E-06   0.99999
FLUX 1031  4570.00        6.560011E+13   4.6021E-06   4.6022E-06   0.99999
FLUX 1032  4590.00        6.531427E+13   4.5628E-06   4.5629E-06   0.99999
FLUX 1033  4610.00        6.503091E+13   4.5223E-06   4.5240E-06   0.99961
FLUX 1034  4630.00        6.475000E+13   4.4728E-06   4.4857E-06   0.99713
FLUX 1035  4650.00        6.447151E+13   4.2666E-06   4.4478E-06   0.95926
FLUX 1036  4670.00        6.419540E+13   4.2692E-06   4.4104E-06   0.96797
FLUX 1037  4690.00        6.392164E+13   4.3403E-06   4.3735E-06   0.99240
FLUX 1038  4710.00        6.365021E+13   4.3362E-06   4.3371E-06   0.99980
FLUX 1039  4730.00        6.338108E+13   4.3010E-06   4.3010E-06   0.99999
FLUX 1040  4750.00        6.311421E+13   4.2652E-06   4.2655E-06   0.99993
FLUX 1041  4770.00        6.284958E+13   4.2303E-06   4.2303E-06   0.99999
FLUX 1042  4790.00        6.258716E+13   4.1956E-06   4.1956E-06   1.00000
FLUX 1043  4810.00        6.232692E+13   4.1613E-06   4.1613E-06   1.00000
FLUX 1044  4830.00        6.206884E+13   4.1275E-06   4.1275E-06   1.00000
FLUX 1045  4850.00        6.181289E+13   4.0940E-06   4.0940E-06   1.00000
FLUX 1046  4870.00        6.155903E+13   4.0609E-06   4.0610E-06   1.00000
FLUX 1047  4890.00        6.130726E+13   4.0283E-06   4.0283E-06   1.00000
FLUX 1048  4910.00        6.105754E+13   3.9960E-06   3.9960E-06   1.00000
FLUX 1049  4930.00        6.080984E+13   3.9641E-06   3.9641E-06   1.00000
FLUX 1050  4950.00        6.056414E+13   3.9326E-06   3.9326E-06   1.00000
FLUX 1051  4970.00        6.032042E+13   3.9015E-06   3.9015E-06   1.00000
FLUX 1052  4990.00        6.007866E+13   3.8707E-06   3.8707E-06   1.00000
FLUX 1053  5010.00        5.983882E+13   3.8403E-06   3.8403E-06   0.99999
FLUX 1054  5030.00        5.960089E+13   3.8102E-06   3.8103E-06   0.99999
FLUX 1055  5050.00        5.936485E+13   3.7805E-06   3.7806E-06   1.00000
FLUX 1056  5070.00        5.913067E+13   3.7512E-06   3.7512E-06   0.99999
FLUX 1057  5090.00        5.889833E+13   3.7221E-06   3.7222E-06   0.99997
FLUX 1058  5110.00        5.866781E+13   3.6709E-06   3.6935E-06   0.99389
FLUX 1059  5130.00        5.843908E+13   3.5363E-06   3.6651E-06   0.96484
FLUX 1060  5150.00        5.821214E+13   3.6218E-06   3.6371E-06   0.99578
FLUX 1061  5170.00        5.798694E+13   3.6093E-06   3.6094E-06   0.99998
FLUX 1062  5190.00        5.776349E+13   3.5820E-06   3.5820E-06   0.99999
FLUX 1063  5210.00        5.754175E+13   3.5549E-06   3.5549E-06   1.00000
FLUX 1064  5230.00        5.732170E+13   3.5281E-06   3.5281E-06   1.00000
FLUX 1065  5250.00        5.710333E+13   3.5016E-06   3.5016E-06   1.00000
FLUX 1066  5270.00        5.688662E+13   3.4754E-06   3.4754E-06   0.99999
FLUX 1067  5290.00        5.667155E+13   3.4495E-06   3.4495E-06   1.00000
FLUX 1068  5310.00        5.645810E+13   3.4239E-06   3.4239E-06   1.00000
FLUX 1069  5330.00        5.624625E+13   3.3986E-06   3.3986E-06   1.00000
FLUX 1070  5350.00        5.603598E+13   3.3735E-06   3.3735E-06   1.00000
FLUX 1071  5370.00        5.582728E+13   3.3487E-06   3.3487E-06   1.00000
FLUX 1072  5390.00        5.562013E+13   3.3242E-06   3.3242E-06   0.99999
FLUX 1073  5410.00        5.541451E+13   3.3000E-06   3.3000E-06   1.00000
FLUX 1074  5430.00        5.521041E+13   3.2760E-06   3.2760E-06   1.00000
FLUX 1075  5450.00        5.500780E+13   3.2523E-06   3.2523E-06   1.00000
FLUX 1076  5470.00        5.480667E+13   3.2288E-06   3.2288E-06   1.00000
FLUX 1077  5490.00        5.460701E+13   3.2056E-06   3.2056E-06   1.00000
FLUX 1078  5510.00        5.440880E+13   3.1826E-06   3.1826E-06   1.00000
FLUX 1079  5530.00        5.421203E+13   3.1599E-06   3.1599E-06   1.00000
FLUX 1080  5550.00        5.401667E+13   3.1374E-06   3.1374E-06   1.00000
FLUX 1081  5570.00        5.382271E+13   3.1152E-06   3.1152E-06   1.00000
FLUX 1082  5590.00        5.363014E+13   3.0932E-06   3.0932E-06   1.00000
FLUX 1083  5610.00        5.343895E+13   3.0714E-06   3.0714E-06   1.00000
FLUX 1084  5630.00        5.324911E+13   3.0498E-06   3.0498E-06   1.00000
FLUX 1085  5650.00        5.306062E+13   3.0285E-06   3.0285E-06   1.00000
FLUX 1086  5670.00        5.287346E+13   3.0074E-06   3.0074E-06   1.00000
FLUX 1087  5690.00        5.268761E+13   2.9865E-06   2.9865E-06   1.00000
FLUX 1088  5710.00        5.250306E+13   2.9658E-06   2.9658E-06   1.00000
FLUX 1089  5730.00        5.231981E+13   2.9454E-06   2.9454E-06   1.00000
FLUX 1090  5750.00        5.213783E+13   2.9251E-06   2.9251E-06   1.00000
FLUX 1091  5770.00        5.195711E+13   2.9051E-06   2.9051E-06   1.00000
FLUX 1092  5790.00        5.177763E+13   2.8852E-06   2.8852E-06   0.99998
FLUX 1093  5810.00        5.159940E+13   2.8656E-06   2.8656E-06   1.00000
FLUX 1094  5830.00        5.142238E+13   2.8461E-06   2.8461E-06   1.00000
FLUX 1095  5850.00        5.124658E+13   2.8291E-06   2.8292E-06   0.99999
FLUX 1096  5870.00        5.107198E+13   2.8090E-06   2.8101E-06   0.99959
FLUX 1097  5890.00        5.089856E+13   2.7699E-06   2.7912E-06   0.99237
FLUX 1098  5910.00        5.072631E+13   2.6601E-06   2.7725E-06   0.95945
FLUX 1099  5930.00        5.055523E+13   2.7403E-06   2.7540E-06   0.99502
FLUX 1100  5950.00        5.038529E+13   2.7356E-06   2.7357E-06   0.99997
FLUX 1101  5970.00        5.021650E+13   2.7175E-06   2.7176E-06   0.99999
FLUX 1102  5990.00        5.004883E+13   2.6996E-06   2.6996E-06   0.99999
FLUX 1103  6010.00        4.988228E+13   2.6818E-06   2.6818E-06   1.00000
FLUX 1104  6030.00        4.971683E+13   2.6642E-06   2.6642E-06   1.00000
FLUX 1105  6050.00        4.955248E+13   2.6468E-06   2.6468E-06   1.00000
FLUX 1106  6070.00        4.938921E+13   2.6295E-06   2.6295E-06   1.00000
FLUX 1107  6090.00        4.922701E+13   2.6124E-06   2.6124E-06   1.00000
FLUX 1108  6110.00        4.906588E+13   2.5954E-06   2.5954E-06   1.00000
FLUX 1109  6130.00        4.890579E+13   2.5787E-06   2.5787E-06   1.00000
FLUX 1110  6150.00        4.874675E+13   2.5621E-06   2.5621E-06   1.00000
FLUX 1111  6170.00        4.858874E+13   2.5456E-06   2.5456E-06   1.00000
FLUX 1112  6190.00        4.843174E+13   2.5293E-06   2.5293E-06   1.00000
FLUX 1113  6210.00        4.827576E+13   2.5132E-06   2.5132E-06   1.00000
FLUX 1114  6230.00        4.812079E+13   2.4972E-06   2.4972E-06   1.00000
FLUX 1115  6250.00        4.796680E+13   2.4813E-06   2.4813E-06   1.00000
FLUX 1116  6270.00        4.781380E+13   2.4657E-06   2.4657E-06   1.00000
FLUX 1117  6290.00        4.766176E+13   2.4501E-06   2.4501E-06   1.00000
FLUX 1118  6310.00        4.751070E+13   2.4347E-06   2.4347E-06   1.00000
FLUX 1119  6330.00        4.736058E+13   2.4195E-06   2.4195E-06   1.00000
FLUX 1120  6350.00        4.721142E+13   2.4043E-06   2.4044E-06   0.99999
FLUX 1121  6370.00        4.706319E+13   2.3894E-06   2.3894E-06   1.00000
FLUX 1122  6390.00        4.691588E+13   2.3745E-06   2.3745E-06   1.00000
FLUX 1123  6420.00        4.669665E+13   2.3526E-06   2.3526E-06   1.00000
FLUX 1124  6460.00        4.640751E+13   2.3237E-06   2.3237E-06   1.00000
FLUX 1125  6500.00        4.612192E+13   2.2954E-06   2.2954E-06   1.00000
FLUX 1126  6540.00        4.583983E+13   2.2676E-06   2.2676E-06   1.00000
FLUX 1127  6580.00        4.556117E+13   2.2402E-06   2.2402E-06   1.00000
FLUX 1128  6620.00        4.528588E+13   2.2134E-06   2.2134E-06   0.99999
FLUX 1129  6660.00        4.501389E+13   2.1871E-06   2.1871E-06   1.00000
FLUX 1130  6700.00        4.474515E+13   2.1612E-06   2.1612E-06   1.00000
FLUX 1131  6740.00        4.447960E+13   2.1357E-06   2.1357E-06   1.00000
FLUX 1132  6780.00        4.421718E+13   2.1107E-06   2.1107E-06   1.00000
FLUX 1133  6820.00        4.395784E+13   2.0862E-06   2.0862E-06   1.00000
FLUX 1134  6860.00        4.370153E+13   2.0620E-06   2.0621E-06   0.99999
FLUX 1135  6900.00        4.344819E+13   2.0383E-06   2.0383E-06   1.00000
FLUX 1136  6940.00        4.319777E+13   2.0150E-06   2.0150E-06   0.99999
FLUX 1137  6980.00        4.295021E+13   1.9921E-06   1.9921E-06   1.00000
FLUX 1138  7020.00        4.270548E+13   1.9695E-06   1.9695E-06   1.00000
FLUX 1139  7060.00        4.246353E+13   1.9474E-06   1.9474E-06   1.00000
FLUX 1140  7100.00        4.222430E+13   1.9256E-06   1.9256E-06   1.00000
FLUX 1141  7140.00        4.198775E+13   1.9041E-06   1.9042E-06   0.99998
FLUX 1142  7180.00        4.175383E+13   1.8831E-06   1.8831E-06   0.99999
FLUX 1143  7220.00        4.152251E+13   1.8624E-06   1.8624E-06   1.00000
FLUX 1144  7260.00        4.129373E+13   1.8420E-06   1.8420E-06   0.99999
FLUX 1145  7300.00        4.106747E+13   1.8219E-06   1.8219E-06   1.00000
FLUX 1146  7340.00        4.084366E+13   1.8022E-06   1.8022E-06   0.99999
FLUX 1147  7380.00        4.062229E+13   1.7827E-06   1.7828E-06   0.99999
FLUX 1148  7420.00        4.040330E+13   1.7591E-06   1.7637E-06   0.99742
FLUX 1149  7460.00        4.018666E+13   1.6974E-06   1.7449E-06   0.97280
FLUX 1150  7500.00        3.997233E+13   1.6762E-06   1.7264E-06   0.97094
FLUX 1151  7540.00        3.976028E+13   1.7049E-06   1.7082E-06   0.99810
FLUX 1152  7580.00        3.955046E+13   1.6903E-06   1.6903E-06   0.99999
FLUX 1153  7620.00        3.934285E+13   1.6726E-06   1.6726E-06   1.00000
FLUX 1154  7660.00        3.913740E+13   1.6553E-06   1.6553E-06   1.00000
FLUX 1155  7700.00        3.893409E+13   1.6382E-06   1.6382E-06   1.00000
FLUX 1156  7740.00        3.873288E+13   1.6213E-06   1.6213E-06   1.00000
FLUX 1157  7780.00        3.853374E+13   1.6048E-06   1.6048E-06   1.00000
FLUX 1158  7820.00        3.833664E+13   1.5884E-06   1.5884E-06   1.00000
FLUX 1159  7860.00        3.814154E+13   1.5724E-06   1.5724E-06   1.00000
FLUX 1160  7900.00        3.794842E+13   1.5565E-06   1.5565E-06   1.00000
FLUX 1161  7940.00        3.775724E+13   1.5409E-06   1.5409E-06   1.00000
FLUX 1162  7980.00        3.756798E+13   1.5256E-06   1.5256E-06   1.00000
FLUX 1163  8020.00        3.738061E+13   1.5104E-06   1.5104E-06   1.00000
FLUX 1164  8060.00        3.719510E+13   1.4955E-06   1.4955E-06   1.00000
FLUX 1165  8100.00        3.701142E+13   1.4808E-06   1.4808E-06   1.00000
FLUX 1166  8140.00        3.682955E+13   1.4663E-06   1.4663E-06   1.00000
FLUX 1167  8180.00        3.664945E+13   1.4520E-06   1.4520E-06   1.00000
FLUX 1168  8220.00        3.647111E+13   1.4380E-06   1.4380E-06   1.00000
FLUX 1169  8260.00        3.629449E+13   1.4241E-06   1.4241E-06   1.00000
FLUX 1170  8300.00        3.611958E+13   1.4104E-06   1.4104E-06   1.00000
FLUX 1171  8340.00        3.594634E+13   1.3969E-06   1.3969E-06   1.00000
FLUX 1172  8380.00        3.577476E+13   1.3837E-06   1.3837E-06   1.00000
FLUX 1173  8420.00        3.560481E+13   1.3706E-06   1.3706E-06   1.00000
FLUX 1174  8460.00        3.543647E+13   1.3576E-06   1.3576E-06   1.00000
FLUX 1175  8500.00        3.526971E+13   1.3449E-06   1.3449E-06   1.00000
FLUX 1176  8540.00        3.510451E+13   1.3323E-06   1.3323E-06   1.00000
FLUX 1177  8580.00        3.494085E+13   1.3200E-06   1.3200E-06   1.00000
FLUX 1178  8620.00        3.477871E+13   1.3078E-06   1.3078E-06   1.00000
FLUX 1179  8660.00        3.461807E+13   1.2957E-06   1.2957E-06   1.00000
FLUX 1180  8700.00        3.445891E+13   1.2838E-06   1.2838E-06   1.00000
FLUX 1181  8740.00        3.430120E+13   1.2721E-06   1.2721E-06   1.00000
FLUX 1182  8780.00        3.414493E+13   1.2605E-06   1.2605E-06   1.00000
FLUX 1183  8820.00        3.399008E+13   1.2491E-06   1.2491E-06   1.00000
FLUX 1184  8860.00        3.383663E+13   1.2379E-06   1.2379E-06   1.00000
FLUX 1185  8900.00        3.368455E+13   1.2268E-06   1.2268E-06   1.00000
FLUX 1186  8940.00        3.353384E+13   1.2158E-06   1.2158E-06   1.00000
FLUX 1187  8980.00        3.338447E+13   1.2050E-06   1.2050E-06   1.00000
FLUX 1188  9020.00        3.323642E+13   1.1944E-06   1.1944E-06   1.00000
FLUX 1189  9060.00        3.308968E+13   1.1838E-06   1.1838E-06   1.00000
FLUX 1190  9100.00        3.294423E+13   1.1734E-06   1.1734E-06   1.00000
FLUX 1191  9140.00        3.280005E+13   1.1632E-06   1.1632E-06   1.00000
FLUX 1192  9180.00        3.265714E+13   1.1531E-06   1.1531E-06   1.00000
FLUX 1193  9220.00        3.251546E+13   1.1431E-06   1.1431E-06   1.00000
FLUX 1194  9260.00        3.237500E+13   1.1332E-06   1.1332E-06   0.99999
FLUX 1195  9300.00        3.223575E+13   1.1235E-06   1.1235E-06   1.00000
FLUX 1196  9340.00        3.209770E+13   1.1139E-06   1.1139E-06   1.00000
FLUX 1197  9380.00        3.196082E+13   1.1044E-06   1.1044E-06   1.00000
FLUX 1198  9420.00        3.182511E+13   1.0950E-06   1.0950E-06   1.00000
FLUX 1199  9460.00        3.169054E+13   1.0858E-06   1.0858E-06   1.00000
FLUX 1200  9500.00        3.155711E+13   1.0766E-06   1.0766E-06   1.00000
FLUX 1201  9540.00        3.142479E+13   1.0676E-06   1.0676E-06   1.00000
FLUX 1202  9580.00        3.129358E+13   1.0587E-06   1.0587E-06   1.00000
FLUX 1203  9620.00        3.116346E+13   1.0499E-06   1.0499E-06   1.00000
FLUX 1204  9660.00        3.103442E+13   1.0412E-06   1.0412E-06   1.00000
FLUX 1205  9700.00        3.090644E+13   1.0326E-06   1.0326E-06   0.99999
FLUX 1206  9740.00        3.077952E+13   1.0241E-06   1.0241E-06   1.00000
FLUX 1207  9780.00        3.065363E+13   1.0158E-06   1.0158E-06   1.00000
FLUX 1208  9820.00        3.052877E+13   1.0075E-06   1.0075E-06   1.00000
FLUX 1209  9860.00        3.040492E+13   9.9930E-07   9.9930E-07   1.00000
FLUX 1210  9900.00        3.028207E+13   9.9122E-07   9.9122E-07   1.00000
FLUX 1211  9940.00        3.016021E+13   9.8324E-07   9.8324E-07   1.00000
FLUX 1212  9980.00        3.003933E+13   9.7535E-07   9.7535E-07   1.00000
FLUX 1213 10020.00        2.991941E+13   9.6756E-07   9.6756E-07   1.00000
FLUX 1214 20000.00        1.498963E+13   2.4037E-07   2.4037E-07   1.00000
FLUX 1215 40000.00        7.494813E+12   5.9165E-08   5.9165E-08   1.00000
FLUX 1216 60000.00        4.996542E+12   2.6037E-08   2.6037E-08   1.00000
FLUX 1217 80000.00        3.747406E+12   1.4535E-08   1.4535E-08   1.00000
FLUX 1218100000.00        2.997925E+12   9.2433E-09   9.2433E-09   1.00000
FLUX 1219120000.00        2.498271E+12   6.3823E-09   6.3823E-09   1.00000
FLUX 1220140000.00        2.141375E+12   4.6645E-09   4.6645E-09   1.00000
FLUX 1221160000.00        1.873703E+12   3.5541E-09   3.5541E-09   1.00000
FLUX
