TEFF  13000.  GRAVITY 4.00000 LTE 
TITLE TEST MODEL WITH SDSC OPACITY  VTURB 2 KM/S                                
 OPACITY IFOP
FLUX   45    23.00        1.303446E+16   1.5078E-34   1.5122E-34   0.99710
FLUX   46    23.40        1.281165E+16   4.8902E-34   4.9033E-34   0.99732
FLUX   47    24.00        1.249135E+16   2.6750E-33   2.6815E-33   0.99755
FLUX   48    24.65        1.216197E+16   1.5507E-32   1.5541E-32   0.99777
FLUX   49    25.24        1.187767E+16   7.1238E-32   7.1385E-32   0.99795
FLUX   50    25.68        1.167416E+16   2.1357E-31   2.1360E-31   0.99986
FLUX   51    26.00        1.153048E+16   4.6425E-31   4.6426E-31   0.99997
FLUX   52    26.40        1.135578E+16   1.1961E-30   1.1962E-30   0.99997
FLUX   53    26.85        1.116546E+16   3.3416E-30   3.3417E-30   0.99997
FLUX   54    27.35        1.096133E+16   1.0079E-29   1.0080E-29   0.99997
FLUX   55    27.85        1.076454E+16   2.9513E-29   2.9514E-29   0.99998
FLUX   56    28.40        1.055607E+16   9.1972E-29   9.2158E-29   0.99799
FLUX   57    29.00        1.033767E+16   3.0448E-28   3.0449E-28   0.99997
FLUX   58    29.60        1.012813E+16   9.5697E-28   9.5700E-28   0.99997
FLUX   59    30.10        9.959884E+15   2.4197E-27   2.4208E-27   0.99955
FLUX   60    30.80        9.733523E+15   8.4449E-27   8.4452E-27   0.99997
FLUX   61    31.80        9.427437E+15   4.6020E-26   4.6021E-26   0.99998
FLUX   62    32.80        9.140015E+15   2.2798E-25   2.2799E-25   0.99997
FLUX   63    33.80        8.869601E+15   1.0310E-24   1.0310E-24   0.99998
FLUX   64    34.80        8.614727E+15   4.3075E-24   4.3078E-24   0.99992
FLUX   65    35.70        8.397549E+15   1.4855E-23   1.4859E-23   0.99971
FLUX   66    36.60        8.191052E+15   4.7605E-23   4.7616E-23   0.99976
FLUX   67    37.50        7.994467E+15   1.4399E-22   1.4431E-22   0.99776
FLUX   68    38.50        7.786818E+15   4.6687E-22   4.6727E-22   0.99915
FLUX   69    39.50        7.589684E+15   1.4246E-21   1.4266E-21   0.99860
FLUX   70    40.50        7.402284E+15   4.1327E-21   4.1348E-21   0.99949
FLUX   71    41.40        7.241365E+15   1.0331E-20   1.0336E-20   0.99954
FLUX   72    42.20        7.104088E+15   2.2571E-20   2.2605E-20   0.99848
FLUX   73    43.00        6.971919E+15   4.7676E-20   4.8014E-20   0.99296
FLUX   74    44.10        6.798016E+15   1.2944E-19   1.2959E-19   0.99882
FLUX   75    45.10        6.647284E+15   3.0631E-19   3.0655E-19   0.99923
FLUX   76    46.00        6.517228E+15   6.4438E-19   6.4480E-19   0.99935
FLUX   77    47.00        6.378564E+15   1.4242E-18   1.4259E-18   0.99885
FLUX   78    48.00        6.245677E+15   3.0472E-18   3.0499E-18   0.99911
FLUX   79    49.00        6.118214E+15   6.3337E-18   6.3352E-18   0.99976
FLUX   80    50.00        5.995850E+15   1.2763E-17   1.2764E-17   0.99990
FLUX   81    50.60        5.924753E+15   3.3434E-16   4.8880E-16   0.68401
FLUX   82    51.20        5.855322E+15   6.8755E-16   7.1699E-16   0.95895
FLUX   83    52.00        5.765240E+15   1.0591E-15   1.0996E-15   0.96313
FLUX   84    53.00        5.656462E+15   1.7867E-15   1.8441E-15   0.96890
FLUX   85    54.00        5.551713E+15   2.8565E-15   3.0364E-15   0.94074
FLUX   86    55.00        5.450773E+15   4.8479E-15   4.9157E-15   0.98620
FLUX   87    56.00        5.353438E+15   7.7216E-15   7.8258E-15   0.98669
FLUX   88    57.00        5.259518E+15   1.2251E-14   1.2263E-14   0.99903
FLUX   89    58.00        5.168836E+15   1.7940E-14   1.9183E-14   0.93520
FLUX   90    59.00        5.081229E+15   2.8679E-14   2.9153E-14   0.98375
FLUX   91    60.00        4.996542E+15   4.3051E-14   4.3707E-14   0.98498
FLUX   92    61.00        4.914631E+15   6.4637E-14   6.4684E-14   0.99928
FLUX   93    62.00        4.835363E+15   9.3825E-14   9.4560E-14   0.99223
FLUX   94    63.00        4.758611E+15   1.3655E-13   1.3661E-13   0.99950
FLUX   95    64.00        4.684258E+15   1.9242E-13   1.9525E-13   0.98548
FLUX   96    65.00        4.612192E+15   2.7540E-13   2.7611E-13   0.99742
FLUX   97    65.80        4.556117E+15   3.6128E-13   3.6162E-13   0.99905
FLUX   98    66.50        4.508158E+15   4.5176E-13   4.5551E-13   0.99176
FLUX   99    67.50        4.441370E+15   6.1942E-13   6.2830E-13   0.98587
FLUX  100    68.50        4.376533E+15   8.5134E-13   8.5870E-13   0.99143
FLUX  101    69.50        4.313561E+15   1.1613E-12   1.1632E-12   0.99837
FLUX  102    70.50        4.252376E+15   1.5530E-12   1.5625E-12   0.99397
FLUX  103    71.60        4.187046E+15   2.1276E-12   2.1414E-12   0.99357
FLUX  104    72.60        4.129373E+15   2.8209E-12   2.8287E-12   0.99724
FLUX  105    73.50        4.078810E+15   3.5899E-12   3.6114E-12   0.99404
FLUX  106    74.50        4.024060E+15   4.6861E-12   4.7057E-12   0.99584
FLUX  107    75.50        3.970762E+15   6.0623E-12   6.0891E-12   0.99561
FLUX  108    76.50        3.918856E+15   7.7827E-12   7.8309E-12   0.99384
FLUX  109    77.50        3.868290E+15   9.9768E-12   1.0001E-11   0.99755
FLUX  110    78.50        3.819013E+15   1.2690E-11   1.2695E-11   0.99965
FLUX  111    79.50        3.770975E+15   1.5857E-11   1.6017E-11   0.99001
FLUX  112    80.50        3.724130E+15   1.9981E-11   2.0094E-11   0.99435
FLUX  113    81.50        3.678436E+15   2.4946E-11   2.5070E-11   0.99507
FLUX  114    82.50        3.633848E+15   3.0931E-11   3.1113E-11   0.99418
FLUX  115    83.50        3.590329E+15   3.7759E-11   3.8412E-11   0.98300
FLUX  116    84.50        3.547840E+15   4.6955E-11   4.7187E-11   0.99507
FLUX  117    85.50        3.506345E+15   5.7224E-11   5.7696E-11   0.99183
FLUX  118    86.50        3.465809E+15   7.0009E-11   7.0208E-11   0.99717
FLUX  119    87.50        3.426200E+15   8.4490E-11   8.5051E-11   0.99340
FLUX  120    88.50        3.387486E+15   1.0255E-10   1.0259E-10   0.99960
FLUX  121    89.50        3.349637E+15   1.2310E-10   1.2323E-10   0.99891
FLUX  122    90.50        3.312624E+15   1.4525E-10   1.4742E-10   0.98527
FLUX  123    91.50        3.276421E+15   2.0098E-09   1.4822E-05   0.00014
FLUX  124    92.50        3.241000E+15   1.0347E-08   1.4930E-05   0.00069
FLUX  125    93.50        3.206337E+15   1.6632E-08   1.5043E-05   0.00111
FLUX  126    94.50        3.172407E+15   4.0532E-08   1.5162E-05   0.00267
FLUX  127    95.50        3.139188E+15   2.6050E-07   1.5288E-05   0.01704
FLUX  128    96.50        3.106658E+15   4.2265E-07   1.5422E-05   0.02741
FLUX  129    97.50        3.074795E+15   1.1121E-07   1.5566E-05   0.00714
FLUX  130    98.50        3.043579E+15   1.5693E-06   1.5718E-05   0.09985
FLUX  131    99.50        3.012990E+15   1.9001E-06   1.5877E-05   0.11967
FLUX  132   100.50        2.983010E+15   2.9877E-06   1.6046E-05   0.18620
FLUX  133   101.50        2.953621E+15   1.6863E-06   1.6223E-05   0.10395
FLUX  134   102.50        2.924805E+15   9.1461E-08   1.8926E-05   0.00483
FLUX  135   103.50        2.896546E+15   9.1004E-07   1.9100E-05   0.04765
FLUX  136   104.50        2.868828E+15   4.8795E-06   1.9284E-05   0.25304
FLUX  137   105.50        2.841635E+15   6.9212E-06   1.9475E-05   0.35538
FLUX  138   106.50        2.814953E+15   6.0522E-06   1.9676E-05   0.30759
FLUX  139   107.50        2.788767E+15   7.5429E-06   1.9887E-05   0.37929
FLUX  140   108.50        2.763065E+15   6.1108E-06   2.0108E-05   0.30390
FLUX  141   109.50        2.737831E+15   7.9682E-06   2.0338E-05   0.39179
FLUX  142   110.50        2.713054E+15   1.2630E-05   4.5599E-05   0.27698
FLUX  143   111.50        2.688722E+15   1.3366E-05   4.5838E-05   0.29159
FLUX  144   112.50        2.664822E+15   1.4799E-05   4.6058E-05   0.32132
FLUX  145   113.50        2.641344E+15   1.7161E-05   4.7620E-05   0.36038
FLUX  146   114.50        2.618275E+15   1.5657E-05   4.7834E-05   0.32733
FLUX  147   115.50        2.595606E+15   1.8274E-05   4.8043E-05   0.38037
FLUX  148   116.50        2.573326E+15   2.0569E-05   4.8248E-05   0.42632
FLUX  149   117.50        2.551426E+15   1.8936E-05   4.8809E-05   0.38796
FLUX  150   118.50        2.529895E+15   1.7348E-05   4.9015E-05   0.35392
FLUX  151   119.50        2.508724E+15   3.1375E-06   4.9219E-05   0.06375
FLUX  152   120.50        2.487905E+15   3.6030E-06   4.9419E-05   0.07291
FLUX  153   121.50        2.467428E+15   2.7893E-07   4.9616E-05   0.00562
FLUX  154   122.50        2.447286E+15   2.2015E-06   5.0663E-05   0.04345
FLUX  155   123.50        2.427470E+15   1.6515E-05   5.0860E-05   0.32471
FLUX  156   124.50        2.407972E+15   2.6489E-05   5.7104E-05   0.46387
FLUX  157   125.50        2.388785E+15   2.6051E-05   5.7255E-05   0.45501
FLUX  158   126.50        2.369901E+15   1.4938E-05   5.7401E-05   0.26025
FLUX  159   127.50        2.351314E+15   3.3480E-05   5.7542E-05   0.58183
FLUX  160   128.50        2.333016E+15   3.8626E-05   5.7679E-05   0.66968
FLUX  161   129.50        2.315000E+15   3.2046E-05   5.7811E-05   0.55432
FLUX  162   130.50        2.297261E+15   2.7193E-05   5.7938E-05   0.46935
FLUX  163   131.50        2.279791E+15   3.7130E-05   5.8063E-05   0.63948
FLUX  164   132.50        2.262585E+15   3.8122E-05   5.8191E-05   0.65513
FLUX  165   133.50        2.245637E+15   3.2723E-05   5.8314E-05   0.56116
FLUX  166   134.50        2.228941E+15   4.2533E-05   5.8434E-05   0.72789
FLUX  167   135.50        2.212491E+15   4.0750E-05   5.8549E-05   0.69601
FLUX  168   136.50        2.196282E+15   3.5689E-05   5.8660E-05   0.60839
FLUX  169   137.50        2.180309E+15   4.1571E-05   5.8769E-05   0.70735
FLUX  170   138.50        2.164567E+15   4.3337E-05   5.8875E-05   0.73609
FLUX  171   139.50        2.149050E+15   4.4418E-05   5.8977E-05   0.75314
FLUX  172   140.50        2.133754E+15   4.4807E-05   5.9079E-05   0.75842
FLUX  173   141.50        2.118675E+15   4.1132E-05   5.9180E-05   0.69502
FLUX  174   142.50        2.103807E+15   4.3876E-05   5.9312E-05   0.73974
FLUX  175   143.50        2.089146E+15   4.1383E-05   5.9407E-05   0.69660
FLUX  176   144.20        2.079005E+15   4.5849E-05   5.9472E-05   0.77094
FLUX  177   144.70        2.071821E+15   4.8603E-05   5.9797E-05   0.81280
FLUX  178   145.50        2.060430E+15   4.7300E-05   5.9864E-05   0.79013
FLUX  179   146.50        2.046365E+15   4.4157E-05   5.9945E-05   0.73662
FLUX  180   147.50        2.032492E+15   4.2431E-05   6.0023E-05   0.70691
FLUX  181   148.50        2.018805E+15   4.4892E-05   6.0099E-05   0.74697
FLUX  182   149.50        2.005301E+15   4.7648E-05   6.0171E-05   0.79187
FLUX  183   150.50        1.991977E+15   4.6903E-05   6.0240E-05   0.77860
FLUX  184   151.20        1.982755E+15   4.2934E-05   6.0287E-05   0.71216
FLUX  185   151.70        1.976220E+15   4.7301E-05   6.0320E-05   0.78416
FLUX  186   152.50        1.965852E+15   4.1916E-05   6.0563E-05   0.69211
FLUX  187   153.50        1.953046E+15   3.7554E-05   6.0623E-05   0.61946
FLUX  188   154.50        1.940405E+15   4.6615E-05   6.0682E-05   0.76818
FLUX  189   155.50        1.927926E+15   4.2597E-05   6.0738E-05   0.70132
FLUX  190   156.50        1.915607E+15   4.0819E-05   6.0792E-05   0.67146
FLUX  191   157.50        1.903444E+15   4.2386E-05   6.0847E-05   0.69660
FLUX  192   158.50        1.891435E+15   4.6638E-05   6.0897E-05   0.76585
FLUX  193   159.50        1.879577E+15   4.8448E-05   6.0946E-05   0.79494
FLUX  194   160.50        1.867866E+15   4.6040E-05   6.0992E-05   0.75485
FLUX  195   161.50        1.856300E+15   4.7172E-05   6.1037E-05   0.77285
FLUX  196   162.50        1.844877E+15   4.3945E-05   6.1080E-05   0.71948
FLUX  197   163.50        1.833593E+15   4.6122E-05   6.1120E-05   0.75461
FLUX  198   164.50        1.822447E+15   4.7513E-05   6.1159E-05   0.77687
FLUX  199   165.50        1.811435E+15   4.2456E-05   6.1197E-05   0.69376
FLUX  200   166.50        1.800556E+15   4.7519E-05   6.1233E-05   0.77603
FLUX  201   167.20        1.793017E+15   4.0039E-05   6.1258E-05   0.65362
FLUX  202   167.70        1.787671E+15   4.6186E-05   6.1328E-05   0.75310
FLUX  203   168.50        1.779184E+15   5.0811E-05   6.1355E-05   0.82815
FLUX  204   169.50        1.768687E+15   4.8373E-05   6.1388E-05   0.78799
FLUX  205   170.50        1.758314E+15   4.5646E-05   6.1419E-05   0.74319
FLUX  206   171.50        1.748061E+15   4.3035E-05   6.1450E-05   0.70032
FLUX  207   172.50        1.737928E+15   4.2939E-05   6.1479E-05   0.69844
FLUX  208   173.50        1.727911E+15   4.5902E-05   6.1506E-05   0.74630
FLUX  209   174.50        1.718009E+15   4.5785E-05   6.1533E-05   0.74408
FLUX  210   175.50        1.708219E+15   5.0464E-05   6.1557E-05   0.81979
FLUX  211   176.50        1.698541E+15   4.4637E-05   6.1580E-05   0.72486
FLUX  212   177.50        1.688972E+15   4.8643E-05   6.1602E-05   0.78963
FLUX  213   178.50        1.679510E+15   4.9624E-05   6.1623E-05   0.80528
FLUX  214   179.50        1.670153E+15   5.3215E-05   6.1643E-05   0.86328
FLUX  215   180.50        1.660900E+15   5.2299E-05   6.1662E-05   0.84816
FLUX  216   181.50        1.651749E+15   5.0689E-05   6.1680E-05   0.82181
FLUX  217   182.50        1.642699E+15   5.0379E-05   6.1698E-05   0.81654
FLUX  218   183.50        1.633747E+15   4.8889E-05   6.1722E-05   0.79209
FLUX  219   184.50        1.624892E+15   4.5944E-05   6.1745E-05   0.74409
FLUX  220   185.50        1.616132E+15   4.6524E-05   6.1767E-05   0.75322
FLUX  221   186.50        1.607466E+15   4.7576E-05   6.1788E-05   0.76998
FLUX  222   187.50        1.598893E+15   5.2235E-05   6.1809E-05   0.84510
FLUX  223   188.50        1.590411E+15   4.9674E-05   6.1828E-05   0.80341
FLUX  224   189.50        1.582018E+15   4.8594E-05   6.1847E-05   0.78571
FLUX  225   190.50        1.573714E+15   5.0265E-05   6.1864E-05   0.81250
FLUX  226   191.50        1.565496E+15   4.9867E-05   6.1924E-05   0.80530
FLUX  227   192.50        1.557364E+15   5.0061E-05   6.1940E-05   0.80822
FLUX  228   193.50        1.549315E+15   5.1588E-05   6.1956E-05   0.83266
FLUX  229   194.50        1.541350E+15   5.2772E-05   6.1971E-05   0.85155
FLUX  230   195.50        1.533465E+15   5.0861E-05   6.1986E-05   0.82052
FLUX  231   196.70        1.524110E+15   5.5044E-05   6.2006E-05   0.88773
FLUX  232   197.60        1.517169E+15   5.6467E-05   6.2020E-05   0.91047
FLUX  233   198.40        1.511051E+15   5.4124E-05   6.2043E-05   0.87235
FLUX  234   199.50        1.502719E+15   5.2061E-05   6.2059E-05   0.83890
FLUX  235   200.50        1.495224E+15   5.3997E-05   6.2072E-05   0.86990
FLUX  236   201.50        1.487804E+15   5.1400E-05   6.2085E-05   0.82790
FLUX  237   202.50        1.480457E+15   5.4878E-05   6.2098E-05   0.88374
FLUX  238   203.50        1.473182E+15   5.2847E-05   6.2109E-05   0.85087
FLUX  239   204.50        1.465978E+15   5.4878E-05   6.2121E-05   0.88340
FLUX  240   205.50        1.458844E+15   5.2668E-05   6.2132E-05   0.84768
FLUX  241   206.50        1.451780E+15   5.3299E-05   6.2143E-05   0.85769
FLUX  242   207.40        1.445480E+15   5.5490E-05   6.2152E-05   0.89281
FLUX  243   207.80        1.442697E+15   5.5006E-05   6.2166E-05   0.88483
FLUX  244   208.50        1.437854E+15   5.6134E-05   6.2173E-05   0.90286
FLUX  245   209.50        1.430990E+15   5.3653E-05   6.2182E-05   0.86284
FLUX  246   210.50        1.424192E+15   5.3961E-05   6.2191E-05   0.86765
FLUX  247   211.50        1.417459E+15   5.4398E-05   6.2200E-05   0.87455
FLUX  248   212.50        1.410788E+15   5.5345E-05   6.2209E-05   0.88966
FLUX  249   213.50        1.404180E+15   5.0410E-05   6.2217E-05   0.81023
FLUX  250   214.50        1.397634E+15   5.4077E-05   6.2225E-05   0.86905
FLUX  251   215.50        1.391148E+15   5.5756E-05   6.2232E-05   0.89593
FLUX  252   216.50        1.384723E+15   5.3555E-05   6.2240E-05   0.86046
FLUX  253   217.50        1.378356E+15   5.2993E-05   6.2247E-05   0.85134
FLUX  254   218.50        1.372048E+15   5.2221E-05   6.2254E-05   0.83884
FLUX  255   219.50        1.365797E+15   5.5595E-05   6.2260E-05   0.89294
FLUX  256   220.50        1.359603E+15   5.3598E-05   6.2267E-05   0.86078
FLUX  257   221.50        1.353465E+15   5.1014E-05   6.2273E-05   0.81920
FLUX  258   222.50        1.347382E+15   4.8934E-05   6.2278E-05   0.78572
FLUX  259   223.50        1.341353E+15   5.3760E-05   6.2284E-05   0.86314
FLUX  260   224.50        1.335379E+15   4.9487E-05   6.2289E-05   0.79447
FLUX  261   225.50        1.329457E+15   4.8768E-05   6.2294E-05   0.78287
FLUX  262   226.50        1.323587E+15   5.0181E-05   6.2299E-05   0.80549
FLUX  263   227.50        1.317769E+15   5.2544E-05   6.2303E-05   0.84336
FLUX  264   228.50        1.312002E+15   5.3996E-05   6.2308E-05   0.86660
FLUX  265   229.50        1.306285E+15   5.2082E-05   6.2312E-05   0.83582
FLUX  266   230.50        1.300618E+15   5.0145E-05   6.2316E-05   0.80468
FLUX  267   231.50        1.295000E+15   4.8106E-05   6.2320E-05   0.77192
FLUX  268   232.50        1.289430E+15   3.9394E-05   6.2324E-05   0.63209
FLUX  269   233.50        1.283908E+15   4.6103E-05   6.2328E-05   0.73968
FLUX  270   234.50        1.278433E+15   4.4473E-05   6.2332E-05   0.71349
FLUX  271   235.50        1.273004E+15   4.8297E-05   6.2335E-05   0.77480
FLUX  272   236.50        1.267622E+15   4.4324E-05   6.2339E-05   0.71103
FLUX  273   237.50        1.262284E+15   4.5941E-05   6.2341E-05   0.73693
FLUX  274   238.50        1.256992E+15   4.2559E-05   6.2344E-05   0.68265
FLUX  275   239.50        1.251743E+15   4.7063E-05   6.2346E-05   0.75486
FLUX  276   240.50        1.246538E+15   4.4572E-05   6.2349E-05   0.71488
FLUX  277   241.50        1.241377E+15   4.5949E-05   6.2351E-05   0.73695
FLUX  278   242.50        1.236258E+15   4.8334E-05   6.2353E-05   0.77517
FLUX  279   243.50        1.231181E+15   4.6165E-05   6.2355E-05   0.74037
FLUX  280   244.50        1.226145E+15   5.0035E-05   6.2356E-05   0.80241
FLUX  281   245.50        1.221151E+15   4.8288E-05   6.2358E-05   0.77437
FLUX  282   246.50        1.216197E+15   4.9061E-05   6.2360E-05   0.78675
FLUX  283   247.50        1.211283E+15   4.7068E-05   6.2361E-05   0.75476
FLUX  284   248.50        1.206408E+15   5.0755E-05   6.2362E-05   0.81387
FLUX  285   249.50        1.201573E+15   4.9512E-05   6.2363E-05   0.79392
FLUX  286   250.50        1.196776E+15   5.3276E-05   6.2364E-05   0.85427
FLUX  287   251.30        1.192967E+15   4.9051E-05   6.2365E-05   0.78652
FLUX  288   251.80        1.190598E+15   5.0939E-05   6.2367E-05   0.81676
FLUX  289   252.50        1.187297E+15   4.7892E-05   6.2367E-05   0.76790
FLUX  290   253.50        1.182613E+15   4.8749E-05   6.2371E-05   0.78159
FLUX  291   254.50        1.177967E+15   4.7825E-05   6.2375E-05   0.76673
FLUX  292   255.50        1.173356E+15   5.0637E-05   6.2379E-05   0.81177
FLUX  293   256.50        1.168782E+15   5.0293E-05   6.2382E-05   0.80621
FLUX  294   257.50        1.164243E+15   5.3935E-05   6.2385E-05   0.86454
FLUX  295   258.50        1.159739E+15   5.3570E-05   6.2388E-05   0.85866
FLUX  296   259.50        1.155270E+15   5.3673E-05   6.2391E-05   0.86027
FLUX  297   260.50        1.150835E+15   5.1602E-05   6.2429E-05   0.82657
FLUX  298   261.50        1.146434E+15   5.1755E-05   6.2430E-05   0.82901
FLUX  299   262.50        1.142067E+15   5.3468E-05   6.2431E-05   0.85643
FLUX  300   263.50        1.137732E+15   5.4030E-05   6.2432E-05   0.86542
FLUX  301   264.50        1.133431E+15   5.7793E-05   6.2433E-05   0.92568
FLUX  302   265.50        1.129162E+15   5.7195E-05   6.2434E-05   0.91609
FLUX  303   266.50        1.124925E+15   5.4030E-05   6.2434E-05   0.86540
FLUX  304   267.50        1.120720E+15   5.6490E-05   6.2434E-05   0.90479
FLUX  305   268.50        1.116546E+15   5.5873E-05   6.2434E-05   0.89491
FLUX  306   269.50        1.112403E+15   5.4804E-05   6.2434E-05   0.87780
FLUX  307   270.50        1.108290E+15   5.6221E-05   6.2434E-05   0.90049
FLUX  308   271.50        1.104208E+15   5.4173E-05   6.2433E-05   0.86770
FLUX  309   272.50        1.100156E+15   5.4815E-05   6.2432E-05   0.87799
FLUX  310   273.50        1.096133E+15   5.7972E-05   6.2431E-05   0.92859
FLUX  311   274.50        1.092140E+15   5.1970E-05   6.2429E-05   0.83247
FLUX  312   275.50        1.088176E+15   5.2084E-05   6.2427E-05   0.83432
FLUX  313   276.50        1.084241E+15   5.3955E-05   6.2425E-05   0.86431
FLUX  314   277.50        1.080333E+15   5.6449E-05   6.2423E-05   0.90430
FLUX  315   278.50        1.076454E+15   5.6624E-05   6.2421E-05   0.90713
FLUX  316   279.50        1.072603E+15   4.6903E-05   6.2418E-05   0.75144
FLUX  317   280.50        1.068779E+15   5.1173E-05   6.2415E-05   0.81988
FLUX  318   281.50        1.064982E+15   5.8191E-05   6.2412E-05   0.93237
FLUX  319   282.50        1.061212E+15   5.8341E-05   6.2409E-05   0.93482
FLUX  320   283.50        1.057469E+15   5.6260E-05   6.2405E-05   0.90154
FLUX  321   284.50        1.053752E+15   5.4689E-05   6.2401E-05   0.87641
FLUX  322   285.50        1.050061E+15   5.5269E-05   6.2397E-05   0.88576
FLUX  323   286.50        1.046396E+15   5.7425E-05   6.2393E-05   0.92037
FLUX  324   287.50        1.042757E+15   5.6250E-05   6.2388E-05   0.90162
FLUX  325   288.50        1.039142E+15   5.7356E-05   6.2384E-05   0.91941
FLUX  326   289.50        1.035553E+15   5.6787E-05   6.2379E-05   0.91036
FLUX  327   291.00        1.030215E+15   6.0099E-05   6.2371E-05   0.96358
FLUX  328   293.00        1.023183E+15   5.8919E-05   6.2359E-05   0.94483
FLUX  329   295.00        1.016246E+15   5.9099E-05   6.2347E-05   0.94791
FLUX  330   297.00        1.009402E+15   5.9442E-05   6.2333E-05   0.95361
FLUX  331   299.00        1.002651E+15   5.9763E-05   6.2319E-05   0.95900
FLUX  332   301.00        9.959884E+14   6.1237E-05   6.2303E-05   0.98290
FLUX  333   303.00        9.894142E+14   6.1086E-05   6.2285E-05   0.98075
FLUX  334   305.00        9.829262E+14   6.0798E-05   6.2267E-05   0.97641
FLUX  335   307.00        9.765228E+14   6.0618E-05   6.2247E-05   0.97382
FLUX  336   309.00        9.702023E+14   6.1362E-05   6.2227E-05   0.98611
FLUX  337   311.00        9.639630E+14   6.0527E-05   6.2205E-05   0.97302
FLUX  338   313.00        9.578035E+14   6.0656E-05   6.2183E-05   0.97544
FLUX  339   315.00        9.517222E+14   6.1096E-05   6.2160E-05   0.98288
FLUX  340   317.00        9.457177E+14   6.0847E-05   6.2137E-05   0.97925
FLUX  341   319.00        9.397884E+14   5.9542E-05   6.2113E-05   0.95862
FLUX  342   321.00        9.339330E+14   6.0799E-05   6.2087E-05   0.97924
FLUX  343   323.00        9.281502E+14   6.0673E-05   6.2061E-05   0.97764
FLUX  344   325.00        9.224385E+14   6.0722E-05   6.2033E-05   0.97886
FLUX  345   327.00        9.167966E+14   6.1095E-05   6.2004E-05   0.98534
FLUX  346   329.00        9.112234E+14   6.1171E-05   6.1974E-05   0.98704
FLUX  347   331.00        9.057175E+14   6.1519E-05   6.1942E-05   0.99316
FLUX  348   333.00        9.002778E+14   6.1193E-05   6.1909E-05   0.98843
FLUX  349   335.00        8.949030E+14   6.0824E-05   6.1875E-05   0.98302
FLUX  350   337.00        8.895920E+14   6.0908E-05   6.1839E-05   0.98494
FLUX  351   339.00        8.843437E+14   6.0699E-05   6.1803E-05   0.98214
FLUX  352   341.00        8.791569E+14   6.1199E-05   6.1765E-05   0.99084
FLUX  353   343.00        8.740306E+14   6.1084E-05   6.1730E-05   0.98954
FLUX  354   345.00        8.689638E+14   6.1153E-05   6.1690E-05   0.99130
FLUX  355   347.00        8.639553E+14   6.0871E-05   6.1648E-05   0.98739
FLUX  356   349.00        8.590043E+14   6.0860E-05   6.1605E-05   0.98791
FLUX  357   351.00        8.541097E+14   6.1282E-05   6.1561E-05   0.99547
FLUX  358   353.00        8.492705E+14   6.1396E-05   6.1516E-05   0.99805
FLUX  359   355.00        8.444859E+14   6.1394E-05   6.1470E-05   0.99877
FLUX  360   357.00        8.397549E+14   6.1238E-05   6.1422E-05   0.99701
FLUX  361   359.00        8.350766E+14   6.1124E-05   6.1374E-05   0.99592
FLUX  362   361.00        8.304501E+14   6.1172E-05   6.1325E-05   0.99750
FLUX  363   363.00        8.258747E+14   6.1023E-05   6.1274E-05   0.99591
FLUX  364   364.00        8.236058E+14   6.1155E-05   6.1249E-05   0.99847
FLUX  365   365.00        8.213493E+14   6.1748E-05   1.3740E-04   0.44941
FLUX  366   367.00        8.168733E+14   6.0776E-05   1.3662E-04   0.44485
FLUX  367   369.00        8.124458E+14   5.6416E-05   1.3645E-04   0.41347
FLUX  368   371.00        8.080660E+14   6.0567E-05   1.3567E-04   0.44643
FLUX  369   373.00        8.037332E+14   6.2652E-05   1.3490E-04   0.46443
FLUX  370   375.00        7.994467E+14   7.6410E-05   1.3414E-04   0.56964
FLUX  371   377.00        7.952056E+14   7.8888E-05   1.3338E-04   0.59146
FLUX  372   379.00        7.910092E+14   9.1764E-05   1.3263E-04   0.69190
FLUX  373   381.00        7.868570E+14   1.0318E-04   1.3188E-04   0.78240
FLUX  374   383.00        7.827480E+14   8.6156E-05   1.3114E-04   0.65698
FLUX  375   385.00        7.786818E+14   1.1035E-04   1.3041E-04   0.84623
FLUX  376   387.00        7.746576E+14   1.1981E-04   1.2968E-04   0.92389
FLUX  377   389.00        7.706748E+14   7.9603E-05   1.2895E-04   0.61731
FLUX  378   391.00        7.667327E+14   1.1998E-04   1.2823E-04   0.93566
FLUX  379   393.00        7.628308E+14   1.2149E-04   1.2752E-04   0.95272
FLUX  380   395.00        7.589684E+14   1.1990E-04   1.2681E-04   0.94546
FLUX  381   397.00        7.551448E+14   7.8157E-05   1.2611E-04   0.61975
FLUX  382   399.00        7.513596E+14   1.1701E-04   1.2541E-04   0.93301
FLUX  383   401.00        7.476122E+14   1.2235E-04   1.2472E-04   0.98096
FLUX  384   403.00        7.439020E+14   1.2066E-04   1.2404E-04   0.97278
FLUX  385   405.00        7.402284E+14   1.2211E-04   1.2336E-04   0.98986
FLUX  386   407.00        7.365909E+14   1.1975E-04   1.2269E-04   0.97608
FLUX  387   409.00        7.329890E+14   1.0352E-04   1.2202E-04   0.84842
FLUX  388   411.00        7.294221E+14   8.4355E-05   1.2136E-04   0.69510
FLUX  389   413.00        7.258898E+14   1.1481E-04   1.2070E-04   0.95118
FLUX  390   415.00        7.223916E+14   1.1836E-04   1.2005E-04   0.98592
FLUX  391   417.00        7.189269E+14   1.1825E-04   1.1941E-04   0.99034
FLUX  392   419.00        7.154952E+14   1.1805E-04   1.1877E-04   0.99399
FLUX  393   421.00        7.120962E+14   1.1757E-04   1.1813E-04   0.99529
FLUX  394   423.00        7.087293E+14   1.1690E-04   1.1750E-04   0.99493
FLUX  395   425.00        7.053941E+14   1.1604E-04   1.1687E-04   0.99286
FLUX  396   427.00        7.020902E+14   1.1462E-04   1.1625E-04   0.98592
FLUX  397   429.00        6.988170E+14   1.1465E-04   1.1564E-04   0.99148
FLUX  398   431.00        6.955742E+14   1.1222E-04   1.1502E-04   0.97562
FLUX  399   433.00        6.923614E+14   9.3801E-05   1.1441E-04   0.81984
FLUX  400   435.00        6.891782E+14   8.2624E-05   1.1381E-04   0.72598
FLUX  401   437.00        6.860240E+14   1.1008E-04   1.1321E-04   0.97236
FLUX  402   439.00        6.828986E+14   1.1029E-04   1.1262E-04   0.97929
FLUX  403   441.00        6.798016E+14   1.1133E-04   1.1203E-04   0.99378
FLUX  404   443.00        6.767325E+14   1.1032E-04   1.1145E-04   0.98989
FLUX  405   445.00        6.736910E+14   1.1048E-04   1.1087E-04   0.99655
FLUX  406   447.00        6.706767E+14   1.0823E-04   1.1029E-04   0.98138
FLUX  407   449.00        6.676893E+14   1.0793E-04   1.0972E-04   0.98368
FLUX  408   451.00        6.647284E+14   1.0828E-04   1.0915E-04   0.99207
FLUX  409   453.00        6.617936E+14   1.0779E-04   1.0859E-04   0.99268
FLUX  410   455.00        6.588846E+14   1.0649E-04   1.0803E-04   0.98577
FLUX  411   457.00        6.560011E+14   1.0722E-04   1.0747E-04   0.99768
FLUX  412   459.00        6.531427E+14   1.0602E-04   1.0692E-04   0.99155
FLUX  413   461.00        6.503091E+14   1.0626E-04   1.0637E-04   0.99890
FLUX  414   463.00        6.475000E+14   1.0473E-04   1.0583E-04   0.98956
FLUX  415   465.00        6.447151E+14   1.0509E-04   1.0529E-04   0.99807
FLUX  416   467.00        6.419540E+14   1.0432E-04   1.0476E-04   0.99580
FLUX  417   469.00        6.392164E+14   1.0397E-04   1.0423E-04   0.99749
FLUX  418   471.00        6.365021E+14   1.0210E-04   1.0370E-04   0.98455
FLUX  419   473.00        6.338108E+14   1.0276E-04   1.0318E-04   0.99590
FLUX  420   475.00        6.311421E+14   1.0208E-04   1.0267E-04   0.99434
FLUX  421   477.00        6.284958E+14   1.0202E-04   1.0215E-04   0.99869
FLUX  422   479.00        6.258716E+14   1.0125E-04   1.0164E-04   0.99620
FLUX  423   481.00        6.232692E+14   1.0020E-04   1.0114E-04   0.99074
FLUX  424   483.00        6.206884E+14   9.8311E-05   1.0063E-04   0.97693
FLUX  425   485.00        6.181289E+14   8.4622E-05   1.0013E-04   0.84509
FLUX  426   487.00        6.155903E+14   7.1967E-05   9.9638E-05   0.72228
FLUX  427   489.00        6.130726E+14   9.6045E-05   9.9146E-05   0.96873
FLUX  428   491.00        6.105754E+14   9.7638E-05   9.8657E-05   0.98967
FLUX  429   493.00        6.080984E+14   9.6627E-05   9.8172E-05   0.98427
FLUX  430   495.00        6.056414E+14   9.7273E-05   9.7690E-05   0.99573
FLUX  431   497.00        6.032042E+14   9.7018E-05   9.7211E-05   0.99801
FLUX  432   499.00        6.007866E+14   9.6347E-05   9.6737E-05   0.99597
FLUX  433   501.00        5.983882E+14   9.4578E-05   9.6265E-05   0.98248
FLUX  434   503.00        5.960089E+14   9.4916E-05   9.5797E-05   0.99080
FLUX  435   505.00        5.936485E+14   9.3108E-05   9.5332E-05   0.97667
FLUX  436   507.00        5.913067E+14   9.4214E-05   9.4871E-05   0.99307
FLUX  437   509.00        5.889833E+14   9.3758E-05   9.4413E-05   0.99306
FLUX  438   511.00        5.866781E+14   9.3042E-05   9.3959E-05   0.99025
FLUX  439   513.00        5.843908E+14   9.2977E-05   9.3508E-05   0.99432
FLUX  440   515.00        5.821214E+14   9.1971E-05   9.3060E-05   0.98830
FLUX  441   517.00        5.798694E+14   9.1421E-05   9.2615E-05   0.98710
FLUX  442   519.00        5.776349E+14   9.1358E-05   9.2174E-05   0.99115
FLUX  443   521.00        5.754175E+14   9.0581E-05   9.1735E-05   0.98741
FLUX  444   523.00        5.732170E+14   9.0081E-05   9.1300E-05   0.98665
FLUX  445   525.00        5.710333E+14   9.0180E-05   9.0868E-05   0.99244
FLUX  446   527.00        5.688662E+14   8.9132E-05   9.0439E-05   0.98556
FLUX  447   529.00        5.667155E+14   8.9619E-05   9.0013E-05   0.99563
FLUX  448   531.00        5.645810E+14   8.8693E-05   8.9590E-05   0.98999
FLUX  449   533.00        5.624625E+14   8.8675E-05   8.9170E-05   0.99445
FLUX  450   535.00        5.603598E+14   8.8334E-05   8.8753E-05   0.99528
FLUX  451   537.00        5.582728E+14   8.7932E-05   8.8339E-05   0.99540
FLUX  452   539.00        5.562013E+14   8.7460E-05   8.7928E-05   0.99468
FLUX  453   541.00        5.541451E+14   8.6908E-05   8.7520E-05   0.99301
FLUX  454   543.00        5.521041E+14   8.6608E-05   8.7115E-05   0.99418
FLUX  455   545.00        5.500780E+14   8.6347E-05   8.6712E-05   0.99579
FLUX  456   547.00        5.480667E+14   8.5820E-05   8.6313E-05   0.99429
FLUX  457   549.00        5.460701E+14   8.5512E-05   8.5916E-05   0.99529
FLUX  458   551.00        5.440880E+14   8.5125E-05   8.5522E-05   0.99536
FLUX  459   553.00        5.421203E+14   8.4881E-05   8.5131E-05   0.99706
FLUX  460   555.00        5.401667E+14   8.4490E-05   8.4742E-05   0.99703
FLUX  461   557.00        5.382271E+14   8.4105E-05   8.4356E-05   0.99702
FLUX  462   559.00        5.363014E+14   8.3740E-05   8.3973E-05   0.99722
FLUX  463   561.00        5.343895E+14   8.3496E-05   8.3592E-05   0.99885
FLUX  464   563.00        5.324911E+14   8.3139E-05   8.3214E-05   0.99910
FLUX  465   565.00        5.306062E+14   8.2437E-05   8.2838E-05   0.99515
FLUX  466   567.00        5.287346E+14   8.2163E-05   8.2465E-05   0.99635
FLUX  467   569.00        5.268761E+14   8.1959E-05   8.2094E-05   0.99836
FLUX  468   571.00        5.250306E+14   8.1610E-05   8.1725E-05   0.99860
FLUX  469   573.00        5.231981E+14   8.1276E-05   8.1359E-05   0.99898
FLUX  470   575.00        5.213783E+14   8.0906E-05   8.0995E-05   0.99889
FLUX  471   577.00        5.195711E+14   8.0546E-05   8.0634E-05   0.99890
FLUX  472   579.00        5.177763E+14   8.0073E-05   8.0276E-05   0.99747
FLUX  473   581.00        5.159940E+14   7.9781E-05   7.9920E-05   0.99827
FLUX  474   583.00        5.142238E+14   7.9467E-05   7.9566E-05   0.99876
FLUX  475   585.00        5.124658E+14   7.9113E-05   7.9215E-05   0.99872
FLUX  476   587.00        5.107198E+14   7.7931E-05   7.8865E-05   0.98816
FLUX  477   589.00        5.089856E+14   7.8242E-05   7.8519E-05   0.99648
FLUX  478   591.00        5.072631E+14   7.8073E-05   7.8174E-05   0.99870
FLUX  479   593.00        5.055523E+14   7.7794E-05   7.7832E-05   0.99950
FLUX  480   595.00        5.038529E+14   7.7072E-05   7.7492E-05   0.99458
FLUX  481   597.00        5.021650E+14   7.6985E-05   7.7155E-05   0.99780
FLUX  482   599.00        5.004883E+14   7.6428E-05   7.6819E-05   0.99490
FLUX  483   601.00        4.988228E+14   7.6427E-05   7.6486E-05   0.99922
FLUX  484   603.00        4.971683E+14   7.6099E-05   7.6155E-05   0.99927
FLUX  485   605.00        4.955248E+14   7.5744E-05   7.5827E-05   0.99890
FLUX  486   607.00        4.938921E+14   7.5406E-05   7.5501E-05   0.99874
FLUX  487   609.00        4.922701E+14   7.5090E-05   7.5177E-05   0.99885
FLUX  488   611.00        4.906588E+14   7.4819E-05   7.4855E-05   0.99951
FLUX  489   613.00        4.890579E+14   7.4475E-05   7.4535E-05   0.99919
FLUX  490   615.00        4.874675E+14   7.3661E-05   7.4218E-05   0.99249
FLUX  491   617.00        4.858874E+14   7.3817E-05   7.3902E-05   0.99884
FLUX  492   619.00        4.843174E+14   7.3554E-05   7.3589E-05   0.99953
FLUX  493   621.00        4.827576E+14   7.3240E-05   7.3277E-05   0.99949
FLUX  494   623.00        4.812079E+14   7.2853E-05   7.2968E-05   0.99842
FLUX  495   625.00        4.796680E+14   7.2200E-05   7.2660E-05   0.99367
FLUX  496   627.00        4.781380E+14   7.2303E-05   7.2355E-05   0.99928
FLUX  497   629.00        4.766176E+14   7.1990E-05   7.2051E-05   0.99915
FLUX  498   631.00        4.751070E+14   7.1601E-05   7.1749E-05   0.99793
FLUX  499   633.00        4.736058E+14   7.1367E-05   7.1450E-05   0.99884
FLUX  500   635.00        4.721142E+14   7.0145E-05   7.1152E-05   0.98584
FLUX  501   637.00        4.706319E+14   7.0139E-05   7.0856E-05   0.98988
FLUX  502   639.00        4.691588E+14   7.0451E-05   7.0561E-05   0.99844
FLUX  503   641.00        4.676950E+14   7.0080E-05   7.0269E-05   0.99731
FLUX  504   643.00        4.662403E+14   6.9903E-05   6.9979E-05   0.99892
FLUX  505   645.00        4.647946E+14   6.9379E-05   6.9690E-05   0.99553
FLUX  506   647.00        4.633578E+14   6.9327E-05   6.9403E-05   0.99891
FLUX  507   649.00        4.619299E+14   6.8786E-05   6.9117E-05   0.99521
FLUX  508   651.00        4.605108E+14   6.8318E-05   6.8834E-05   0.99250
FLUX  509   653.00        4.591003E+14   6.7364E-05   6.8552E-05   0.98267
FLUX  510   655.00        4.576985E+14   6.1861E-05   6.8272E-05   0.90611
FLUX  511   657.00        4.563052E+14   5.2283E-05   6.7993E-05   0.76895
FLUX  512   659.00        4.549203E+14   6.5593E-05   6.7717E-05   0.96863
FLUX  513   661.00        4.535439E+14   6.6883E-05   6.7442E-05   0.99171
FLUX  514   663.00        4.521757E+14   6.6868E-05   6.7168E-05   0.99554
FLUX  515   665.00        4.508158E+14   6.6793E-05   6.6898E-05   0.99843
FLUX  516   667.00        4.494640E+14   6.6377E-05   6.6628E-05   0.99623
FLUX  517   669.00        4.481203E+14   6.6122E-05   6.6360E-05   0.99642
FLUX  518   671.00        4.467846E+14   6.6027E-05   6.6093E-05   0.99900
FLUX  519   673.00        4.454569E+14   6.5738E-05   6.5828E-05   0.99863
FLUX  520   675.00        4.441370E+14   6.5497E-05   6.5565E-05   0.99898
FLUX  521   677.00        4.428250E+14   6.5258E-05   6.5303E-05   0.99931
FLUX  522   679.00        4.415206E+14   6.4965E-05   6.5043E-05   0.99880
FLUX  523   681.00        4.402239E+14   6.4715E-05   6.4784E-05   0.99894
FLUX  524   683.00        4.389348E+14   6.4405E-05   6.4527E-05   0.99812
FLUX  525   685.00        4.376533E+14   6.4175E-05   6.4272E-05   0.99850
FLUX  526   687.00        4.363792E+14   6.3946E-05   6.4018E-05   0.99888
FLUX  527   689.00        4.351125E+14   6.3691E-05   6.3765E-05   0.99884
FLUX  528   691.00        4.338531E+14   6.3437E-05   6.3514E-05   0.99878
FLUX  529   693.00        4.326010E+14   6.3122E-05   6.3265E-05   0.99774
FLUX  530   695.00        4.313561E+14   6.2941E-05   6.3017E-05   0.99879
FLUX  531   697.00        4.301184E+14   6.2716E-05   6.2771E-05   0.99912
FLUX  532   699.00        4.288877E+14   6.2502E-05   6.2526E-05   0.99961
FLUX  533   701.00        4.276641E+14   6.2174E-05   6.2283E-05   0.99826
FLUX  534   703.00        4.264474E+14   6.1992E-05   6.2041E-05   0.99922
FLUX  535   705.00        4.252376E+14   6.1617E-05   6.1800E-05   0.99704
FLUX  536   707.00        4.240347E+14   6.1339E-05   6.1561E-05   0.99639
FLUX  537   709.00        4.228385E+14   6.1299E-05   6.1323E-05   0.99960
FLUX  538   711.00        4.216491E+14   6.0967E-05   6.1087E-05   0.99804
FLUX  539   713.00        4.204663E+14   6.0776E-05   6.0852E-05   0.99875
FLUX  540   715.00        4.192902E+14   6.0540E-05   6.0618E-05   0.99870
FLUX  541   717.00        4.181206E+14   6.0337E-05   6.0386E-05   0.99919
FLUX  542   719.00        4.169576E+14   6.0124E-05   6.0155E-05   0.99948
FLUX  543   721.00        4.158010E+14   5.9900E-05   5.9926E-05   0.99957
FLUX  544   723.00        4.146508E+14   5.9576E-05   5.9697E-05   0.99796
FLUX  545   725.00        4.135069E+14   5.9392E-05   5.9470E-05   0.99869
FLUX  546   727.00        4.123693E+14   5.9221E-05   5.9245E-05   0.99960
FLUX  547   729.00        4.112380E+14   5.8939E-05   5.9020E-05   0.99863
FLUX  548   731.00        4.101129E+14   5.8753E-05   5.8797E-05   0.99925
FLUX  549   733.00        4.089939E+14   5.8547E-05   5.8575E-05   0.99953
FLUX  550   735.00        4.078810E+14   5.8348E-05   5.8355E-05   0.99990
FLUX  551   737.00        4.067741E+14   5.8126E-05   5.8135E-05   0.99984
FLUX  552   739.00        4.056732E+14   5.7908E-05   5.7917E-05   0.99984
FLUX  553   741.00        4.045783E+14   5.7653E-05   5.7700E-05   0.99918
FLUX  554   743.00        4.034892E+14   5.7348E-05   5.7485E-05   0.99762
FLUX  555   745.00        4.024060E+14   5.7193E-05   5.7270E-05   0.99865
FLUX  556   747.00        4.013286E+14   5.6899E-05   5.7057E-05   0.99723
FLUX  557   749.00        4.002570E+14   5.6765E-05   5.6845E-05   0.99859
FLUX  558   751.00        3.991911E+14   5.6545E-05   5.6634E-05   0.99842
FLUX  559   753.00        3.981308E+14   5.6395E-05   5.6425E-05   0.99948
FLUX  560   755.00        3.970762E+14   5.6190E-05   5.6216E-05   0.99954
FLUX  561   757.00        3.960271E+14   5.5986E-05   5.6009E-05   0.99959
FLUX  562   759.00        3.949835E+14   5.5764E-05   5.5803E-05   0.99931
FLUX  563   761.00        3.939455E+14   5.5593E-05   5.5598E-05   0.99991
FLUX  564   763.00        3.929128E+14   5.5374E-05   5.5394E-05   0.99964
FLUX  565   765.00        3.918856E+14   5.5144E-05   5.5191E-05   0.99915
FLUX  566   767.00        3.908638E+14   5.4955E-05   5.4989E-05   0.99938
FLUX  567   769.00        3.898472E+14   5.4753E-05   5.4789E-05   0.99934
FLUX  568   771.00        3.888359E+14   5.4530E-05   5.4590E-05   0.99892
FLUX  569   773.00        3.878299E+14   5.4361E-05   5.4391E-05   0.99945
FLUX  570   775.00        3.868290E+14   5.4159E-05   5.4194E-05   0.99935
FLUX  571   777.00        3.858333E+14   5.3205E-05   5.3998E-05   0.98532
FLUX  572   779.00        3.848427E+14   5.3767E-05   5.3803E-05   0.99934
FLUX  573   781.00        3.838572E+14   5.3604E-05   5.3609E-05   0.99990
FLUX  574   783.00        3.828768E+14   5.3398E-05   5.3416E-05   0.99967
FLUX  575   785.00        3.819013E+14   5.3063E-05   5.3225E-05   0.99695
FLUX  576   787.00        3.809307E+14   5.2784E-05   5.3034E-05   0.99528
FLUX  577   789.00        3.799651E+14   5.2529E-05   5.2845E-05   0.99403
FLUX  578   791.00        3.790044E+14   5.2608E-05   5.2656E-05   0.99908
FLUX  579   793.00        3.780485E+14   5.2455E-05   5.2468E-05   0.99975
FLUX  580   795.00        3.770975E+14   5.2057E-05   5.2282E-05   0.99570
FLUX  581   797.00        3.761512E+14   5.2081E-05   5.2096E-05   0.99970
FLUX  582   799.00        3.752096E+14   5.1505E-05   5.1912E-05   0.99216
FLUX  583   801.00        3.742728E+14   5.1713E-05   5.1728E-05   0.99970
FLUX  584   803.00        3.733406E+14   5.1520E-05   5.1546E-05   0.99950
FLUX  585   805.00        3.724130E+14   5.1334E-05   5.1364E-05   0.99941
FLUX  586   807.00        3.714901E+14   5.1162E-05   5.1183E-05   0.99959
FLUX  587   809.00        3.705717E+14   5.0970E-05   5.1003E-05   0.99934
FLUX  588   811.00        3.696578E+14   5.0780E-05   5.0825E-05   0.99912
FLUX  589   813.00        3.687485E+14   5.0621E-05   5.0647E-05   0.99949
FLUX  590   815.00        3.678436E+14   5.0447E-05   5.0470E-05   0.99955
FLUX  591   817.00        3.669431E+14   5.0282E-05   5.0294E-05   0.99976
FLUX  592   819.00        3.660470E+14   5.0030E-05   5.0119E-05   0.99823
FLUX  593   821.00        3.651553E+14   4.9859E-05   5.7169E-05   0.87214
FLUX  594   823.00        3.642679E+14   4.9597E-05   5.6953E-05   0.87085
FLUX  595   825.00        3.633848E+14   4.9731E-05   5.6738E-05   0.87650
FLUX  596   827.00        3.625060E+14   4.9638E-05   5.6526E-05   0.87815
FLUX  597   829.00        3.616315E+14   4.9346E-05   5.6314E-05   0.87626
FLUX  598   831.00        3.607611E+14   4.9249E-05   5.6103E-05   0.87783
FLUX  599   833.00        3.598950E+14   4.8929E-05   5.5893E-05   0.87541
FLUX  600   835.00        3.590329E+14   4.8522E-05   5.5684E-05   0.87138
FLUX  601   837.00        3.581750E+14   4.8147E-05   5.5476E-05   0.86788
FLUX  602   839.00        3.573212E+14   4.7520E-05   5.5270E-05   0.85978
FLUX  603   841.00        3.564715E+14   4.7039E-05   5.5064E-05   0.85425
FLUX  604   843.00        3.556257E+14   4.6695E-05   5.4860E-05   0.85117
FLUX  605   845.00        3.547840E+14   4.6449E-05   5.4657E-05   0.84983
FLUX  606   847.00        3.539463E+14   4.5403E-05   5.4455E-05   0.83377
FLUX  607   849.00        3.531125E+14   4.7061E-05   5.4254E-05   0.86741
FLUX  608   851.00        3.522826E+14   4.4772E-05   5.4054E-05   0.82827
FLUX  609   853.00        3.514566E+14   4.7866E-05   5.3856E-05   0.88877
FLUX  610   855.00        3.506345E+14   4.3065E-05   5.3658E-05   0.80258
FLUX  611   857.00        3.498162E+14   4.9045E-05   5.3462E-05   0.91738
FLUX  612   859.00        3.490017E+14   4.5080E-05   5.3267E-05   0.84631
FLUX  613   861.00        3.481911E+14   4.4246E-05   5.3073E-05   0.83370
FLUX  614   863.00        3.473841E+14   4.9913E-05   5.2879E-05   0.94390
FLUX  615   865.00        3.465809E+14   4.7410E-05   5.2687E-05   0.89984
FLUX  616   867.00        3.457814E+14   4.0760E-05   5.2496E-05   0.77644
FLUX  617   869.00        3.449856E+14   4.8667E-05   5.2307E-05   0.93042
FLUX  618   871.00        3.441935E+14   5.0432E-05   5.2118E-05   0.96766
FLUX  619   873.00        3.434049E+14   4.8381E-05   5.1930E-05   0.93165
FLUX  620   875.00        3.426200E+14   3.9816E-05   5.1743E-05   0.76950
FLUX  621   877.00        3.418387E+14   4.6467E-05   5.1557E-05   0.90128
FLUX  622   879.00        3.410609E+14   4.9985E-05   5.1373E-05   0.97298
FLUX  623   881.00        3.402866E+14   5.0297E-05   5.1189E-05   0.98259
FLUX  624   883.00        3.395159E+14   4.9288E-05   5.1006E-05   0.96632
FLUX  625   885.00        3.387486E+14   4.4907E-05   5.0824E-05   0.88357
FLUX  626   887.00        3.379848E+14   3.9206E-05   5.0643E-05   0.77416
FLUX  627   889.00        3.372244E+14   4.7678E-05   5.0463E-05   0.94480
FLUX  628   891.00        3.364675E+14   4.9333E-05   5.0285E-05   0.98108
FLUX  629   893.00        3.357139E+14   4.9463E-05   5.0107E-05   0.98716
FLUX  630   895.00        3.349637E+14   4.9485E-05   4.9930E-05   0.99110
FLUX  631   897.00        3.342168E+14   4.8988E-05   4.9754E-05   0.98461
FLUX  632   899.00        3.334733E+14   4.7244E-05   4.9579E-05   0.95291
FLUX  633   901.00        3.327331E+14   3.9184E-05   4.9405E-05   0.79312
FLUX  634   903.00        3.319961E+14   4.2299E-05   4.9232E-05   0.85917
FLUX  635   905.00        3.312624E+14   4.7480E-05   4.9059E-05   0.96780
FLUX  636   907.00        3.305320E+14   4.7971E-05   4.8888E-05   0.98124
FLUX  637   909.00        3.298047E+14   4.8013E-05   4.8717E-05   0.98555
FLUX  638   911.00        3.290807E+14   4.8178E-05   4.8547E-05   0.99239
FLUX  639   913.00        3.283598E+14   4.8024E-05   4.8379E-05   0.99266
FLUX  640   915.00        3.276421E+14   4.7950E-05   4.8211E-05   0.99460
FLUX  641   917.00        3.269275E+14   4.7530E-05   4.8044E-05   0.98931
FLUX  642   919.00        3.262160E+14   4.6698E-05   4.7877E-05   0.97536
FLUX  643   921.00        3.255076E+14   4.4214E-05   4.7712E-05   0.92668
FLUX  644   923.00        3.248023E+14   3.6022E-05   4.7548E-05   0.75760
FLUX  645   925.00        3.241000E+14   4.3003E-05   4.7384E-05   0.90754
FLUX  646   927.00        3.234008E+14   4.5346E-05   4.7221E-05   0.96028
FLUX  647   929.00        3.227045E+14   4.6518E-05   4.7059E-05   0.98850
FLUX  648   931.00        3.220113E+14   4.6642E-05   4.6898E-05   0.99455
FLUX  649   933.00        3.213210E+14   4.6514E-05   4.6738E-05   0.99521
FLUX  650   935.00        3.206337E+14   4.6504E-05   4.6578E-05   0.99841
FLUX  651   937.00        3.199493E+14   4.6362E-05   4.6420E-05   0.99875
FLUX  652   939.00        3.192678E+14   4.6101E-05   4.6262E-05   0.99653
FLUX  653   941.00        3.185893E+14   4.5585E-05   4.6105E-05   0.98872
FLUX  654   943.00        3.179136E+14   4.5848E-05   4.5949E-05   0.99780
FLUX  655   945.00        3.172407E+14   4.5654E-05   4.5793E-05   0.99696
FLUX  656   947.00        3.165707E+14   4.5388E-05   4.5639E-05   0.99452
FLUX  657   949.00        3.159036E+14   4.5050E-05   4.5485E-05   0.99043
FLUX  658   951.00        3.152392E+14   4.4256E-05   4.5332E-05   0.97627
FLUX  659   953.00        3.145776E+14   4.1262E-05   4.5179E-05   0.91330
FLUX  660   955.00        3.139188E+14   3.4522E-05   4.5028E-05   0.76669
FLUX  661   957.00        3.132628E+14   4.1779E-05   4.4877E-05   0.93097
FLUX  662   959.00        3.126095E+14   4.3886E-05   4.4727E-05   0.98120
FLUX  663   961.00        3.119589E+14   4.4199E-05   4.4578E-05   0.99151
FLUX  664   963.00        3.113110E+14   4.3831E-05   4.4430E-05   0.98652
FLUX  665   965.00        3.106658E+14   4.4190E-05   4.4282E-05   0.99792
FLUX  666   967.00        3.100233E+14   4.3975E-05   4.4135E-05   0.99638
FLUX  667   969.00        3.093834E+14   4.3940E-05   4.3989E-05   0.99889
FLUX  668   971.00        3.087461E+14   4.3831E-05   4.3843E-05   0.99972
FLUX  669   973.00        3.081115E+14   4.3681E-05   4.3699E-05   0.99960
FLUX  670   975.00        3.074795E+14   4.3525E-05   4.3554E-05   0.99933
FLUX  671   977.00        3.068501E+14   4.3406E-05   4.3411E-05   0.99989
FLUX  672   979.00        3.062232E+14   4.3254E-05   4.3269E-05   0.99966
FLUX  673   981.00        3.055989E+14   4.3096E-05   4.3127E-05   0.99928
FLUX  674   983.00        3.049771E+14   4.2908E-05   4.2985E-05   0.99821
FLUX  675   985.00        3.043579E+14   4.2803E-05   4.2845E-05   0.99903
FLUX  676   987.00        3.037411E+14   4.2656E-05   4.2705E-05   0.99885
FLUX  677   989.00        3.031269E+14   4.2428E-05   4.2566E-05   0.99676
FLUX  678   991.00        3.025151E+14   4.2378E-05   4.2427E-05   0.99883
FLUX  679   993.00        3.019058E+14   4.2236E-05   4.2290E-05   0.99872
FLUX  680   995.00        3.012990E+14   4.2024E-05   4.2152E-05   0.99696
FLUX  681   997.00        3.006946E+14   4.1821E-05   4.2016E-05   0.99535
FLUX  682   999.00        3.000926E+14   4.1537E-05   4.1880E-05   0.99179
FLUX  683  1002.50        2.990449E+14   3.8649E-05   4.1644E-05   0.92808
FLUX  684  1007.50        2.975608E+14   3.7188E-05   4.1311E-05   0.90022
FLUX  685  1012.50        2.960914E+14   4.0512E-05   4.0981E-05   0.98856
FLUX  686  1017.50        2.946364E+14   4.0557E-05   4.0655E-05   0.99759
FLUX  687  1022.50        2.931956E+14   4.0312E-05   4.0334E-05   0.99947
FLUX  688  1027.50        2.917689E+14   3.9997E-05   4.0016E-05   0.99954
FLUX  689  1032.50        2.903559E+14   3.9658E-05   3.9702E-05   0.99890
FLUX  690  1037.50        2.889566E+14   3.9369E-05   3.9391E-05   0.99945
FLUX  691  1042.50        2.875707E+14   3.9073E-05   3.9084E-05   0.99971
FLUX  692  1047.50        2.861981E+14   3.8744E-05   3.8781E-05   0.99904
FLUX  693  1052.50        2.848385E+14   3.8414E-05   3.8481E-05   0.99824
FLUX  694  1057.50        2.834917E+14   3.8153E-05   3.8185E-05   0.99916
FLUX  695  1062.50        2.821576E+14   3.7880E-05   3.7892E-05   0.99967
FLUX  696  1067.50        2.808361E+14   3.7402E-05   3.7603E-05   0.99466
FLUX  697  1072.50        2.795268E+14   3.7250E-05   3.7316E-05   0.99823
FLUX  698  1077.50        2.782297E+14   3.6996E-05   3.7033E-05   0.99899
FLUX  699  1082.50        2.769446E+14   3.6554E-05   3.6754E-05   0.99458
FLUX  700  1087.50        2.756713E+14   3.6116E-05   3.6477E-05   0.99011
FLUX  701  1092.50        2.744096E+14   3.1771E-05   3.6204E-05   0.87756
FLUX  702  1097.50        2.731595E+14   3.4258E-05   3.5933E-05   0.95337
FLUX  703  1102.50        2.719206E+14   3.5472E-05   3.5666E-05   0.99457
FLUX  704  1107.50        2.706930E+14   3.5377E-05   3.5402E-05   0.99929
FLUX  705  1112.50        2.694764E+14   3.5132E-05   3.5141E-05   0.99975
FLUX  706  1117.50        2.682707E+14   3.4868E-05   3.4882E-05   0.99960
FLUX  707  1122.50        2.670757E+14   3.4618E-05   3.4627E-05   0.99975
FLUX  708  1127.50        2.658914E+14   3.4147E-05   3.4374E-05   0.99340
FLUX  709  1132.50        2.647174E+14   3.3944E-05   3.4124E-05   0.99471
FLUX  710  1137.50        2.635538E+14   3.3865E-05   3.3877E-05   0.99963
FLUX  711  1142.50        2.624004E+14   3.3618E-05   3.3632E-05   0.99958
FLUX  712  1147.50        2.612571E+14   3.3386E-05   3.3391E-05   0.99986
FLUX  713  1152.50        2.601236E+14   3.3148E-05   3.3151E-05   0.99990
FLUX  714  1157.50        2.590000E+14   3.2911E-05   3.2915E-05   0.99987
FLUX  715  1162.50        2.578860E+14   3.2619E-05   3.2681E-05   0.99810
FLUX  716  1167.50        2.567816E+14   3.2383E-05   3.2449E-05   0.99795
FLUX  717  1172.50        2.556866E+14   3.2207E-05   3.2220E-05   0.99960
FLUX  718  1177.50        2.546008E+14   3.1867E-05   3.1994E-05   0.99604
FLUX  719  1182.50        2.535243E+14   3.1746E-05   3.1769E-05   0.99926
FLUX  720  1187.50        2.524568E+14   3.1502E-05   3.1547E-05   0.99856
FLUX  721  1192.50        2.513983E+14   3.1326E-05   3.1328E-05   0.99994
FLUX  722  1197.50        2.503486E+14   3.1083E-05   3.1111E-05   0.99911
FLUX  723  1202.50        2.493077E+14   3.0890E-05   3.0896E-05   0.99982
FLUX  724  1207.50        2.482754E+14   3.0675E-05   3.0683E-05   0.99974
FLUX  725  1212.50        2.472515E+14   3.0460E-05   3.0472E-05   0.99960
FLUX  726  1217.50        2.462361E+14   3.0258E-05   3.0264E-05   0.99981
FLUX  727  1222.50        2.452290E+14   3.0048E-05   3.0057E-05   0.99970
FLUX  728  1227.50        2.442301E+14   2.9835E-05   2.9853E-05   0.99939
FLUX  729  1232.50        2.432394E+14   2.9638E-05   2.9651E-05   0.99954
FLUX  730  1237.50        2.422566E+14   2.9440E-05   2.9451E-05   0.99962
FLUX  731  1242.50        2.412817E+14   2.9251E-05   2.9253E-05   0.99993
FLUX  732  1247.50        2.403146E+14   2.8997E-05   2.9057E-05   0.99795
FLUX  733  1252.50        2.393553E+14   2.8856E-05   2.8863E-05   0.99976
FLUX  734  1257.50        2.384036E+14   2.8626E-05   2.8671E-05   0.99844
FLUX  735  1262.50        2.374594E+14   2.8465E-05   2.8480E-05   0.99946
FLUX  736  1267.50        2.365227E+14   2.8279E-05   2.8292E-05   0.99953
FLUX  737  1272.50        2.355933E+14   2.7994E-05   2.8106E-05   0.99603
FLUX  738  1277.50        2.346712E+14   2.7281E-05   2.7921E-05   0.97708
FLUX  739  1282.50        2.337563E+14   2.4355E-05   2.7739E-05   0.87802
FLUX  740  1287.50        2.328485E+14   2.7114E-05   2.7558E-05   0.98392
FLUX  741  1292.50        2.319478E+14   2.7297E-05   2.7378E-05   0.99702
FLUX  742  1297.50        2.310539E+14   2.7192E-05   2.7201E-05   0.99966
FLUX  743  1302.50        2.301670E+14   2.7025E-05   2.7025E-05   0.99997
FLUX  744  1307.50        2.292868E+14   2.6850E-05   2.6852E-05   0.99994
FLUX  745  1312.50        2.284133E+14   2.6679E-05   2.6679E-05   0.99997
FLUX  746  1317.50        2.275465E+14   2.6469E-05   2.6509E-05   0.99851
FLUX  747  1322.50        2.266862E+14   2.6339E-05   2.6340E-05   0.99998
FLUX  748  1327.50        2.258324E+14   2.6172E-05   2.6172E-05   0.99998
FLUX  749  1332.50        2.249850E+14   2.6006E-05   2.6007E-05   0.99997
FLUX  750  1337.50        2.241439E+14   2.5842E-05   2.5842E-05   0.99997
FLUX  751  1342.50        2.233091E+14   2.5673E-05   2.5680E-05   0.99973
FLUX  752  1347.50        2.224805E+14   2.5510E-05   2.5519E-05   0.99966
FLUX  753  1352.50        2.216580E+14   2.5345E-05   2.5359E-05   0.99946
FLUX  754  1357.50        2.208416E+14   2.5192E-05   2.5201E-05   0.99964
FLUX  755  1362.50        2.200312E+14   2.5036E-05   2.5044E-05   0.99965
FLUX  756  1367.50        2.192267E+14   2.4870E-05   2.4889E-05   0.99921
FLUX  757  1372.50        2.184281E+14   2.4719E-05   2.4736E-05   0.99932
FLUX  758  1377.50        2.176352E+14   2.4581E-05   2.4583E-05   0.99992
FLUX  759  1382.50        2.168481E+14   2.4430E-05   2.4432E-05   0.99992
FLUX  760  1387.50        2.160667E+14   2.4282E-05   2.4283E-05   0.99997
FLUX  761  1392.50        2.152908E+14   2.4130E-05   2.4135E-05   0.99980
FLUX  762  1397.50        2.145206E+14   2.3985E-05   2.3988E-05   0.99988
FLUX  763  1402.50        2.137558E+14   2.3842E-05   2.3843E-05   0.99998
FLUX  764  1407.50        2.129964E+14   2.3697E-05   2.3699E-05   0.99993
FLUX  765  1412.50        2.122425E+14   2.3552E-05   2.3556E-05   0.99984
FLUX  766  1417.50        2.114938E+14   2.3414E-05   2.3414E-05   0.99998
FLUX  767  1422.50        2.107504E+14   2.3274E-05   2.3274E-05   0.99997
FLUX  768  1427.50        2.100123E+14   2.3135E-05   2.3135E-05   0.99998
FLUX  769  1432.50        2.092792E+14   2.2996E-05   2.2998E-05   0.99993
FLUX  770  1437.50        2.085513E+14   2.2859E-05   2.2861E-05   0.99989
FLUX  771  1442.50        2.078284E+14   2.2686E-05   2.2726E-05   0.99826
FLUX  772  1447.50        2.071105E+14   2.2587E-05   2.2592E-05   0.99978
FLUX  773  1452.50        2.063976E+14   2.2438E-05   2.2459E-05   0.99907
FLUX  774  1457.00        2.057601E+14   2.2340E-05   2.2340E-05   0.99997
FLUX  775  1462.00        2.050564E+14   2.2563E-05   2.3050E-05   0.97889
FLUX  776  1467.50        2.042879E+14   2.2875E-05   2.2899E-05   0.99896
FLUX  777  1472.50        2.035942E+14   2.2632E-05   2.2763E-05   0.99427
FLUX  778  1477.50        2.029052E+14   2.2341E-05   2.2628E-05   0.98730
FLUX  779  1482.50        2.022209E+14   2.2085E-05   2.2495E-05   0.98179
FLUX  780  1487.50        2.015412E+14   2.1824E-05   2.2362E-05   0.97592
FLUX  781  1492.50        2.008660E+14   2.1614E-05   2.2231E-05   0.97226
FLUX  782  1497.50        2.001953E+14   2.1372E-05   2.2101E-05   0.96700
FLUX  783  1502.50        1.995291E+14   2.1183E-05   2.1972E-05   0.96408
FLUX  784  1507.50        1.988673E+14   2.1007E-05   2.1845E-05   0.96166
FLUX  785  1512.50        1.982099E+14   2.0746E-05   2.1718E-05   0.95523
FLUX  786  1517.50        1.975568E+14   2.0596E-05   2.1593E-05   0.95385
FLUX  787  1522.50        1.969080E+14   2.0515E-05   2.1468E-05   0.95558
FLUX  788  1527.50        1.962635E+14   2.0322E-05   2.1345E-05   0.95208
FLUX  789  1532.50        1.956232E+14   2.0167E-05   2.1223E-05   0.95028
FLUX  790  1537.50        1.949870E+14   2.0210E-05   2.1101E-05   0.95777
FLUX  791  1542.50        1.943549E+14   1.9837E-05   2.0981E-05   0.94545
FLUX  792  1547.50        1.937270E+14   2.0016E-05   2.0862E-05   0.95943
FLUX  793  1552.50        1.931031E+14   1.9889E-05   2.0744E-05   0.95880
FLUX  794  1557.50        1.924831E+14   1.9342E-05   2.0627E-05   0.93769
FLUX  795  1562.50        1.918672E+14   2.0062E-05   2.0511E-05   0.97814
FLUX  796  1567.50        1.912552E+14   1.9384E-05   2.0396E-05   0.95038
FLUX  797  1572.50        1.906471E+14   1.8982E-05   2.0282E-05   0.93593
FLUX  798  1577.50        1.900428E+14   1.9848E-05   2.0168E-05   0.98413
FLUX  799  1582.50        1.894423E+14   1.9650E-05   2.0056E-05   0.97976
FLUX  800  1587.50        1.888457E+14   1.8238E-05   1.9945E-05   0.91445
FLUX  801  1592.50        1.882527E+14   1.9130E-05   1.9834E-05   0.96448
FLUX  802  1597.50        1.876635E+14   1.9588E-05   1.9725E-05   0.99307
FLUX  803  1605.00        1.867866E+14   1.9092E-05   1.9562E-05   0.97595
FLUX  804  1615.00        1.856300E+14   1.8280E-05   1.9349E-05   0.94473
FLUX  805  1625.00        1.844877E+14   1.9051E-05   1.9139E-05   0.99540
FLUX  806  1635.00        1.833593E+14   1.8421E-05   1.8932E-05   0.97299
FLUX  807  1645.00        1.822447E+14   1.7661E-05   1.8729E-05   0.94299
FLUX  808  1655.00        1.811435E+14   1.8473E-05   1.8529E-05   0.99697
FLUX  809  1665.00        1.800556E+14   1.8296E-05   1.8332E-05   0.99803
FLUX  810  1675.00        1.789806E+14   1.7626E-05   1.8138E-05   0.97178
FLUX  811  1685.00        1.779184E+14   1.6886E-05   1.7948E-05   0.94084
FLUX  812  1695.00        1.768687E+14   1.7707E-05   1.7760E-05   0.99700
FLUX  813  1705.00        1.758314E+14   1.7562E-05   1.7575E-05   0.99925
FLUX  814  1715.00        1.748061E+14   1.7385E-05   1.7394E-05   0.99950
FLUX  815  1725.00        1.737928E+14   1.7124E-05   1.7215E-05   0.99475
FLUX  816  1735.00        1.727911E+14   1.5772E-05   1.7038E-05   0.92571
FLUX  817  1745.00        1.718009E+14   1.6643E-05   1.6865E-05   0.98685
FLUX  818  1755.00        1.708219E+14   1.6675E-05   1.6694E-05   0.99887
FLUX  819  1765.00        1.698541E+14   1.6517E-05   1.6526E-05   0.99945
FLUX  820  1775.00        1.688972E+14   1.6349E-05   1.6360E-05   0.99931
FLUX  821  1785.00        1.679510E+14   1.6190E-05   1.6197E-05   0.99958
FLUX  822  1795.00        1.670153E+14   1.6034E-05   1.6036E-05   0.99990
FLUX  823  1805.00        1.660900E+14   1.5790E-05   1.5877E-05   0.99449
FLUX  824  1815.00        1.651749E+14   1.4655E-05   1.5721E-05   0.93215
FLUX  825  1825.00        1.642699E+14   1.5251E-05   1.5568E-05   0.97968
FLUX  826  1835.00        1.633747E+14   1.5398E-05   1.5416E-05   0.99883
FLUX  827  1845.00        1.624892E+14   1.5265E-05   1.5267E-05   0.99987
FLUX  828  1855.00        1.616132E+14   1.5106E-05   1.5120E-05   0.99909
FLUX  829  1865.00        1.607466E+14   1.4888E-05   1.4975E-05   0.99420
FLUX  830  1875.00        1.598893E+14   1.3816E-05   1.4832E-05   0.93152
FLUX  831  1885.00        1.590411E+14   1.4589E-05   1.4691E-05   0.99303
FLUX  832  1895.00        1.582018E+14   1.4544E-05   1.4552E-05   0.99947
FLUX  833  1905.00        1.573714E+14   1.4411E-05   1.4415E-05   0.99972
FLUX  834  1915.00        1.565496E+14   1.4279E-05   1.4280E-05   0.99988
FLUX  835  1925.00        1.557364E+14   1.4137E-05   1.4147E-05   0.99930
FLUX  836  1935.00        1.549315E+14   1.3908E-05   1.4016E-05   0.99226
FLUX  837  1945.00        1.541350E+14   1.2866E-05   1.3887E-05   0.92647
FLUX  838  1955.00        1.533465E+14   1.3652E-05   1.3759E-05   0.99222
FLUX  839  1965.00        1.525662E+14   1.3630E-05   1.3633E-05   0.99980
FLUX  840  1975.00        1.517937E+14   1.3508E-05   1.3509E-05   0.99990
FLUX  841  1985.00        1.510290E+14   1.3386E-05   1.3387E-05   0.99997
FLUX  842  1995.00        1.502719E+14   1.3266E-05   1.3266E-05   0.99998
FLUX  843  2005.00        1.495224E+14   1.3147E-05   1.3147E-05   0.99999
FLUX  844  2015.00        1.487804E+14   1.3029E-05   1.3029E-05   0.99998
FLUX  845  2025.00        1.480457E+14   1.2913E-05   1.2913E-05   0.99999
FLUX  846  2035.00        1.473182E+14   1.2798E-05   1.2799E-05   0.99998
FLUX  847  2045.00        1.465978E+14   1.2686E-05   1.2686E-05   0.99998
FLUX  848  2055.00        1.458844E+14   1.2573E-05   1.2575E-05   0.99985
FLUX  849  2065.00        1.451780E+14   1.2464E-05   1.2465E-05   0.99997
FLUX  850  2075.00        1.444783E+14   1.2356E-05   1.2356E-05   0.99998
FLUX  851  2085.00        1.437854E+14   1.2249E-05   1.2249E-05   0.99998
FLUX  852  2095.00        1.430990E+14   1.2143E-05   1.2143E-05   0.99993
FLUX  853  2105.00        1.424192E+14   1.2039E-05   1.2039E-05   0.99995
FLUX  854  2115.00        1.417459E+14   1.1931E-05   1.1936E-05   0.99959
FLUX  855  2125.00        1.410788E+14   1.1832E-05   1.1835E-05   0.99975
FLUX  856  2135.00        1.404180E+14   1.1730E-05   1.1734E-05   0.99966
FLUX  857  2145.00        1.397634E+14   1.1629E-05   1.1635E-05   0.99948
FLUX  858  2155.00        1.391148E+14   1.1462E-05   1.1537E-05   0.99347
FLUX  859  2165.00        1.384723E+14   1.0645E-05   1.1441E-05   0.93041
FLUX  860  2175.00        1.378356E+14   1.1218E-05   1.1345E-05   0.98875
FLUX  861  2185.00        1.372048E+14   1.1241E-05   1.1251E-05   0.99907
FLUX  862  2195.00        1.365797E+14   1.1157E-05   1.1158E-05   0.99986
FLUX  863  2205.00        1.359603E+14   1.1066E-05   1.1066E-05   0.99998
FLUX  864  2215.00        1.353465E+14   1.0974E-05   1.0976E-05   0.99989
FLUX  865  2225.00        1.347382E+14   1.0886E-05   1.0886E-05   0.99998
FLUX  866  2235.00        1.341353E+14   1.0797E-05   1.0797E-05   0.99998
FLUX  867  2245.00        1.335379E+14   1.0710E-05   1.0710E-05   1.00000
FLUX  868  2255.00        1.329457E+14   1.0623E-05   1.0624E-05   0.99998
FLUX  869  2265.00        1.323587E+14   1.0538E-05   1.0538E-05   0.99999
FLUX  870  2275.00        1.317769E+14   1.0454E-05   1.0454E-05   0.99999
FLUX  871  2285.00        1.312002E+14   1.0403E-05   1.0508E-05   0.99000
FLUX  872  2295.00        1.306285E+14   1.0423E-05   1.0424E-05   0.99994
FLUX  873  2305.00        1.300618E+14   1.0340E-05   1.0341E-05   0.99990
FLUX  874  2315.00        1.295000E+14   1.0233E-05   1.0259E-05   0.99748
FLUX  875  2325.00        1.289430E+14   1.0131E-05   1.0178E-05   0.99535
FLUX  876  2335.00        1.283908E+14   1.0031E-05   1.0098E-05   0.99334
FLUX  877  2345.00        1.278433E+14   9.9367E-06   1.0019E-05   0.99180
FLUX  878  2355.00        1.273004E+14   9.8419E-06   9.9407E-06   0.99006
FLUX  879  2365.00        1.267622E+14   9.7581E-06   9.8634E-06   0.98933
FLUX  880  2375.00        1.262284E+14   9.6645E-06   9.7870E-06   0.98748
FLUX  881  2385.00        1.256992E+14   9.5748E-06   9.7115E-06   0.98593
FLUX  882  2395.00        1.251743E+14   9.4990E-06   9.6369E-06   0.98569
FLUX  883  2405.00        1.246538E+14   9.4136E-06   9.5631E-06   0.98436
FLUX  884  2415.00        1.241377E+14   9.3255E-06   9.4902E-06   0.98265
FLUX  885  2425.00        1.236258E+14   9.2591E-06   9.4181E-06   0.98312
FLUX  886  2435.00        1.231181E+14   9.1906E-06   9.3468E-06   0.98329
FLUX  887  2445.00        1.226145E+14   9.1030E-06   9.2764E-06   0.98130
FLUX  888  2455.00        1.221151E+14   9.0650E-06   9.2067E-06   0.98461
FLUX  889  2465.00        1.216197E+14   8.9653E-06   9.1378E-06   0.98111
FLUX  890  2475.00        1.211283E+14   8.9116E-06   9.0697E-06   0.98256
FLUX  891  2485.00        1.206408E+14   8.9004E-06   9.0024E-06   0.98867
FLUX  892  2495.00        1.201573E+14   8.6988E-06   8.9358E-06   0.97348
FLUX  893  2505.00        1.196776E+14   8.8587E-06   8.8699E-06   0.99874
FLUX  894  2515.00        1.192018E+14   8.7348E-06   8.8048E-06   0.99205
FLUX  895  2525.00        1.187297E+14   8.4641E-06   8.7404E-06   0.96839
FLUX  896  2535.00        1.182613E+14   8.5743E-06   8.6767E-06   0.98820
FLUX  897  2545.00        1.177967E+14   8.5745E-06   8.6136E-06   0.99545
FLUX  898  2555.00        1.173356E+14   8.4454E-06   8.5513E-06   0.98761
FLUX  899  2565.00        1.168782E+14   8.1641E-06   8.4897E-06   0.96165
FLUX  900  2575.00        1.164243E+14   8.3497E-06   8.4287E-06   0.99063
FLUX  901  2585.00        1.159739E+14   8.3421E-06   8.3684E-06   0.99687
FLUX  902  2595.00        1.155270E+14   8.2737E-06   8.3087E-06   0.99579
FLUX  903  2605.00        1.150835E+14   8.0967E-06   8.2496E-06   0.98146
FLUX  904  2615.00        1.146434E+14   7.8147E-06   8.1912E-06   0.95403
FLUX  905  2625.00        1.142067E+14   7.5416E-06   8.1335E-06   0.92723
FLUX  906  2635.00        1.137732E+14   7.9580E-06   8.0763E-06   0.98535
FLUX  907  2645.00        1.133431E+14   7.9916E-06   8.0197E-06   0.99649
FLUX  908  2655.00        1.129162E+14   7.9387E-06   7.9637E-06   0.99686
FLUX  909  2665.00        1.124925E+14   7.8178E-06   7.9083E-06   0.98856
FLUX  910  2675.00        1.120720E+14   7.4447E-06   7.8535E-06   0.94795
FLUX  911  2685.00        1.116546E+14   7.7096E-06   7.7993E-06   0.98851
FLUX  912  2695.00        1.112403E+14   7.7327E-06   7.7456E-06   0.99834
FLUX  913  2705.00        1.108290E+14   7.6922E-06   7.6924E-06   0.99997
FLUX  914  2715.00        1.104208E+14   7.6397E-06   7.6398E-06   0.99998
FLUX  915  2725.00        1.100156E+14   7.5876E-06   7.5878E-06   0.99998
FLUX  916  2735.00        1.096133E+14   7.5312E-06   7.5363E-06   0.99933
FLUX  917  2745.00        1.092140E+14   7.4380E-06   7.4853E-06   0.99369
FLUX  918  2755.00        1.088176E+14   7.0624E-06   7.4348E-06   0.94991
FLUX  919  2765.00        1.084241E+14   7.2035E-06   7.3848E-06   0.97545
FLUX  920  2775.00        1.080333E+14   7.3119E-06   7.3353E-06   0.99681
FLUX  921  2785.00        1.076454E+14   7.2862E-06   7.2863E-06   0.99997
FLUX  922  2795.00        1.072603E+14   7.2378E-06   7.2379E-06   0.99999
FLUX  923  2805.00        1.068779E+14   7.1898E-06   7.1899E-06   0.99999
FLUX  924  2815.00        1.064982E+14   7.1419E-06   7.1423E-06   0.99995
FLUX  925  2825.00        1.061212E+14   7.0947E-06   7.0953E-06   0.99992
FLUX  926  2835.00        1.057469E+14   7.0481E-06   7.0487E-06   0.99991
FLUX  927  2845.00        1.053752E+14   7.0018E-06   7.0025E-06   0.99989
FLUX  928  2855.00        1.050061E+14   6.9383E-06   6.9569E-06   0.99733
FLUX  929  2865.00        1.046396E+14   6.7817E-06   6.9116E-06   0.98120
FLUX  930  2875.00        1.042757E+14   6.4642E-06   6.8668E-06   0.94137
FLUX  931  2885.00        1.039142E+14   6.7688E-06   6.8225E-06   0.99214
FLUX  932  2895.00        1.035553E+14   6.7692E-06   6.7785E-06   0.99863
FLUX  933  2905.00        1.031988E+14   6.7349E-06   6.7350E-06   0.99998
FLUX  934  2915.00        1.028448E+14   6.6909E-06   6.6919E-06   0.99985
FLUX  935  2925.00        1.024932E+14   6.6491E-06   6.6493E-06   0.99997
FLUX  936  2935.00        1.021440E+14   6.6065E-06   6.6070E-06   0.99993
FLUX  937  2945.00        1.017971E+14   6.5648E-06   6.5651E-06   0.99995
FLUX  938  2955.00        1.014526E+14   6.5236E-06   6.5237E-06   1.00000
FLUX  939  2965.00        1.011105E+14   6.4825E-06   6.4826E-06   0.99999
FLUX  940  2975.00        1.007706E+14   6.4418E-06   6.4419E-06   0.99999
FLUX  941  2985.00        1.004330E+14   6.4016E-06   6.4016E-06   0.99999
FLUX  942  2995.00        1.000977E+14   6.3616E-06   6.3617E-06   0.99999
FLUX  943  3005.00        9.976456E+13   6.3219E-06   6.3221E-06   0.99997
FLUX  944  3015.00        9.943367E+13   6.2790E-06   6.2829E-06   0.99937
FLUX  945  3025.00        9.910496E+13   6.2092E-06   6.2441E-06   0.99441
FLUX  946  3035.00        9.877842E+13   5.8996E-06   6.2057E-06   0.95067
FLUX  947  3045.00        9.845402E+13   5.9698E-06   6.1675E-06   0.96793
FLUX  948  3055.00        9.813175E+13   6.1031E-06   6.1298E-06   0.99565
FLUX  949  3065.00        9.781158E+13   6.0918E-06   6.0924E-06   0.99991
FLUX  950  3075.00        9.749350E+13   6.0551E-06   6.0553E-06   0.99997
FLUX  951  3085.00        9.717747E+13   6.0152E-06   6.0186E-06   0.99943
FLUX  952  3095.00        9.686349E+13   5.9820E-06   5.9822E-06   0.99997
FLUX  953  3105.00        9.655153E+13   5.9460E-06   5.9461E-06   0.99998
FLUX  954  3115.00        9.624157E+13   5.9103E-06   5.9104E-06   0.99998
FLUX  955  3125.00        9.593360E+13   5.8746E-06   5.8750E-06   0.99993
FLUX  956  3135.00        9.562759E+13   5.8398E-06   5.8399E-06   0.99998
FLUX  957  3145.00        9.532353E+13   5.8047E-06   5.8051E-06   0.99993
FLUX  958  3155.00        9.502139E+13   5.7705E-06   5.7706E-06   0.99998
FLUX  959  3165.00        9.472117E+13   5.7361E-06   5.7364E-06   0.99994
FLUX  960  3175.00        9.442283E+13   5.7023E-06   5.7026E-06   0.99995
FLUX  961  3185.00        9.412637E+13   5.6689E-06   5.6690E-06   0.99999
FLUX  962  3195.00        9.383177E+13   5.6356E-06   5.6357E-06   0.99998
FLUX  963  3210.00        9.339330E+13   5.5863E-06   5.5863E-06   0.99998
FLUX  964  3230.00        9.281502E+13   5.5215E-06   5.5215E-06   1.00000
FLUX  965  3250.00        9.224385E+13   5.4578E-06   5.4578E-06   0.99999
FLUX  966  3270.00        9.167966E+13   5.3892E-06   5.3952E-06   0.99888
FLUX  967  3290.00        9.112234E+13   5.1233E-06   5.3634E-06   0.95523
FLUX  968  3310.00        9.057175E+13   5.2348E-06   5.3024E-06   0.98724
FLUX  969  3330.00        9.002778E+13   5.2404E-06   5.2425E-06   0.99960
FLUX  970  3350.00        8.949030E+13   5.1831E-06   5.1835E-06   0.99991
FLUX  971  3370.00        8.895920E+13   5.1170E-06   5.1256E-06   0.99832
FLUX  972  3390.00        8.843437E+13   5.0540E-06   5.0686E-06   0.99711
FLUX  973  3410.00        8.791569E+13   4.9946E-06   5.0125E-06   0.99641
FLUX  974  3430.00        8.740306E+13   4.9366E-06   4.9574E-06   0.99580
FLUX  975  3450.00        8.689638E+13   4.8798E-06   4.9032E-06   0.99523
FLUX  976  3470.00        8.639553E+13   4.8252E-06   4.8499E-06   0.99491
FLUX  977  3490.00        8.590043E+13   4.7676E-06   4.7974E-06   0.99379
FLUX  978  3510.00        8.541097E+13   4.7148E-06   4.7458E-06   0.99347
FLUX  979  3530.00        8.492705E+13   4.6644E-06   4.6950E-06   0.99347
FLUX  980  3550.00        8.444859E+13   4.6125E-06   4.6450E-06   0.99301
FLUX  981  3570.00        8.397549E+13   4.5598E-06   4.5958E-06   0.99216
FLUX  982  3590.00        8.350766E+13   4.5175E-06   4.5474E-06   0.99343
FLUX  983  3610.00        8.304501E+13   4.4621E-06   4.4998E-06   0.99162
FLUX  984  3630.00        8.258747E+13   4.4255E-06   4.4529E-06   0.99386
FLUX  985  3650.00        8.213493E+13   4.3653E-06   4.4067E-06   0.99061
FLUX  986  3670.00        8.168733E+13   4.3409E-06   4.3613E-06   0.99534
FLUX  987  3690.00        8.124458E+13   4.2658E-06   4.3165E-06   0.98826
FLUX  988  3710.00        8.080660E+13   4.2479E-06   4.2724E-06   0.99425
FLUX  989  3730.00        8.037332E+13   4.1324E-06   4.2290E-06   0.97715
FLUX  990  3750.00        7.994467E+13   4.0325E-06   4.1863E-06   0.96327
FLUX  991  3770.00        7.952056E+13   4.1248E-06   4.1442E-06   0.99531
FLUX  992  3790.00        7.910092E+13   4.0926E-06   4.1028E-06   0.99753
FLUX  993  3810.00        7.868570E+13   4.0124E-06   4.0619E-06   0.98780
FLUX  994  3830.00        7.827480E+13   3.9789E-06   4.0217E-06   0.98936
FLUX  995  3850.00        7.786818E+13   3.9792E-06   3.9821E-06   0.99929
FLUX  996  3870.00        7.746576E+13   3.9421E-06   3.9430E-06   0.99978
FLUX  997  3890.00        7.706748E+13   3.8822E-06   3.9045E-06   0.99429
FLUX  998  3910.00        7.667327E+13   3.7872E-06   3.8666E-06   0.97947
FLUX  999  3930.00        7.628308E+13   3.8192E-06   3.8292E-06   0.99739
FLUX 1000  3950.00        7.589684E+13   3.7913E-06   3.7923E-06   0.99973
FLUX 1001  3970.00        7.551448E+13   3.7560E-06   3.7560E-06   0.99999
FLUX 1002  3990.00        7.513596E+13   3.7200E-06   3.7202E-06   0.99993
FLUX 1003  4010.00        7.476122E+13   3.6329E-06   3.6850E-06   0.98587
FLUX 1004  4030.00        7.439020E+13   3.5817E-06   3.6502E-06   0.98125
FLUX 1005  4050.00        7.402284E+13   3.4860E-06   3.6159E-06   0.96407
FLUX 1006  4070.00        7.365909E+13   3.5708E-06   3.5821E-06   0.99686
FLUX 1007  4090.00        7.329890E+13   3.5485E-06   3.5487E-06   0.99993
FLUX 1008  4110.00        7.294221E+13   3.5158E-06   3.5158E-06   0.99998
FLUX 1009  4130.00        7.258898E+13   3.4831E-06   3.4834E-06   0.99992
FLUX 1010  4150.00        7.223916E+13   3.4375E-06   3.4514E-06   0.99596
FLUX 1011  4170.00        7.189269E+13   3.3181E-06   3.4199E-06   0.97023
FLUX 1012  4190.00        7.154952E+13   3.3727E-06   3.3888E-06   0.99525
FLUX 1013  4210.00        7.120962E+13   3.3580E-06   3.3581E-06   0.99997
FLUX 1014  4230.00        7.087293E+13   3.3278E-06   3.3278E-06   0.99999
FLUX 1015  4250.00        7.053941E+13   3.2979E-06   3.2979E-06   1.00000
FLUX 1016  4270.00        7.020902E+13   3.2685E-06   3.2685E-06   1.00000
FLUX 1017  4290.00        6.988170E+13   3.2394E-06   3.2394E-06   0.99999
FLUX 1018  4310.00        6.955742E+13   3.2107E-06   3.2107E-06   0.99999
FLUX 1019  4330.00        6.923614E+13   3.1824E-06   3.1824E-06   0.99998
FLUX 1020  4350.00        6.891782E+13   3.1486E-06   3.1545E-06   0.99813
FLUX 1021  4370.00        6.860240E+13   3.0342E-06   3.1269E-06   0.97035
FLUX 1022  4390.00        6.828986E+13   3.0647E-06   3.0997E-06   0.98870
FLUX 1023  4410.00        6.798016E+13   3.0716E-06   3.0728E-06   0.99958
FLUX 1024  4430.00        6.767325E+13   3.0463E-06   3.0463E-06   0.99999
FLUX 1025  4450.00        6.736910E+13   3.0201E-06   3.0202E-06   0.99999
FLUX 1026  4470.00        6.706767E+13   3.0024E-06   3.0024E-06   1.00000
FLUX 1027  4490.00        6.676893E+13   2.9768E-06   2.9768E-06   0.99999
FLUX 1028  4510.00        6.647284E+13   2.9515E-06   2.9515E-06   1.00000
FLUX 1029  4530.00        6.617936E+13   2.9263E-06   2.9266E-06   0.99989
FLUX 1030  4550.00        6.588846E+13   2.9019E-06   2.9019E-06   0.99999
FLUX 1031  4570.00        6.560011E+13   2.8775E-06   2.8776E-06   0.99997
FLUX 1032  4590.00        6.531427E+13   2.8535E-06   2.8536E-06   0.99998
FLUX 1033  4610.00        6.503091E+13   2.8297E-06   2.8298E-06   0.99997
FLUX 1034  4630.00        6.475000E+13   2.7959E-06   2.8064E-06   0.99626
FLUX 1035  4650.00        6.447151E+13   2.6656E-06   2.7832E-06   0.95775
FLUX 1036  4670.00        6.419540E+13   2.6465E-06   2.7603E-06   0.95876
FLUX 1037  4690.00        6.392164E+13   2.7155E-06   2.7378E-06   0.99189
FLUX 1038  4710.00        6.365021E+13   2.7138E-06   2.7154E-06   0.99939
FLUX 1039  4730.00        6.338108E+13   2.6934E-06   2.6934E-06   0.99999
FLUX 1040  4750.00        6.311421E+13   2.6713E-06   2.6716E-06   0.99987
FLUX 1041  4770.00        6.284958E+13   2.6501E-06   2.6501E-06   0.99999
FLUX 1042  4790.00        6.258716E+13   2.6288E-06   2.6288E-06   1.00000
FLUX 1043  4810.00        6.232692E+13   2.6078E-06   2.6078E-06   1.00000
FLUX 1044  4830.00        6.206884E+13   2.5871E-06   2.5871E-06   1.00000
FLUX 1045  4850.00        6.181289E+13   2.5666E-06   2.5666E-06   1.00000
FLUX 1046  4870.00        6.155903E+13   2.5463E-06   2.5463E-06   1.00000
FLUX 1047  4890.00        6.130726E+13   2.5263E-06   2.5263E-06   1.00000
FLUX 1048  4910.00        6.105754E+13   2.5065E-06   2.5065E-06   1.00000
FLUX 1049  4930.00        6.080984E+13   2.4869E-06   2.4869E-06   1.00000
FLUX 1050  4950.00        6.056414E+13   2.4676E-06   2.4676E-06   1.00000
FLUX 1051  4970.00        6.032042E+13   2.4485E-06   2.4485E-06   1.00000
FLUX 1052  4990.00        6.007866E+13   2.4296E-06   2.4296E-06   1.00000
FLUX 1053  5010.00        5.983882E+13   2.4109E-06   2.4109E-06   0.99999
FLUX 1054  5030.00        5.960089E+13   2.3924E-06   2.3925E-06   0.99998
FLUX 1055  5050.00        5.936485E+13   2.3742E-06   2.3742E-06   1.00000
FLUX 1056  5070.00        5.913067E+13   2.3561E-06   2.3562E-06   0.99999
FLUX 1057  5090.00        5.889833E+13   2.3381E-06   2.3383E-06   0.99990
FLUX 1058  5110.00        5.866781E+13   2.3048E-06   2.3207E-06   0.99314
FLUX 1059  5130.00        5.843908E+13   2.2080E-06   2.3033E-06   0.95862
FLUX 1060  5150.00        5.821214E+13   2.2749E-06   2.2860E-06   0.99514
FLUX 1061  5170.00        5.798694E+13   2.2689E-06   2.2690E-06   0.99997
FLUX 1062  5190.00        5.776349E+13   2.2521E-06   2.2521E-06   0.99999
FLUX 1063  5210.00        5.754175E+13   2.2354E-06   2.2355E-06   0.99999
FLUX 1064  5230.00        5.732170E+13   2.2190E-06   2.2190E-06   1.00000
FLUX 1065  5250.00        5.710333E+13   2.2027E-06   2.2027E-06   1.00000
FLUX 1066  5270.00        5.688662E+13   2.1865E-06   2.1866E-06   0.99997
FLUX 1067  5290.00        5.667155E+13   2.1706E-06   2.1706E-06   1.00000
FLUX 1068  5310.00        5.645810E+13   2.1548E-06   2.1548E-06   1.00000
FLUX 1069  5330.00        5.624625E+13   2.1392E-06   2.1392E-06   1.00000
FLUX 1070  5350.00        5.603598E+13   2.1238E-06   2.1238E-06   1.00000
FLUX 1071  5370.00        5.582728E+13   2.1085E-06   2.1085E-06   1.00000
FLUX 1072  5390.00        5.562013E+13   2.0934E-06   2.0934E-06   0.99998
FLUX 1073  5410.00        5.541451E+13   2.0785E-06   2.0785E-06   1.00000
FLUX 1074  5430.00        5.521041E+13   2.0637E-06   2.0637E-06   1.00000
FLUX 1075  5450.00        5.500780E+13   2.0490E-06   2.0491E-06   1.00000
FLUX 1076  5470.00        5.480667E+13   2.0346E-06   2.0346E-06   1.00000
FLUX 1077  5490.00        5.460701E+13   2.0203E-06   2.0203E-06   1.00000
FLUX 1078  5510.00        5.440880E+13   2.0061E-06   2.0061E-06   1.00000
FLUX 1079  5530.00        5.421203E+13   1.9921E-06   1.9921E-06   1.00000
FLUX 1080  5550.00        5.401667E+13   1.9782E-06   1.9782E-06   1.00000
FLUX 1081  5570.00        5.382271E+13   1.9644E-06   1.9644E-06   0.99999
FLUX 1082  5590.00        5.363014E+13   1.9508E-06   1.9508E-06   0.99999
FLUX 1083  5610.00        5.343895E+13   1.9374E-06   1.9374E-06   0.99999
FLUX 1084  5630.00        5.324911E+13   1.9241E-06   1.9241E-06   1.00000
FLUX 1085  5650.00        5.306062E+13   1.9109E-06   1.9109E-06   1.00000
FLUX 1086  5670.00        5.287346E+13   1.8978E-06   1.8979E-06   1.00000
FLUX 1087  5690.00        5.268761E+13   1.8849E-06   1.8849E-06   1.00000
FLUX 1088  5710.00        5.250306E+13   1.8722E-06   1.8722E-06   1.00000
FLUX 1089  5730.00        5.231981E+13   1.8595E-06   1.8595E-06   1.00000
FLUX 1090  5750.00        5.213783E+13   1.8470E-06   1.8470E-06   1.00000
FLUX 1091  5770.00        5.195711E+13   1.8346E-06   1.8346E-06   1.00000
FLUX 1092  5790.00        5.177763E+13   1.8223E-06   1.8223E-06   1.00000
FLUX 1093  5810.00        5.159940E+13   1.8102E-06   1.8102E-06   1.00000
FLUX 1094  5830.00        5.142238E+13   1.7981E-06   1.7981E-06   1.00000
FLUX 1095  5850.00        5.124658E+13   1.7888E-06   1.7889E-06   0.99999
FLUX 1096  5870.00        5.107198E+13   1.7759E-06   1.7771E-06   0.99938
FLUX 1097  5890.00        5.089856E+13   1.7510E-06   1.7653E-06   0.99190
FLUX 1098  5910.00        5.072631E+13   1.6762E-06   1.7538E-06   0.95576
FLUX 1099  5930.00        5.055523E+13   1.7330E-06   1.7423E-06   0.99468
FLUX 1100  5950.00        5.038529E+13   1.7309E-06   1.7309E-06   0.99997
FLUX 1101  5970.00        5.021650E+13   1.7197E-06   1.7197E-06   0.99999
FLUX 1102  5990.00        5.004883E+13   1.7085E-06   1.7085E-06   0.99999
FLUX 1103  6010.00        4.988228E+13   1.6975E-06   1.6975E-06   1.00000
FLUX 1104  6030.00        4.971683E+13   1.6866E-06   1.6866E-06   1.00000
FLUX 1105  6050.00        4.955248E+13   1.6757E-06   1.6757E-06   1.00000
FLUX 1106  6070.00        4.938921E+13   1.6650E-06   1.6650E-06   1.00000
FLUX 1107  6090.00        4.922701E+13   1.6544E-06   1.6544E-06   1.00000
FLUX 1108  6110.00        4.906588E+13   1.6439E-06   1.6439E-06   1.00000
FLUX 1109  6130.00        4.890579E+13   1.6335E-06   1.6335E-06   1.00000
FLUX 1110  6150.00        4.874675E+13   1.6232E-06   1.6232E-06   1.00000
FLUX 1111  6170.00        4.858874E+13   1.6129E-06   1.6129E-06   1.00000
FLUX 1112  6190.00        4.843174E+13   1.6028E-06   1.6028E-06   1.00000
FLUX 1113  6210.00        4.827576E+13   1.5928E-06   1.5928E-06   1.00000
FLUX 1114  6230.00        4.812079E+13   1.5828E-06   1.5829E-06   1.00000
FLUX 1115  6250.00        4.796680E+13   1.5730E-06   1.5730E-06   1.00000
FLUX 1116  6270.00        4.781380E+13   1.5633E-06   1.5633E-06   1.00000
FLUX 1117  6290.00        4.766176E+13   1.5536E-06   1.5536E-06   1.00000
FLUX 1118  6310.00        4.751070E+13   1.5440E-06   1.5440E-06   1.00000
FLUX 1119  6330.00        4.736058E+13   1.5345E-06   1.5345E-06   0.99999
FLUX 1120  6350.00        4.721142E+13   1.5251E-06   1.5251E-06   1.00000
FLUX 1121  6370.00        4.706319E+13   1.5158E-06   1.5158E-06   1.00000
FLUX 1122  6390.00        4.691588E+13   1.5066E-06   1.5066E-06   1.00000
FLUX 1123  6420.00        4.669665E+13   1.4929E-06   1.4929E-06   1.00000
FLUX 1124  6460.00        4.640751E+13   1.4749E-06   1.4749E-06   1.00000
FLUX 1125  6500.00        4.612192E+13   1.4573E-06   1.4573E-06   1.00000
FLUX 1126  6540.00        4.583983E+13   1.4400E-06   1.4400E-06   1.00000
FLUX 1127  6580.00        4.556117E+13   1.4230E-06   1.4230E-06   1.00000
FLUX 1128  6620.00        4.528588E+13   1.4062E-06   1.4062E-06   0.99995
FLUX 1129  6660.00        4.501389E+13   1.3898E-06   1.3898E-06   1.00000
FLUX 1130  6700.00        4.474515E+13   1.3737E-06   1.3737E-06   1.00000
FLUX 1131  6740.00        4.447960E+13   1.3578E-06   1.3578E-06   1.00000
FLUX 1132  6780.00        4.421718E+13   1.3422E-06   1.3422E-06   1.00000
FLUX 1133  6820.00        4.395784E+13   1.3269E-06   1.3269E-06   1.00000
FLUX 1134  6860.00        4.370153E+13   1.3118E-06   1.3118E-06   0.99998
FLUX 1135  6900.00        4.344819E+13   1.2970E-06   1.2970E-06   0.99999
FLUX 1136  6940.00        4.319777E+13   1.2824E-06   1.2824E-06   0.99998
FLUX 1137  6980.00        4.295021E+13   1.2681E-06   1.2681E-06   0.99999
FLUX 1138  7020.00        4.270548E+13   1.2540E-06   1.2540E-06   0.99999
FLUX 1139  7060.00        4.246353E+13   1.2401E-06   1.2401E-06   0.99999
FLUX 1140  7100.00        4.222430E+13   1.2265E-06   1.2265E-06   1.00000
FLUX 1141  7140.00        4.198775E+13   1.2131E-06   1.2131E-06   0.99995
FLUX 1142  7180.00        4.175383E+13   1.1999E-06   1.1999E-06   0.99998
FLUX 1143  7220.00        4.152251E+13   1.1869E-06   1.1870E-06   0.99999
FLUX 1144  7260.00        4.129373E+13   1.1742E-06   1.1742E-06   0.99998
FLUX 1145  7300.00        4.106747E+13   1.1616E-06   1.1616E-06   1.00000
FLUX 1146  7340.00        4.084366E+13   1.1493E-06   1.1493E-06   0.99999
FLUX 1147  7380.00        4.062229E+13   1.1371E-06   1.1371E-06   0.99999
FLUX 1148  7420.00        4.040330E+13   1.1236E-06   1.1252E-06   0.99857
FLUX 1149  7460.00        4.018666E+13   1.0856E-06   1.1134E-06   0.97501
FLUX 1150  7500.00        3.997233E+13   1.0696E-06   1.1018E-06   0.97077
FLUX 1151  7540.00        3.976028E+13   1.0882E-06   1.0904E-06   0.99794
FLUX 1152  7580.00        3.955046E+13   1.0792E-06   1.0792E-06   0.99999
FLUX 1153  7620.00        3.934285E+13   1.0681E-06   1.0681E-06   1.00000
FLUX 1154  7660.00        3.913740E+13   1.0572E-06   1.0573E-06   0.99999
FLUX 1155  7700.00        3.893409E+13   1.0465E-06   1.0465E-06   1.00000
FLUX 1156  7740.00        3.873288E+13   1.0360E-06   1.0360E-06   0.99999
FLUX 1157  7780.00        3.853374E+13   1.0256E-06   1.0256E-06   1.00000
FLUX 1158  7820.00        3.833664E+13   1.0153E-06   1.0153E-06   1.00000
FLUX 1159  7860.00        3.814154E+13   1.0052E-06   1.0052E-06   1.00000
FLUX 1160  7900.00        3.794842E+13   9.9528E-07   9.9528E-07   1.00000
FLUX 1161  7940.00        3.775724E+13   9.8548E-07   9.8548E-07   1.00000
FLUX 1162  7980.00        3.756798E+13   9.7582E-07   9.7582E-07   1.00000
FLUX 1163  8020.00        3.738061E+13   9.6630E-07   9.6630E-07   1.00000
FLUX 1164  8060.00        3.719510E+13   9.5692E-07   9.5692E-07   1.00000
FLUX 1165  8100.00        3.701142E+13   9.4768E-07   9.4768E-07   1.00000
FLUX 1166  8140.00        3.682955E+13   9.3857E-07   9.3857E-07   1.00000
FLUX 1167  8180.00        3.664945E+13   9.2958E-07   9.2958E-07   1.00000
FLUX 1168  8220.00        3.647111E+13   9.2073E-07   9.2073E-07   1.00000
FLUX 1169  8260.00        3.629449E+13   9.1200E-07   9.1200E-07   1.00000
FLUX 1170  8300.00        3.611958E+13   9.0339E-07   9.0339E-07   1.00000
FLUX 1171  8340.00        3.594634E+13   8.9491E-07   8.9491E-07   1.00000
FLUX 1172  8380.00        3.577476E+13   8.8653E-07   8.8654E-07   0.99999
FLUX 1173  8420.00        3.560481E+13   8.7829E-07   8.7829E-07   1.00000
FLUX 1174  8460.00        3.543647E+13   8.7016E-07   8.7016E-07   1.00000
FLUX 1175  8500.00        3.526971E+13   8.6213E-07   8.6213E-07   1.00000
FLUX 1176  8540.00        3.510451E+13   8.5422E-07   8.5422E-07   1.00000
FLUX 1177  8580.00        3.494085E+13   8.4641E-07   8.4641E-07   1.00000
FLUX 1178  8620.00        3.477871E+13   8.3871E-07   8.3871E-07   1.00000
FLUX 1179  8660.00        3.461807E+13   8.3111E-07   8.3111E-07   1.00000
FLUX 1180  8700.00        3.445891E+13   8.2362E-07   8.2362E-07   1.00000
FLUX 1181  8740.00        3.430120E+13   8.1623E-07   8.1623E-07   1.00000
FLUX 1182  8780.00        3.414493E+13   8.0893E-07   8.0893E-07   1.00000
FLUX 1183  8820.00        3.399008E+13   8.0173E-07   8.0173E-07   1.00000
FLUX 1184  8860.00        3.383663E+13   7.9463E-07   7.9463E-07   1.00000
FLUX 1185  8900.00        3.368455E+13   7.8762E-07   7.8762E-07   1.00000
FLUX 1186  8940.00        3.353384E+13   7.8070E-07   7.8070E-07   1.00000
FLUX 1187  8980.00        3.338447E+13   7.7387E-07   7.7387E-07   1.00000
FLUX 1188  9020.00        3.323642E+13   7.6713E-07   7.6713E-07   1.00000
FLUX 1189  9060.00        3.308968E+13   7.6048E-07   7.6048E-07   1.00000
FLUX 1190  9100.00        3.294423E+13   7.5391E-07   7.5392E-07   1.00000
FLUX 1191  9140.00        3.280005E+13   7.4743E-07   7.4743E-07   1.00000
FLUX 1192  9180.00        3.265714E+13   7.4103E-07   7.4103E-07   1.00000
FLUX 1193  9220.00        3.251546E+13   7.3471E-07   7.3471E-07   1.00000
FLUX 1194  9260.00        3.237500E+13   7.2847E-07   7.2847E-07   1.00000
FLUX 1195  9300.00        3.223575E+13   7.2231E-07   7.2231E-07   1.00000
FLUX 1196  9340.00        3.209770E+13   7.1623E-07   7.1623E-07   1.00000
FLUX 1197  9380.00        3.196082E+13   7.1022E-07   7.1022E-07   1.00000
FLUX 1198  9420.00        3.182511E+13   7.0429E-07   7.0429E-07   1.00000
FLUX 1199  9460.00        3.169054E+13   6.9843E-07   6.9843E-07   1.00000
FLUX 1200  9500.00        3.155711E+13   6.9264E-07   6.9264E-07   1.00000
FLUX 1201  9540.00        3.142479E+13   6.8693E-07   6.8693E-07   1.00000
FLUX 1202  9580.00        3.129358E+13   6.8128E-07   6.8128E-07   1.00000
FLUX 1203  9620.00        3.116346E+13   6.7570E-07   6.7571E-07   1.00000
FLUX 1204  9660.00        3.103442E+13   6.7020E-07   6.7020E-07   1.00000
FLUX 1205  9700.00        3.090644E+13   6.6475E-07   6.6475E-07   0.99999
FLUX 1206  9740.00        3.077952E+13   6.5938E-07   6.5938E-07   1.00000
FLUX 1207  9780.00        3.065363E+13   6.5407E-07   6.5407E-07   1.00000
FLUX 1208  9820.00        3.052877E+13   6.4882E-07   6.4882E-07   1.00000
FLUX 1209  9860.00        3.040492E+13   6.4363E-07   6.4363E-07   1.00000
FLUX 1210  9900.00        3.028207E+13   6.3851E-07   6.3851E-07   1.00000
FLUX 1211  9940.00        3.016021E+13   6.3344E-07   6.3345E-07   1.00000
FLUX 1212  9980.00        3.003933E+13   6.2844E-07   6.2844E-07   1.00000
FLUX 1213 10020.00        2.991941E+13   6.2350E-07   6.2350E-07   1.00000
FLUX 1214 20000.00        1.498963E+13   1.5716E-07   1.5716E-07   1.00000
FLUX 1215 40000.00        7.494813E+12   3.8734E-08   3.8734E-08   1.00000
FLUX 1216 60000.00        4.996542E+12   1.6987E-08   1.6987E-08   1.00000
FLUX 1217 80000.00        3.747406E+12   9.4515E-09   9.4515E-09   1.00000
FLUX 1218100000.00        2.997925E+12   5.9946E-09   5.9946E-09   1.00000
FLUX 1219120000.00        2.498271E+12   4.1312E-09   4.1312E-09   1.00000
FLUX 1220140000.00        2.141375E+12   3.0152E-09   3.0152E-09   1.00000
FLUX 1221160000.00        1.873703E+12   2.2952E-09   2.2952E-09   1.00000
FLUX
