TEFF  10000.  GRAVITY 2.00000 LTE 
TITLE TEST RUN VEGA MODEL WITH SDSC OPACITY  VTURB 2 KM/S                       
 OPACITY IFOP
FLUX   81    50.60        5.924753E+15   9.2881E-22   1.1967E-21   0.77612
FLUX   82    51.20        5.855322E+15   1.9096E-21   1.9563E-21   0.97611
FLUX   83    52.00        5.765240E+15   3.5596E-21   3.6429E-21   0.97714
FLUX   84    53.00        5.656462E+15   7.6193E-21   7.7251E-21   0.98630
FLUX   85    54.00        5.551713E+15   1.5537E-20   1.5951E-20   0.97402
FLUX   86    55.00        5.450773E+15   3.1828E-20   3.2111E-20   0.99118
FLUX   87    56.00        5.353438E+15   6.2777E-20   6.3071E-20   0.99534
FLUX   88    57.00        5.259518E+15   1.2066E-19   1.2104E-19   0.99691
FLUX   89    58.00        5.168836E+15   2.2170E-19   2.2802E-19   0.97230
FLUX   90    59.00        5.081229E+15   4.1649E-19   4.1928E-19   0.99334
FLUX   91    60.00        4.996542E+15   7.5011E-19   7.5570E-19   0.99259
FLUX   92    61.00        4.914631E+15   1.3330E-18   1.3363E-18   0.99751
FLUX   93    62.00        4.835363E+15   2.3157E-18   2.3220E-18   0.99726
FLUX   94    63.00        4.758611E+15   3.9575E-18   3.9661E-18   0.99783
FLUX   95    64.00        4.684258E+15   6.6152E-18   6.6663E-18   0.99233
FLUX   96    65.00        4.612192E+15   1.1025E-17   1.1031E-17   0.99946
FLUX   97    65.80        4.556117E+15   1.6258E-17   1.6329E-17   0.99566
FLUX   98    66.50        4.508158E+15   2.2640E-17   2.2844E-17   0.99106
FLUX   99    67.50        4.441370E+15   3.6134E-17   3.6466E-17   0.99090
FLUX  100    68.50        4.376533E+15   5.7155E-17   5.7432E-17   0.99517
FLUX  101    69.50        4.313561E+15   8.8992E-17   8.9301E-17   0.99654
FLUX  102    70.50        4.252376E+15   1.3551E-16   1.3720E-16   0.98763
FLUX  103    71.60        4.187046E+15   2.1629E-16   2.1704E-16   0.99655
FLUX  104    72.60        4.129373E+15   3.2447E-16   3.2540E-16   0.99713
FLUX  105    73.50        4.078810E+15   4.6285E-16   4.6427E-16   0.99694
FLUX  106    74.50        4.024060E+15   6.7882E-16   6.8247E-16   0.99465
FLUX  107    75.50        3.970762E+15   9.8764E-16   9.9327E-16   0.99433
FLUX  108    76.50        3.918856E+15   1.4249E-15   1.4317E-15   0.99525
FLUX  109    77.50        3.868290E+15   2.0348E-15   2.0442E-15   0.99543
FLUX  110    78.50        3.819013E+15   2.8928E-15   2.8931E-15   0.99990
FLUX  111    79.50        3.770975E+15   4.0175E-15   4.0602E-15   0.98948
FLUX  112    80.50        3.724130E+15   5.5980E-15   5.6503E-15   0.99075
FLUX  113    81.50        3.678436E+15   7.7830E-15   7.7993E-15   0.99791
FLUX  114    82.50        3.633848E+15   1.0669E-14   1.0684E-14   0.99852
FLUX  115    83.50        3.590329E+15   1.4427E-14   1.4532E-14   0.99275
FLUX  116    84.50        3.547840E+15   1.9616E-14   1.9625E-14   0.99959
FLUX  117    85.50        3.506345E+15   2.6305E-14   2.6316E-14   0.99955
FLUX  118    86.50        3.465809E+15   3.5043E-14   3.5049E-14   0.99981
FLUX  119    87.50        3.426200E+15   4.6120E-14   4.6384E-14   0.99430
FLUX  120    88.50        3.387486E+15   6.0978E-14   6.1006E-14   0.99953
FLUX  121    89.50        3.349637E+15   7.9744E-14   7.9755E-14   0.99987
FLUX  122    90.50        3.312624E+15   1.0283E-13   1.0364E-13   0.99219
FLUX  123    91.50        3.276421E+15   1.6196E-11   1.4547E-09   0.01113
FLUX  124    92.50        3.241000E+15   9.9939E-11   1.5550E-09   0.06427
FLUX  125    93.50        3.206337E+15   1.3985E-10   1.6703E-09   0.08372
FLUX  126    94.50        3.172407E+15   2.2266E-10   1.8026E-09   0.12352
FLUX  127    95.50        3.139188E+15   4.1084E-10   1.9538E-09   0.21028
FLUX  128    96.50        3.106658E+15   5.4487E-10   2.1263E-09   0.25626
FLUX  129    97.50        3.074795E+15   4.9509E-10   2.3227E-09   0.21315
FLUX  130    98.50        3.043579E+15   8.2311E-10   2.5458E-09   0.32332
FLUX  131    99.50        3.012990E+15   8.4231E-10   2.7987E-09   0.30097
FLUX  132   100.50        2.983010E+15   1.1713E-09   3.0849E-09   0.37970
FLUX  133   101.50        2.953621E+15   1.4389E-09   3.4084E-09   0.42218
FLUX  134   102.50        2.924805E+15   9.3836E-10   7.9595E-09   0.11789
FLUX  135   103.50        2.896546E+15   1.7005E-09   8.5337E-09   0.19927
FLUX  136   104.50        2.868828E+15   2.9451E-09   9.1772E-09   0.32091
FLUX  137   105.50        2.841635E+15   3.8329E-09   9.8915E-09   0.38750
FLUX  138   106.50        2.814953E+15   3.7424E-09   1.0687E-08   0.35019
FLUX  139   107.50        2.788767E+15   4.7069E-09   1.1571E-08   0.40678
FLUX  140   108.50        2.763065E+15   4.5191E-09   1.2554E-08   0.35998
FLUX  141   109.50        2.737831E+15   5.5059E-09   1.3645E-08   0.40350
FLUX  142   110.50        2.713054E+15   1.4056E-07   2.4014E-06   0.05853
FLUX  143   111.50        2.688722E+15   2.9945E-07   2.4669E-06   0.12138
FLUX  144   112.50        2.664822E+15   3.0568E-07   2.5325E-06   0.12070
FLUX  145   113.50        2.641344E+15   4.2754E-07   3.1152E-06   0.13724
FLUX  146   114.50        2.618275E+15   4.0486E-07   3.1860E-06   0.12708
FLUX  147   115.50        2.595606E+15   4.9243E-07   3.2570E-06   0.15119
FLUX  148   116.50        2.573326E+15   5.4048E-07   3.3286E-06   0.16237
FLUX  149   117.50        2.551426E+15   3.9880E-07   3.5097E-06   0.11363
FLUX  150   118.50        2.529895E+15   2.0520E-07   3.5868E-06   0.05721
FLUX  151   119.50        2.508724E+15   7.0524E-09   3.6645E-06   0.00192
FLUX  152   120.50        2.487905E+15   1.0296E-08   3.7428E-06   0.00275
FLUX  153   121.50        2.467428E+15   1.9899E-09   3.8219E-06   0.00052
FLUX  154   122.50        2.447286E+15   1.1243E-08   4.2815E-06   0.00263
FLUX  155   123.50        2.427470E+15   1.3039E-07   4.3746E-06   0.02981
FLUX  156   124.50        2.407972E+15   7.3144E-07   8.4816E-06   0.08624
FLUX  157   125.50        2.388785E+15   1.1053E-06   8.6183E-06   0.12825
FLUX  158   126.50        2.369901E+15   6.8476E-07   8.7536E-06   0.07823
FLUX  159   127.50        2.351314E+15   2.4581E-06   8.8873E-06   0.27658
FLUX  160   128.50        2.333016E+15   3.2586E-06   9.0194E-06   0.36128
FLUX  161   129.50        2.315000E+15   2.7021E-06   9.1500E-06   0.29531
FLUX  162   130.50        2.297261E+15   1.5680E-06   9.2789E-06   0.16898
FLUX  163   131.50        2.279791E+15   3.2658E-06   9.4066E-06   0.34718
FLUX  164   132.50        2.262585E+15   3.9352E-06   9.5338E-06   0.41276
FLUX  165   133.50        2.245637E+15   2.5621E-06   9.6595E-06   0.26525
FLUX  166   134.50        2.228941E+15   4.8807E-06   9.7835E-06   0.49887
FLUX  167   135.50        2.212491E+15   4.9767E-06   9.9060E-06   0.50240
FLUX  168   136.50        2.196282E+15   4.0757E-06   1.0027E-05   0.40648
FLUX  169   137.50        2.180309E+15   5.0300E-06   1.0146E-05   0.49576
FLUX  170   138.50        2.164567E+15   5.3028E-06   1.0264E-05   0.51665
FLUX  171   139.50        2.149050E+15   5.6477E-06   1.0380E-05   0.54410
FLUX  172   140.50        2.133754E+15   5.7635E-06   1.0497E-05   0.54906
FLUX  173   141.50        2.118675E+15   5.2574E-06   1.0615E-05   0.49526
FLUX  174   142.50        2.103807E+15   6.0934E-06   1.0758E-05   0.56642
FLUX  175   143.50        2.089146E+15   5.4972E-06   1.0874E-05   0.50555
FLUX  176   144.20        2.079005E+15   6.2487E-06   1.0954E-05   0.57044
FLUX  177   144.70        2.071821E+15   7.1256E-06   1.1230E-05   0.63452
FLUX  178   145.50        2.060430E+15   6.7738E-06   1.1320E-05   0.59841
FLUX  179   146.50        2.046365E+15   6.1895E-06   1.1431E-05   0.54149
FLUX  180   147.50        2.032492E+15   5.9240E-06   1.1540E-05   0.51335
FLUX  181   148.50        2.018805E+15   6.9621E-06   1.1648E-05   0.59773
FLUX  182   149.50        2.005301E+15   7.5096E-06   1.1754E-05   0.63891
FLUX  183   150.50        1.991977E+15   7.6562E-06   1.1858E-05   0.64563
FLUX  184   151.20        1.982755E+15   6.4966E-06   1.1931E-05   0.54452
FLUX  185   151.70        1.976220E+15   7.4939E-06   1.1982E-05   0.62542
FLUX  186   152.50        1.965852E+15   6.4209E-06   1.2314E-05   0.52142
FLUX  187   153.50        1.953046E+15   5.4909E-06   1.2414E-05   0.44232
FLUX  188   154.50        1.940405E+15   7.5531E-06   1.2512E-05   0.60366
FLUX  189   155.50        1.927926E+15   6.4909E-06   1.2609E-05   0.51478
FLUX  190   156.50        1.915607E+15   6.0699E-06   1.2705E-05   0.47776
FLUX  191   157.50        1.903444E+15   6.3828E-06   1.2804E-05   0.49851
FLUX  192   158.50        1.891435E+15   7.5175E-06   1.2896E-05   0.58292
FLUX  193   159.50        1.879577E+15   8.2275E-06   1.2988E-05   0.63348
FLUX  194   160.50        1.867866E+15   7.5472E-06   1.3078E-05   0.57710
FLUX  195   161.50        1.856300E+15   7.6937E-06   1.3167E-05   0.58433
FLUX  196   162.50        1.844877E+15   6.9616E-06   1.3255E-05   0.52521
FLUX  197   163.50        1.833593E+15   7.4582E-06   1.3341E-05   0.55904
FLUX  198   164.50        1.822447E+15   7.8779E-06   1.3426E-05   0.58676
FLUX  199   165.50        1.811435E+15   6.9630E-06   1.3510E-05   0.51540
FLUX  200   166.50        1.800556E+15   7.9233E-06   1.3593E-05   0.58290
FLUX  201   167.20        1.793017E+15   4.2397E-06   1.3650E-05   0.31060
FLUX  202   167.70        1.787671E+15   7.7484E-06   1.3755E-05   0.56331
FLUX  203   168.50        1.779184E+15   9.1635E-06   1.3820E-05   0.66306
FLUX  204   169.50        1.768687E+15   8.7956E-06   1.3900E-05   0.63278
FLUX  205   170.50        1.758314E+15   7.9427E-06   1.3979E-05   0.56819
FLUX  206   171.50        1.748061E+15   7.6207E-06   1.4059E-05   0.54206
FLUX  207   172.50        1.737928E+15   7.6870E-06   1.4136E-05   0.54380
FLUX  208   173.50        1.727911E+15   8.6260E-06   1.4211E-05   0.60698
FLUX  209   174.50        1.718009E+15   8.5837E-06   1.4286E-05   0.60084
FLUX  210   175.50        1.708219E+15   1.0182E-05   1.4360E-05   0.70904
FLUX  211   176.50        1.698541E+15   8.5024E-06   1.4432E-05   0.58911
FLUX  212   177.50        1.688972E+15   9.5462E-06   1.4504E-05   0.65817
FLUX  213   178.50        1.679510E+15   9.2947E-06   1.4575E-05   0.63772
FLUX  214   179.50        1.670153E+15   1.1253E-05   1.4645E-05   0.76841
FLUX  215   180.50        1.660900E+15   1.0801E-05   1.4714E-05   0.73410
FLUX  216   181.50        1.651749E+15   1.0706E-05   1.4782E-05   0.72428
FLUX  217   182.50        1.642699E+15   1.0421E-05   1.4850E-05   0.70173
FLUX  218   183.50        1.633747E+15   1.0014E-05   1.4919E-05   0.67125
FLUX  219   184.50        1.624892E+15   9.1693E-06   1.4987E-05   0.61183
FLUX  220   185.50        1.616132E+15   9.3302E-06   1.5054E-05   0.61978
FLUX  221   186.50        1.607466E+15   9.6825E-06   1.5121E-05   0.64035
FLUX  222   187.50        1.598893E+15   1.1069E-05   1.5187E-05   0.72885
FLUX  223   188.50        1.590411E+15   1.0531E-05   1.5252E-05   0.69049
FLUX  224   189.50        1.582018E+15   1.0417E-05   1.5316E-05   0.68013
FLUX  225   190.50        1.573714E+15   1.0456E-05   1.5380E-05   0.67987
FLUX  226   191.50        1.565496E+15   1.0726E-05   1.5460E-05   0.69381
FLUX  227   192.50        1.557364E+15   1.1101E-05   1.5522E-05   0.71518
FLUX  228   193.50        1.549315E+15   1.1328E-05   1.5584E-05   0.72691
FLUX  229   194.50        1.541350E+15   1.1793E-05   1.5645E-05   0.75375
FLUX  230   195.50        1.533465E+15   1.1538E-05   1.5706E-05   0.73462
FLUX  231   196.70        1.524110E+15   1.2793E-05   1.5779E-05   0.81077
FLUX  232   197.60        1.517169E+15   1.3142E-05   1.5833E-05   0.83006
FLUX  233   198.40        1.511051E+15   1.2496E-05   1.5887E-05   0.78653
FLUX  234   199.50        1.502719E+15   1.1993E-05   1.5952E-05   0.75183
FLUX  235   200.50        1.495224E+15   1.2423E-05   1.6011E-05   0.77591
FLUX  236   201.50        1.487804E+15   1.1558E-05   1.6069E-05   0.71929
FLUX  237   202.50        1.480457E+15   1.2509E-05   1.6126E-05   0.77569
FLUX  238   203.50        1.473182E+15   1.2161E-05   1.6184E-05   0.75144
FLUX  239   204.50        1.465978E+15   1.3112E-05   1.6240E-05   0.80739
FLUX  240   205.50        1.458844E+15   1.2283E-05   1.6297E-05   0.75371
FLUX  241   206.50        1.451780E+15   1.2216E-05   1.6353E-05   0.74704
FLUX  242   207.40        1.445480E+15   1.3637E-05   1.6403E-05   0.83133
FLUX  243   207.80        1.442697E+15   1.3460E-05   1.6436E-05   0.81890
FLUX  244   208.50        1.437854E+15   1.3597E-05   1.6475E-05   0.82530
FLUX  245   209.50        1.430990E+15   1.3066E-05   1.6531E-05   0.79041
FLUX  246   210.50        1.424192E+15   1.2786E-05   1.6585E-05   0.77093
FLUX  247   211.50        1.417459E+15   1.2893E-05   1.6640E-05   0.77484
FLUX  248   212.50        1.410788E+15   1.3319E-05   1.6694E-05   0.79784
FLUX  249   213.50        1.404180E+15   1.1244E-05   1.6748E-05   0.67136
FLUX  250   214.50        1.397634E+15   1.2588E-05   1.6802E-05   0.74919
FLUX  251   215.50        1.391148E+15   1.3485E-05   1.6856E-05   0.80004
FLUX  252   216.50        1.384723E+15   1.2684E-05   1.6909E-05   0.75013
FLUX  253   217.50        1.378356E+15   1.2480E-05   1.6962E-05   0.73576
FLUX  254   218.50        1.372048E+15   1.2371E-05   1.7015E-05   0.72709
FLUX  255   219.50        1.365797E+15   1.3703E-05   1.7067E-05   0.80288
FLUX  256   220.50        1.359603E+15   1.2940E-05   1.7119E-05   0.75586
FLUX  257   221.50        1.353465E+15   1.1721E-05   1.7172E-05   0.68259
FLUX  258   222.50        1.347382E+15   1.1127E-05   1.7224E-05   0.64602
FLUX  259   223.50        1.341353E+15   1.2949E-05   1.7275E-05   0.74959
FLUX  260   224.50        1.335379E+15   1.1630E-05   1.7327E-05   0.67124
FLUX  261   225.50        1.329457E+15   1.1072E-05   1.7379E-05   0.63711
FLUX  262   226.50        1.323587E+15   1.1785E-05   1.7430E-05   0.67616
FLUX  263   227.50        1.317769E+15   1.2504E-05   1.7481E-05   0.71528
FLUX  264   228.50        1.312002E+15   1.3206E-05   1.7532E-05   0.75327
FLUX  265   229.50        1.306285E+15   1.2588E-05   1.7582E-05   0.71594
FLUX  266   230.50        1.300618E+15   1.2035E-05   1.7633E-05   0.68253
FLUX  267   231.50        1.295000E+15   1.1159E-05   1.7683E-05   0.63108
FLUX  268   232.50        1.289430E+15   7.2343E-06   1.7733E-05   0.40795
FLUX  269   233.50        1.283908E+15   9.9081E-06   1.7784E-05   0.55715
FLUX  270   234.50        1.278433E+15   9.1828E-06   1.7834E-05   0.51492
FLUX  271   235.50        1.273004E+15   1.1465E-05   1.7884E-05   0.64108
FLUX  272   236.50        1.267622E+15   9.2852E-06   1.7933E-05   0.51776
FLUX  273   237.50        1.262284E+15   1.0358E-05   1.7983E-05   0.57599
FLUX  274   238.50        1.256992E+15   8.6130E-06   1.8032E-05   0.47764
FLUX  275   239.50        1.251743E+15   1.0229E-05   1.8082E-05   0.56568
FLUX  276   240.50        1.246538E+15   9.5589E-06   1.8131E-05   0.52720
FLUX  277   241.50        1.241377E+15   1.0302E-05   1.8181E-05   0.56667
FLUX  278   242.50        1.236258E+15   1.1838E-05   1.8230E-05   0.64935
FLUX  279   243.50        1.231181E+15   1.1292E-05   1.8279E-05   0.61776
FLUX  280   244.50        1.226145E+15   1.2552E-05   1.8328E-05   0.68484
FLUX  281   245.50        1.221151E+15   1.2095E-05   1.8377E-05   0.65814
FLUX  282   246.50        1.216197E+15   1.2120E-05   1.8426E-05   0.65774
FLUX  283   247.50        1.211283E+15   1.1680E-05   1.8475E-05   0.63223
FLUX  284   248.50        1.206408E+15   1.2735E-05   1.8524E-05   0.68752
FLUX  285   249.50        1.201573E+15   1.2261E-05   1.8572E-05   0.66019
FLUX  286   250.50        1.196776E+15   1.4138E-05   1.8621E-05   0.75927
FLUX  287   251.30        1.192967E+15   1.2036E-05   1.8659E-05   0.64504
FLUX  288   251.80        1.190598E+15   1.2851E-05   1.8686E-05   0.68773
FLUX  289   252.50        1.187297E+15   1.1634E-05   1.8720E-05   0.62151
FLUX  290   253.50        1.182613E+15   1.1851E-05   1.8769E-05   0.63140
FLUX  291   254.50        1.177967E+15   1.1752E-05   1.8819E-05   0.62447
FLUX  292   255.50        1.173356E+15   1.2975E-05   1.8868E-05   0.68766
FLUX  293   256.50        1.168782E+15   1.2546E-05   1.8918E-05   0.66320
FLUX  294   257.50        1.164243E+15   1.4067E-05   1.8967E-05   0.74165
FLUX  295   258.50        1.159739E+15   1.3642E-05   1.9017E-05   0.71736
FLUX  296   259.50        1.155270E+15   1.3091E-05   1.9066E-05   0.68659
FLUX  297   260.50        1.150835E+15   1.2415E-05   1.9119E-05   0.64938
FLUX  298   261.50        1.146434E+15   1.2347E-05   1.9168E-05   0.64414
FLUX  299   262.50        1.142067E+15   1.3778E-05   1.9217E-05   0.71699
FLUX  300   263.50        1.137732E+15   1.4071E-05   1.9265E-05   0.73039
FLUX  301   264.50        1.133431E+15   1.6558E-05   1.9314E-05   0.85728
FLUX  302   265.50        1.129162E+15   1.6335E-05   1.9363E-05   0.84363
FLUX  303   266.50        1.124925E+15   1.4592E-05   1.9411E-05   0.75171
FLUX  304   267.50        1.120720E+15   1.5743E-05   1.9460E-05   0.80901
FLUX  305   268.50        1.116546E+15   1.5259E-05   1.9508E-05   0.78218
FLUX  306   269.50        1.112403E+15   1.4944E-05   1.9557E-05   0.76416
FLUX  307   270.50        1.108290E+15   1.5730E-05   1.9605E-05   0.80238
FLUX  308   271.50        1.104208E+15   1.4798E-05   1.9653E-05   0.75294
FLUX  309   272.50        1.100156E+15   1.5215E-05   1.9701E-05   0.77229
FLUX  310   273.50        1.096133E+15   1.6677E-05   1.9749E-05   0.84446
FLUX  311   274.50        1.092140E+15   1.3077E-05   1.9797E-05   0.66055
FLUX  312   275.50        1.088176E+15   1.3519E-05   1.9845E-05   0.68124
FLUX  313   276.50        1.084241E+15   1.4386E-05   1.9892E-05   0.72322
FLUX  314   277.50        1.080333E+15   1.6052E-05   1.9940E-05   0.80504
FLUX  315   278.50        1.076454E+15   1.5952E-05   1.9987E-05   0.79811
FLUX  316   279.50        1.072603E+15   1.1137E-05   2.0035E-05   0.55586
FLUX  317   280.50        1.068779E+15   1.3112E-05   2.0082E-05   0.65293
FLUX  318   281.50        1.064982E+15   1.6934E-05   2.0130E-05   0.84125
FLUX  319   282.50        1.061212E+15   1.7656E-05   2.0177E-05   0.87506
FLUX  320   283.50        1.057469E+15   1.6565E-05   2.0224E-05   0.81907
FLUX  321   284.50        1.053752E+15   1.6080E-05   2.0271E-05   0.79324
FLUX  322   285.50        1.050061E+15   1.5842E-05   2.0318E-05   0.77972
FLUX  323   286.50        1.046396E+15   1.7265E-05   2.0365E-05   0.84779
FLUX  324   287.50        1.042757E+15   1.6615E-05   2.0411E-05   0.81402
FLUX  325   288.50        1.039142E+15   1.7051E-05   2.0458E-05   0.83346
FLUX  326   289.50        1.035553E+15   1.6307E-05   2.0504E-05   0.79531
FLUX  327   291.00        1.030215E+15   1.8687E-05   2.0574E-05   0.90829
FLUX  328   293.00        1.023183E+15   1.8109E-05   2.0666E-05   0.87625
FLUX  329   295.00        1.016246E+15   1.8262E-05   2.0758E-05   0.87974
FLUX  330   297.00        1.009402E+15   1.8794E-05   2.0849E-05   0.90142
FLUX  331   299.00        1.002651E+15   1.9249E-05   2.0940E-05   0.91923
FLUX  332   301.00        9.959884E+14   2.0057E-05   2.1030E-05   0.95371
FLUX  333   303.00        9.894142E+14   1.9854E-05   2.1120E-05   0.94008
FLUX  334   305.00        9.829262E+14   1.9815E-05   2.1209E-05   0.93429
FLUX  335   307.00        9.765228E+14   1.9795E-05   2.1298E-05   0.92943
FLUX  336   309.00        9.702023E+14   2.0445E-05   2.1386E-05   0.95599
FLUX  337   311.00        9.639630E+14   1.9953E-05   2.1474E-05   0.92920
FLUX  338   313.00        9.578035E+14   2.0038E-05   2.1561E-05   0.92940
FLUX  339   315.00        9.517222E+14   2.0615E-05   2.1647E-05   0.95231
FLUX  340   317.00        9.457177E+14   2.0565E-05   2.1734E-05   0.94622
FLUX  341   319.00        9.397884E+14   2.0007E-05   2.1820E-05   0.91691
FLUX  342   321.00        9.339330E+14   2.0732E-05   2.1905E-05   0.94645
FLUX  343   323.00        9.281502E+14   2.0578E-05   2.1990E-05   0.93580
FLUX  344   325.00        9.224385E+14   2.0871E-05   2.2074E-05   0.94550
FLUX  345   327.00        9.167966E+14   2.1086E-05   2.2157E-05   0.95165
FLUX  346   329.00        9.112234E+14   2.1390E-05   2.2240E-05   0.96179
FLUX  347   331.00        9.057175E+14   2.1683E-05   2.2322E-05   0.97137
FLUX  348   333.00        9.002778E+14   2.1422E-05   2.2403E-05   0.95623
FLUX  349   335.00        8.949030E+14   2.1388E-05   2.2483E-05   0.95131
FLUX  350   337.00        8.895920E+14   2.1546E-05   2.2563E-05   0.95493
FLUX  351   339.00        8.843437E+14   2.1499E-05   2.2641E-05   0.94955
FLUX  352   341.00        8.791569E+14   2.2147E-05   2.2720E-05   0.97480
FLUX  353   343.00        8.740306E+14   2.2219E-05   2.2797E-05   0.97467
FLUX  354   345.00        8.689638E+14   2.2297E-05   2.2873E-05   0.97479
FLUX  355   347.00        8.639553E+14   2.2122E-05   2.2949E-05   0.96394
FLUX  356   349.00        8.590043E+14   2.2172E-05   2.3024E-05   0.96300
FLUX  357   351.00        8.541097E+14   2.2667E-05   2.3098E-05   0.98133
FLUX  358   353.00        8.492705E+14   2.2982E-05   2.3172E-05   0.99182
FLUX  359   355.00        8.444859E+14   2.3139E-05   2.3244E-05   0.99548
FLUX  360   357.00        8.397549E+14   2.3002E-05   2.3316E-05   0.98651
FLUX  361   359.00        8.350766E+14   2.3072E-05   2.3387E-05   0.98651
FLUX  362   361.00        8.304501E+14   2.3167E-05   2.3457E-05   0.98760
FLUX  363   363.00        8.258747E+14   2.3219E-05   2.3526E-05   0.98695
FLUX  364   364.00        8.236058E+14   2.3282E-05   2.3561E-05   0.98815
FLUX  365   365.00        8.213493E+14   2.3763E-05   6.9143E-05   0.34368
FLUX  366   367.00        8.168733E+14   2.2250E-05   6.8960E-05   0.32265
FLUX  367   369.00        8.124458E+14   2.8024E-05   6.8980E-05   0.40626
FLUX  368   371.00        8.080660E+14   4.0661E-05   6.8790E-05   0.59109
FLUX  369   373.00        8.037332E+14   4.2804E-05   6.8599E-05   0.62397
FLUX  370   375.00        7.994467E+14   5.2009E-05   6.8407E-05   0.76029
FLUX  371   377.00        7.952056E+14   5.2178E-05   6.8213E-05   0.76492
FLUX  372   379.00        7.910092E+14   5.7217E-05   6.8018E-05   0.84120
FLUX  373   381.00        7.868570E+14   6.2170E-05   6.7822E-05   0.91666
FLUX  374   383.00        7.827480E+14   5.3363E-05   6.7625E-05   0.78910
FLUX  375   385.00        7.786818E+14   6.3596E-05   6.7427E-05   0.94318
FLUX  376   387.00        7.746576E+14   6.4972E-05   6.7228E-05   0.96644
FLUX  377   389.00        7.706748E+14   5.3047E-05   6.7028E-05   0.79142
FLUX  378   391.00        7.667327E+14   6.4496E-05   6.6826E-05   0.96512
FLUX  379   393.00        7.628308E+14   6.3587E-05   6.6624E-05   0.95442
FLUX  380   395.00        7.589684E+14   6.5171E-05   6.6421E-05   0.98118
FLUX  381   397.00        7.551448E+14   5.1529E-05   6.6217E-05   0.77817
FLUX  382   399.00        7.513596E+14   6.4949E-05   6.6013E-05   0.98389
FLUX  383   401.00        7.476122E+14   6.4571E-05   6.5808E-05   0.98120
FLUX  384   403.00        7.439020E+14   6.4012E-05   6.5603E-05   0.97575
FLUX  385   405.00        7.402284E+14   6.4469E-05   6.5397E-05   0.98582
FLUX  386   407.00        7.365909E+14   6.3828E-05   6.5190E-05   0.97909
FLUX  387   409.00        7.329890E+14   6.2276E-05   6.4984E-05   0.95834
FLUX  388   411.00        7.294221E+14   5.2936E-05   6.4777E-05   0.81721
FLUX  389   413.00        7.258898E+14   6.2608E-05   6.4571E-05   0.96959
FLUX  390   415.00        7.223916E+14   6.3652E-05   6.4365E-05   0.98891
FLUX  391   417.00        7.189269E+14   6.2953E-05   6.4159E-05   0.98121
FLUX  392   419.00        7.154952E+14   6.3126E-05   6.3952E-05   0.98709
FLUX  393   421.00        7.120962E+14   6.3027E-05   6.3745E-05   0.98874
FLUX  394   423.00        7.087293E+14   6.2700E-05   6.3538E-05   0.98682
FLUX  395   425.00        7.053941E+14   6.2126E-05   6.3330E-05   0.98098
FLUX  396   427.00        7.020902E+14   6.1784E-05   6.3123E-05   0.97879
FLUX  397   429.00        6.988170E+14   6.2078E-05   6.2916E-05   0.98669
FLUX  398   431.00        6.955742E+14   6.1120E-05   6.2708E-05   0.97468
FLUX  399   433.00        6.923614E+14   5.8034E-05   6.2500E-05   0.92854
FLUX  400   435.00        6.891782E+14   5.1671E-05   6.2293E-05   0.82949
FLUX  401   437.00        6.860240E+14   6.1271E-05   6.2085E-05   0.98688
FLUX  402   439.00        6.828986E+14   6.0266E-05   6.1878E-05   0.97395
FLUX  403   441.00        6.798016E+14   6.0798E-05   6.1671E-05   0.98585
FLUX  404   443.00        6.767325E+14   6.0605E-05   6.1464E-05   0.98602
FLUX  405   445.00        6.736910E+14   6.0538E-05   6.1257E-05   0.98827
FLUX  406   447.00        6.706767E+14   6.0127E-05   6.1050E-05   0.98489
FLUX  407   449.00        6.676893E+14   5.9411E-05   6.0843E-05   0.97647
FLUX  408   451.00        6.647284E+14   5.9644E-05   6.0637E-05   0.98362
FLUX  409   453.00        6.617936E+14   5.9321E-05   6.0431E-05   0.98164
FLUX  410   455.00        6.588846E+14   5.8205E-05   6.0225E-05   0.96645
FLUX  411   457.00        6.560011E+14   5.9327E-05   6.0020E-05   0.98846
FLUX  412   459.00        6.531427E+14   5.8291E-05   5.9815E-05   0.97452
FLUX  413   461.00        6.503091E+14   5.9418E-05   5.9610E-05   0.99677
FLUX  414   463.00        6.475000E+14   5.7937E-05   5.9406E-05   0.97528
FLUX  415   465.00        6.447151E+14   5.8926E-05   5.9202E-05   0.99535
FLUX  416   467.00        6.419540E+14   5.8411E-05   5.8998E-05   0.99004
FLUX  417   469.00        6.392164E+14   5.8543E-05   5.8794E-05   0.99572
FLUX  418   471.00        6.365021E+14   5.7496E-05   5.8591E-05   0.98130
FLUX  419   473.00        6.338108E+14   5.8047E-05   5.8388E-05   0.99415
FLUX  420   475.00        6.311421E+14   5.7817E-05   5.8186E-05   0.99367
FLUX  421   477.00        6.284958E+14   5.7878E-05   5.7983E-05   0.99818
FLUX  422   479.00        6.258716E+14   5.7661E-05   5.7782E-05   0.99791
FLUX  423   481.00        6.232692E+14   5.7204E-05   5.7581E-05   0.99345
FLUX  424   483.00        6.206884E+14   5.6786E-05   5.7380E-05   0.98966
FLUX  425   485.00        6.181289E+14   5.3924E-05   5.7180E-05   0.94307
FLUX  426   487.00        6.155903E+14   4.6512E-05   5.6980E-05   0.81628
FLUX  427   489.00        6.130726E+14   5.6306E-05   5.6781E-05   0.99164
FLUX  428   491.00        6.105754E+14   5.6266E-05   5.6582E-05   0.99441
FLUX  429   493.00        6.080984E+14   5.5483E-05   5.6384E-05   0.98402
FLUX  430   495.00        6.056414E+14   5.5820E-05   5.6187E-05   0.99347
FLUX  431   497.00        6.032042E+14   5.5809E-05   5.5990E-05   0.99676
FLUX  432   499.00        6.007866E+14   5.5359E-05   5.5794E-05   0.99221
FLUX  433   501.00        5.983882E+14   5.4268E-05   5.5598E-05   0.97607
FLUX  434   503.00        5.960089E+14   5.4554E-05   5.5403E-05   0.98468
FLUX  435   505.00        5.936485E+14   5.3981E-05   5.5208E-05   0.97776
FLUX  436   507.00        5.913067E+14   5.4361E-05   5.5015E-05   0.98812
FLUX  437   509.00        5.889833E+14   5.4195E-05   5.4821E-05   0.98858
FLUX  438   511.00        5.866781E+14   5.3787E-05   5.4629E-05   0.98460
FLUX  439   513.00        5.843908E+14   5.3834E-05   5.4437E-05   0.98892
FLUX  440   515.00        5.821214E+14   5.3202E-05   5.4245E-05   0.98077
FLUX  441   517.00        5.798694E+14   5.2807E-05   5.4054E-05   0.97692
FLUX  442   519.00        5.776349E+14   5.2922E-05   5.3864E-05   0.98251
FLUX  443   521.00        5.754175E+14   5.2719E-05   5.3674E-05   0.98220
FLUX  444   523.00        5.732170E+14   5.2141E-05   5.3485E-05   0.97486
FLUX  445   525.00        5.710333E+14   5.2540E-05   5.3297E-05   0.98580
FLUX  446   527.00        5.688662E+14   5.1758E-05   5.3110E-05   0.97455
FLUX  447   529.00        5.667155E+14   5.2394E-05   5.2923E-05   0.99001
FLUX  448   531.00        5.645810E+14   5.1538E-05   5.2737E-05   0.97726
FLUX  449   533.00        5.624625E+14   5.1963E-05   5.2552E-05   0.98881
FLUX  450   535.00        5.603598E+14   5.2003E-05   5.2367E-05   0.99305
FLUX  451   537.00        5.582728E+14   5.1709E-05   5.2183E-05   0.99093
FLUX  452   539.00        5.562013E+14   5.1513E-05   5.2000E-05   0.99064
FLUX  453   541.00        5.541451E+14   5.1165E-05   5.1817E-05   0.98742
FLUX  454   543.00        5.521041E+14   5.1032E-05   5.1635E-05   0.98832
FLUX  455   545.00        5.500780E+14   5.1092E-05   5.1454E-05   0.99297
FLUX  456   547.00        5.480667E+14   5.0823E-05   5.1273E-05   0.99121
FLUX  457   549.00        5.460701E+14   5.0705E-05   5.1094E-05   0.99240
FLUX  458   551.00        5.440880E+14   5.0459E-05   5.0914E-05   0.99107
FLUX  459   553.00        5.421203E+14   5.0386E-05   5.0735E-05   0.99311
FLUX  460   555.00        5.401667E+14   5.0294E-05   5.0557E-05   0.99479
FLUX  461   557.00        5.382271E+14   5.0092E-05   5.0380E-05   0.99429
FLUX  462   559.00        5.363014E+14   4.9974E-05   5.0203E-05   0.99544
FLUX  463   561.00        5.343895E+14   4.9944E-05   5.0027E-05   0.99833
FLUX  464   563.00        5.324911E+14   4.9735E-05   4.9852E-05   0.99766
FLUX  465   565.00        5.306062E+14   4.9329E-05   4.9677E-05   0.99298
FLUX  466   567.00        5.287346E+14   4.9278E-05   4.9503E-05   0.99546
FLUX  467   569.00        5.268761E+14   4.9220E-05   4.9330E-05   0.99777
FLUX  468   571.00        5.250306E+14   4.9061E-05   4.9157E-05   0.99805
FLUX  469   573.00        5.231981E+14   4.8892E-05   4.8985E-05   0.99809
FLUX  470   575.00        5.213783E+14   4.8708E-05   4.8814E-05   0.99784
FLUX  471   577.00        5.195711E+14   4.8556E-05   4.8644E-05   0.99820
FLUX  472   579.00        5.177763E+14   4.8257E-05   4.8474E-05   0.99552
FLUX  473   581.00        5.159940E+14   4.8159E-05   4.8305E-05   0.99698
FLUX  474   583.00        5.142238E+14   4.7989E-05   4.8137E-05   0.99693
FLUX  475   585.00        5.124658E+14   4.7881E-05   4.7969E-05   0.99816
FLUX  476   587.00        5.107198E+14   4.7459E-05   4.7802E-05   0.99283
FLUX  477   589.00        5.089856E+14   4.7350E-05   4.7636E-05   0.99400
FLUX  478   591.00        5.072631E+14   4.7364E-05   4.7471E-05   0.99775
FLUX  479   593.00        5.055523E+14   4.7253E-05   4.7306E-05   0.99889
FLUX  480   595.00        5.038529E+14   4.6805E-05   4.7142E-05   0.99286
FLUX  481   597.00        5.021650E+14   4.6816E-05   4.6979E-05   0.99653
FLUX  482   599.00        5.004883E+14   4.6500E-05   4.6816E-05   0.99325
FLUX  483   601.00        4.988228E+14   4.6578E-05   4.6654E-05   0.99836
FLUX  484   603.00        4.971683E+14   4.6439E-05   4.6493E-05   0.99883
FLUX  485   605.00        4.955248E+14   4.6216E-05   4.6333E-05   0.99748
FLUX  486   607.00        4.938921E+14   4.6067E-05   4.6173E-05   0.99770
FLUX  487   609.00        4.922701E+14   4.5911E-05   4.6014E-05   0.99774
FLUX  488   611.00        4.906588E+14   4.5761E-05   4.5856E-05   0.99793
FLUX  489   613.00        4.890579E+14   4.5597E-05   4.5699E-05   0.99776
FLUX  490   615.00        4.874675E+14   4.4903E-05   4.5542E-05   0.98597
FLUX  491   617.00        4.858874E+14   4.5292E-05   4.5386E-05   0.99792
FLUX  492   619.00        4.843174E+14   4.5171E-05   4.5231E-05   0.99867
FLUX  493   621.00        4.827576E+14   4.5027E-05   4.5076E-05   0.99890
FLUX  494   623.00        4.812079E+14   4.4800E-05   4.4922E-05   0.99728
FLUX  495   625.00        4.796680E+14   4.4164E-05   4.4769E-05   0.98648
FLUX  496   627.00        4.781380E+14   4.4576E-05   4.4617E-05   0.99909
FLUX  497   629.00        4.766176E+14   4.4404E-05   4.4465E-05   0.99863
FLUX  498   631.00        4.751070E+14   4.4102E-05   4.4314E-05   0.99522
FLUX  499   633.00        4.736058E+14   4.4079E-05   4.4163E-05   0.99810
FLUX  500   635.00        4.721142E+14   4.3393E-05   4.4013E-05   0.98592
FLUX  501   637.00        4.706319E+14   4.3371E-05   4.3864E-05   0.98876
FLUX  502   639.00        4.691588E+14   4.3561E-05   4.3715E-05   0.99647
FLUX  503   641.00        4.676950E+14   4.3372E-05   4.3567E-05   0.99553
FLUX  504   643.00        4.662403E+14   4.3305E-05   4.3420E-05   0.99735
FLUX  505   645.00        4.647946E+14   4.2824E-05   4.3273E-05   0.98963
FLUX  506   647.00        4.633578E+14   4.3084E-05   4.3127E-05   0.99902
FLUX  507   649.00        4.619299E+14   4.2741E-05   4.2981E-05   0.99441
FLUX  508   651.00        4.605108E+14   4.2595E-05   4.2836E-05   0.99438
FLUX  509   653.00        4.591003E+14   4.2351E-05   4.2692E-05   0.99201
FLUX  510   655.00        4.576985E+14   4.0569E-05   4.2548E-05   0.95347
FLUX  511   657.00        4.563052E+14   3.4231E-05   4.2405E-05   0.80723
FLUX  512   659.00        4.549203E+14   4.1775E-05   4.2263E-05   0.98844
FLUX  513   661.00        4.535439E+14   4.1977E-05   4.2121E-05   0.99657
FLUX  514   663.00        4.521757E+14   4.1865E-05   4.1980E-05   0.99725
FLUX  515   665.00        4.508158E+14   4.1789E-05   4.1840E-05   0.99878
FLUX  516   667.00        4.494640E+14   4.1581E-05   4.1700E-05   0.99713
FLUX  517   669.00        4.481203E+14   4.1448E-05   4.1561E-05   0.99728
FLUX  518   671.00        4.467846E+14   4.1373E-05   4.1422E-05   0.99881
FLUX  519   673.00        4.454569E+14   4.1181E-05   4.1285E-05   0.99749
FLUX  520   675.00        4.441370E+14   4.1093E-05   4.1147E-05   0.99869
FLUX  521   677.00        4.428250E+14   4.0968E-05   4.1011E-05   0.99897
FLUX  522   679.00        4.415206E+14   4.0812E-05   4.0874E-05   0.99846
FLUX  523   681.00        4.402239E+14   4.0682E-05   4.0739E-05   0.99859
FLUX  524   683.00        4.389348E+14   4.0504E-05   4.0604E-05   0.99752
FLUX  525   685.00        4.376533E+14   4.0383E-05   4.0470E-05   0.99786
FLUX  526   687.00        4.363792E+14   4.0265E-05   4.0336E-05   0.99824
FLUX  527   689.00        4.351125E+14   4.0140E-05   4.0203E-05   0.99842
FLUX  528   691.00        4.338531E+14   3.9996E-05   4.0071E-05   0.99813
FLUX  529   693.00        4.326010E+14   3.9830E-05   3.9939E-05   0.99728
FLUX  530   695.00        4.313561E+14   3.9735E-05   3.9808E-05   0.99817
FLUX  531   697.00        4.301184E+14   3.9611E-05   3.9678E-05   0.99832
FLUX  532   699.00        4.288877E+14   3.9520E-05   3.9548E-05   0.99929
FLUX  533   701.00        4.276641E+14   3.9314E-05   3.9418E-05   0.99735
FLUX  534   703.00        4.264474E+14   3.9253E-05   3.9290E-05   0.99907
FLUX  535   705.00        4.252376E+14   3.9034E-05   3.9161E-05   0.99675
FLUX  536   707.00        4.240347E+14   3.8931E-05   3.9034E-05   0.99736
FLUX  537   709.00        4.228385E+14   3.8878E-05   3.8907E-05   0.99926
FLUX  538   711.00        4.216491E+14   3.8660E-05   3.8780E-05   0.99689
FLUX  539   713.00        4.204663E+14   3.8566E-05   3.8654E-05   0.99772
FLUX  540   715.00        4.192902E+14   3.8465E-05   3.8529E-05   0.99834
FLUX  541   717.00        4.181206E+14   3.8353E-05   3.8404E-05   0.99867
FLUX  542   719.00        4.169576E+14   3.8222E-05   3.8280E-05   0.99848
FLUX  543   721.00        4.158010E+14   3.8123E-05   3.8156E-05   0.99914
FLUX  544   723.00        4.146508E+14   3.7891E-05   3.8033E-05   0.99627
FLUX  545   725.00        4.135069E+14   3.7836E-05   3.7911E-05   0.99803
FLUX  546   727.00        4.123693E+14   3.7742E-05   3.7789E-05   0.99875
FLUX  547   729.00        4.112380E+14   3.7589E-05   3.7667E-05   0.99792
FLUX  548   731.00        4.101129E+14   3.7416E-05   3.7546E-05   0.99651
FLUX  549   733.00        4.089939E+14   3.7367E-05   3.7426E-05   0.99842
FLUX  550   735.00        4.078810E+14   3.7288E-05   3.7306E-05   0.99950
FLUX  551   737.00        4.067741E+14   3.7174E-05   3.7187E-05   0.99964
FLUX  552   739.00        4.056732E+14   3.7044E-05   3.7068E-05   0.99935
FLUX  553   741.00        4.045783E+14   3.6856E-05   3.6950E-05   0.99744
FLUX  554   743.00        4.034892E+14   3.6697E-05   3.6832E-05   0.99632
FLUX  555   745.00        4.024060E+14   3.6610E-05   3.6715E-05   0.99713
FLUX  556   747.00        4.013286E+14   3.6428E-05   3.6599E-05   0.99535
FLUX  557   749.00        4.002570E+14   3.6385E-05   3.6482E-05   0.99734
FLUX  558   751.00        3.991911E+14   3.6217E-05   3.6367E-05   0.99589
FLUX  559   753.00        3.981308E+14   3.6217E-05   3.6251E-05   0.99905
FLUX  560   755.00        3.970762E+14   3.6109E-05   3.6137E-05   0.99923
FLUX  561   757.00        3.960271E+14   3.5994E-05   3.6023E-05   0.99920
FLUX  562   759.00        3.949835E+14   3.5873E-05   3.5909E-05   0.99899
FLUX  563   761.00        3.939455E+14   3.5790E-05   3.5796E-05   0.99983
FLUX  564   763.00        3.929128E+14   3.5661E-05   3.5683E-05   0.99936
FLUX  565   765.00        3.918856E+14   3.5484E-05   3.5571E-05   0.99755
FLUX  566   767.00        3.908638E+14   3.5415E-05   3.5460E-05   0.99873
FLUX  567   769.00        3.898472E+14   3.5305E-05   3.5349E-05   0.99876
FLUX  568   771.00        3.888359E+14   3.5100E-05   3.5238E-05   0.99607
FLUX  569   773.00        3.878299E+14   3.5091E-05   3.5128E-05   0.99895
FLUX  570   775.00        3.868290E+14   3.4979E-05   3.5018E-05   0.99888
FLUX  571   777.00        3.858333E+14   3.4236E-05   3.4909E-05   0.98072
FLUX  572   779.00        3.848427E+14   3.4762E-05   3.4801E-05   0.99888
FLUX  573   781.00        3.838572E+14   3.4681E-05   3.4692E-05   0.99968
FLUX  574   783.00        3.828768E+14   3.4551E-05   3.4585E-05   0.99904
FLUX  575   785.00        3.819013E+14   3.4346E-05   3.4477E-05   0.99617
FLUX  576   787.00        3.809307E+14   3.4158E-05   3.4371E-05   0.99381
FLUX  577   789.00        3.799651E+14   3.4022E-05   3.4264E-05   0.99292
FLUX  578   791.00        3.790044E+14   3.4109E-05   3.4159E-05   0.99854
FLUX  579   793.00        3.780485E+14   3.4036E-05   3.4053E-05   0.99948
FLUX  580   795.00        3.770975E+14   3.3778E-05   3.3949E-05   0.99496
FLUX  581   797.00        3.761512E+14   3.3824E-05   3.3844E-05   0.99940
FLUX  582   799.00        3.752096E+14   3.3364E-05   3.3740E-05   0.98886
FLUX  583   801.00        3.742728E+14   3.3616E-05   3.3637E-05   0.99937
FLUX  584   803.00        3.733406E+14   3.3508E-05   3.3534E-05   0.99924
FLUX  585   805.00        3.724130E+14   3.3407E-05   3.3431E-05   0.99927
FLUX  586   807.00        3.714901E+14   3.3297E-05   3.3329E-05   0.99903
FLUX  587   809.00        3.705717E+14   3.3196E-05   3.3228E-05   0.99906
FLUX  588   811.00        3.696578E+14   3.3077E-05   3.3126E-05   0.99850
FLUX  589   813.00        3.687485E+14   3.3005E-05   3.3026E-05   0.99939
FLUX  590   815.00        3.678436E+14   3.2905E-05   3.2925E-05   0.99937
FLUX  591   817.00        3.669431E+14   3.2812E-05   3.2825E-05   0.99959
FLUX  592   819.00        3.660470E+14   3.2617E-05   3.2726E-05   0.99666
FLUX  593   821.00        3.651553E+14   3.2527E-05   3.8571E-05   0.84330
FLUX  594   823.00        3.642679E+14   3.2382E-05   3.8444E-05   0.84231
FLUX  595   825.00        3.633848E+14   3.2498E-05   3.8318E-05   0.84810
FLUX  596   827.00        3.625060E+14   3.2333E-05   3.8193E-05   0.84658
FLUX  597   829.00        3.616315E+14   3.1626E-05   3.8068E-05   0.83076
FLUX  598   831.00        3.607611E+14   3.1104E-05   3.7944E-05   0.81974
FLUX  599   833.00        3.598950E+14   3.0614E-05   3.7820E-05   0.80948
FLUX  600   835.00        3.590329E+14   3.0940E-05   3.7696E-05   0.82076
FLUX  601   837.00        3.581750E+14   3.0222E-05   3.7573E-05   0.80434
FLUX  602   839.00        3.573212E+14   3.1011E-05   3.7451E-05   0.82805
FLUX  603   841.00        3.564715E+14   3.1225E-05   3.7329E-05   0.83647
FLUX  604   843.00        3.556257E+14   3.2752E-05   3.7208E-05   0.88023
FLUX  605   845.00        3.547840E+14   3.2445E-05   3.7088E-05   0.87482
FLUX  606   847.00        3.539463E+14   3.0742E-05   3.6967E-05   0.83159
FLUX  607   849.00        3.531125E+14   3.5012E-05   3.6848E-05   0.95019
FLUX  608   851.00        3.522826E+14   3.0723E-05   3.6729E-05   0.83647
FLUX  609   853.00        3.514566E+14   3.5614E-05   3.6611E-05   0.97279
FLUX  610   855.00        3.506345E+14   3.0060E-05   3.6493E-05   0.82374
FLUX  611   857.00        3.498162E+14   3.5832E-05   3.6375E-05   0.98507
FLUX  612   859.00        3.490017E+14   3.3200E-05   3.6258E-05   0.91566
FLUX  613   861.00        3.481911E+14   3.2082E-05   3.6142E-05   0.88765
FLUX  614   863.00        3.473841E+14   3.5656E-05   3.6026E-05   0.98971
FLUX  615   865.00        3.465809E+14   3.5001E-05   3.5911E-05   0.97467
FLUX  616   867.00        3.457814E+14   2.9535E-05   3.5796E-05   0.82509
FLUX  617   869.00        3.449856E+14   3.4965E-05   3.5682E-05   0.97992
FLUX  618   871.00        3.441935E+14   3.5324E-05   3.5568E-05   0.99313
FLUX  619   873.00        3.434049E+14   3.4922E-05   3.5455E-05   0.98495
FLUX  620   875.00        3.426200E+14   2.9390E-05   3.5342E-05   0.83159
FLUX  621   877.00        3.418387E+14   3.4383E-05   3.5230E-05   0.97597
FLUX  622   879.00        3.410609E+14   3.4999E-05   3.5118E-05   0.99659
FLUX  623   881.00        3.402866E+14   3.4909E-05   3.5007E-05   0.99721
FLUX  624   883.00        3.395159E+14   3.4536E-05   3.4896E-05   0.98966
FLUX  625   885.00        3.387486E+14   3.3553E-05   3.4786E-05   0.96454
FLUX  626   887.00        3.379848E+14   2.9166E-05   3.4676E-05   0.84110
FLUX  627   889.00        3.372244E+14   3.4258E-05   3.4567E-05   0.99106
FLUX  628   891.00        3.364675E+14   3.4255E-05   3.4458E-05   0.99410
FLUX  629   893.00        3.357139E+14   3.4125E-05   3.4350E-05   0.99345
FLUX  630   895.00        3.349637E+14   3.4201E-05   3.4242E-05   0.99881
FLUX  631   897.00        3.342168E+14   3.4081E-05   3.4135E-05   0.99842
FLUX  632   899.00        3.334733E+14   3.3737E-05   3.4028E-05   0.99144
FLUX  633   901.00        3.327331E+14   2.9266E-05   3.3922E-05   0.86275
FLUX  634   903.00        3.319961E+14   3.1952E-05   3.3816E-05   0.94487
FLUX  635   905.00        3.312624E+14   3.3520E-05   3.3711E-05   0.99433
FLUX  636   907.00        3.305320E+14   3.3128E-05   3.3606E-05   0.98579
FLUX  637   909.00        3.298047E+14   3.3001E-05   3.3502E-05   0.98505
FLUX  638   911.00        3.290807E+14   3.3170E-05   3.3398E-05   0.99319
FLUX  639   913.00        3.283598E+14   3.3112E-05   3.3294E-05   0.99453
FLUX  640   915.00        3.276421E+14   3.3136E-05   3.3191E-05   0.99833
FLUX  641   917.00        3.269275E+14   3.2928E-05   3.3089E-05   0.99516
FLUX  642   919.00        3.262160E+14   3.2610E-05   3.2986E-05   0.98860
FLUX  643   921.00        3.255076E+14   3.2197E-05   3.2885E-05   0.97908
FLUX  644   923.00        3.248023E+14   2.7071E-05   3.2784E-05   0.82575
FLUX  645   925.00        3.241000E+14   3.1711E-05   3.2683E-05   0.97027
FLUX  646   927.00        3.234008E+14   3.1692E-05   3.2582E-05   0.97266
FLUX  647   929.00        3.227045E+14   3.2312E-05   3.2483E-05   0.99474
FLUX  648   931.00        3.220113E+14   3.2304E-05   3.2383E-05   0.99754
FLUX  649   933.00        3.213210E+14   3.2172E-05   3.2284E-05   0.99652
FLUX  650   935.00        3.206337E+14   3.2139E-05   3.2186E-05   0.99856
FLUX  651   937.00        3.199493E+14   3.2039E-05   3.2087E-05   0.99849
FLUX  652   939.00        3.192678E+14   3.1809E-05   3.1990E-05   0.99435
FLUX  653   941.00        3.185893E+14   3.1420E-05   3.1892E-05   0.98518
FLUX  654   943.00        3.179136E+14   3.1715E-05   3.1796E-05   0.99747
FLUX  655   945.00        3.172407E+14   3.1665E-05   3.1699E-05   0.99892
FLUX  656   947.00        3.165707E+14   3.1535E-05   3.1603E-05   0.99784
FLUX  657   949.00        3.159036E+14   3.1457E-05   3.1508E-05   0.99841
FLUX  658   951.00        3.152392E+14   3.1271E-05   3.1412E-05   0.99550
FLUX  659   953.00        3.145776E+14   3.0688E-05   3.1318E-05   0.97990
FLUX  660   955.00        3.139188E+14   2.6091E-05   3.1223E-05   0.83564
FLUX  661   957.00        3.132628E+14   3.0711E-05   3.1129E-05   0.98657
FLUX  662   959.00        3.126095E+14   3.0963E-05   3.1036E-05   0.99766
FLUX  663   961.00        3.119589E+14   3.0853E-05   3.0942E-05   0.99710
FLUX  664   963.00        3.113110E+14   3.0432E-05   3.0850E-05   0.98646
FLUX  665   965.00        3.106658E+14   3.0729E-05   3.0757E-05   0.99908
FLUX  666   967.00        3.100233E+14   3.0501E-05   3.0665E-05   0.99463
FLUX  667   969.00        3.093834E+14   3.0535E-05   3.0574E-05   0.99875
FLUX  668   971.00        3.087461E+14   3.0478E-05   3.0482E-05   0.99985
FLUX  669   973.00        3.081115E+14   3.0375E-05   3.0392E-05   0.99946
FLUX  670   975.00        3.074795E+14   3.0276E-05   3.0301E-05   0.99917
FLUX  671   977.00        3.068501E+14   3.0204E-05   3.0211E-05   0.99978
FLUX  672   979.00        3.062232E+14   3.0103E-05   3.0121E-05   0.99938
FLUX  673   981.00        3.055989E+14   2.9989E-05   3.0032E-05   0.99858
FLUX  674   983.00        3.049771E+14   2.9869E-05   2.9943E-05   0.99753
FLUX  675   985.00        3.043579E+14   2.9786E-05   2.9855E-05   0.99771
FLUX  676   987.00        3.037411E+14   2.9715E-05   2.9766E-05   0.99827
FLUX  677   989.00        3.031269E+14   2.9543E-05   2.9679E-05   0.99542
FLUX  678   991.00        3.025151E+14   2.9562E-05   2.9591E-05   0.99901
FLUX  679   993.00        3.019058E+14   2.9459E-05   2.9504E-05   0.99846
FLUX  680   995.00        3.012990E+14   2.9378E-05   2.9418E-05   0.99866
FLUX  681   997.00        3.006946E+14   2.9311E-05   2.9331E-05   0.99932
FLUX  682   999.00        3.000926E+14   2.9219E-05   2.9245E-05   0.99911
FLUX  683  1002.50        2.990449E+14   2.8279E-05   2.9096E-05   0.97194
FLUX  684  1007.50        2.975608E+14   2.7203E-05   2.8884E-05   0.94179
FLUX  685  1012.50        2.960914E+14   2.8431E-05   2.8675E-05   0.99151
FLUX  686  1017.50        2.946364E+14   2.8398E-05   2.8467E-05   0.99755
FLUX  687  1022.50        2.931956E+14   2.8246E-05   2.8262E-05   0.99943
FLUX  688  1027.50        2.917689E+14   2.8042E-05   2.8059E-05   0.99940
FLUX  689  1032.50        2.903559E+14   2.7824E-05   2.7858E-05   0.99878
FLUX  690  1037.50        2.889566E+14   2.7635E-05   2.7660E-05   0.99910
FLUX  691  1042.50        2.875707E+14   2.7451E-05   2.7463E-05   0.99955
FLUX  692  1047.50        2.861981E+14   2.7217E-05   2.7268E-05   0.99812
FLUX  693  1052.50        2.848385E+14   2.6987E-05   2.7076E-05   0.99673
FLUX  694  1057.50        2.834917E+14   2.6850E-05   2.6885E-05   0.99869
FLUX  695  1062.50        2.821576E+14   2.6682E-05   2.6696E-05   0.99947
FLUX  696  1067.50        2.808361E+14   2.6297E-05   2.6509E-05   0.99198
FLUX  697  1072.50        2.795268E+14   2.6237E-05   2.6324E-05   0.99668
FLUX  698  1077.50        2.782297E+14   2.6104E-05   2.6141E-05   0.99857
FLUX  699  1082.50        2.769446E+14   2.5890E-05   2.5960E-05   0.99731
FLUX  700  1087.50        2.756713E+14   2.5734E-05   2.5781E-05   0.99818
FLUX  701  1092.50        2.744096E+14   2.3651E-05   2.5603E-05   0.92376
FLUX  702  1097.50        2.731595E+14   2.5103E-05   2.5428E-05   0.98723
FLUX  703  1102.50        2.719206E+14   2.5240E-05   2.5254E-05   0.99945
FLUX  704  1107.50        2.706930E+14   2.5074E-05   2.5081E-05   0.99970
FLUX  705  1112.50        2.694764E+14   2.4904E-05   2.4911E-05   0.99970
FLUX  706  1117.50        2.682707E+14   2.4731E-05   2.4742E-05   0.99952
FLUX  707  1122.50        2.670757E+14   2.4567E-05   2.4575E-05   0.99967
FLUX  708  1127.50        2.658914E+14   2.4191E-05   2.4410E-05   0.99102
FLUX  709  1132.50        2.647174E+14   2.4067E-05   2.4246E-05   0.99260
FLUX  710  1137.50        2.635538E+14   2.4070E-05   2.4084E-05   0.99944
FLUX  711  1142.50        2.624004E+14   2.3905E-05   2.3923E-05   0.99924
FLUX  712  1147.50        2.612571E+14   2.3760E-05   2.3764E-05   0.99982
FLUX  713  1152.50        2.601236E+14   2.3604E-05   2.3607E-05   0.99988
FLUX  714  1157.50        2.590000E+14   2.3445E-05   2.3451E-05   0.99975
FLUX  715  1162.50        2.578860E+14   2.3234E-05   2.3296E-05   0.99734
FLUX  716  1167.50        2.567816E+14   2.3065E-05   2.3143E-05   0.99661
FLUX  717  1172.50        2.556866E+14   2.2980E-05   2.2992E-05   0.99951
FLUX  718  1177.50        2.546008E+14   2.2708E-05   2.2842E-05   0.99413
FLUX  719  1182.50        2.535243E+14   2.2662E-05   2.2693E-05   0.99865
FLUX  720  1187.50        2.524568E+14   2.2490E-05   2.2546E-05   0.99751
FLUX  721  1192.50        2.513983E+14   2.2398E-05   2.2400E-05   0.99992
FLUX  722  1197.50        2.503486E+14   2.2226E-05   2.2256E-05   0.99866
FLUX  723  1202.50        2.493077E+14   2.2105E-05   2.2112E-05   0.99967
FLUX  724  1207.50        2.482754E+14   2.1958E-05   2.1971E-05   0.99944
FLUX  725  1212.50        2.472515E+14   2.1816E-05   2.1830E-05   0.99934
FLUX  726  1217.50        2.462361E+14   2.1684E-05   2.1691E-05   0.99964
FLUX  727  1222.50        2.452290E+14   2.1542E-05   2.1554E-05   0.99948
FLUX  728  1227.50        2.442301E+14   2.1396E-05   2.1417E-05   0.99901
FLUX  729  1232.50        2.432394E+14   2.1267E-05   2.1282E-05   0.99929
FLUX  730  1237.50        2.422566E+14   2.1135E-05   2.1148E-05   0.99937
FLUX  731  1242.50        2.412817E+14   2.1013E-05   2.1015E-05   0.99987
FLUX  732  1247.50        2.403146E+14   2.0824E-05   2.0884E-05   0.99712
FLUX  733  1252.50        2.393553E+14   2.0748E-05   2.0754E-05   0.99973
FLUX  734  1257.50        2.384036E+14   2.0580E-05   2.0625E-05   0.99783
FLUX  735  1262.50        2.374594E+14   2.0479E-05   2.0497E-05   0.99913
FLUX  736  1267.50        2.365227E+14   2.0365E-05   2.0370E-05   0.99977
FLUX  737  1272.50        2.355933E+14   2.0242E-05   2.0245E-05   0.99988
FLUX  738  1277.50        2.346712E+14   2.0046E-05   2.0120E-05   0.99630
FLUX  739  1282.50        2.337563E+14   1.8509E-05   1.9997E-05   0.92556
FLUX  740  1287.50        2.328485E+14   1.9833E-05   1.9875E-05   0.99789
FLUX  741  1292.50        2.319478E+14   1.9752E-05   1.9754E-05   0.99989
FLUX  742  1297.50        2.310539E+14   1.9631E-05   1.9634E-05   0.99985
FLUX  743  1302.50        2.301670E+14   1.9515E-05   1.9516E-05   0.99997
FLUX  744  1307.50        2.292868E+14   1.9396E-05   1.9398E-05   0.99991
FLUX  745  1312.50        2.284133E+14   1.9280E-05   1.9281E-05   0.99993
FLUX  746  1317.50        2.275465E+14   1.9120E-05   1.9165E-05   0.99764
FLUX  747  1322.50        2.266862E+14   1.9050E-05   1.9051E-05   0.99997
FLUX  748  1327.50        2.258324E+14   1.8936E-05   1.8937E-05   0.99995
FLUX  749  1332.50        2.249850E+14   1.8823E-05   1.8825E-05   0.99993
FLUX  750  1337.50        2.241439E+14   1.8712E-05   1.8713E-05   0.99993
FLUX  751  1342.50        2.233091E+14   1.8593E-05   1.8602E-05   0.99951
FLUX  752  1347.50        2.224805E+14   1.8480E-05   1.8493E-05   0.99932
FLUX  753  1352.50        2.216580E+14   1.8364E-05   1.8384E-05   0.99891
FLUX  754  1357.50        2.208416E+14   1.8263E-05   1.8276E-05   0.99930
FLUX  755  1362.50        2.200312E+14   1.8157E-05   1.8169E-05   0.99934
FLUX  756  1367.50        2.192267E+14   1.8035E-05   1.8063E-05   0.99845
FLUX  757  1372.50        2.184281E+14   1.7933E-05   1.7958E-05   0.99861
FLUX  758  1377.50        2.176352E+14   1.7851E-05   1.7854E-05   0.99983
FLUX  759  1382.50        2.168481E+14   1.7748E-05   1.7751E-05   0.99981
FLUX  760  1387.50        2.160667E+14   1.7647E-05   1.7648E-05   0.99993
FLUX  761  1392.50        2.152908E+14   1.7540E-05   1.7547E-05   0.99960
FLUX  762  1397.50        2.145206E+14   1.7443E-05   1.7446E-05   0.99978
FLUX  763  1402.50        2.137558E+14   1.7345E-05   1.7347E-05   0.99992
FLUX  764  1407.50        2.129964E+14   1.7247E-05   1.7248E-05   0.99993
FLUX  765  1412.50        2.122425E+14   1.7145E-05   1.7150E-05   0.99971
FLUX  766  1417.50        2.114938E+14   1.7052E-05   1.7053E-05   0.99994
FLUX  767  1422.50        2.107504E+14   1.6954E-05   1.6956E-05   0.99990
FLUX  768  1427.50        2.100123E+14   1.6860E-05   1.6861E-05   0.99994
FLUX  769  1432.50        2.092792E+14   1.6764E-05   1.6766E-05   0.99987
FLUX  770  1437.50        2.085513E+14   1.6668E-05   1.6672E-05   0.99980
FLUX  771  1442.50        2.078284E+14   1.6528E-05   1.6579E-05   0.99693
FLUX  772  1447.50        2.071105E+14   1.6482E-05   1.6486E-05   0.99972
FLUX  773  1452.50        2.063976E+14   1.6363E-05   1.6394E-05   0.99807
FLUX  774  1457.00        2.057601E+14   1.6311E-05   1.6313E-05   0.99989
FLUX  775  1462.00        2.050564E+14   1.6543E-05   1.7022E-05   0.97186
FLUX  776  1467.50        2.042879E+14   1.6720E-05   1.6916E-05   0.98840
FLUX  777  1472.50        2.035942E+14   1.6370E-05   1.6821E-05   0.97320
FLUX  778  1477.50        2.029052E+14   1.6068E-05   1.6727E-05   0.96060
FLUX  779  1482.50        2.022209E+14   1.5803E-05   1.6633E-05   0.95005
FLUX  780  1487.50        2.015412E+14   1.5597E-05   1.6541E-05   0.94296
FLUX  781  1492.50        2.008660E+14   1.5416E-05   1.6449E-05   0.93725
FLUX  782  1497.50        2.001953E+14   1.5360E-05   1.6357E-05   0.93901
FLUX  783  1502.50        1.995291E+14   1.5163E-05   1.6267E-05   0.93216
FLUX  784  1507.50        1.988673E+14   1.5160E-05   1.6177E-05   0.93712
FLUX  785  1512.50        1.982099E+14   1.5104E-05   1.6088E-05   0.93881
FLUX  786  1517.50        1.975568E+14   1.5129E-05   1.6000E-05   0.94555
FLUX  787  1522.50        1.969080E+14   1.5395E-05   1.5912E-05   0.96750
FLUX  788  1527.50        1.962635E+14   1.4816E-05   1.5826E-05   0.93623
FLUX  789  1532.50        1.956232E+14   1.4903E-05   1.5740E-05   0.94687
FLUX  790  1537.50        1.949870E+14   1.5231E-05   1.5654E-05   0.97295
FLUX  791  1542.50        1.943549E+14   1.4616E-05   1.5569E-05   0.93879
FLUX  792  1547.50        1.937270E+14   1.5170E-05   1.5485E-05   0.97963
FLUX  793  1552.50        1.931031E+14   1.5177E-05   1.5402E-05   0.98536
FLUX  794  1557.50        1.924831E+14   1.4268E-05   1.5319E-05   0.93140
FLUX  795  1562.50        1.918672E+14   1.5190E-05   1.5237E-05   0.99688
FLUX  796  1567.50        1.912552E+14   1.4775E-05   1.5156E-05   0.97484
FLUX  797  1572.50        1.906471E+14   1.4178E-05   1.5075E-05   0.94049
FLUX  798  1577.50        1.900428E+14   1.4970E-05   1.4995E-05   0.99831
FLUX  799  1582.50        1.894423E+14   1.4880E-05   1.4916E-05   0.99758
FLUX  800  1587.50        1.888457E+14   1.3712E-05   1.4837E-05   0.92420
FLUX  801  1592.50        1.882527E+14   1.4623E-05   1.4759E-05   0.99080
FLUX  802  1597.50        1.876635E+14   1.4679E-05   1.4681E-05   0.99988
FLUX  803  1605.00        1.867866E+14   1.4482E-05   1.4566E-05   0.99425
FLUX  804  1615.00        1.856300E+14   1.3863E-05   1.4414E-05   0.96178
FLUX  805  1625.00        1.844877E+14   1.4263E-05   1.4265E-05   0.99989
FLUX  806  1635.00        1.833593E+14   1.4023E-05   1.4117E-05   0.99333
FLUX  807  1645.00        1.822447E+14   1.3453E-05   1.3973E-05   0.96279
FLUX  808  1655.00        1.811435E+14   1.3829E-05   1.3830E-05   0.99990
FLUX  809  1665.00        1.800556E+14   1.3688E-05   1.3690E-05   0.99986
FLUX  810  1675.00        1.789806E+14   1.3452E-05   1.3551E-05   0.99267
FLUX  811  1685.00        1.779184E+14   1.2909E-05   1.3415E-05   0.96229
FLUX  812  1695.00        1.768687E+14   1.3269E-05   1.3281E-05   0.99915
FLUX  813  1705.00        1.758314E+14   1.3141E-05   1.3148E-05   0.99947
FLUX  814  1715.00        1.748061E+14   1.3013E-05   1.3018E-05   0.99965
FLUX  815  1725.00        1.737928E+14   1.2878E-05   1.2889E-05   0.99909
FLUX  816  1735.00        1.727911E+14   1.2211E-05   1.2763E-05   0.95674
FLUX  817  1745.00        1.718009E+14   1.2598E-05   1.2638E-05   0.99685
FLUX  818  1755.00        1.708219E+14   1.2502E-05   1.2515E-05   0.99897
FLUX  819  1765.00        1.698541E+14   1.2383E-05   1.2394E-05   0.99911
FLUX  820  1775.00        1.688972E+14   1.2263E-05   1.2275E-05   0.99906
FLUX  821  1785.00        1.679510E+14   1.2148E-05   1.2157E-05   0.99928
FLUX  822  1795.00        1.670153E+14   1.2040E-05   1.2041E-05   0.99991
FLUX  823  1805.00        1.660900E+14   1.1893E-05   1.1927E-05   0.99716
FLUX  824  1815.00        1.651749E+14   1.1342E-05   1.1814E-05   0.96008
FLUX  825  1825.00        1.642699E+14   1.1637E-05   1.1703E-05   0.99436
FLUX  826  1835.00        1.633747E+14   1.1590E-05   1.1593E-05   0.99970
FLUX  827  1845.00        1.624892E+14   1.1483E-05   1.1485E-05   0.99980
FLUX  828  1855.00        1.616132E+14   1.1366E-05   1.1378E-05   0.99893
FLUX  829  1865.00        1.607466E+14   1.1264E-05   1.1273E-05   0.99921
FLUX  830  1875.00        1.598893E+14   1.0691E-05   1.1170E-05   0.95713
FLUX  831  1885.00        1.590411E+14   1.1050E-05   1.1067E-05   0.99841
FLUX  832  1895.00        1.582018E+14   1.0962E-05   1.0967E-05   0.99956
FLUX  833  1905.00        1.573714E+14   1.0866E-05   1.0867E-05   0.99986
FLUX  834  1915.00        1.565496E+14   1.0768E-05   1.0769E-05   0.99988
FLUX  835  1925.00        1.557364E+14   1.0670E-05   1.0672E-05   0.99975
FLUX  836  1935.00        1.549315E+14   1.0569E-05   1.0577E-05   0.99927
FLUX  837  1945.00        1.541350E+14   1.0053E-05   1.0483E-05   0.95900
FLUX  838  1955.00        1.533465E+14   1.0382E-05   1.0390E-05   0.99929
FLUX  839  1965.00        1.525662E+14   1.0298E-05   1.0298E-05   0.99998
FLUX  840  1975.00        1.517937E+14   1.0206E-05   1.0207E-05   0.99984
FLUX  841  1985.00        1.510290E+14   1.0117E-05   1.0118E-05   0.99994
FLUX  842  1995.00        1.502719E+14   1.0029E-05   1.0030E-05   0.99993
FLUX  843  2005.00        1.495224E+14   9.9424E-06   9.9426E-06   0.99998
FLUX  844  2015.00        1.487804E+14   9.8564E-06   9.8567E-06   0.99998
FLUX  845  2025.00        1.480457E+14   9.7716E-06   9.7718E-06   0.99998
FLUX  846  2035.00        1.473182E+14   9.6873E-06   9.6881E-06   0.99993
FLUX  847  2045.00        1.465978E+14   9.6051E-06   9.6054E-06   0.99997
FLUX  848  2055.00        1.458844E+14   9.5231E-06   9.5237E-06   0.99994
FLUX  849  2065.00        1.451780E+14   9.4421E-06   9.4431E-06   0.99990
FLUX  850  2075.00        1.444783E+14   9.3629E-06   9.3635E-06   0.99993
FLUX  851  2085.00        1.437854E+14   9.2847E-06   9.2850E-06   0.99997
FLUX  852  2095.00        1.430990E+14   9.2067E-06   9.2074E-06   0.99993
FLUX  853  2105.00        1.424192E+14   9.1300E-06   9.1307E-06   0.99992
FLUX  854  2115.00        1.417459E+14   9.0504E-06   9.0551E-06   0.99948
FLUX  855  2125.00        1.410788E+14   8.9766E-06   8.9803E-06   0.99958
FLUX  856  2135.00        1.404180E+14   8.9021E-06   8.9065E-06   0.99951
FLUX  857  2145.00        1.397634E+14   8.8313E-06   8.8336E-06   0.99973
FLUX  858  2155.00        1.391148E+14   8.7579E-06   8.7616E-06   0.99958
FLUX  859  2165.00        1.384723E+14   8.3391E-06   8.6905E-06   0.95956
FLUX  860  2175.00        1.378356E+14   8.6076E-06   8.6202E-06   0.99853
FLUX  861  2185.00        1.372048E+14   8.5499E-06   8.5508E-06   0.99989
FLUX  862  2195.00        1.365797E+14   8.4815E-06   8.4822E-06   0.99992
FLUX  863  2205.00        1.359603E+14   8.4140E-06   8.4145E-06   0.99994
FLUX  864  2215.00        1.353465E+14   8.3454E-06   8.3475E-06   0.99975
FLUX  865  2225.00        1.347382E+14   8.2811E-06   8.2813E-06   0.99997
FLUX  866  2235.00        1.341353E+14   8.2157E-06   8.2160E-06   0.99997
FLUX  867  2245.00        1.335379E+14   8.1513E-06   8.1514E-06   0.99999
FLUX  868  2255.00        1.329457E+14   8.0870E-06   8.0875E-06   0.99994
FLUX  869  2265.00        1.323587E+14   8.0243E-06   8.0244E-06   0.99999
FLUX  870  2275.00        1.317769E+14   7.9619E-06   7.9621E-06   0.99998
FLUX  871  2285.00        1.312002E+14   7.9347E-06   8.0449E-06   0.98630
FLUX  872  2295.00        1.306285E+14   7.9657E-06   7.9823E-06   0.99792
FLUX  873  2305.00        1.300618E+14   7.8648E-06   7.9205E-06   0.99297
FLUX  874  2315.00        1.295000E+14   7.7690E-06   7.8593E-06   0.98850
FLUX  875  2325.00        1.289430E+14   7.6799E-06   7.7989E-06   0.98474
FLUX  876  2335.00        1.283908E+14   7.5901E-06   7.7391E-06   0.98074
FLUX  877  2345.00        1.278433E+14   7.5132E-06   7.6801E-06   0.97827
FLUX  878  2355.00        1.273004E+14   7.4378E-06   7.6217E-06   0.97587
FLUX  879  2365.00        1.267622E+14   7.3766E-06   7.5640E-06   0.97523
FLUX  880  2375.00        1.262284E+14   7.3333E-06   7.5069E-06   0.97688
FLUX  881  2385.00        1.256992E+14   7.2766E-06   7.4505E-06   0.97666
FLUX  882  2395.00        1.251743E+14   7.2222E-06   7.3947E-06   0.97667
FLUX  883  2405.00        1.246538E+14   7.1510E-06   7.3395E-06   0.97431
FLUX  884  2415.00        1.241377E+14   7.0803E-06   7.2850E-06   0.97191
FLUX  885  2425.00        1.236258E+14   7.1490E-06   7.2310E-06   0.98865
FLUX  886  2435.00        1.231181E+14   6.9963E-06   7.1777E-06   0.97473
FLUX  887  2445.00        1.226145E+14   6.9398E-06   7.1249E-06   0.97402
FLUX  888  2455.00        1.221151E+14   6.9951E-06   7.0727E-06   0.98902
FLUX  889  2465.00        1.216197E+14   6.8819E-06   7.0211E-06   0.98017
FLUX  890  2475.00        1.211283E+14   6.8355E-06   6.9701E-06   0.98069
FLUX  891  2485.00        1.206408E+14   6.9085E-06   6.9196E-06   0.99840
FLUX  892  2495.00        1.201573E+14   6.6066E-06   6.8696E-06   0.96171
FLUX  893  2505.00        1.196776E+14   6.8201E-06   6.8202E-06   0.99999
FLUX  894  2515.00        1.192018E+14   6.7658E-06   6.7713E-06   0.99918
FLUX  895  2525.00        1.187297E+14   6.4551E-06   6.7230E-06   0.96016
FLUX  896  2535.00        1.182613E+14   6.6580E-06   6.6752E-06   0.99743
FLUX  897  2545.00        1.177967E+14   6.6276E-06   6.6278E-06   0.99997
FLUX  898  2555.00        1.173356E+14   6.5648E-06   6.5810E-06   0.99754
FLUX  899  2565.00        1.168782E+14   6.2624E-06   6.5347E-06   0.95833
FLUX  900  2575.00        1.164243E+14   6.4797E-06   6.4888E-06   0.99859
FLUX  901  2585.00        1.159739E+14   6.4425E-06   6.4435E-06   0.99984
FLUX  902  2595.00        1.155270E+14   6.3985E-06   6.3986E-06   0.99998
FLUX  903  2605.00        1.150835E+14   6.3230E-06   6.3542E-06   0.99509
FLUX  904  2615.00        1.146434E+14   6.0469E-06   6.3102E-06   0.95827
FLUX  905  2625.00        1.142067E+14   5.9768E-06   6.2667E-06   0.95374
FLUX  906  2635.00        1.137732E+14   6.2077E-06   6.2237E-06   0.99744
FLUX  907  2645.00        1.133431E+14   6.1806E-06   6.1810E-06   0.99994
FLUX  908  2655.00        1.129162E+14   6.1383E-06   6.1388E-06   0.99991
FLUX  909  2665.00        1.124925E+14   6.0872E-06   6.0971E-06   0.99838
FLUX  910  2675.00        1.120720E+14   5.7930E-06   6.0557E-06   0.95662
FLUX  911  2685.00        1.116546E+14   6.0049E-06   6.0148E-06   0.99835
FLUX  912  2695.00        1.112403E+14   5.9738E-06   5.9743E-06   0.99992
FLUX  913  2705.00        1.108290E+14   5.9339E-06   5.9342E-06   0.99995
FLUX  914  2715.00        1.104208E+14   5.8944E-06   5.8945E-06   0.99999
FLUX  915  2725.00        1.100156E+14   5.8551E-06   5.8552E-06   0.99998
FLUX  916  2735.00        1.096133E+14   5.8162E-06   5.8163E-06   0.99998
FLUX  917  2745.00        1.092140E+14   5.7766E-06   5.7777E-06   0.99980
FLUX  918  2755.00        1.088176E+14   5.5216E-06   5.7396E-06   0.96202
FLUX  919  2765.00        1.084241E+14   5.6501E-06   5.7018E-06   0.99092
FLUX  920  2775.00        1.080333E+14   5.6644E-06   5.6644E-06   0.99998
FLUX  921  2785.00        1.076454E+14   5.6273E-06   5.6274E-06   0.99999
FLUX  922  2795.00        1.072603E+14   5.5907E-06   5.5907E-06   1.00000
FLUX  923  2805.00        1.068779E+14   5.5544E-06   5.5544E-06   0.99999
FLUX  924  2815.00        1.064982E+14   5.5182E-06   5.5185E-06   0.99995
FLUX  925  2825.00        1.061212E+14   5.4825E-06   5.4829E-06   0.99993
FLUX  926  2835.00        1.057469E+14   5.4474E-06   5.4476E-06   0.99996
FLUX  927  2845.00        1.053752E+14   5.4121E-06   5.4127E-06   0.99990
FLUX  928  2855.00        1.050061E+14   5.3780E-06   5.3781E-06   0.99998
FLUX  929  2865.00        1.046396E+14   5.3217E-06   5.3438E-06   0.99586
FLUX  930  2875.00        1.042757E+14   5.0927E-06   5.3099E-06   0.95910
FLUX  931  2885.00        1.039142E+14   5.2728E-06   5.2763E-06   0.99933
FLUX  932  2895.00        1.035553E+14   5.2388E-06   5.2430E-06   0.99920
FLUX  933  2905.00        1.031988E+14   5.2099E-06   5.2100E-06   0.99999
FLUX  934  2915.00        1.028448E+14   5.1759E-06   5.1773E-06   0.99972
FLUX  935  2925.00        1.024932E+14   5.1447E-06   5.1450E-06   0.99994
FLUX  936  2935.00        1.021440E+14   5.1125E-06   5.1129E-06   0.99991
FLUX  937  2945.00        1.017971E+14   5.0809E-06   5.0812E-06   0.99996
FLUX  938  2955.00        1.014526E+14   5.0497E-06   5.0497E-06   1.00000
FLUX  939  2965.00        1.011105E+14   5.0184E-06   5.0185E-06   0.99998
FLUX  940  2975.00        1.007706E+14   4.9876E-06   4.9876E-06   0.99999
FLUX  941  2985.00        1.004330E+14   4.9570E-06   4.9570E-06   1.00000
FLUX  942  2995.00        1.000977E+14   4.9267E-06   4.9267E-06   0.99999
FLUX  943  3005.00        9.976456E+13   4.8966E-06   4.8967E-06   0.99997
FLUX  944  3015.00        9.943367E+13   4.8667E-06   4.8669E-06   0.99995
FLUX  945  3025.00        9.910496E+13   4.8369E-06   4.8374E-06   0.99988
FLUX  946  3035.00        9.877842E+13   4.6570E-06   4.8082E-06   0.96855
FLUX  947  3045.00        9.845402E+13   4.7151E-06   4.7793E-06   0.98657
FLUX  948  3055.00        9.813175E+13   4.7490E-06   4.7506E-06   0.99968
FLUX  949  3065.00        9.781158E+13   4.7220E-06   4.7221E-06   0.99998
FLUX  950  3075.00        9.749350E+13   4.6937E-06   4.6939E-06   0.99995
FLUX  951  3085.00        9.717747E+13   4.6629E-06   4.6660E-06   0.99933
FLUX  952  3095.00        9.686349E+13   4.6380E-06   4.6383E-06   0.99994
FLUX  953  3105.00        9.655153E+13   4.6106E-06   4.6109E-06   0.99994
FLUX  954  3115.00        9.624157E+13   4.5833E-06   4.5837E-06   0.99992
FLUX  955  3125.00        9.593360E+13   4.5561E-06   4.5567E-06   0.99987
FLUX  956  3135.00        9.562759E+13   4.5298E-06   4.5300E-06   0.99997
FLUX  957  3145.00        9.532353E+13   4.5028E-06   4.5035E-06   0.99986
FLUX  958  3155.00        9.502139E+13   4.4771E-06   4.4772E-06   0.99998
FLUX  959  3165.00        9.472117E+13   4.4508E-06   4.4512E-06   0.99991
FLUX  960  3175.00        9.442283E+13   4.4250E-06   4.4254E-06   0.99991
FLUX  961  3185.00        9.412637E+13   4.3997E-06   4.3998E-06   0.99999
FLUX  962  3195.00        9.383177E+13   4.3742E-06   4.3744E-06   0.99995
FLUX  963  3210.00        9.339330E+13   4.3367E-06   4.3368E-06   0.99997
FLUX  964  3230.00        9.281502E+13   4.2874E-06   4.2874E-06   1.00000
FLUX  965  3250.00        9.224385E+13   4.2387E-06   4.2388E-06   0.99999
FLUX  966  3270.00        9.167966E+13   4.1909E-06   4.1910E-06   0.99998
FLUX  967  3290.00        9.112234E+13   4.0444E-06   4.1773E-06   0.96820
FLUX  968  3310.00        9.057175E+13   4.1142E-06   4.1305E-06   0.99605
FLUX  969  3330.00        9.002778E+13   4.0722E-06   4.0846E-06   0.99697
FLUX  970  3350.00        8.949030E+13   4.0194E-06   4.0394E-06   0.99504
FLUX  971  3370.00        8.895920E+13   3.9675E-06   3.9950E-06   0.99312
FLUX  972  3390.00        8.843437E+13   3.9192E-06   3.9513E-06   0.99189
FLUX  973  3410.00        8.791569E+13   3.8683E-06   3.9083E-06   0.98977
FLUX  974  3430.00        8.740306E+13   3.8248E-06   3.8660E-06   0.98934
FLUX  975  3450.00        8.689638E+13   3.7829E-06   3.8244E-06   0.98916
FLUX  976  3470.00        8.639553E+13   3.7437E-06   3.7834E-06   0.98951
FLUX  977  3490.00        8.590043E+13   3.7014E-06   3.7431E-06   0.98886
FLUX  978  3510.00        8.541097E+13   3.6663E-06   3.7035E-06   0.98997
FLUX  979  3530.00        8.492705E+13   3.6294E-06   3.6644E-06   0.99044
FLUX  980  3550.00        8.444859E+13   3.5825E-06   3.6260E-06   0.98800
FLUX  981  3570.00        8.397549E+13   3.5401E-06   3.5882E-06   0.98660
FLUX  982  3590.00        8.350766E+13   3.5437E-06   3.5510E-06   0.99795
FLUX  983  3610.00        8.304501E+13   3.4616E-06   3.5143E-06   0.98501
FLUX  984  3630.00        8.258747E+13   3.4737E-06   3.4782E-06   0.99869
FLUX  985  3650.00        8.213493E+13   3.3866E-06   3.4427E-06   0.98370
FLUX  986  3670.00        8.168733E+13   3.4070E-06   3.4077E-06   0.99979
FLUX  987  3690.00        8.124458E+13   3.3111E-06   3.3732E-06   0.98157
FLUX  988  3710.00        8.080660E+13   3.3366E-06   3.3393E-06   0.99920
FLUX  989  3730.00        8.037332E+13   3.2756E-06   3.3059E-06   0.99084
FLUX  990  3750.00        7.994467E+13   3.1712E-06   3.2729E-06   0.96891
FLUX  991  3770.00        7.952056E+13   3.2392E-06   3.2405E-06   0.99960
FLUX  992  3790.00        7.910092E+13   3.2084E-06   3.2085E-06   0.99997
FLUX  993  3810.00        7.868570E+13   3.1348E-06   3.1770E-06   0.98669
FLUX  994  3830.00        7.827480E+13   3.1190E-06   3.1460E-06   0.99141
FLUX  995  3850.00        7.786818E+13   3.1153E-06   3.1154E-06   0.99997
FLUX  996  3870.00        7.746576E+13   3.0848E-06   3.0853E-06   0.99985
FLUX  997  3890.00        7.706748E+13   3.0519E-06   3.0556E-06   0.99880
FLUX  998  3910.00        7.667327E+13   2.9585E-06   3.0263E-06   0.97759
FLUX  999  3930.00        7.628308E+13   2.9974E-06   2.9975E-06   0.99997
FLUX 1000  3950.00        7.589684E+13   2.9680E-06   2.9690E-06   0.99964
FLUX 1001  3970.00        7.551448E+13   2.9410E-06   2.9410E-06   0.99999
FLUX 1002  3990.00        7.513596E+13   2.9130E-06   2.9134E-06   0.99987
FLUX 1003  4010.00        7.476122E+13   2.8628E-06   2.8861E-06   0.99193
FLUX 1004  4030.00        7.439020E+13   2.8141E-06   2.8592E-06   0.98420
FLUX 1005  4050.00        7.402284E+13   2.7708E-06   2.8327E-06   0.97813
FLUX 1006  4070.00        7.365909E+13   2.8060E-06   2.8066E-06   0.99980
FLUX 1007  4090.00        7.329890E+13   2.7806E-06   2.7808E-06   0.99994
FLUX 1008  4110.00        7.294221E+13   2.7554E-06   2.7554E-06   0.99999
FLUX 1009  4130.00        7.258898E+13   2.7302E-06   2.7303E-06   0.99997
FLUX 1010  4150.00        7.223916E+13   2.7053E-06   2.7056E-06   0.99989
FLUX 1011  4170.00        7.189269E+13   2.6172E-06   2.6812E-06   0.97616
FLUX 1012  4190.00        7.154952E+13   2.6559E-06   2.6571E-06   0.99957
FLUX 1013  4210.00        7.120962E+13   2.6332E-06   2.6333E-06   0.99994
FLUX 1014  4230.00        7.087293E+13   2.6099E-06   2.6099E-06   1.00000
FLUX 1015  4250.00        7.053941E+13   2.5867E-06   2.5868E-06   1.00000
FLUX 1016  4270.00        7.020902E+13   2.5639E-06   2.5639E-06   1.00000
FLUX 1017  4290.00        6.988170E+13   2.5414E-06   2.5414E-06   1.00000
FLUX 1018  4310.00        6.955742E+13   2.5192E-06   2.5192E-06   0.99999
FLUX 1019  4330.00        6.923614E+13   2.4972E-06   2.4972E-06   0.99999
FLUX 1020  4350.00        6.891782E+13   2.4756E-06   2.4756E-06   0.99999
FLUX 1021  4370.00        6.860240E+13   2.4005E-06   2.4542E-06   0.97810
FLUX 1022  4390.00        6.828986E+13   2.4260E-06   2.4331E-06   0.99705
FLUX 1023  4410.00        6.798016E+13   2.4123E-06   2.4123E-06   0.99998
FLUX 1024  4430.00        6.767325E+13   2.3917E-06   2.3918E-06   0.99999
FLUX 1025  4450.00        6.736910E+13   2.3714E-06   2.3715E-06   0.99999
FLUX 1026  4470.00        6.706767E+13   2.3608E-06   2.3608E-06   1.00000
FLUX 1027  4490.00        6.676893E+13   2.3408E-06   2.3409E-06   0.99998
FLUX 1028  4510.00        6.647284E+13   2.3212E-06   2.3212E-06   1.00000
FLUX 1029  4530.00        6.617936E+13   2.3015E-06   2.3018E-06   0.99985
FLUX 1030  4550.00        6.588846E+13   2.2826E-06   2.2827E-06   0.99998
FLUX 1031  4570.00        6.560011E+13   2.2637E-06   2.2637E-06   0.99998
FLUX 1032  4590.00        6.531427E+13   2.2450E-06   2.2450E-06   0.99997
FLUX 1033  4610.00        6.503091E+13   2.2266E-06   2.2266E-06   1.00000
FLUX 1034  4630.00        6.475000E+13   2.2083E-06   2.2083E-06   0.99997
FLUX 1035  4650.00        6.447151E+13   2.1453E-06   2.1903E-06   0.97946
FLUX 1036  4670.00        6.419540E+13   2.1145E-06   2.1725E-06   0.97327
FLUX 1037  4690.00        6.392164E+13   2.1524E-06   2.1550E-06   0.99880
FLUX 1038  4710.00        6.365021E+13   2.1376E-06   2.1376E-06   0.99999
FLUX 1039  4730.00        6.338108E+13   2.1204E-06   2.1205E-06   1.00000
FLUX 1040  4750.00        6.311421E+13   2.1032E-06   2.1035E-06   0.99985
FLUX 1041  4770.00        6.284958E+13   2.0867E-06   2.0868E-06   0.99998
FLUX 1042  4790.00        6.258716E+13   2.0702E-06   2.0702E-06   1.00000
FLUX 1043  4810.00        6.232692E+13   2.0539E-06   2.0539E-06   1.00000
FLUX 1044  4830.00        6.206884E+13   2.0377E-06   2.0377E-06   1.00000
FLUX 1045  4850.00        6.181289E+13   2.0217E-06   2.0217E-06   1.00000
FLUX 1046  4870.00        6.155903E+13   2.0060E-06   2.0060E-06   1.00000
FLUX 1047  4890.00        6.130726E+13   1.9904E-06   1.9904E-06   1.00000
FLUX 1048  4910.00        6.105754E+13   1.9749E-06   1.9749E-06   0.99999
FLUX 1049  4930.00        6.080984E+13   1.9597E-06   1.9597E-06   0.99999
FLUX 1050  4950.00        6.056414E+13   1.9446E-06   1.9446E-06   1.00000
FLUX 1051  4970.00        6.032042E+13   1.9297E-06   1.9297E-06   1.00000
FLUX 1052  4990.00        6.007866E+13   1.9150E-06   1.9150E-06   0.99999
FLUX 1053  5010.00        5.983882E+13   1.9005E-06   1.9005E-06   0.99999
FLUX 1054  5030.00        5.960089E+13   1.8860E-06   1.8861E-06   0.99996
FLUX 1055  5050.00        5.936485E+13   1.8719E-06   1.8719E-06   1.00000
FLUX 1056  5070.00        5.913067E+13   1.8578E-06   1.8578E-06   1.00000
FLUX 1057  5090.00        5.889833E+13   1.8439E-06   1.8439E-06   1.00000
FLUX 1058  5110.00        5.866781E+13   1.8286E-06   1.8301E-06   0.99917
FLUX 1059  5130.00        5.843908E+13   1.7723E-06   1.8165E-06   0.97564
FLUX 1060  5150.00        5.821214E+13   1.8024E-06   1.8031E-06   0.99962
FLUX 1061  5170.00        5.798694E+13   1.7898E-06   1.7898E-06   1.00000
FLUX 1062  5190.00        5.776349E+13   1.7766E-06   1.7766E-06   1.00000
FLUX 1063  5210.00        5.754175E+13   1.7636E-06   1.7636E-06   0.99999
FLUX 1064  5230.00        5.732170E+13   1.7507E-06   1.7508E-06   0.99999
FLUX 1065  5250.00        5.710333E+13   1.7380E-06   1.7380E-06   1.00000
FLUX 1066  5270.00        5.688662E+13   1.7254E-06   1.7254E-06   0.99997
FLUX 1067  5290.00        5.667155E+13   1.7130E-06   1.7130E-06   1.00000
FLUX 1068  5310.00        5.645810E+13   1.7006E-06   1.7006E-06   1.00000
FLUX 1069  5330.00        5.624625E+13   1.6885E-06   1.6885E-06   1.00000
FLUX 1070  5350.00        5.603598E+13   1.6764E-06   1.6764E-06   1.00000
FLUX 1071  5370.00        5.582728E+13   1.6645E-06   1.6645E-06   1.00000
FLUX 1072  5390.00        5.562013E+13   1.6526E-06   1.6527E-06   0.99998
FLUX 1073  5410.00        5.541451E+13   1.6410E-06   1.6410E-06   1.00000
FLUX 1074  5430.00        5.521041E+13   1.6294E-06   1.6294E-06   1.00000
FLUX 1075  5450.00        5.500780E+13   1.6180E-06   1.6180E-06   0.99999
FLUX 1076  5470.00        5.480667E+13   1.6067E-06   1.6067E-06   0.99999
FLUX 1077  5490.00        5.460701E+13   1.5955E-06   1.5955E-06   1.00000
FLUX 1078  5510.00        5.440880E+13   1.5844E-06   1.5844E-06   1.00000
FLUX 1079  5530.00        5.421203E+13   1.5734E-06   1.5734E-06   1.00000
FLUX 1080  5550.00        5.401667E+13   1.5626E-06   1.5626E-06   1.00000
FLUX 1081  5570.00        5.382271E+13   1.5518E-06   1.5518E-06   0.99998
FLUX 1082  5590.00        5.363014E+13   1.5412E-06   1.5412E-06   0.99998
FLUX 1083  5610.00        5.343895E+13   1.5306E-06   1.5307E-06   0.99998
FLUX 1084  5630.00        5.324911E+13   1.5203E-06   1.5203E-06   1.00000
FLUX 1085  5650.00        5.306062E+13   1.5099E-06   1.5099E-06   1.00000
FLUX 1086  5670.00        5.287346E+13   1.4997E-06   1.4997E-06   1.00000
FLUX 1087  5690.00        5.268761E+13   1.4896E-06   1.4896E-06   1.00000
FLUX 1088  5710.00        5.250306E+13   1.4796E-06   1.4796E-06   1.00000
FLUX 1089  5730.00        5.231981E+13   1.4697E-06   1.4697E-06   1.00000
FLUX 1090  5750.00        5.213783E+13   1.4599E-06   1.4599E-06   1.00000
FLUX 1091  5770.00        5.195711E+13   1.4502E-06   1.4502E-06   1.00000
FLUX 1092  5790.00        5.177763E+13   1.4406E-06   1.4406E-06   0.99999
FLUX 1093  5810.00        5.159940E+13   1.4311E-06   1.4311E-06   1.00000
FLUX 1094  5830.00        5.142238E+13   1.4217E-06   1.4217E-06   1.00000
FLUX 1095  5850.00        5.124658E+13   1.4154E-06   1.4154E-06   1.00000
FLUX 1096  5870.00        5.107198E+13   1.4061E-06   1.4061E-06   0.99999
FLUX 1097  5890.00        5.089856E+13   1.3952E-06   1.3970E-06   0.99873
FLUX 1098  5910.00        5.072631E+13   1.3537E-06   1.3879E-06   0.97538
FLUX 1099  5930.00        5.055523E+13   1.3783E-06   1.3789E-06   0.99957
FLUX 1100  5950.00        5.038529E+13   1.3700E-06   1.3700E-06   0.99999
FLUX 1101  5970.00        5.021650E+13   1.3612E-06   1.3612E-06   1.00000
FLUX 1102  5990.00        5.004883E+13   1.3524E-06   1.3524E-06   0.99999
FLUX 1103  6010.00        4.988228E+13   1.3438E-06   1.3438E-06   1.00000
FLUX 1104  6030.00        4.971683E+13   1.3352E-06   1.3352E-06   1.00000
FLUX 1105  6050.00        4.955248E+13   1.3267E-06   1.3267E-06   1.00000
FLUX 1106  6070.00        4.938921E+13   1.3183E-06   1.3183E-06   1.00000
FLUX 1107  6090.00        4.922701E+13   1.3099E-06   1.3099E-06   1.00000
FLUX 1108  6110.00        4.906588E+13   1.3017E-06   1.3017E-06   0.99999
FLUX 1109  6130.00        4.890579E+13   1.2935E-06   1.2935E-06   1.00000
FLUX 1110  6150.00        4.874675E+13   1.2854E-06   1.2854E-06   1.00000
FLUX 1111  6170.00        4.858874E+13   1.2774E-06   1.2774E-06   1.00000
FLUX 1112  6190.00        4.843174E+13   1.2694E-06   1.2694E-06   1.00000
FLUX 1113  6210.00        4.827576E+13   1.2616E-06   1.2616E-06   1.00000
FLUX 1114  6230.00        4.812079E+13   1.2538E-06   1.2538E-06   1.00000
FLUX 1115  6250.00        4.796680E+13   1.2460E-06   1.2460E-06   0.99999
FLUX 1116  6270.00        4.781380E+13   1.2384E-06   1.2384E-06   0.99999
FLUX 1117  6290.00        4.766176E+13   1.2308E-06   1.2308E-06   1.00000
FLUX 1118  6310.00        4.751070E+13   1.2233E-06   1.2233E-06   1.00000
FLUX 1119  6330.00        4.736058E+13   1.2158E-06   1.2158E-06   0.99999
FLUX 1120  6350.00        4.721142E+13   1.2084E-06   1.2084E-06   0.99999
FLUX 1121  6370.00        4.706319E+13   1.2011E-06   1.2011E-06   1.00000
FLUX 1122  6390.00        4.691588E+13   1.1939E-06   1.1939E-06   1.00000
FLUX 1123  6420.00        4.669665E+13   1.1831E-06   1.1831E-06   1.00000
FLUX 1124  6460.00        4.640751E+13   1.1690E-06   1.1690E-06   1.00000
FLUX 1125  6500.00        4.612192E+13   1.1551E-06   1.1551E-06   1.00000
FLUX 1126  6540.00        4.583983E+13   1.1415E-06   1.1415E-06   1.00000
FLUX 1127  6580.00        4.556117E+13   1.1281E-06   1.1281E-06   1.00000
FLUX 1128  6620.00        4.528588E+13   1.1149E-06   1.1150E-06   0.99993
FLUX 1129  6660.00        4.501389E+13   1.1021E-06   1.1021E-06   1.00000
FLUX 1130  6700.00        4.474515E+13   1.0894E-06   1.0894E-06   1.00000
FLUX 1131  6740.00        4.447960E+13   1.0769E-06   1.0769E-06   1.00000
FLUX 1132  6780.00        4.421718E+13   1.0646E-06   1.0646E-06   1.00000
FLUX 1133  6820.00        4.395784E+13   1.0526E-06   1.0526E-06   1.00000
FLUX 1134  6860.00        4.370153E+13   1.0407E-06   1.0407E-06   0.99995
FLUX 1135  6900.00        4.344819E+13   1.0290E-06   1.0290E-06   0.99999
FLUX 1136  6940.00        4.319777E+13   1.0176E-06   1.0176E-06   0.99998
FLUX 1137  6980.00        4.295021E+13   1.0063E-06   1.0063E-06   0.99999
FLUX 1138  7020.00        4.270548E+13   9.9521E-07   9.9522E-07   0.99999
FLUX 1139  7060.00        4.246353E+13   9.8430E-07   9.8431E-07   0.99999
FLUX 1140  7100.00        4.222430E+13   9.7358E-07   9.7358E-07   1.00000
FLUX 1141  7140.00        4.198775E+13   9.6295E-07   9.6303E-07   0.99992
FLUX 1142  7180.00        4.175383E+13   9.5261E-07   9.5265E-07   0.99997
FLUX 1143  7220.00        4.152251E+13   9.4241E-07   9.4243E-07   0.99998
FLUX 1144  7260.00        4.129373E+13   9.3234E-07   9.3237E-07   0.99996
FLUX 1145  7300.00        4.106747E+13   9.2248E-07   9.2248E-07   1.00000
FLUX 1146  7340.00        4.084366E+13   9.1274E-07   9.1274E-07   1.00000
FLUX 1147  7380.00        4.062229E+13   9.0315E-07   9.0316E-07   1.00000
FLUX 1148  7420.00        4.040330E+13   8.9374E-07   8.9375E-07   0.99999
FLUX 1149  7460.00        4.018666E+13   8.8218E-07   8.8449E-07   0.99739
FLUX 1150  7500.00        3.997233E+13   8.6409E-07   8.7537E-07   0.98712
FLUX 1151  7540.00        3.976028E+13   8.6637E-07   8.6639E-07   0.99998
FLUX 1152  7580.00        3.955046E+13   8.5754E-07   8.5755E-07   0.99999
FLUX 1153  7620.00        3.934285E+13   8.4884E-07   8.4884E-07   1.00000
FLUX 1154  7660.00        3.913740E+13   8.4025E-07   8.4026E-07   0.99999
FLUX 1155  7700.00        3.893409E+13   8.3181E-07   8.3181E-07   1.00000
FLUX 1156  7740.00        3.873288E+13   8.2348E-07   8.2349E-07   0.99998
FLUX 1157  7780.00        3.853374E+13   8.1529E-07   8.1529E-07   1.00000
FLUX 1158  7820.00        3.833664E+13   8.0722E-07   8.0722E-07   1.00000
FLUX 1159  7860.00        3.814154E+13   7.9926E-07   7.9926E-07   1.00000
FLUX 1160  7900.00        3.794842E+13   7.9142E-07   7.9142E-07   1.00000
FLUX 1161  7940.00        3.775724E+13   7.8369E-07   7.8369E-07   1.00000
FLUX 1162  7980.00        3.756798E+13   7.7607E-07   7.7607E-07   1.00000
FLUX 1163  8020.00        3.738061E+13   7.6857E-07   7.6857E-07   1.00000
FLUX 1164  8060.00        3.719510E+13   7.6117E-07   7.6117E-07   1.00000
FLUX 1165  8100.00        3.701142E+13   7.5388E-07   7.5388E-07   1.00000
FLUX 1166  8140.00        3.682955E+13   7.4669E-07   7.4669E-07   1.00000
FLUX 1167  8180.00        3.664945E+13   7.3960E-07   7.3960E-07   1.00000
FLUX 1168  8220.00        3.647111E+13   7.3261E-07   7.3262E-07   1.00000
FLUX 1169  8260.00        3.629449E+13   7.2573E-07   7.2573E-07   1.00000
FLUX 1170  8300.00        3.611958E+13   7.1893E-07   7.1893E-07   1.00000
FLUX 1171  8340.00        3.594634E+13   7.1223E-07   7.1223E-07   0.99999
FLUX 1172  8380.00        3.577476E+13   7.0562E-07   7.0563E-07   0.99998
FLUX 1173  8420.00        3.560481E+13   6.9911E-07   6.9911E-07   0.99999
FLUX 1174  8460.00        3.543647E+13   6.9269E-07   6.9269E-07   1.00000
FLUX 1175  8500.00        3.526971E+13   6.8635E-07   6.8635E-07   1.00000
FLUX 1176  8540.00        3.510451E+13   6.8010E-07   6.8010E-07   1.00000
FLUX 1177  8580.00        3.494085E+13   6.7393E-07   6.7393E-07   1.00000
FLUX 1178  8620.00        3.477871E+13   6.6785E-07   6.6785E-07   1.00000
FLUX 1179  8660.00        3.461807E+13   6.6184E-07   6.6184E-07   1.00000
FLUX 1180  8700.00        3.445891E+13   6.5592E-07   6.5592E-07   1.00000
FLUX 1181  8740.00        3.430120E+13   6.5008E-07   6.5008E-07   1.00000
FLUX 1182  8780.00        3.414493E+13   6.4431E-07   6.4431E-07   1.00000
FLUX 1183  8820.00        3.399008E+13   6.3862E-07   6.3862E-07   1.00000
FLUX 1184  8860.00        3.383663E+13   6.3301E-07   6.3301E-07   1.00000
FLUX 1185  8900.00        3.368455E+13   6.2747E-07   6.2747E-07   1.00000
FLUX 1186  8940.00        3.353384E+13   6.2200E-07   6.2200E-07   1.00000
FLUX 1187  8980.00        3.338447E+13   6.1660E-07   6.1660E-07   1.00000
FLUX 1188  9020.00        3.323642E+13   6.1127E-07   6.1127E-07   1.00000
FLUX 1189  9060.00        3.308968E+13   6.0601E-07   6.0601E-07   1.00000
FLUX 1190  9100.00        3.294423E+13   6.0081E-07   6.0082E-07   1.00000
FLUX 1191  9140.00        3.280005E+13   5.9569E-07   5.9569E-07   1.00000
FLUX 1192  9180.00        3.265714E+13   5.9063E-07   5.9063E-07   1.00000
FLUX 1193  9220.00        3.251546E+13   5.8563E-07   5.8563E-07   1.00000
FLUX 1194  9260.00        3.237500E+13   5.8069E-07   5.8069E-07   1.00000
FLUX 1195  9300.00        3.223575E+13   5.7582E-07   5.7582E-07   1.00000
FLUX 1196  9340.00        3.209770E+13   5.7101E-07   5.7101E-07   1.00000
FLUX 1197  9380.00        3.196082E+13   5.6625E-07   5.6625E-07   1.00000
FLUX 1198  9420.00        3.182511E+13   5.6156E-07   5.6156E-07   1.00000
FLUX 1199  9460.00        3.169054E+13   5.5692E-07   5.5692E-07   1.00000
FLUX 1200  9500.00        3.155711E+13   5.5234E-07   5.5234E-07   1.00000
FLUX 1201  9540.00        3.142479E+13   5.4782E-07   5.4782E-07   1.00000
FLUX 1202  9580.00        3.129358E+13   5.4335E-07   5.4335E-07   1.00000
FLUX 1203  9620.00        3.116346E+13   5.3894E-07   5.3894E-07   1.00000
FLUX 1204  9660.00        3.103442E+13   5.3458E-07   5.3458E-07   1.00000
FLUX 1205  9700.00        3.090644E+13   5.3027E-07   5.3027E-07   0.99999
FLUX 1206  9740.00        3.077952E+13   5.2601E-07   5.2601E-07   1.00000
FLUX 1207  9780.00        3.065363E+13   5.2181E-07   5.2181E-07   1.00000
FLUX 1208  9820.00        3.052877E+13   5.1765E-07   5.1765E-07   1.00000
FLUX 1209  9860.00        3.040492E+13   5.1354E-07   5.1355E-07   1.00000
FLUX 1210  9900.00        3.028207E+13   5.0949E-07   5.0949E-07   1.00000
FLUX 1211  9940.00        3.016021E+13   5.0548E-07   5.0548E-07   1.00000
FLUX 1212  9980.00        3.003933E+13   5.0151E-07   5.0151E-07   1.00000
FLUX 1213 10020.00        2.991941E+13   4.9759E-07   4.9759E-07   1.00000
FLUX 1214 20000.00        1.498963E+13   1.2650E-07   1.2650E-07   1.00000
FLUX 1215 40000.00        7.494813E+12   3.1362E-08   3.1362E-08   1.00000
FLUX 1216 60000.00        4.996542E+12   1.3791E-08   1.3791E-08   1.00000
FLUX 1217 80000.00        3.747406E+12   7.6852E-09   7.6852E-09   1.00000
FLUX 1218100000.00        2.997925E+12   4.8793E-09   4.8793E-09   1.00000
FLUX 1219120000.00        2.498271E+12   3.3651E-09   3.3651E-09   1.00000
FLUX 1220140000.00        2.141375E+12   2.4575E-09   2.4575E-09   1.00000
FLUX 1221160000.00        1.873703E+12   1.8716E-09   1.8716E-09   1.00000
FLUX
