TEFF   4500.  GRAVITY 1.00000 LTE 
TITLE TEST RUN WITH SDSC OPACITY  VTURB 2 KM/S    L/H 1.25                      
 OPACITY IFOP
FLUX  180   147.50        2.032492E+15   1.4926E-20   2.6141E-20   0.57100
FLUX  181   148.50        2.018805E+15   1.6976E-20   3.3061E-20   0.51346
FLUX  182   149.50        2.005301E+15   2.6147E-20   4.1671E-20   0.62747
FLUX  183   150.50        1.991977E+15   3.7152E-20   5.2339E-20   0.70983
FLUX  184   151.20        1.982755E+15   2.3129E-20   6.1265E-20   0.37753
FLUX  185   151.70        1.976220E+15   3.7239E-20   6.8486E-20   0.54374
FLUX  186   152.50        1.965852E+15   1.0051E-19   3.4034E-19   0.29533
FLUX  187   153.50        1.953046E+15   1.6154E-19   4.1568E-19   0.38861
FLUX  188   154.50        1.940405E+15   1.1728E-19   5.0628E-19   0.23166
FLUX  189   155.50        1.927926E+15   2.1075E-19   6.1819E-19   0.34092
FLUX  190   156.50        1.915607E+15   2.0778E-19   7.5848E-19   0.27394
FLUX  191   157.50        1.903444E+15   5.4422E-19   3.2321E-18   0.16838
FLUX  192   158.50        1.891435E+15   5.9989E-19   3.7358E-18   0.16058
FLUX  193   159.50        1.879577E+15   5.9223E-19   4.3101E-18   0.13740
FLUX  194   160.50        1.867866E+15   6.4671E-19   4.9683E-18   0.13017
FLUX  195   161.50        1.856300E+15   6.9647E-19   5.7085E-18   0.12201
FLUX  196   162.50        1.844877E+15   7.0712E-19   2.0339E-17   0.03477
FLUX  197   163.50        1.833593E+15   1.0021E-18   2.4142E-17   0.04151
FLUX  198   164.50        1.822447E+15   1.4381E-18   2.8604E-17   0.05028
FLUX  199   165.50        1.811435E+15   1.1585E-18   3.3812E-17   0.03426
FLUX  200   166.50        1.800556E+15   1.9855E-18   3.9905E-17   0.04976
FLUX  201   167.20        1.793017E+15   1.5507E-18   4.4753E-17   0.03465
FLUX  202   167.70        1.787671E+15   2.7954E-18   3.1451E-16   0.00889
FLUX  203   168.50        1.779184E+15   3.7596E-18   3.5496E-16   0.01059
FLUX  204   169.50        1.768687E+15   5.6294E-18   4.1218E-16   0.01366
FLUX  205   170.50        1.758314E+15   6.1105E-18   4.7983E-16   0.01273
FLUX  206   171.50        1.748061E+15   6.6022E-18   2.1281E-15   0.00310
FLUX  207   172.50        1.737928E+15   9.8803E-18   2.3340E-15   0.00423
FLUX  208   173.50        1.727911E+15   1.1675E-17   2.5467E-15   0.00458
FLUX  209   174.50        1.718009E+15   1.7534E-17   2.7703E-15   0.00633
FLUX  210   175.50        1.708219E+15   1.7843E-17   3.0019E-15   0.00594
FLUX  211   176.50        1.698541E+15   2.6840E-17   3.2433E-15   0.00828
FLUX  212   177.50        1.688972E+15   2.0782E-17   3.4944E-15   0.00595
FLUX  213   178.50        1.679510E+15   4.8380E-17   3.7557E-15   0.01288
FLUX  214   179.50        1.670153E+15   3.8165E-17   4.0290E-15   0.00947
FLUX  215   180.50        1.660900E+15   8.3743E-17   4.3155E-15   0.01941
FLUX  216   181.50        1.651749E+15   5.0462E-17   4.6173E-15   0.01093
FLUX  217   182.50        1.642699E+15   9.3158E-17   4.9354E-15   0.01888
FLUX  218   183.50        1.633747E+15   7.7605E-17   5.2712E-15   0.01472
FLUX  219   184.50        1.624892E+15   1.2407E-16   5.6263E-15   0.02205
FLUX  220   185.50        1.616132E+15   8.7868E-17   6.0038E-15   0.01464
FLUX  221   186.50        1.607466E+15   1.9348E-16   6.4032E-15   0.03022
FLUX  222   187.50        1.598893E+15   1.6633E-16   7.2388E-15   0.02298
FLUX  223   188.50        1.590411E+15   2.3286E-16   7.6719E-15   0.03035
FLUX  224   189.50        1.582018E+15   3.0826E-16   8.1309E-15   0.03791
FLUX  225   190.50        1.573714E+15   3.2772E-16   8.6193E-15   0.03802
FLUX  226   191.50        1.565496E+15   5.4587E-16   9.1367E-15   0.05975
FLUX  227   192.50        1.557364E+15   4.2706E-16   9.6889E-15   0.04408
FLUX  228   193.50        1.549315E+15   3.8516E-16   1.0276E-14   0.03748
FLUX  229   194.50        1.541350E+15   6.7028E-16   1.0900E-14   0.06149
FLUX  230   195.50        1.533465E+15   1.0816E-15   1.1564E-14   0.09353
FLUX  231   196.70        1.524110E+15   1.1445E-15   1.2414E-14   0.09219
FLUX  232   197.60        1.517169E+15   1.4829E-15   1.3100E-14   0.11319
FLUX  233   198.40        1.511051E+15   2.0771E-15   1.3929E-14   0.14912
FLUX  234   199.50        1.502719E+15   1.6794E-15   1.4875E-14   0.11290
FLUX  235   200.50        1.495224E+15   2.0185E-15   1.5800E-14   0.12776
FLUX  236   201.50        1.487804E+15   2.3388E-15   1.6788E-14   0.13931
FLUX  237   202.50        1.480457E+15   2.0968E-15   1.7841E-14   0.11753
FLUX  238   203.50        1.473182E+15   2.7670E-15   1.8962E-14   0.14593
FLUX  239   204.50        1.465978E+15   2.9543E-15   2.0154E-14   0.14659
FLUX  240   205.50        1.458844E+15   3.8356E-15   2.1437E-14   0.17893
FLUX  241   206.50        1.451780E+15   3.4305E-15   2.2824E-14   0.15030
FLUX  242   207.40        1.445480E+15   3.3006E-15   2.4156E-14   0.13663
FLUX  243   207.80        1.442697E+15   6.8009E-15   2.3697E-11   0.00029
FLUX  244   208.50        1.437854E+15   9.4687E-15   2.4957E-11   0.00038
FLUX  245   209.50        1.430990E+15   1.1316E-14   2.6848E-11   0.00042
FLUX  246   210.50        1.424192E+15   7.9729E-15   2.8849E-11   0.00028
FLUX  247   211.50        1.417459E+15   6.9072E-15   3.0965E-11   0.00022
FLUX  248   212.50        1.410788E+15   8.8051E-15   3.3205E-11   0.00027
FLUX  249   213.50        1.404180E+15   1.5004E-14   3.5581E-11   0.00042
FLUX  250   214.50        1.397634E+15   8.2912E-15   3.8103E-11   0.00022
FLUX  251   215.50        1.391148E+15   1.2457E-14   4.0788E-11   0.00031
FLUX  252   216.50        1.384723E+15   1.0905E-14   4.3654E-11   0.00025
FLUX  253   217.50        1.378356E+15   1.3704E-14   4.6720E-11   0.00029
FLUX  254   218.50        1.372048E+15   1.0580E-14   5.0013E-11   0.00021
FLUX  255   219.50        1.365797E+15   3.2365E-14   5.3555E-11   0.00060
FLUX  256   220.50        1.359603E+15   1.8809E-14   5.7371E-11   0.00033
FLUX  257   221.50        1.353465E+15   3.2841E-14   6.1489E-11   0.00053
FLUX  258   222.50        1.347382E+15   2.3840E-14   6.7942E-11   0.00035
FLUX  259   223.50        1.341353E+15   1.2968E-13   7.2783E-11   0.00178
FLUX  260   224.50        1.335379E+15   9.3540E-14   7.7991E-11   0.00120
FLUX  261   225.50        1.329457E+15   2.0914E-13   1.0231E-10   0.00204
FLUX  262   226.50        1.323587E+15   2.4157E-14   1.0839E-10   0.00022
FLUX  263   227.50        1.317769E+15   1.5244E-13   1.1477E-10   0.00133
FLUX  264   228.50        1.312002E+15   8.9101E-14   1.2148E-10   0.00073
FLUX  265   229.50        1.306285E+15   3.5205E-13   1.2851E-10   0.00274
FLUX  266   230.50        1.300618E+15   2.6494E-14   1.3590E-10   0.00019
FLUX  267   231.50        1.295000E+15   5.5294E-13   1.4365E-10   0.00385
FLUX  268   232.50        1.289430E+15   1.8336E-13   1.5178E-10   0.00121
FLUX  269   233.50        1.283908E+15   7.3676E-13   1.6584E-10   0.00444
FLUX  270   234.50        1.278433E+15   3.1538E-13   1.7469E-10   0.00181
FLUX  271   235.50        1.273004E+15   1.0785E-13   1.8393E-10   0.00059
FLUX  272   236.50        1.267622E+15   2.6692E-13   1.9359E-10   0.00138
FLUX  273   237.50        1.262284E+15   2.0439E-13   2.0369E-10   0.00100
FLUX  274   238.50        1.256992E+15   9.4528E-13   2.1425E-10   0.00441
FLUX  275   239.50        1.251743E+15   5.7022E-13   2.2529E-10   0.00253
FLUX  276   240.50        1.246538E+15   2.1859E-12   2.3682E-10   0.00923
FLUX  277   241.50        1.241377E+15   6.8625E-13   2.4887E-10   0.00276
FLUX  278   242.50        1.236258E+15   2.2103E-12   2.6145E-10   0.00845
FLUX  279   243.50        1.231181E+15   3.3150E-12   2.7458E-10   0.01207
FLUX  280   244.50        1.226145E+15   7.2080E-12   2.9713E-10   0.02426
FLUX  281   245.50        1.221151E+15   9.3825E-12   3.1122E-10   0.03015
FLUX  282   246.50        1.216197E+15   2.3872E-12   3.2585E-10   0.00733
FLUX  283   247.50        1.211283E+15   4.2545E-12   3.4104E-10   0.01248
FLUX  284   248.50        1.206408E+15   2.8998E-13   3.5681E-10   0.00081
FLUX  285   249.50        1.201573E+15   8.8858E-13   3.7317E-10   0.00238
FLUX  286   250.50        1.196776E+15   3.6308E-12   3.9730E-10   0.00914
FLUX  287   251.30        1.192967E+15   1.3165E-12   4.1115E-10   0.00320
FLUX  288   251.80        1.190598E+15   8.8133E-13   2.2400E-08   0.00004
FLUX  289   252.50        1.187297E+15   1.3306E-12   2.3075E-08   0.00006
FLUX  290   253.50        1.182613E+15   2.2310E-11   2.4065E-08   0.00093
FLUX  291   254.50        1.177967E+15   2.0326E-11   2.5093E-08   0.00081
FLUX  292   255.50        1.173356E+15   6.2381E-11   2.6172E-08   0.00238
FLUX  293   256.50        1.168782E+15   1.4327E-11   2.7313E-08   0.00052
FLUX  294   257.50        1.164243E+15   5.0175E-11   2.8518E-08   0.00176
FLUX  295   258.50        1.159739E+15   1.7431E-11   2.9789E-08   0.00059
FLUX  296   259.50        1.155270E+15   2.9694E-11   3.1124E-08   0.00095
FLUX  297   260.50        1.150835E+15   4.5171E-11   3.2549E-08   0.00139
FLUX  298   261.50        1.146434E+15   3.2228E-11   3.4064E-08   0.00095
FLUX  299   262.50        1.142067E+15   8.3094E-11   3.5669E-08   0.00233
FLUX  300   263.50        1.137732E+15   2.6177E-10   4.2982E-08   0.00609
FLUX  301   264.50        1.133431E+15   2.7082E-10   4.4689E-08   0.00606
FLUX  302   265.50        1.129162E+15   8.6072E-10   4.6477E-08   0.01852
FLUX  303   266.50        1.124925E+15   3.4897E-10   4.8343E-08   0.00722
FLUX  304   267.50        1.120720E+15   3.3535E-10   5.0292E-08   0.00667
FLUX  305   268.50        1.116546E+15   6.1122E-10   5.2325E-08   0.01168
FLUX  306   269.50        1.112403E+15   1.9556E-10   5.4455E-08   0.00359
FLUX  307   270.50        1.108290E+15   6.3343E-10   6.5077E-08   0.00973
FLUX  308   271.50        1.104208E+15   2.9746E-10   6.7160E-08   0.00443
FLUX  309   272.50        1.100156E+15   1.2001E-10   6.9307E-08   0.00173
FLUX  310   273.50        1.096133E+15   2.0427E-10   7.1505E-08   0.00286
FLUX  311   274.50        1.092140E+15   2.0680E-10   7.3763E-08   0.00280
FLUX  312   275.50        1.088176E+15   2.8360E-10   7.6085E-08   0.00373
FLUX  313   276.50        1.084241E+15   5.3951E-10   7.8451E-08   0.00688
FLUX  314   277.50        1.080333E+15   7.2401E-10   8.0887E-08   0.00895
FLUX  315   278.50        1.076454E+15   2.8558E-10   8.3414E-08   0.00342
FLUX  316   279.50        1.072603E+15   1.1021E-10   8.6026E-08   0.00128
FLUX  317   280.50        1.068779E+15   1.3542E-10   8.8721E-08   0.00153
FLUX  318   281.50        1.064982E+15   5.0408E-10   9.1505E-08   0.00551
FLUX  319   282.50        1.061212E+15   6.5592E-10   9.4390E-08   0.00695
FLUX  320   283.50        1.057469E+15   3.9359E-10   9.7372E-08   0.00404
FLUX  321   284.50        1.053752E+15   1.0125E-10   1.0045E-07   0.00101
FLUX  322   285.50        1.050061E+15   1.5541E-11   1.0361E-07   0.00015
FLUX  323   286.50        1.046396E+15   2.7002E-10   1.0688E-07   0.00253
FLUX  324   287.50        1.042757E+15   7.0789E-10   1.1027E-07   0.00642
FLUX  325   288.50        1.039142E+15   1.6195E-09   1.1375E-07   0.01424
FLUX  326   289.50        1.035553E+15   3.2761E-09   1.1730E-07   0.02793
FLUX  327   291.00        1.030215E+15   7.7817E-09   1.3024E-07   0.05975
FLUX  328   293.00        1.023183E+15   9.0462E-09   1.3725E-07   0.06591
FLUX  329   295.00        1.016246E+15   9.6710E-09   1.4612E-07   0.06618
FLUX  330   297.00        1.009402E+15   1.0415E-08   1.5359E-07   0.06781
FLUX  331   299.00        1.002651E+15   1.3615E-08   1.6139E-07   0.08436
FLUX  332   301.00        9.959884E+14   1.3977E-08   1.6954E-07   0.08244
FLUX  333   303.00        9.894142E+14   1.7840E-08   1.7801E-07   0.10022
FLUX  334   305.00        9.829262E+14   1.9139E-08   1.8673E-07   0.10249
FLUX  335   307.00        9.765228E+14   1.9816E-08   1.9568E-07   0.10126
FLUX  336   309.00        9.702023E+14   1.8700E-08   2.1215E-07   0.08815
FLUX  337   311.00        9.639630E+14   2.5708E-08   2.2061E-07   0.11653
FLUX  338   313.00        9.578035E+14   1.9652E-08   2.3121E-07   0.08500
FLUX  339   315.00        9.517222E+14   2.4051E-08   2.3953E-07   0.10041
FLUX  340   317.00        9.457177E+14   3.1630E-08   2.4783E-07   0.12763
FLUX  341   319.00        9.397884E+14   2.4360E-08   2.5631E-07   0.09504
FLUX  342   321.00        9.339330E+14   2.9575E-08   2.6501E-07   0.11160
FLUX  343   323.00        9.281502E+14   2.3120E-08   2.7577E-07   0.08384
FLUX  344   325.00        9.224385E+14   4.4889E-08   2.8418E-07   0.15796
FLUX  345   327.00        9.167966E+14   5.1418E-08   2.9266E-07   0.17569
FLUX  346   329.00        9.112234E+14   5.2516E-08   3.0244E-07   0.17364
FLUX  347   331.00        9.057175E+14   4.7250E-08   3.1100E-07   0.15193
FLUX  348   333.00        9.002778E+14   5.1074E-08   3.1948E-07   0.15986
FLUX  349   335.00        8.949030E+14   4.8877E-08   3.2787E-07   0.14907
FLUX  350   337.00        8.895920E+14   3.2132E-08   3.3672E-07   0.09543
FLUX  351   339.00        8.843437E+14   3.9589E-08   3.4640E-07   0.11429
FLUX  352   341.00        8.791569E+14   4.7695E-08   3.5510E-07   0.13432
FLUX  353   343.00        8.740306E+14   5.7558E-08   3.6373E-07   0.15824
FLUX  354   345.00        8.689638E+14   6.6801E-08   3.7311E-07   0.17904
FLUX  355   347.00        8.639553E+14   6.9868E-08   3.8256E-07   0.18263
FLUX  356   349.00        8.590043E+14   8.3269E-08   3.9204E-07   0.21240
FLUX  357   351.00        8.541097E+14   8.6459E-08   4.0155E-07   0.21531
FLUX  358   353.00        8.492705E+14   6.7771E-08   4.1110E-07   0.16485
FLUX  359   355.00        8.444859E+14   7.1856E-08   4.2124E-07   0.17058
FLUX  360   357.00        8.397549E+14   4.0498E-08   4.3240E-07   0.09366
FLUX  361   359.00        8.350766E+14   6.3002E-08   4.4369E-07   0.14200
FLUX  362   361.00        8.304501E+14   9.9547E-08   4.5508E-07   0.21875
FLUX  363   363.00        8.258747E+14   1.1634E-07   4.6657E-07   0.24935
FLUX  364   364.00        8.236058E+14   1.1167E-07   4.7260E-07   0.23629
FLUX  365   365.00        8.213493E+14   1.1073E-07   5.7610E-07   0.19221
FLUX  366   367.00        8.168733E+14   1.3459E-07   5.9121E-07   0.22765
FLUX  367   369.00        8.124458E+14   1.2202E-07   6.0643E-07   0.20122
FLUX  368   371.00        8.080660E+14   1.2824E-07   6.2231E-07   0.20607
FLUX  369   373.00        8.037332E+14   4.9223E-08   6.3766E-07   0.07719
FLUX  370   375.00        7.994467E+14   5.9775E-08   6.5311E-07   0.09152
FLUX  371   377.00        7.952056E+14   9.5523E-08   6.8839E-07   0.13876
FLUX  372   379.00        7.910092E+14   9.9167E-08   7.0607E-07   0.14045
FLUX  373   381.00        7.868570E+14   8.1464E-08   7.2379E-07   0.11255
FLUX  374   383.00        7.827480E+14   3.1760E-08   7.4154E-07   0.04283
FLUX  375   385.00        7.786818E+14   4.2172E-08   7.5933E-07   0.05554
FLUX  376   387.00        7.746576E+14   5.0148E-08   7.7717E-07   0.06453
FLUX  377   389.00        7.706748E+14   1.0946E-07   7.9630E-07   0.13746
FLUX  378   391.00        7.667327E+14   1.2453E-07   8.1575E-07   0.15266
FLUX  379   393.00        7.628308E+14   3.3948E-08   8.3513E-07   0.04065
FLUX  380   395.00        7.589684E+14   8.4311E-08   8.5445E-07   0.09867
FLUX  381   397.00        7.551448E+14   4.9589E-08   8.7372E-07   0.05676
FLUX  382   399.00        7.513596E+14   2.0205E-07   8.9292E-07   0.22628
FLUX  383   401.00        7.476122E+14   2.7807E-07   9.1304E-07   0.30455
FLUX  384   403.00        7.439020E+14   3.0141E-07   9.3384E-07   0.32276
FLUX  385   405.00        7.402284E+14   2.7242E-07   9.5440E-07   0.28543
FLUX  386   407.00        7.365909E+14   2.4435E-07   9.7474E-07   0.25069
FLUX  387   409.00        7.329890E+14   3.5813E-07   9.9488E-07   0.35997
FLUX  388   411.00        7.294221E+14   3.6469E-07   1.0148E-06   0.35936
FLUX  389   413.00        7.258898E+14   2.9809E-07   1.0346E-06   0.28811
FLUX  390   415.00        7.223916E+14   2.7036E-07   1.0553E-06   0.25619
FLUX  391   417.00        7.189269E+14   2.8112E-07   1.0762E-06   0.26121
FLUX  392   419.00        7.154952E+14   2.9929E-07   1.0964E-06   0.27299
FLUX  393   421.00        7.120962E+14   3.4648E-07   1.1162E-06   0.31041
FLUX  394   423.00        7.087293E+14   3.7878E-07   1.1358E-06   0.33349
FLUX  395   425.00        7.053941E+14   4.0778E-07   1.1552E-06   0.35301
FLUX  396   427.00        7.020902E+14   3.8251E-07   1.1743E-06   0.32575
FLUX  397   429.00        6.988170E+14   3.5391E-07   1.1933E-06   0.29657
FLUX  398   431.00        6.955742E+14   2.8705E-07   1.2123E-06   0.23679
FLUX  399   433.00        6.923614E+14   4.8908E-07   1.2310E-06   0.39731
FLUX  400   435.00        6.891782E+14   5.0659E-07   1.2499E-06   0.40530
FLUX  401   437.00        6.860240E+14   5.5533E-07   1.2682E-06   0.43788
FLUX  402   439.00        6.828986E+14   4.7881E-07   1.2864E-06   0.37221
FLUX  403   441.00        6.798016E+14   5.1790E-07   1.3044E-06   0.39703
FLUX  404   443.00        6.767325E+14   6.0182E-07   1.3223E-06   0.45511
FLUX  405   445.00        6.736910E+14   6.1929E-07   1.3402E-06   0.46207
FLUX  406   447.00        6.706767E+14   6.9752E-07   1.3580E-06   0.51364
FLUX  407   449.00        6.676893E+14   7.3622E-07   1.3757E-06   0.53518
FLUX  408   451.00        6.647284E+14   8.9577E-07   1.3932E-06   0.64295
FLUX  409   453.00        6.617936E+14   7.5874E-07   1.4107E-06   0.53786
FLUX  410   455.00        6.588846E+14   7.9334E-07   1.4280E-06   0.55555
FLUX  411   457.00        6.560011E+14   8.9866E-07   1.4453E-06   0.62177
FLUX  412   459.00        6.531427E+14   8.6610E-07   1.4625E-06   0.59219
FLUX  413   461.00        6.503091E+14   9.1137E-07   1.4797E-06   0.61591
FLUX  414   463.00        6.475000E+14   8.7440E-07   1.4968E-06   0.58417
FLUX  415   465.00        6.447151E+14   9.1313E-07   1.5139E-06   0.60318
FLUX  416   467.00        6.419540E+14   9.6250E-07   1.5308E-06   0.62874
FLUX  417   469.00        6.392164E+14   9.3451E-07   1.5478E-06   0.60378
FLUX  418   471.00        6.365021E+14   9.4281E-07   1.5646E-06   0.60259
FLUX  419   473.00        6.338108E+14   1.0075E-06   1.5814E-06   0.63708
FLUX  420   475.00        6.311421E+14   1.1116E-06   1.5982E-06   0.69558
FLUX  421   477.00        6.284958E+14   1.1565E-06   1.6150E-06   0.71607
FLUX  422   479.00        6.258716E+14   1.1460E-06   1.6316E-06   0.70236
FLUX  423   481.00        6.232692E+14   1.1311E-06   1.6482E-06   0.68629
FLUX  424   483.00        6.206884E+14   1.2075E-06   1.6647E-06   0.72539
FLUX  425   485.00        6.181289E+14   1.1357E-06   1.6812E-06   0.67553
FLUX  426   487.00        6.155903E+14   1.0586E-06   1.6976E-06   0.62359
FLUX  427   489.00        6.130726E+14   1.2017E-06   1.7140E-06   0.70111
FLUX  428   491.00        6.105754E+14   1.2026E-06   1.7304E-06   0.69499
FLUX  429   493.00        6.080984E+14   1.1893E-06   1.7468E-06   0.68084
FLUX  430   495.00        6.056414E+14   1.3232E-06   1.7631E-06   0.75053
FLUX  431   497.00        6.032042E+14   1.2782E-06   1.7794E-06   0.71835
FLUX  432   499.00        6.007866E+14   1.1780E-06   1.7956E-06   0.65601
FLUX  433   501.00        5.983882E+14   1.1260E-06   1.8119E-06   0.62145
FLUX  434   503.00        5.960089E+14   1.2163E-06   1.8281E-06   0.66535
FLUX  435   505.00        5.936485E+14   1.2556E-06   1.8442E-06   0.68083
FLUX  436   507.00        5.913067E+14   1.3472E-06   1.8603E-06   0.72418
FLUX  437   509.00        5.889833E+14   1.2180E-06   1.8764E-06   0.64909
FLUX  438   511.00        5.866781E+14   1.2856E-06   1.8925E-06   0.67933
FLUX  439   513.00        5.843908E+14   1.2179E-06   1.9085E-06   0.63816
FLUX  440   515.00        5.821214E+14   1.2049E-06   1.9245E-06   0.62608
FLUX  441   517.00        5.798694E+14   1.1551E-06   1.9404E-06   0.59528
FLUX  442   519.00        5.776349E+14   1.2510E-06   1.9563E-06   0.63945
FLUX  443   521.00        5.754175E+14   1.3264E-06   1.9721E-06   0.67258
FLUX  444   523.00        5.732170E+14   1.3861E-06   1.9880E-06   0.69724
FLUX  445   525.00        5.710333E+14   1.4505E-06   2.0037E-06   0.72389
FLUX  446   527.00        5.688662E+14   1.2694E-06   2.0194E-06   0.62858
FLUX  447   529.00        5.667155E+14   1.5094E-06   2.0351E-06   0.74171
FLUX  448   531.00        5.645810E+14   1.6514E-06   2.0507E-06   0.80529
FLUX  449   533.00        5.624625E+14   1.4240E-06   2.0663E-06   0.68917
FLUX  450   535.00        5.603598E+14   1.6386E-06   2.0818E-06   0.78711
FLUX  451   537.00        5.582728E+14   1.6685E-06   2.0973E-06   0.79557
FLUX  452   539.00        5.562013E+14   1.5842E-06   2.1163E-06   0.74857
FLUX  453   541.00        5.541451E+14   1.5861E-06   2.1317E-06   0.74409
FLUX  454   543.00        5.521041E+14   1.6278E-06   2.1470E-06   0.75820
FLUX  455   545.00        5.500780E+14   1.7837E-06   2.1623E-06   0.82491
FLUX  456   547.00        5.480667E+14   1.6784E-06   2.1775E-06   0.77081
FLUX  457   549.00        5.460701E+14   1.6930E-06   2.1927E-06   0.77212
FLUX  458   551.00        5.440880E+14   1.6937E-06   2.2078E-06   0.76714
FLUX  459   553.00        5.421203E+14   1.7692E-06   2.2230E-06   0.79586
FLUX  460   555.00        5.401667E+14   1.8316E-06   2.2380E-06   0.81841
FLUX  461   557.00        5.382271E+14   1.8219E-06   2.2530E-06   0.80865
FLUX  462   559.00        5.363014E+14   1.7674E-06   2.2679E-06   0.77930
FLUX  463   561.00        5.343895E+14   1.9080E-06   2.2827E-06   0.83586
FLUX  464   563.00        5.324911E+14   1.8440E-06   2.3019E-06   0.80108
FLUX  465   565.00        5.306062E+14   1.9041E-06   2.3166E-06   0.82193
FLUX  466   567.00        5.287346E+14   1.8550E-06   2.3313E-06   0.79567
FLUX  467   569.00        5.268761E+14   1.9663E-06   2.3460E-06   0.83818
FLUX  468   571.00        5.250306E+14   1.8820E-06   2.3606E-06   0.79725
FLUX  469   573.00        5.231981E+14   2.1349E-06   2.3751E-06   0.89883
FLUX  470   575.00        5.213783E+14   2.0099E-06   2.3896E-06   0.84110
FLUX  471   577.00        5.195711E+14   2.0797E-06   2.4041E-06   0.86507
FLUX  472   579.00        5.177763E+14   1.9677E-06   2.4184E-06   0.81361
FLUX  473   581.00        5.159940E+14   2.1299E-06   2.4327E-06   0.87552
FLUX  474   583.00        5.142238E+14   2.2464E-06   2.4470E-06   0.91803
FLUX  475   585.00        5.124658E+14   2.1696E-06   2.4612E-06   0.88152
FLUX  476   587.00        5.107198E+14   2.2049E-06   2.4754E-06   0.89075
FLUX  477   589.00        5.089856E+14   1.9862E-06   2.4895E-06   0.79783
FLUX  478   591.00        5.072631E+14   2.1941E-06   2.5035E-06   0.87641
FLUX  479   593.00        5.055523E+14   2.2255E-06   2.5175E-06   0.88404
FLUX  480   595.00        5.038529E+14   2.2412E-06   2.5314E-06   0.88537
FLUX  481   597.00        5.021650E+14   2.3267E-06   2.5453E-06   0.91413
FLUX  482   599.00        5.004883E+14   2.2712E-06   2.5591E-06   0.88751
FLUX  483   601.00        4.988228E+14   2.2342E-06   2.5729E-06   0.86836
FLUX  484   603.00        4.971683E+14   2.3391E-06   2.5866E-06   0.90432
FLUX  485   605.00        4.955248E+14   2.3988E-06   2.6003E-06   0.92251
FLUX  486   607.00        4.938921E+14   2.4074E-06   2.6139E-06   0.92099
FLUX  487   609.00        4.922701E+14   2.2752E-06   2.6275E-06   0.86592
FLUX  488   611.00        4.906588E+14   2.3136E-06   2.6410E-06   0.87606
FLUX  489   613.00        4.890579E+14   2.1723E-06   2.6544E-06   0.81836
FLUX  490   615.00        4.874675E+14   2.2882E-06   2.6678E-06   0.85768
FLUX  491   617.00        4.858874E+14   2.2229E-06   2.6812E-06   0.82907
FLUX  492   619.00        4.843174E+14   2.4025E-06   2.6945E-06   0.89164
FLUX  493   621.00        4.827576E+14   2.3959E-06   2.7078E-06   0.88480
FLUX  494   623.00        4.812079E+14   2.2979E-06   2.7210E-06   0.84450
FLUX  495   625.00        4.796680E+14   2.1987E-06   2.7341E-06   0.80416
FLUX  496   627.00        4.781380E+14   2.3703E-06   2.7552E-06   0.86032
FLUX  497   629.00        4.766176E+14   2.4448E-06   2.7682E-06   0.88317
FLUX  498   631.00        4.751070E+14   2.3718E-06   2.7812E-06   0.85280
FLUX  499   633.00        4.736058E+14   2.4381E-06   2.7941E-06   0.87259
FLUX  500   635.00        4.721142E+14   2.4473E-06   2.8077E-06   0.87164
FLUX  501   637.00        4.706319E+14   2.4366E-06   2.8205E-06   0.86388
FLUX  502   639.00        4.691588E+14   2.5139E-06   2.8332E-06   0.88729
FLUX  503   641.00        4.676950E+14   2.4887E-06   2.8459E-06   0.87448
FLUX  504   643.00        4.662403E+14   2.5296E-06   2.8585E-06   0.88493
FLUX  505   645.00        4.647946E+14   2.5576E-06   2.8711E-06   0.89080
FLUX  506   647.00        4.633578E+14   2.5619E-06   2.8836E-06   0.88842
FLUX  507   649.00        4.619299E+14   2.4696E-06   2.8961E-06   0.85273
FLUX  508   651.00        4.605108E+14   2.5978E-06   2.9098E-06   0.89279
FLUX  509   653.00        4.591003E+14   2.6060E-06   2.9221E-06   0.89182
FLUX  510   655.00        4.576985E+14   2.5933E-06   2.9414E-06   0.88163
FLUX  511   657.00        4.563052E+14   2.5361E-06   2.9537E-06   0.85864
FLUX  512   659.00        4.549203E+14   2.6617E-06   2.9659E-06   0.89744
FLUX  513   661.00        4.535439E+14   2.6988E-06   2.9780E-06   0.90625
FLUX  514   663.00        4.521757E+14   2.6949E-06   2.9901E-06   0.90130
FLUX  515   665.00        4.508158E+14   2.7094E-06   3.0021E-06   0.90252
FLUX  516   667.00        4.494640E+14   2.6503E-06   3.0140E-06   0.87934
FLUX  517   669.00        4.481203E+14   2.7925E-06   3.0259E-06   0.92286
FLUX  518   671.00        4.467846E+14   2.6704E-06   3.0377E-06   0.87907
FLUX  519   673.00        4.454569E+14   2.8282E-06   3.0495E-06   0.92743
FLUX  520   675.00        4.441370E+14   2.7762E-06   3.0612E-06   0.90691
FLUX  521   677.00        4.428250E+14   2.8222E-06   3.0729E-06   0.91841
FLUX  522   679.00        4.415206E+14   2.7991E-06   3.0845E-06   0.90749
FLUX  523   681.00        4.402239E+14   2.8164E-06   3.0960E-06   0.90970
FLUX  524   683.00        4.389348E+14   2.8737E-06   3.1075E-06   0.92477
FLUX  525   685.00        4.376533E+14   2.7749E-06   3.1189E-06   0.88968
FLUX  526   687.00        4.363792E+14   2.8518E-06   3.1303E-06   0.91102
FLUX  527   689.00        4.351125E+14   2.9366E-06   3.1416E-06   0.93475
FLUX  528   691.00        4.338531E+14   2.9016E-06   3.1529E-06   0.92032
FLUX  529   693.00        4.326010E+14   2.8549E-06   3.1640E-06   0.90231
FLUX  530   695.00        4.313561E+14   2.7864E-06   3.1752E-06   0.87756
FLUX  531   697.00        4.301184E+14   2.8434E-06   3.1863E-06   0.89241
FLUX  532   699.00        4.288877E+14   2.8275E-06   3.1973E-06   0.88436
FLUX  533   701.00        4.276641E+14   2.7315E-06   3.2082E-06   0.85139
FLUX  534   703.00        4.264474E+14   2.8368E-06   3.2191E-06   0.88124
FLUX  535   705.00        4.252376E+14   2.9304E-06   3.2300E-06   0.90724
FLUX  536   707.00        4.240347E+14   2.8678E-06   3.2408E-06   0.88491
FLUX  537   709.00        4.228385E+14   2.8574E-06   3.2515E-06   0.87880
FLUX  538   711.00        4.216491E+14   2.8244E-06   3.2622E-06   0.86580
FLUX  539   713.00        4.204663E+14   2.7711E-06   3.2728E-06   0.84671
FLUX  540   715.00        4.192902E+14   2.8121E-06   3.2833E-06   0.85649
FLUX  541   717.00        4.181206E+14   2.8633E-06   3.2938E-06   0.86929
FLUX  542   719.00        4.169576E+14   2.7549E-06   3.3042E-06   0.83375
FLUX  543   721.00        4.158010E+14   2.8850E-06   3.3146E-06   0.87038
FLUX  544   723.00        4.146508E+14   2.9605E-06   3.3249E-06   0.89039
FLUX  545   725.00        4.135069E+14   2.9684E-06   3.3394E-06   0.88890
FLUX  546   727.00        4.123693E+14   2.9448E-06   3.3496E-06   0.87914
FLUX  547   729.00        4.112380E+14   2.8307E-06   3.3598E-06   0.84253
FLUX  548   731.00        4.101129E+14   2.9226E-06   3.3791E-06   0.86489
FLUX  549   733.00        4.089939E+14   2.9505E-06   3.3892E-06   0.87054
FLUX  550   735.00        4.078810E+14   2.9454E-06   3.3992E-06   0.86649
FLUX  551   737.00        4.067741E+14   3.0560E-06   3.4092E-06   0.89640
FLUX  552   739.00        4.056732E+14   2.9803E-06   3.4191E-06   0.87167
FLUX  553   741.00        4.045783E+14   2.9618E-06   3.4290E-06   0.86378
FLUX  554   743.00        4.034892E+14   3.0335E-06   3.4387E-06   0.88216
FLUX  555   745.00        4.024060E+14   3.0663E-06   3.4485E-06   0.88918
FLUX  556   747.00        4.013286E+14   3.0896E-06   3.4582E-06   0.89342
FLUX  557   749.00        4.002570E+14   3.0625E-06   3.4678E-06   0.88312
FLUX  558   751.00        3.991911E+14   3.1389E-06   3.4774E-06   0.90267
FLUX  559   753.00        3.981308E+14   3.2038E-06   3.4869E-06   0.91882
FLUX  560   755.00        3.970762E+14   3.2415E-06   3.4964E-06   0.92709
FLUX  561   757.00        3.960271E+14   3.2194E-06   3.5058E-06   0.91831
FLUX  562   759.00        3.949835E+14   3.2138E-06   3.5152E-06   0.91426
FLUX  563   761.00        3.939455E+14   3.2409E-06   3.5245E-06   0.91955
FLUX  564   763.00        3.929128E+14   3.2793E-06   3.5337E-06   0.92800
FLUX  565   765.00        3.918856E+14   3.3194E-06   3.5429E-06   0.93693
FLUX  566   767.00        3.908638E+14   3.1958E-06   3.5520E-06   0.89971
FLUX  567   769.00        3.898472E+14   3.3425E-06   3.5611E-06   0.93863
FLUX  568   771.00        3.888359E+14   3.2752E-06   3.5701E-06   0.91739
FLUX  569   773.00        3.878299E+14   3.3004E-06   3.5791E-06   0.92212
FLUX  570   775.00        3.868290E+14   3.2918E-06   3.5880E-06   0.91746
FLUX  571   777.00        3.858333E+14   3.4083E-06   3.5969E-06   0.94757
FLUX  572   779.00        3.848427E+14   3.4199E-06   3.6057E-06   0.94846
FLUX  573   781.00        3.838572E+14   3.4215E-06   3.6145E-06   0.94660
FLUX  574   783.00        3.828768E+14   3.4045E-06   3.6232E-06   0.93965
FLUX  575   785.00        3.819013E+14   3.3652E-06   3.6318E-06   0.92658
FLUX  576   787.00        3.809307E+14   3.3882E-06   3.6405E-06   0.93072
FLUX  577   789.00        3.799651E+14   3.2268E-06   3.6490E-06   0.88430
FLUX  578   791.00        3.790044E+14   3.1163E-06   3.6575E-06   0.85204
FLUX  579   793.00        3.780485E+14   3.1525E-06   3.6660E-06   0.85994
FLUX  580   795.00        3.770975E+14   3.1004E-06   3.6744E-06   0.84379
FLUX  581   797.00        3.761512E+14   3.2860E-06   3.6827E-06   0.89228
FLUX  582   799.00        3.752096E+14   3.3089E-06   3.6910E-06   0.89647
FLUX  583   801.00        3.742728E+14   3.3059E-06   3.6993E-06   0.89366
FLUX  584   803.00        3.733406E+14   3.3294E-06   3.7074E-06   0.89802
FLUX  585   805.00        3.724130E+14   3.2985E-06   3.7156E-06   0.88777
FLUX  586   807.00        3.714901E+14   3.2841E-06   3.7236E-06   0.88197
FLUX  587   809.00        3.705717E+14   3.1546E-06   3.7317E-06   0.84535
FLUX  588   811.00        3.696578E+14   3.1409E-06   3.7396E-06   0.83990
FLUX  589   813.00        3.687485E+14   3.2399E-06   3.7476E-06   0.86454
FLUX  590   815.00        3.678436E+14   3.2529E-06   3.7554E-06   0.86617
FLUX  591   817.00        3.669431E+14   3.2932E-06   3.7633E-06   0.87510
FLUX  592   819.00        3.660470E+14   3.2559E-06   3.7711E-06   0.86338
FLUX  593   821.00        3.651553E+14   3.2443E-06   3.7843E-06   0.85730
FLUX  594   823.00        3.642679E+14   3.3211E-06   3.7920E-06   0.87580
FLUX  595   825.00        3.633848E+14   3.3791E-06   3.7997E-06   0.88931
FLUX  596   827.00        3.625060E+14   3.4404E-06   3.8073E-06   0.90364
FLUX  597   829.00        3.616315E+14   3.4123E-06   3.8149E-06   0.89446
FLUX  598   831.00        3.607611E+14   3.2382E-06   3.8224E-06   0.84717
FLUX  599   833.00        3.598950E+14   3.3049E-06   3.8299E-06   0.86292
FLUX  600   835.00        3.590329E+14   3.3100E-06   3.8373E-06   0.86259
FLUX  601   837.00        3.581750E+14   3.3908E-06   3.8447E-06   0.88194
FLUX  602   839.00        3.573212E+14   3.2870E-06   3.8520E-06   0.85333
FLUX  603   841.00        3.564715E+14   3.4614E-06   3.8593E-06   0.89690
FLUX  604   843.00        3.556257E+14   3.3429E-06   3.8665E-06   0.86456
FLUX  605   845.00        3.547840E+14   3.4642E-06   3.8737E-06   0.89429
FLUX  606   847.00        3.539463E+14   3.4711E-06   3.8809E-06   0.89440
FLUX  607   849.00        3.531125E+14   3.5342E-06   3.8880E-06   0.90899
FLUX  608   851.00        3.522826E+14   3.3264E-06   3.8951E-06   0.85401
FLUX  609   853.00        3.514566E+14   3.5505E-06   3.9021E-06   0.90991
FLUX  610   855.00        3.506345E+14   3.2889E-06   3.9091E-06   0.84134
FLUX  611   857.00        3.498162E+14   3.6102E-06   3.9160E-06   0.92190
FLUX  612   859.00        3.490017E+14   3.5388E-06   3.9229E-06   0.90208
FLUX  613   861.00        3.481911E+14   3.5843E-06   3.9298E-06   0.91209
FLUX  614   863.00        3.473841E+14   3.6397E-06   3.9366E-06   0.92459
FLUX  615   865.00        3.465809E+14   3.6845E-06   3.9433E-06   0.93437
FLUX  616   867.00        3.457814E+14   3.3680E-06   3.9501E-06   0.85266
FLUX  617   869.00        3.449856E+14   3.5241E-06   3.9567E-06   0.89066
FLUX  618   871.00        3.441935E+14   3.6433E-06   3.9634E-06   0.91923
FLUX  619   873.00        3.434049E+14   3.6849E-06   3.9700E-06   0.92820
FLUX  620   875.00        3.426200E+14   3.6527E-06   3.9765E-06   0.91857
FLUX  621   877.00        3.418387E+14   3.7434E-06   3.9831E-06   0.93984
FLUX  622   879.00        3.410609E+14   3.7089E-06   3.9896E-06   0.92966
FLUX  623   881.00        3.402866E+14   3.6125E-06   3.9960E-06   0.90403
FLUX  624   883.00        3.395159E+14   3.7164E-06   4.0024E-06   0.92855
FLUX  625   885.00        3.387486E+14   3.7971E-06   4.0088E-06   0.94720
FLUX  626   887.00        3.379848E+14   3.7136E-06   4.0151E-06   0.92491
FLUX  627   889.00        3.372244E+14   3.7975E-06   4.0214E-06   0.94434
FLUX  628   891.00        3.364675E+14   3.8868E-06   4.0276E-06   0.96503
FLUX  629   893.00        3.357139E+14   3.7589E-06   4.0338E-06   0.93185
FLUX  630   895.00        3.349637E+14   3.7632E-06   4.0400E-06   0.93150
FLUX  631   897.00        3.342168E+14   3.7989E-06   4.0461E-06   0.93891
FLUX  632   899.00        3.334733E+14   3.8269E-06   4.0522E-06   0.94442
FLUX  633   901.00        3.327331E+14   3.7315E-06   4.0582E-06   0.91949
FLUX  634   903.00        3.319961E+14   3.8684E-06   4.0642E-06   0.95183
FLUX  635   905.00        3.312624E+14   3.9998E-06   4.0702E-06   0.98270
FLUX  636   907.00        3.305320E+14   3.9475E-06   4.0761E-06   0.96846
FLUX  637   909.00        3.298047E+14   3.7902E-06   4.0820E-06   0.92852
FLUX  638   911.00        3.290807E+14   3.8458E-06   4.0878E-06   0.94080
FLUX  639   913.00        3.283598E+14   3.9831E-06   4.0936E-06   0.97301
FLUX  640   915.00        3.276421E+14   3.9468E-06   4.0994E-06   0.96278
FLUX  641   917.00        3.269275E+14   3.9623E-06   4.1051E-06   0.96520
FLUX  642   919.00        3.262160E+14   4.0540E-06   4.1108E-06   0.98617
FLUX  643   921.00        3.255076E+14   3.9248E-06   4.1165E-06   0.95343
FLUX  644   923.00        3.248023E+14   4.0009E-06   4.1222E-06   0.97059
FLUX  645   925.00        3.241000E+14   3.9455E-06   4.1278E-06   0.95584
FLUX  646   927.00        3.234008E+14   3.9937E-06   4.1334E-06   0.96620
FLUX  647   929.00        3.227045E+14   3.9863E-06   4.1390E-06   0.96312
FLUX  648   931.00        3.220113E+14   4.0586E-06   4.1445E-06   0.97926
FLUX  649   933.00        3.213210E+14   4.0338E-06   4.1500E-06   0.97199
FLUX  650   935.00        3.206337E+14   4.0484E-06   4.1555E-06   0.97422
FLUX  651   937.00        3.199493E+14   3.9611E-06   4.1610E-06   0.95197
FLUX  652   939.00        3.192678E+14   4.0507E-06   4.1664E-06   0.97222
FLUX  653   941.00        3.185893E+14   3.9189E-06   4.1718E-06   0.93939
FLUX  654   943.00        3.179136E+14   4.0839E-06   4.1771E-06   0.97768
FLUX  655   945.00        3.172407E+14   3.9765E-06   4.1825E-06   0.95076
FLUX  656   947.00        3.165707E+14   4.1050E-06   4.1877E-06   0.98024
FLUX  657   949.00        3.159036E+14   4.1286E-06   4.1930E-06   0.98463
FLUX  658   951.00        3.152392E+14   4.0988E-06   4.1982E-06   0.97631
FLUX  659   953.00        3.145776E+14   4.1205E-06   4.2034E-06   0.98027
FLUX  660   955.00        3.139188E+14   4.0413E-06   4.2086E-06   0.96026
FLUX  661   957.00        3.132628E+14   4.0284E-06   4.2137E-06   0.95602
FLUX  662   959.00        3.126095E+14   4.1612E-06   4.2188E-06   0.98633
FLUX  663   961.00        3.119589E+14   4.0844E-06   4.2239E-06   0.96697
FLUX  664   963.00        3.113110E+14   4.0940E-06   4.2290E-06   0.96809
FLUX  665   965.00        3.106658E+14   4.0257E-06   4.2340E-06   0.95080
FLUX  666   967.00        3.100233E+14   4.0333E-06   4.2389E-06   0.95149
FLUX  667   969.00        3.093834E+14   4.1333E-06   4.2439E-06   0.97393
FLUX  668   971.00        3.087461E+14   4.1017E-06   4.2488E-06   0.96536
FLUX  669   973.00        3.081115E+14   4.0834E-06   4.2537E-06   0.95995
FLUX  670   975.00        3.074795E+14   4.0669E-06   4.2586E-06   0.95499
FLUX  671   977.00        3.068501E+14   4.0936E-06   4.2634E-06   0.96017
FLUX  672   979.00        3.062232E+14   4.0191E-06   4.2683E-06   0.94164
FLUX  673   981.00        3.055989E+14   4.1932E-06   4.2730E-06   0.98132
FLUX  674   983.00        3.049771E+14   4.1620E-06   4.2778E-06   0.97294
FLUX  675   985.00        3.043579E+14   4.2094E-06   4.2825E-06   0.98292
FLUX  676   987.00        3.037411E+14   4.1777E-06   4.2873E-06   0.97445
FLUX  677   989.00        3.031269E+14   4.1937E-06   4.2920E-06   0.97712
FLUX  678   991.00        3.025151E+14   4.1901E-06   4.2966E-06   0.97520
FLUX  679   993.00        3.019058E+14   4.2238E-06   4.3013E-06   0.98200
FLUX  680   995.00        3.012990E+14   4.2398E-06   4.3059E-06   0.98466
FLUX  681   997.00        3.006946E+14   4.2580E-06   4.3105E-06   0.98782
FLUX  682   999.00        3.000926E+14   4.2414E-06   4.3151E-06   0.98293
FLUX  683  1002.50        2.990449E+14   4.2394E-06   4.3230E-06   0.98066
FLUX  684  1007.50        2.975608E+14   4.2156E-06   4.3343E-06   0.97262
FLUX  685  1012.50        2.960914E+14   4.2592E-06   4.3455E-06   0.98015
FLUX  686  1017.50        2.946364E+14   4.2226E-06   4.3565E-06   0.96925
FLUX  687  1022.50        2.931956E+14   4.2762E-06   4.3675E-06   0.97910
FLUX  688  1027.50        2.917689E+14   4.3241E-06   4.3783E-06   0.98761
FLUX  689  1032.50        2.903559E+14   4.2599E-06   4.3891E-06   0.97055
FLUX  690  1037.50        2.889566E+14   4.2628E-06   4.3998E-06   0.96888
FLUX  691  1042.50        2.875707E+14   4.3292E-06   4.4103E-06   0.98162
FLUX  692  1047.50        2.861981E+14   4.3137E-06   4.4207E-06   0.97578
FLUX  693  1052.50        2.848385E+14   4.3658E-06   4.4310E-06   0.98528
FLUX  694  1057.50        2.834917E+14   4.3476E-06   4.4412E-06   0.97892
FLUX  695  1062.50        2.821576E+14   4.3595E-06   4.4512E-06   0.97938
FLUX  696  1067.50        2.808361E+14   4.2975E-06   4.4612E-06   0.96330
FLUX  697  1072.50        2.795268E+14   4.3414E-06   4.4711E-06   0.97099
FLUX  698  1077.50        2.782297E+14   4.3310E-06   4.4810E-06   0.96653
FLUX  699  1082.50        2.769446E+14   4.3032E-06   4.4909E-06   0.95821
FLUX  700  1087.50        2.756713E+14   4.3287E-06   4.5007E-06   0.96178
FLUX  701  1092.50        2.744096E+14   4.4244E-06   4.5105E-06   0.98091
FLUX  702  1097.50        2.731595E+14   4.3678E-06   4.5201E-06   0.96631
FLUX  703  1102.50        2.719206E+14   4.4374E-06   4.5294E-06   0.97968
FLUX  704  1107.50        2.706930E+14   4.4545E-06   4.5387E-06   0.98146
FLUX  705  1112.50        2.694764E+14   4.4590E-06   4.5479E-06   0.98047
FLUX  706  1117.50        2.682707E+14   4.4408E-06   4.5570E-06   0.97450
FLUX  707  1122.50        2.670757E+14   4.4823E-06   4.5662E-06   0.98163
FLUX  708  1127.50        2.658914E+14   4.4367E-06   4.5753E-06   0.96969
FLUX  709  1132.50        2.647174E+14   4.4543E-06   4.5846E-06   0.97159
FLUX  710  1137.50        2.635538E+14   4.4569E-06   4.5938E-06   0.97021
FLUX  711  1142.50        2.624004E+14   4.4320E-06   4.6030E-06   0.96286
FLUX  712  1147.50        2.612571E+14   4.5488E-06   4.6122E-06   0.98626
FLUX  713  1152.50        2.601236E+14   4.5569E-06   4.6213E-06   0.98606
FLUX  714  1157.50        2.590000E+14   4.5137E-06   4.6305E-06   0.97478
FLUX  715  1162.50        2.578860E+14   4.4879E-06   4.6397E-06   0.96727
FLUX  716  1167.50        2.567816E+14   4.5258E-06   4.6489E-06   0.97352
FLUX  717  1172.50        2.556866E+14   4.6102E-06   4.6582E-06   0.98970
FLUX  718  1177.50        2.546008E+14   4.5551E-06   4.6675E-06   0.97592
FLUX  719  1182.50        2.535243E+14   4.5578E-06   4.6768E-06   0.97454
FLUX  720  1187.50        2.524568E+14   4.5103E-06   4.6862E-06   0.96247
FLUX  721  1192.50        2.513983E+14   4.6515E-06   4.6957E-06   0.99059
FLUX  722  1197.50        2.503486E+14   4.4981E-06   4.7051E-06   0.95599
FLUX  723  1202.50        2.493077E+14   4.6338E-06   4.7145E-06   0.98288
FLUX  724  1207.50        2.482754E+14   4.6058E-06   4.7236E-06   0.97507
FLUX  725  1212.50        2.472515E+14   4.6434E-06   4.7327E-06   0.98112
FLUX  726  1217.50        2.462361E+14   4.7068E-06   4.7419E-06   0.99260
FLUX  727  1222.50        2.452290E+14   4.6987E-06   4.7512E-06   0.98895
FLUX  728  1227.50        2.442301E+14   4.7028E-06   4.7606E-06   0.98785
FLUX  729  1232.50        2.432394E+14   4.6990E-06   4.7701E-06   0.98509
FLUX  730  1237.50        2.422566E+14   4.7233E-06   4.7796E-06   0.98821
FLUX  731  1242.50        2.412817E+14   4.7170E-06   4.7892E-06   0.98492
FLUX  732  1247.50        2.403146E+14   4.7550E-06   4.7990E-06   0.99084
FLUX  733  1252.50        2.393553E+14   4.7226E-06   4.8089E-06   0.98205
FLUX  734  1257.50        2.384036E+14   4.7515E-06   4.8189E-06   0.98600
FLUX  735  1262.50        2.374594E+14   4.7669E-06   4.8291E-06   0.98712
FLUX  736  1267.50        2.365227E+14   4.7409E-06   4.8395E-06   0.97963
FLUX  737  1272.50        2.355933E+14   4.7892E-06   4.8500E-06   0.98746
FLUX  738  1277.50        2.346712E+14   4.8422E-06   4.8607E-06   0.99621
FLUX  739  1282.50        2.337563E+14   4.6733E-06   4.8716E-06   0.95931
FLUX  740  1287.50        2.328485E+14   4.7800E-06   4.8826E-06   0.97900
FLUX  741  1292.50        2.319478E+14   4.7559E-06   4.8934E-06   0.97190
FLUX  742  1297.50        2.310539E+14   4.8531E-06   4.9041E-06   0.98961
FLUX  743  1302.50        2.301670E+14   4.7922E-06   4.9149E-06   0.97503
FLUX  744  1307.50        2.292868E+14   4.8686E-06   4.9258E-06   0.98839
FLUX  745  1312.50        2.284133E+14   4.8148E-06   4.9368E-06   0.97528
FLUX  746  1317.50        2.275465E+14   4.8292E-06   4.9480E-06   0.97599
FLUX  747  1322.50        2.266862E+14   4.8681E-06   4.9594E-06   0.98158
FLUX  748  1327.50        2.258324E+14   4.7953E-06   4.9711E-06   0.96465
FLUX  749  1332.50        2.249850E+14   4.8897E-06   4.9829E-06   0.98131
FLUX  750  1337.50        2.241439E+14   4.8599E-06   4.9950E-06   0.97296
FLUX  751  1342.50        2.233091E+14   4.9443E-06   5.0073E-06   0.98742
FLUX  752  1347.50        2.224805E+14   4.9310E-06   5.0196E-06   0.98234
FLUX  753  1352.50        2.216580E+14   4.9533E-06   5.0323E-06   0.98430
FLUX  754  1357.50        2.208416E+14   4.8721E-06   5.0453E-06   0.96568
FLUX  755  1362.50        2.200312E+14   4.8948E-06   5.0580E-06   0.96773
FLUX  756  1367.50        2.192267E+14   4.9331E-06   5.0705E-06   0.97291
FLUX  757  1372.50        2.184281E+14   4.9757E-06   5.0833E-06   0.97883
FLUX  758  1377.50        2.176352E+14   4.9771E-06   5.0962E-06   0.97663
FLUX  759  1382.50        2.168481E+14   5.0089E-06   5.1094E-06   0.98034
FLUX  760  1387.50        2.160667E+14   4.9887E-06   5.1228E-06   0.97382
FLUX  761  1392.50        2.152908E+14   5.0451E-06   5.1366E-06   0.98219
FLUX  762  1397.50        2.145206E+14   5.0727E-06   5.1506E-06   0.98487
FLUX  763  1402.50        2.137558E+14   4.9983E-06   5.1649E-06   0.96775
FLUX  764  1407.50        2.129964E+14   5.0852E-06   5.1795E-06   0.98179
FLUX  765  1412.50        2.122425E+14   5.0400E-06   5.1944E-06   0.97028
FLUX  766  1417.50        2.114938E+14   5.1338E-06   5.2094E-06   0.98549
FLUX  767  1422.50        2.107504E+14   5.0528E-06   5.2244E-06   0.96715
FLUX  768  1427.50        2.100123E+14   4.9983E-06   5.2388E-06   0.95409
FLUX  769  1432.50        2.092792E+14   5.1248E-06   5.2532E-06   0.97554
FLUX  770  1437.50        2.085513E+14   5.1794E-06   5.2679E-06   0.98320
FLUX  771  1442.50        2.078284E+14   4.9997E-06   5.2828E-06   0.94641
FLUX  772  1447.50        2.071105E+14   5.1682E-06   5.2981E-06   0.97548
FLUX  773  1452.50        2.063976E+14   5.1064E-06   5.3137E-06   0.96099
FLUX  774  1457.00        2.057601E+14   5.1759E-06   5.3279E-06   0.97147
FLUX  775  1462.00        2.050564E+14   5.1958E-06   5.3711E-06   0.96736
FLUX  776  1467.50        2.042879E+14   5.2347E-06   5.3900E-06   0.97119
FLUX  777  1472.50        2.035942E+14   5.1337E-06   5.4075E-06   0.94937
FLUX  778  1477.50        2.029052E+14   5.1827E-06   5.4248E-06   0.95537
FLUX  779  1482.50        2.022209E+14   5.1949E-06   5.4413E-06   0.95472
FLUX  780  1487.50        2.015412E+14   5.1648E-06   5.4580E-06   0.94627
FLUX  781  1492.50        2.008660E+14   5.3026E-06   5.4750E-06   0.96853
FLUX  782  1497.50        2.001953E+14   5.2376E-06   5.4919E-06   0.95369
FLUX  783  1502.50        1.995291E+14   5.2306E-06   5.5089E-06   0.94948
FLUX  784  1507.50        1.988673E+14   5.1751E-06   5.5260E-06   0.93651
FLUX  785  1512.50        1.982099E+14   5.2809E-06   5.5431E-06   0.95270
FLUX  786  1517.50        1.975568E+14   5.3233E-06   5.5601E-06   0.95739
FLUX  787  1522.50        1.969080E+14   5.3180E-06   5.5772E-06   0.95352
FLUX  788  1527.50        1.962635E+14   5.3694E-06   5.5943E-06   0.95980
FLUX  789  1532.50        1.956232E+14   5.3420E-06   5.6112E-06   0.95202
FLUX  790  1537.50        1.949870E+14   5.4275E-06   5.6271E-06   0.96453
FLUX  791  1542.50        1.943549E+14   5.3992E-06   5.6424E-06   0.95689
FLUX  792  1547.50        1.937270E+14   5.4411E-06   5.6576E-06   0.96173
FLUX  793  1552.50        1.931031E+14   5.3786E-06   5.6724E-06   0.94820
FLUX  794  1557.50        1.924831E+14   5.3145E-06   5.6866E-06   0.93455
FLUX  795  1562.50        1.918672E+14   5.5180E-06   5.7004E-06   0.96802
FLUX  796  1567.50        1.912552E+14   5.3473E-06   5.7135E-06   0.93591
FLUX  797  1572.50        1.906471E+14   5.4446E-06   5.7260E-06   0.95086
FLUX  798  1577.50        1.900428E+14   5.3178E-06   5.7379E-06   0.92680
FLUX  799  1582.50        1.894423E+14   5.4214E-06   5.7488E-06   0.94304
FLUX  800  1587.50        1.888457E+14   5.1718E-06   5.7587E-06   0.89809
FLUX  801  1592.50        1.882527E+14   5.3469E-06   5.7675E-06   0.92707
FLUX  802  1597.50        1.876635E+14   5.5055E-06   5.7749E-06   0.95336
FLUX  803  1605.00        1.867866E+14   5.4780E-06   5.7826E-06   0.94733
FLUX  804  1615.00        1.856300E+14   5.4549E-06   5.7868E-06   0.94264
FLUX  805  1625.00        1.844877E+14   5.5198E-06   5.7824E-06   0.95458
FLUX  806  1635.00        1.833593E+14   5.5156E-06   5.7646E-06   0.95680
FLUX  807  1645.00        1.822447E+14   5.4271E-06   5.7282E-06   0.94742
FLUX  808  1655.00        1.811435E+14   5.4691E-06   5.6793E-06   0.96298
FLUX  809  1665.00        1.800556E+14   5.4587E-06   5.6309E-06   0.96942
FLUX  810  1675.00        1.789806E+14   5.3921E-06   5.5831E-06   0.96580
FLUX  811  1685.00        1.779184E+14   5.2834E-06   5.5357E-06   0.95441
FLUX  812  1695.00        1.768687E+14   5.3909E-06   5.4890E-06   0.98213
FLUX  813  1705.00        1.758314E+14   5.2379E-06   5.4427E-06   0.96236
FLUX  814  1715.00        1.748061E+14   5.2835E-06   5.3971E-06   0.97896
FLUX  815  1725.00        1.737928E+14   5.1436E-06   5.3519E-06   0.96107
FLUX  816  1735.00        1.727911E+14   5.0705E-06   5.3074E-06   0.95537
FLUX  817  1745.00        1.718009E+14   5.0899E-06   5.2633E-06   0.96706
FLUX  818  1755.00        1.708219E+14   5.0569E-06   5.2198E-06   0.96879
FLUX  819  1765.00        1.698541E+14   5.0343E-06   5.1767E-06   0.97249
FLUX  820  1775.00        1.688972E+14   4.9687E-06   5.1342E-06   0.96778
FLUX  821  1785.00        1.679510E+14   4.9764E-06   5.0918E-06   0.97733
FLUX  822  1795.00        1.670153E+14   4.9229E-06   5.0499E-06   0.97486
FLUX  823  1805.00        1.660900E+14   4.8590E-06   5.0084E-06   0.97015
FLUX  824  1815.00        1.651749E+14   4.8197E-06   4.9675E-06   0.97024
FLUX  825  1825.00        1.642699E+14   4.7782E-06   4.9268E-06   0.96983
FLUX  826  1835.00        1.633747E+14   4.7455E-06   4.8861E-06   0.97122
FLUX  827  1845.00        1.624892E+14   4.6648E-06   4.8458E-06   0.96264
FLUX  828  1855.00        1.616132E+14   4.6730E-06   4.8060E-06   0.97232
FLUX  829  1865.00        1.607466E+14   4.5656E-06   4.7667E-06   0.95782
FLUX  830  1875.00        1.598893E+14   4.5022E-06   4.7279E-06   0.95227
FLUX  831  1885.00        1.590411E+14   4.5473E-06   4.6894E-06   0.96968
FLUX  832  1895.00        1.582018E+14   4.3633E-06   4.6515E-06   0.93805
FLUX  833  1905.00        1.573714E+14   4.5117E-06   4.6140E-06   0.97783
FLUX  834  1915.00        1.565496E+14   4.4500E-06   4.5769E-06   0.97229
FLUX  835  1925.00        1.557364E+14   4.4310E-06   4.5402E-06   0.97595
FLUX  836  1935.00        1.549315E+14   4.3351E-06   4.5040E-06   0.96250
FLUX  837  1945.00        1.541350E+14   4.2698E-06   4.4682E-06   0.95559
FLUX  838  1955.00        1.533465E+14   4.3216E-06   4.4328E-06   0.97491
FLUX  839  1965.00        1.525662E+14   4.2688E-06   4.3978E-06   0.97067
FLUX  840  1975.00        1.517937E+14   4.2247E-06   4.3633E-06   0.96824
FLUX  841  1985.00        1.510290E+14   4.2104E-06   4.3291E-06   0.97259
FLUX  842  1995.00        1.502719E+14   4.1829E-06   4.2953E-06   0.97383
FLUX  843  2005.00        1.495224E+14   4.1959E-06   4.2619E-06   0.98450
FLUX  844  2015.00        1.487804E+14   4.1860E-06   4.2289E-06   0.98986
FLUX  845  2025.00        1.480457E+14   4.0812E-06   4.1963E-06   0.97258
FLUX  846  2035.00        1.473182E+14   4.0374E-06   4.1641E-06   0.96959
FLUX  847  2045.00        1.465978E+14   4.0904E-06   4.1322E-06   0.98990
FLUX  848  2055.00        1.458844E+14   4.0404E-06   4.1007E-06   0.98531
FLUX  849  2065.00        1.451780E+14   3.9903E-06   4.0695E-06   0.98055
FLUX  850  2075.00        1.444783E+14   3.9712E-06   4.0386E-06   0.98331
FLUX  851  2085.00        1.437854E+14   3.9348E-06   4.0081E-06   0.98172
FLUX  852  2095.00        1.430990E+14   3.8800E-06   3.9777E-06   0.97545
FLUX  853  2105.00        1.424192E+14   3.9055E-06   3.9476E-06   0.98932
FLUX  854  2115.00        1.417459E+14   3.8528E-06   3.9179E-06   0.98339
FLUX  855  2125.00        1.410788E+14   3.8215E-06   3.8885E-06   0.98277
FLUX  856  2135.00        1.404180E+14   3.8309E-06   3.8594E-06   0.99260
FLUX  857  2145.00        1.397634E+14   3.7962E-06   3.8306E-06   0.99101
FLUX  858  2155.00        1.391148E+14   3.7674E-06   3.8022E-06   0.99086
FLUX  859  2165.00        1.384723E+14   3.6986E-06   3.7740E-06   0.98001
FLUX  860  2175.00        1.378356E+14   3.6767E-06   3.7462E-06   0.98146
FLUX  861  2185.00        1.372048E+14   3.6645E-06   3.7186E-06   0.98545
FLUX  862  2195.00        1.365797E+14   3.6544E-06   3.6914E-06   0.98999
FLUX  863  2205.00        1.359603E+14   3.5886E-06   3.6644E-06   0.97932
FLUX  864  2215.00        1.353465E+14   3.6101E-06   3.6378E-06   0.99239
FLUX  865  2225.00        1.347382E+14   3.5461E-06   3.6114E-06   0.98192
FLUX  866  2235.00        1.341353E+14   3.5277E-06   3.5853E-06   0.98392
FLUX  867  2245.00        1.335379E+14   3.5115E-06   3.5595E-06   0.98652
FLUX  868  2255.00        1.329457E+14   3.4886E-06   3.5340E-06   0.98716
FLUX  869  2265.00        1.323587E+14   3.4452E-06   3.5087E-06   0.98190
FLUX  870  2275.00        1.317769E+14   3.4592E-06   3.4838E-06   0.99295
FLUX  871  2285.00        1.312002E+14   3.4005E-06   3.4658E-06   0.98114
FLUX  872  2295.00        1.306285E+14   2.9019E-06   3.4413E-06   0.84327
FLUX  873  2305.00        1.300618E+14   3.1587E-06   3.4170E-06   0.92442
FLUX  874  2315.00        1.295000E+14   3.1365E-06   3.3930E-06   0.92440
FLUX  875  2325.00        1.289430E+14   2.7022E-06   3.3692E-06   0.80205
FLUX  876  2335.00        1.283908E+14   2.9452E-06   3.3457E-06   0.88032
FLUX  877  2345.00        1.278433E+14   2.9539E-06   3.3224E-06   0.88909
FLUX  878  2355.00        1.273004E+14   2.5329E-06   3.2993E-06   0.76772
FLUX  879  2365.00        1.267622E+14   2.8157E-06   3.2765E-06   0.85938
FLUX  880  2375.00        1.262284E+14   2.7877E-06   3.2539E-06   0.85672
FLUX  881  2385.00        1.256992E+14   2.4498E-06   3.2315E-06   0.75809
FLUX  882  2395.00        1.251743E+14   2.6843E-06   3.2094E-06   0.83640
FLUX  883  2405.00        1.246538E+14   2.7129E-06   3.1875E-06   0.85109
FLUX  884  2415.00        1.241377E+14   2.4319E-06   3.1658E-06   0.76820
FLUX  885  2425.00        1.236258E+14   2.6042E-06   3.1442E-06   0.82825
FLUX  886  2435.00        1.231181E+14   2.6366E-06   3.1228E-06   0.84431
FLUX  887  2445.00        1.226145E+14   2.4656E-06   3.1016E-06   0.79492
FLUX  888  2455.00        1.221151E+14   2.4851E-06   3.0807E-06   0.80667
FLUX  889  2465.00        1.216197E+14   2.6109E-06   3.0600E-06   0.85326
FLUX  890  2475.00        1.211283E+14   2.5236E-06   3.0394E-06   0.83028
FLUX  891  2485.00        1.206408E+14   2.3888E-06   3.0191E-06   0.79124
FLUX  892  2495.00        1.201573E+14   2.5108E-06   2.9990E-06   0.83722
FLUX  893  2505.00        1.196776E+14   2.6172E-06   2.9791E-06   0.87853
FLUX  894  2515.00        1.192018E+14   2.3608E-06   2.9593E-06   0.79774
FLUX  895  2525.00        1.187297E+14   2.5097E-06   2.9398E-06   0.85370
FLUX  896  2535.00        1.182613E+14   2.5345E-06   2.9205E-06   0.86783
FLUX  897  2545.00        1.177967E+14   2.4729E-06   2.9013E-06   0.85234
FLUX  898  2555.00        1.173356E+14   2.4419E-06   2.8824E-06   0.84718
FLUX  899  2565.00        1.168782E+14   2.4811E-06   2.8636E-06   0.86645
FLUX  900  2575.00        1.164243E+14   2.5179E-06   2.8450E-06   0.88503
FLUX  901  2585.00        1.159739E+14   2.3590E-06   2.8266E-06   0.83459
FLUX  902  2595.00        1.155270E+14   2.4283E-06   2.8083E-06   0.86468
FLUX  903  2605.00        1.150835E+14   2.4798E-06   2.7902E-06   0.88876
FLUX  904  2615.00        1.146434E+14   2.4223E-06   2.7723E-06   0.87374
FLUX  905  2625.00        1.142067E+14   2.4027E-06   2.7546E-06   0.87223
FLUX  906  2635.00        1.137732E+14   2.4406E-06   2.7370E-06   0.89170
FLUX  907  2645.00        1.133431E+14   2.4388E-06   2.7197E-06   0.89674
FLUX  908  2655.00        1.129162E+14   2.3935E-06   2.7024E-06   0.88568
FLUX  909  2665.00        1.124925E+14   2.3574E-06   2.6854E-06   0.87789
FLUX  910  2675.00        1.120720E+14   2.4503E-06   2.6684E-06   0.91825
FLUX  911  2685.00        1.116546E+14   2.4312E-06   2.6517E-06   0.91685
FLUX  912  2695.00        1.112403E+14   2.3578E-06   2.6351E-06   0.89477
FLUX  913  2705.00        1.108290E+14   2.4037E-06   2.6187E-06   0.91790
FLUX  914  2715.00        1.104208E+14   2.3954E-06   2.6023E-06   0.92049
FLUX  915  2725.00        1.100156E+14   2.4072E-06   2.5861E-06   0.93080
FLUX  916  2735.00        1.096133E+14   2.3426E-06   2.5701E-06   0.91150
FLUX  917  2745.00        1.092140E+14   2.3790E-06   2.5542E-06   0.93142
FLUX  918  2755.00        1.088176E+14   2.3890E-06   2.5384E-06   0.94115
FLUX  919  2765.00        1.084241E+14   2.3632E-06   2.5227E-06   0.93675
FLUX  920  2775.00        1.080333E+14   2.3230E-06   2.5073E-06   0.92651
FLUX  921  2785.00        1.076454E+14   2.3451E-06   2.4919E-06   0.94109
FLUX  922  2795.00        1.072603E+14   2.3606E-06   2.4767E-06   0.95309
FLUX  923  2805.00        1.068779E+14   2.3459E-06   2.4617E-06   0.95296
FLUX  924  2815.00        1.064982E+14   2.3145E-06   2.4467E-06   0.94594
FLUX  925  2825.00        1.061212E+14   2.3190E-06   2.4320E-06   0.95357
FLUX  926  2835.00        1.057469E+14   2.3286E-06   2.4173E-06   0.96332
FLUX  927  2845.00        1.053752E+14   2.3090E-06   2.4028E-06   0.96096
FLUX  928  2855.00        1.050061E+14   2.2952E-06   2.3884E-06   0.96099
FLUX  929  2865.00        1.046396E+14   2.2888E-06   2.3741E-06   0.96405
FLUX  930  2875.00        1.042757E+14   2.2793E-06   2.3600E-06   0.96580
FLUX  931  2885.00        1.039142E+14   2.2725E-06   2.3460E-06   0.96870
FLUX  932  2895.00        1.035553E+14   2.2637E-06   2.3321E-06   0.97067
FLUX  933  2905.00        1.031988E+14   2.2520E-06   2.3183E-06   0.97142
FLUX  934  2915.00        1.028448E+14   2.2497E-06   2.3047E-06   0.97617
FLUX  935  2925.00        1.024932E+14   2.2188E-06   2.2911E-06   0.96841
FLUX  936  2935.00        1.021440E+14   2.2343E-06   2.2777E-06   0.98093
FLUX  937  2945.00        1.017971E+14   2.2076E-06   2.2645E-06   0.97490
FLUX  938  2955.00        1.014526E+14   2.2006E-06   2.2513E-06   0.97748
FLUX  939  2965.00        1.011105E+14   2.2026E-06   2.2382E-06   0.98408
FLUX  940  2975.00        1.007706E+14   2.1916E-06   2.2253E-06   0.98484
FLUX  941  2985.00        1.004330E+14   2.1762E-06   2.2125E-06   0.98358
FLUX  942  2995.00        1.000977E+14   2.1634E-06   2.1998E-06   0.98346
FLUX  943  3005.00        9.976456E+13   2.1522E-06   2.1872E-06   0.98399
FLUX  944  3015.00        9.943367E+13   2.1502E-06   2.1747E-06   0.98873
FLUX  945  3025.00        9.910496E+13   2.1329E-06   2.1623E-06   0.98645
FLUX  946  3035.00        9.877842E+13   2.1077E-06   2.1499E-06   0.98036
FLUX  947  3045.00        9.845402E+13   2.1163E-06   2.1376E-06   0.99002
FLUX  948  3055.00        9.813175E+13   2.0987E-06   2.1255E-06   0.98739
FLUX  949  3065.00        9.781158E+13   2.0872E-06   2.1134E-06   0.98760
FLUX  950  3075.00        9.749350E+13   2.0842E-06   2.1015E-06   0.99178
FLUX  951  3085.00        9.717747E+13   2.0612E-06   2.0896E-06   0.98639
FLUX  952  3095.00        9.686349E+13   2.0525E-06   2.0779E-06   0.98778
FLUX  953  3105.00        9.655153E+13   2.0538E-06   2.0662E-06   0.99401
FLUX  954  3115.00        9.624157E+13   2.0249E-06   2.0547E-06   0.98551
FLUX  955  3125.00        9.593360E+13   2.0263E-06   2.0432E-06   0.99171
FLUX  956  3135.00        9.562759E+13   2.0191E-06   2.0318E-06   0.99371
FLUX  957  3145.00        9.532353E+13   2.0079E-06   2.0206E-06   0.99371
FLUX  958  3155.00        9.502139E+13   1.9919E-06   2.0094E-06   0.99131
FLUX  959  3165.00        9.472117E+13   1.9790E-06   1.9983E-06   0.99036
FLUX  960  3175.00        9.442283E+13   1.9764E-06   1.9873E-06   0.99453
FLUX  961  3185.00        9.412637E+13   1.9635E-06   1.9764E-06   0.99350
FLUX  962  3195.00        9.383177E+13   1.9588E-06   1.9656E-06   0.99656
FLUX  963  3210.00        9.339330E+13   1.9382E-06   1.9495E-06   0.99418
FLUX  964  3230.00        9.281502E+13   1.9170E-06   1.9284E-06   0.99406
FLUX  965  3250.00        9.224385E+13   1.8949E-06   1.9076E-06   0.99336
FLUX  966  3270.00        9.167966E+13   1.8731E-06   1.8872E-06   0.99253
FLUX  967  3290.00        9.112234E+13   1.8503E-06   1.8676E-06   0.99076
FLUX  968  3310.00        9.057175E+13   1.8328E-06   1.8478E-06   0.99188
FLUX  969  3330.00        9.002778E+13   1.8105E-06   1.8283E-06   0.99027
FLUX  970  3350.00        8.949030E+13   1.7983E-06   1.8091E-06   0.99403
FLUX  971  3370.00        8.895920E+13   1.7757E-06   1.7901E-06   0.99197
FLUX  972  3390.00        8.843437E+13   1.7542E-06   1.7714E-06   0.99027
FLUX  973  3410.00        8.791569E+13   1.7326E-06   1.7531E-06   0.98835
FLUX  974  3430.00        8.740306E+13   1.7233E-06   1.7350E-06   0.99326
FLUX  975  3450.00        8.689638E+13   1.7092E-06   1.7172E-06   0.99538
FLUX  976  3470.00        8.639553E+13   1.6890E-06   1.6996E-06   0.99377
FLUX  977  3490.00        8.590043E+13   1.6734E-06   1.6823E-06   0.99466
FLUX  978  3510.00        8.541097E+13   1.6590E-06   1.6653E-06   0.99619
FLUX  979  3530.00        8.492705E+13   1.6353E-06   1.6486E-06   0.99197
FLUX  980  3550.00        8.444859E+13   1.6246E-06   1.6321E-06   0.99545
FLUX  981  3570.00        8.397549E+13   1.6056E-06   1.6158E-06   0.99368
FLUX  982  3590.00        8.350766E+13   1.5884E-06   1.5998E-06   0.99290
FLUX  983  3610.00        8.304501E+13   1.5787E-06   1.5840E-06   0.99671
FLUX  984  3630.00        8.258747E+13   1.5637E-06   1.5684E-06   0.99700
FLUX  985  3650.00        8.213493E+13   1.5397E-06   1.5531E-06   0.99143
FLUX  986  3670.00        8.168733E+13   1.5245E-06   1.5379E-06   0.99129
FLUX  987  3690.00        8.124458E+13   1.4972E-06   1.5231E-06   0.98302
FLUX  988  3710.00        8.080660E+13   1.4793E-06   1.5083E-06   0.98074
FLUX  989  3730.00        8.037332E+13   1.4762E-06   1.4938E-06   0.98821
FLUX  990  3750.00        7.994467E+13   1.4451E-06   1.4795E-06   0.97672
FLUX  991  3770.00        7.952056E+13   1.4487E-06   1.4654E-06   0.98861
FLUX  992  3790.00        7.910092E+13   1.4325E-06   1.4515E-06   0.98691
FLUX  993  3810.00        7.868570E+13   1.4242E-06   1.4378E-06   0.99054
FLUX  994  3830.00        7.827480E+13   1.4166E-06   1.4243E-06   0.99463
FLUX  995  3850.00        7.786818E+13   1.4057E-06   1.4110E-06   0.99625
FLUX  996  3870.00        7.746576E+13   1.3861E-06   1.3978E-06   0.99160
FLUX  997  3890.00        7.706748E+13   1.3745E-06   1.3849E-06   0.99247
FLUX  998  3910.00        7.667327E+13   1.3656E-06   1.3721E-06   0.99528
FLUX  999  3930.00        7.628308E+13   1.3541E-06   1.3595E-06   0.99604
FLUX 1000  3950.00        7.589684E+13   1.3321E-06   1.3471E-06   0.98886
FLUX 1001  3970.00        7.551448E+13   1.3242E-06   1.3348E-06   0.99206
FLUX 1002  3990.00        7.513596E+13   1.3004E-06   1.3228E-06   0.98311
FLUX 1003  4010.00        7.476122E+13   1.2969E-06   1.3108E-06   0.98934
FLUX 1004  4030.00        7.439020E+13   1.2915E-06   1.2990E-06   0.99418
FLUX 1005  4050.00        7.402284E+13   1.2762E-06   1.2874E-06   0.99130
FLUX 1006  4070.00        7.365909E+13   1.2669E-06   1.2759E-06   0.99293
FLUX 1007  4090.00        7.329890E+13   1.2566E-06   1.2646E-06   0.99368
FLUX 1008  4110.00        7.294221E+13   1.2482E-06   1.2534E-06   0.99580
FLUX 1009  4130.00        7.258898E+13   1.2394E-06   1.2424E-06   0.99760
FLUX 1010  4150.00        7.223916E+13   1.2248E-06   1.2315E-06   0.99452
FLUX 1011  4170.00        7.189269E+13   1.2136E-06   1.2208E-06   0.99411
FLUX 1012  4190.00        7.154952E+13   1.2029E-06   1.2101E-06   0.99403
FLUX 1013  4210.00        7.120962E+13   1.1879E-06   1.1997E-06   0.99016
FLUX 1014  4230.00        7.087293E+13   1.1879E-06   1.1893E-06   0.99881
FLUX 1015  4250.00        7.053941E+13   1.1709E-06   1.1791E-06   0.99303
FLUX 1016  4270.00        7.020902E+13   1.1655E-06   1.1691E-06   0.99699
FLUX 1017  4290.00        6.988170E+13   1.0815E-06   1.1591E-06   0.93307
FLUX 1018  4310.00        6.955742E+13   1.0137E-06   1.1493E-06   0.88202
FLUX 1019  4330.00        6.923614E+13   1.0479E-06   1.1396E-06   0.91952
FLUX 1020  4350.00        6.891782E+13   9.7246E-07   1.1300E-06   0.86056
FLUX 1021  4370.00        6.860240E+13   9.5112E-07   1.1206E-06   0.84877
FLUX 1022  4390.00        6.828986E+13   9.3406E-07   1.1112E-06   0.84056
FLUX 1023  4410.00        6.798016E+13   8.5657E-07   1.1020E-06   0.77729
FLUX 1024  4430.00        6.767325E+13   8.6979E-07   1.0929E-06   0.79587
FLUX 1025  4450.00        6.736910E+13   8.4638E-07   1.0839E-06   0.78088
FLUX 1026  4470.00        6.706767E+13   7.9193E-07   1.0750E-06   0.73667
FLUX 1027  4490.00        6.676893E+13   8.3259E-07   1.0662E-06   0.78087
FLUX 1028  4510.00        6.647284E+13   7.9980E-07   1.0575E-06   0.75627
FLUX 1029  4530.00        6.617936E+13   7.6088E-07   1.0490E-06   0.72536
FLUX 1030  4550.00        6.588846E+13   7.8523E-07   1.0405E-06   0.75467
FLUX 1031  4570.00        6.560011E+13   7.8155E-07   1.0321E-06   0.75722
FLUX 1032  4590.00        6.531427E+13   7.2952E-07   1.0239E-06   0.71251
FLUX 1033  4610.00        6.503091E+13   7.6923E-07   1.0157E-06   0.75734
FLUX 1034  4630.00        6.475000E+13   7.4702E-07   1.0076E-06   0.74137
FLUX 1035  4650.00        6.447151E+13   7.5075E-07   9.9964E-07   0.75102
FLUX 1036  4670.00        6.419540E+13   7.5638E-07   9.9176E-07   0.76267
FLUX 1037  4690.00        6.392164E+13   7.4383E-07   9.8396E-07   0.75595
FLUX 1038  4710.00        6.365021E+13   7.3095E-07   9.7626E-07   0.74873
FLUX 1039  4730.00        6.338108E+13   7.5776E-07   9.6864E-07   0.78229
FLUX 1040  4750.00        6.311421E+13   7.4027E-07   9.6110E-07   0.77023
FLUX 1041  4770.00        6.284958E+13   7.3983E-07   9.5366E-07   0.77579
FLUX 1042  4790.00        6.258716E+13   7.3337E-07   9.4630E-07   0.77498
FLUX 1043  4810.00        6.232692E+13   7.1707E-07   9.3903E-07   0.76364
FLUX 1044  4830.00        6.206884E+13   7.4562E-07   9.3184E-07   0.80016
FLUX 1045  4850.00        6.181289E+13   7.3053E-07   9.2473E-07   0.78999
FLUX 1046  4870.00        6.155903E+13   7.1780E-07   9.1771E-07   0.78216
FLUX 1047  4890.00        6.130726E+13   7.2325E-07   9.1076E-07   0.79412
FLUX 1048  4910.00        6.105754E+13   7.1201E-07   9.0390E-07   0.78772
FLUX 1049  4930.00        6.080984E+13   7.0972E-07   8.9711E-07   0.79112
FLUX 1050  4950.00        6.056414E+13   7.0449E-07   8.9039E-07   0.79121
FLUX 1051  4970.00        6.032042E+13   7.1154E-07   8.8375E-07   0.80514
FLUX 1052  4990.00        6.007866E+13   6.9881E-07   8.7718E-07   0.79666
FLUX 1053  5010.00        5.983882E+13   7.0826E-07   8.7069E-07   0.81345
FLUX 1054  5030.00        5.960089E+13   7.0435E-07   8.6427E-07   0.81497
FLUX 1055  5050.00        5.936485E+13   6.8500E-07   8.5792E-07   0.79845
FLUX 1056  5070.00        5.913067E+13   6.8701E-07   8.5163E-07   0.80670
FLUX 1057  5090.00        5.889833E+13   6.8879E-07   8.4542E-07   0.81473
FLUX 1058  5110.00        5.866781E+13   6.7799E-07   8.3926E-07   0.80783
FLUX 1059  5130.00        5.843908E+13   6.7845E-07   8.3318E-07   0.81429
FLUX 1060  5150.00        5.821214E+13   6.7211E-07   8.2716E-07   0.81256
FLUX 1061  5170.00        5.798694E+13   6.8750E-07   8.2120E-07   0.83719
FLUX 1062  5190.00        5.776349E+13   6.7274E-07   8.1530E-07   0.82514
FLUX 1063  5210.00        5.754175E+13   6.6666E-07   8.0947E-07   0.82357
FLUX 1064  5230.00        5.732170E+13   6.6360E-07   8.0370E-07   0.82569
FLUX 1065  5250.00        5.710333E+13   6.6832E-07   7.9799E-07   0.83749
FLUX 1066  5270.00        5.688662E+13   6.8091E-07   7.9235E-07   0.85936
FLUX 1067  5290.00        5.667155E+13   6.5627E-07   7.8676E-07   0.83414
FLUX 1068  5310.00        5.645810E+13   6.5173E-07   7.8123E-07   0.83424
FLUX 1069  5330.00        5.624625E+13   6.5663E-07   7.7576E-07   0.84642
FLUX 1070  5350.00        5.603598E+13   6.5484E-07   7.7035E-07   0.85006
FLUX 1071  5370.00        5.582728E+13   6.5206E-07   7.6500E-07   0.85237
FLUX 1072  5390.00        5.562013E+13   6.5288E-07   7.5970E-07   0.85939
FLUX 1073  5410.00        5.541451E+13   6.5049E-07   7.5445E-07   0.86220
FLUX 1074  5430.00        5.521041E+13   6.4013E-07   7.4926E-07   0.85434
FLUX 1075  5450.00        5.500780E+13   6.4854E-07   7.4412E-07   0.87155
FLUX 1076  5470.00        5.480667E+13   6.3858E-07   7.3903E-07   0.86408
FLUX 1077  5490.00        5.460701E+13   6.4052E-07   7.3400E-07   0.87264
FLUX 1078  5510.00        5.440880E+13   6.3278E-07   7.2901E-07   0.86799
FLUX 1079  5530.00        5.421203E+13   6.5141E-07   7.2408E-07   0.89964
FLUX 1080  5550.00        5.401667E+13   6.2925E-07   7.1919E-07   0.87494
FLUX 1081  5570.00        5.382271E+13   6.4062E-07   7.1436E-07   0.89678
FLUX 1082  5590.00        5.363014E+13   6.2947E-07   7.0957E-07   0.88711
FLUX 1083  5610.00        5.343895E+13   6.3554E-07   7.0483E-07   0.90169
FLUX 1084  5630.00        5.324911E+13   6.2273E-07   7.0014E-07   0.88944
FLUX 1085  5650.00        5.306062E+13   6.3060E-07   6.9550E-07   0.90669
FLUX 1086  5670.00        5.287346E+13   6.2611E-07   6.9090E-07   0.90623
FLUX 1087  5690.00        5.268761E+13   6.1460E-07   6.8635E-07   0.89547
FLUX 1088  5710.00        5.250306E+13   6.2266E-07   6.8184E-07   0.91321
FLUX 1089  5730.00        5.231981E+13   6.2068E-07   6.7737E-07   0.91631
FLUX 1090  5750.00        5.213783E+13   6.1709E-07   6.7295E-07   0.91700
FLUX 1091  5770.00        5.195711E+13   6.1261E-07   6.6857E-07   0.91630
FLUX 1092  5790.00        5.177763E+13   6.1571E-07   6.6423E-07   0.92696
FLUX 1093  5810.00        5.159940E+13   6.0946E-07   6.5993E-07   0.92351
FLUX 1094  5830.00        5.142238E+13   6.0800E-07   6.5568E-07   0.92728
FLUX 1095  5850.00        5.124658E+13   6.0571E-07   6.5147E-07   0.92977
FLUX 1096  5870.00        5.107198E+13   5.9759E-07   6.4729E-07   0.92322
FLUX 1097  5890.00        5.089856E+13   5.9752E-07   6.4316E-07   0.92904
FLUX 1098  5910.00        5.072631E+13   5.9640E-07   6.3906E-07   0.93325
FLUX 1099  5930.00        5.055523E+13   5.9540E-07   6.3501E-07   0.93764
FLUX 1100  5950.00        5.038529E+13   5.8862E-07   6.3099E-07   0.93285
FLUX 1101  5970.00        5.021650E+13   5.9098E-07   6.2701E-07   0.94254
FLUX 1102  5990.00        5.004883E+13   5.8817E-07   6.2306E-07   0.94399
FLUX 1103  6010.00        4.988228E+13   5.8588E-07   6.1916E-07   0.94625
FLUX 1104  6030.00        4.971683E+13   5.8288E-07   6.1529E-07   0.94733
FLUX 1105  6050.00        4.955248E+13   5.7654E-07   6.1146E-07   0.94289
FLUX 1106  6070.00        4.938921E+13   5.7496E-07   6.0766E-07   0.94618
FLUX 1107  6090.00        4.922701E+13   5.7112E-07   6.0390E-07   0.94572
FLUX 1108  6110.00        4.906588E+13   5.6740E-07   6.0017E-07   0.94540
FLUX 1109  6130.00        4.890579E+13   5.6734E-07   5.9648E-07   0.95114
FLUX 1110  6150.00        4.874675E+13   5.6591E-07   5.9282E-07   0.95461
FLUX 1111  6170.00        4.858874E+13   5.6686E-07   5.8919E-07   0.96209
FLUX 1112  6190.00        4.843174E+13   5.6270E-07   5.8560E-07   0.96089
FLUX 1113  6210.00        4.827576E+13   5.6202E-07   5.8204E-07   0.96561
FLUX 1114  6230.00        4.812079E+13   5.5589E-07   5.7851E-07   0.96090
FLUX 1115  6250.00        4.796680E+13   5.5079E-07   5.7501E-07   0.95788
FLUX 1116  6270.00        4.781380E+13   5.4904E-07   5.7155E-07   0.96062
FLUX 1117  6290.00        4.766176E+13   5.4701E-07   5.6811E-07   0.96285
FLUX 1118  6310.00        4.751070E+13   5.4350E-07   5.6471E-07   0.96244
FLUX 1119  6330.00        4.736058E+13   5.4478E-07   5.6134E-07   0.97050
FLUX 1120  6350.00        4.721142E+13   5.4032E-07   5.5799E-07   0.96833
FLUX 1121  6370.00        4.706319E+13   5.4137E-07   5.5468E-07   0.97600
FLUX 1122  6390.00        4.691588E+13   5.3564E-07   5.5139E-07   0.97142
FLUX 1123  6420.00        4.669665E+13   5.3234E-07   5.4652E-07   0.97406
FLUX 1124  6460.00        4.640751E+13   5.2578E-07   5.4013E-07   0.97344
FLUX 1125  6500.00        4.612192E+13   5.2097E-07   5.3384E-07   0.97589
FLUX 1126  6540.00        4.583983E+13   5.1564E-07   5.2766E-07   0.97721
FLUX 1127  6580.00        4.556117E+13   5.1209E-07   5.2159E-07   0.98179
FLUX 1128  6620.00        4.528588E+13   5.0591E-07   5.1563E-07   0.98116
FLUX 1129  6660.00        4.501389E+13   5.0137E-07   5.0977E-07   0.98353
FLUX 1130  6700.00        4.474515E+13   4.9690E-07   5.0400E-07   0.98592
FLUX 1131  6740.00        4.447960E+13   4.9080E-07   4.9833E-07   0.98488
FLUX 1132  6780.00        4.421718E+13   4.8629E-07   4.9276E-07   0.98687
FLUX 1133  6820.00        4.395784E+13   4.8119E-07   4.8728E-07   0.98751
FLUX 1134  6860.00        4.370153E+13   4.7727E-07   4.8189E-07   0.99042
FLUX 1135  6900.00        4.344819E+13   4.7163E-07   4.7658E-07   0.98961
FLUX 1136  6940.00        4.319777E+13   4.6715E-07   4.7137E-07   0.99105
FLUX 1137  6980.00        4.295021E+13   4.6252E-07   4.6623E-07   0.99204
FLUX 1138  7020.00        4.270548E+13   4.5739E-07   4.6119E-07   0.99177
FLUX 1139  7060.00        4.246353E+13   4.5351E-07   4.5622E-07   0.99407
FLUX 1140  7100.00        4.222430E+13   4.4857E-07   4.5133E-07   0.99388
FLUX 1141  7140.00        4.198775E+13   4.4450E-07   4.4652E-07   0.99548
FLUX 1142  7180.00        4.175383E+13   4.3971E-07   4.4179E-07   0.99530
FLUX 1143  7220.00        4.152251E+13   4.3544E-07   4.3713E-07   0.99613
FLUX 1144  7260.00        4.129373E+13   4.3083E-07   4.3254E-07   0.99603
FLUX 1145  7300.00        4.106747E+13   4.2675E-07   4.2803E-07   0.99701
FLUX 1146  7340.00        4.084366E+13   4.2215E-07   4.2358E-07   0.99660
FLUX 1147  7380.00        4.062229E+13   4.1827E-07   4.1921E-07   0.99776
FLUX 1148  7420.00        4.040330E+13   4.1330E-07   4.1490E-07   0.99615
FLUX 1149  7460.00        4.018666E+13   4.0919E-07   4.1066E-07   0.99642
FLUX 1150  7500.00        3.997233E+13   4.0545E-07   4.0648E-07   0.99746
FLUX 1151  7540.00        3.976028E+13   4.0107E-07   4.0236E-07   0.99678
FLUX 1152  7580.00        3.955046E+13   3.9772E-07   3.9831E-07   0.99850
FLUX 1153  7620.00        3.934285E+13   3.9378E-07   3.9432E-07   0.99864
FLUX 1154  7660.00        3.913740E+13   3.8995E-07   3.9039E-07   0.99888
FLUX 1155  7700.00        3.893409E+13   3.8589E-07   3.8651E-07   0.99840
FLUX 1156  7740.00        3.873288E+13   3.8230E-07   3.8270E-07   0.99896
FLUX 1157  7780.00        3.853374E+13   3.7864E-07   3.7894E-07   0.99921
FLUX 1158  7820.00        3.833664E+13   3.7491E-07   3.7523E-07   0.99914
FLUX 1159  7860.00        3.814154E+13   3.7136E-07   3.7158E-07   0.99940
FLUX 1160  7900.00        3.794842E+13   3.6774E-07   3.6798E-07   0.99933
FLUX 1161  7940.00        3.775724E+13   3.6415E-07   3.6444E-07   0.99923
FLUX 1162  7980.00        3.756798E+13   3.6080E-07   3.6094E-07   0.99960
FLUX 1163  8020.00        3.738061E+13   3.5702E-07   3.5749E-07   0.99868
FLUX 1164  8060.00        3.719510E+13   3.5355E-07   3.5409E-07   0.99847
FLUX 1165  8100.00        3.701142E+13   3.5054E-07   3.5074E-07   0.99943
FLUX 1166  8140.00        3.682955E+13   3.4689E-07   3.4744E-07   0.99842
FLUX 1167  8180.00        3.664945E+13   3.4392E-07   3.4418E-07   0.99922
FLUX 1168  8220.00        3.647111E+13   3.4083E-07   3.4097E-07   0.99959
FLUX 1169  8260.00        3.629449E+13   3.3752E-07   3.3781E-07   0.99915
FLUX 1170  8300.00        3.611958E+13   3.3451E-07   3.3468E-07   0.99950
FLUX 1171  8340.00        3.594634E+13   3.3112E-07   3.3160E-07   0.99853
FLUX 1172  8380.00        3.577476E+13   3.2818E-07   3.2857E-07   0.99883
FLUX 1173  8420.00        3.560481E+13   3.2543E-07   3.2557E-07   0.99957
FLUX 1174  8460.00        3.543647E+13   3.2242E-07   3.2261E-07   0.99940
FLUX 1175  8500.00        3.526971E+13   3.1948E-07   3.1970E-07   0.99932
FLUX 1176  8540.00        3.510451E+13   3.1663E-07   3.1682E-07   0.99938
FLUX 1177  8580.00        3.494085E+13   3.1375E-07   3.1399E-07   0.99925
FLUX 1178  8620.00        3.477871E+13   3.1101E-07   3.1119E-07   0.99944
FLUX 1179  8660.00        3.461807E+13   3.0832E-07   3.0842E-07   0.99967
FLUX 1180  8700.00        3.445891E+13   3.0562E-07   3.0570E-07   0.99975
FLUX 1181  8740.00        3.430120E+13   3.0290E-07   3.0301E-07   0.99967
FLUX 1182  8780.00        3.414493E+13   3.0019E-07   3.0035E-07   0.99946
FLUX 1183  8820.00        3.399008E+13   2.9737E-07   2.9773E-07   0.99880
FLUX 1184  8860.00        3.383663E+13   2.9486E-07   2.9514E-07   0.99903
FLUX 1185  8900.00        3.368455E+13   2.9220E-07   2.9259E-07   0.99868
FLUX 1186  8940.00        3.353384E+13   2.8987E-07   2.9007E-07   0.99932
FLUX 1187  8980.00        3.338447E+13   2.8710E-07   2.8758E-07   0.99833
FLUX 1188  9020.00        3.323642E+13   2.8491E-07   2.8513E-07   0.99925
FLUX 1189  9060.00        3.308968E+13   2.8267E-07   2.8270E-07   0.99987
FLUX 1190  9100.00        3.294423E+13   2.7977E-07   2.8031E-07   0.99808
FLUX 1191  9140.00        3.280005E+13   2.7763E-07   2.7794E-07   0.99888
FLUX 1192  9180.00        3.265714E+13   2.7546E-07   2.7561E-07   0.99947
FLUX 1193  9220.00        3.251546E+13   2.7327E-07   2.7330E-07   0.99989
FLUX 1194  9260.00        3.237500E+13   2.7095E-07   2.7102E-07   0.99973
FLUX 1195  9300.00        3.223575E+13   2.6874E-07   2.6877E-07   0.99990
FLUX 1196  9340.00        3.209770E+13   2.6642E-07   2.6655E-07   0.99953
FLUX 1197  9380.00        3.196082E+13   2.6431E-07   2.6435E-07   0.99982
FLUX 1198  9420.00        3.182511E+13   2.6214E-07   2.6219E-07   0.99983
FLUX 1199  9460.00        3.169054E+13   2.5988E-07   2.6004E-07   0.99939
FLUX 1200  9500.00        3.155711E+13   2.5780E-07   2.5793E-07   0.99952
FLUX 1201  9540.00        3.142479E+13   2.5571E-07   2.5584E-07   0.99951
FLUX 1202  9580.00        3.129358E+13   2.5374E-07   2.5377E-07   0.99986
FLUX 1203  9620.00        3.116346E+13   2.5159E-07   2.5173E-07   0.99943
FLUX 1204  9660.00        3.103442E+13   2.4968E-07   2.4972E-07   0.99984
FLUX 1205  9700.00        3.090644E+13   2.4770E-07   2.4773E-07   0.99988
FLUX 1206  9740.00        3.077952E+13   2.4530E-07   2.4576E-07   0.99814
FLUX 1207  9780.00        3.065363E+13   2.4361E-07   2.4381E-07   0.99916
FLUX 1208  9820.00        3.052877E+13   2.4181E-07   2.4189E-07   0.99968
FLUX 1209  9860.00        3.040492E+13   2.3994E-07   2.3999E-07   0.99978
FLUX 1210  9900.00        3.028207E+13   2.3811E-07   2.3811E-07   0.99997
FLUX 1211  9940.00        3.016021E+13   2.3614E-07   2.3626E-07   0.99949
FLUX 1212  9980.00        3.003933E+13   2.3433E-07   2.3442E-07   0.99959
FLUX 1213 10020.00        2.991941E+13   2.3252E-07   2.3261E-07   0.99960
FLUX 1214 20000.00        1.498963E+13   5.9861E-08   5.9864E-08   0.99994
FLUX 1215 40000.00        7.494813E+12   1.4974E-08   1.4974E-08   0.99999
FLUX 1216 60000.00        4.996542E+12   6.6000E-09   6.6000E-09   1.00000
FLUX 1217 80000.00        3.747406E+12   3.6791E-09   3.6791E-09   1.00000
FLUX 1218100000.00        2.997925E+12   2.3347E-09   2.3347E-09   1.00000
FLUX 1219120000.00        2.498271E+12   1.6087E-09   1.6087E-09   1.00000
FLUX 1220140000.00        2.141375E+12   1.1736E-09   1.1736E-09   1.00000
FLUX 1221160000.00        1.873703E+12   8.9267E-10   8.9267E-10   1.00000
FLUX
