TEFF   8000.  GRAVITY 1.00000 LTE 
TITLE TEST RUN WITH SDSC OPACITY  VTURB 2 KM/S    L/H 1.25                      
 OPACITY IFOP
FLUX   81    50.60        5.924753E+15   1.9434E-28   2.1917E-28   0.88670
FLUX   82    51.20        5.855322E+15   4.0652E-28   4.1249E-28   0.98552
FLUX   83    52.00        5.765240E+15   9.2829E-28   9.3536E-28   0.99245
FLUX   84    53.00        5.656462E+15   2.5137E-27   2.5142E-27   0.99983
FLUX   85    54.00        5.551713E+15   6.4924E-27   6.5184E-27   0.99602
FLUX   86    55.00        5.450773E+15   1.6335E-26   1.6345E-26   0.99938
FLUX   87    56.00        5.353438E+15   3.9700E-26   3.9701E-26   0.99999
FLUX   88    57.00        5.259518E+15   9.3592E-26   9.3593E-26   0.99999
FLUX   89    58.00        5.168836E+15   2.1332E-25   2.1461E-25   0.99401
FLUX   90    59.00        5.081229E+15   4.7890E-25   4.7912E-25   0.99955
FLUX   91    60.00        4.996542E+15   1.0428E-24   1.0435E-24   0.99935
FLUX   92    61.00        4.914631E+15   2.2201E-24   2.2201E-24   0.99999
FLUX   93    62.00        4.835363E+15   4.6206E-24   4.6207E-24   0.99998
FLUX   94    63.00        4.758611E+15   9.4187E-24   9.4187E-24   0.99999
FLUX   95    64.00        4.684258E+15   1.8825E-23   1.8831E-23   0.99965
FLUX   96    65.00        4.612192E+15   3.6952E-23   3.6953E-23   0.99998
FLUX   97    65.80        4.556117E+15   6.2555E-23   6.2557E-23   0.99998
FLUX   98    66.50        4.508158E+15   9.8187E-23   9.8265E-23   0.99921
FLUX   99    67.50        4.441370E+15   1.8459E-22   1.8470E-22   0.99937
FLUX  100    68.50        4.376533E+15   3.4167E-22   3.4170E-22   0.99991
FLUX  101    69.50        4.313561E+15   6.2257E-22   6.2258E-22   0.99999
FLUX  102    70.50        4.252376E+15   1.1157E-21   1.1178E-21   0.99805
FLUX  103    71.60        4.187046E+15   2.0937E-21   2.0937E-21   0.99998
FLUX  104    72.60        4.129373E+15   3.6516E-21   3.6516E-21   0.99999
FLUX  105    73.50        4.078810E+15   5.9574E-21   5.9576E-21   0.99998
FLUX  106    74.50        4.024060E+15   1.0137E-20   1.0140E-20   0.99964
FLUX  107    75.50        3.970762E+15   1.7041E-20   1.7048E-20   0.99962
FLUX  108    76.50        3.918856E+15   2.8311E-20   2.8319E-20   0.99972
FLUX  109    77.50        3.868290E+15   4.6487E-20   4.6499E-20   0.99974
FLUX  110    78.50        3.819013E+15   7.5491E-20   7.5491E-20   1.00000
FLUX  111    79.50        3.770975E+15   1.2087E-19   1.2122E-19   0.99706
FLUX  112    80.50        3.724130E+15   1.9237E-19   1.9259E-19   0.99882
FLUX  113    81.50        3.678436E+15   3.0277E-19   3.0282E-19   0.99983
FLUX  114    82.50        3.633848E+15   4.7135E-19   4.7138E-19   0.99994
FLUX  115    83.50        3.590329E+15   7.2654E-19   7.2661E-19   0.99990
FLUX  116    84.50        3.547840E+15   1.1094E-18   1.1094E-18   0.99999
FLUX  117    85.50        3.506345E+15   1.6782E-18   1.6782E-18   0.99998
FLUX  118    86.50        3.465809E+15   2.5157E-18   2.5157E-18   0.99999
FLUX  119    87.50        3.426200E+15   3.7361E-18   3.7381E-18   0.99948
FLUX  120    88.50        3.387486E+15   5.5071E-18   5.5072E-18   0.99998
FLUX  121    89.50        3.349637E+15   8.0463E-18   8.0464E-18   1.00000
FLUX  122    90.50        3.312624E+15   1.1653E-17   1.1661E-17   0.99930
FLUX  123    91.50        3.276421E+15   6.6732E-15   1.7933E-14   0.37212
FLUX  124    92.50        3.241000E+15   1.7995E-14   2.3700E-14   0.75931
FLUX  125    93.50        3.206337E+15   2.2801E-14   3.1138E-14   0.73227
FLUX  126    94.50        3.172407E+15   2.9884E-14   4.0679E-14   0.73462
FLUX  127    95.50        3.139188E+15   4.5191E-14   5.2853E-14   0.85503
FLUX  128    96.50        3.106658E+15   5.9807E-14   6.8305E-14   0.87558
FLUX  129    97.50        3.074795E+15   7.2012E-14   8.7822E-14   0.81998
FLUX  130    98.50        3.043579E+15   9.7108E-14   1.1235E-13   0.86432
FLUX  131    99.50        3.012990E+15   1.1714E-13   1.4304E-13   0.81893
FLUX  132   100.50        2.983010E+15   1.6508E-13   1.8126E-13   0.91074
FLUX  133   101.50        2.953621E+15   2.1185E-13   2.2865E-13   0.92650
FLUX  134   102.50        2.924805E+15   1.9384E-13   2.9061E-13   0.66699
FLUX  135   103.50        2.896546E+15   3.2712E-13   3.6332E-13   0.90037
FLUX  136   104.50        2.868828E+15   4.2814E-13   4.5237E-13   0.94645
FLUX  137   105.50        2.841635E+15   5.3426E-13   5.6094E-13   0.95244
FLUX  138   106.50        2.814953E+15   6.3217E-13   6.9288E-13   0.91238
FLUX  139   107.50        2.788767E+15   8.0473E-13   8.5262E-13   0.94383
FLUX  140   108.50        2.763065E+15   9.8262E-13   1.0454E-12   0.93999
FLUX  141   109.50        2.737831E+15   1.1421E-12   1.2771E-12   0.89425
FLUX  142   110.50        2.713054E+15   5.4630E-12   1.8497E-11   0.29535
FLUX  143   111.50        2.688722E+15   1.0277E-11   2.1855E-11   0.47023
FLUX  144   112.50        2.664822E+15   1.4233E-11   2.5746E-11   0.55283
FLUX  145   113.50        2.641344E+15   1.6602E-11   3.0820E-11   0.53868
FLUX  146   114.50        2.618275E+15   2.0378E-11   3.6084E-11   0.56474
FLUX  147   115.50        2.595606E+15   2.1589E-11   4.2130E-11   0.51243
FLUX  148   116.50        2.573326E+15   2.6940E-11   4.9060E-11   0.54914
FLUX  149   117.50        2.551426E+15   2.8395E-11   5.6999E-11   0.49817
FLUX  150   118.50        2.529895E+15   2.4689E-11   6.6036E-11   0.37387
FLUX  151   119.50        2.508724E+15   1.0698E-11   7.6318E-11   0.14017
FLUX  152   120.50        2.487905E+15   9.7903E-12   8.7990E-11   0.11127
FLUX  153   121.50        2.467428E+15   2.1370E-12   1.0121E-10   0.02111
FLUX  154   122.50        2.447286E+15   1.2238E-11   1.2551E-10   0.09750
FLUX  155   123.50        2.427470E+15   3.4839E-11   1.4397E-10   0.24199
FLUX  156   124.50        2.407972E+15   7.9838E-11   1.2003E-07   0.00067
FLUX  157   125.50        2.388785E+15   1.3999E-10   1.2588E-07   0.00111
FLUX  158   126.50        2.369901E+15   1.4915E-10   1.3173E-07   0.00113
FLUX  159   127.50        2.351314E+15   2.9434E-10   1.3761E-07   0.00214
FLUX  160   128.50        2.333016E+15   5.0095E-10   1.4348E-07   0.00349
FLUX  161   129.50        2.315000E+15   7.2730E-10   1.4930E-07   0.00487
FLUX  162   130.50        2.297261E+15   4.4039E-10   1.5506E-07   0.00284
FLUX  163   131.50        2.279791E+15   1.7132E-09   1.6077E-07   0.01066
FLUX  164   132.50        2.262585E+15   3.2672E-09   1.6642E-07   0.01963
FLUX  165   133.50        2.245637E+15   2.8699E-09   1.7198E-07   0.01669
FLUX  166   134.50        2.228941E+15   8.8270E-09   1.7743E-07   0.04975
FLUX  167   135.50        2.212491E+15   1.1375E-08   1.8278E-07   0.06223
FLUX  168   136.50        2.196282E+15   1.1920E-08   1.8803E-07   0.06340
FLUX  169   137.50        2.180309E+15   1.6511E-08   1.9316E-07   0.08548
FLUX  170   138.50        2.164567E+15   1.9671E-08   1.9818E-07   0.09926
FLUX  171   139.50        2.149050E+15   2.5188E-08   2.0311E-07   0.12401
FLUX  172   140.50        2.133754E+15   3.2496E-08   2.0975E-07   0.15493
FLUX  173   141.50        2.118675E+15   3.1489E-08   2.1827E-07   0.14427
FLUX  174   142.50        2.103807E+15   4.6578E-08   2.3818E-07   0.19556
FLUX  175   143.50        2.089146E+15   4.3427E-08   2.4772E-07   0.17531
FLUX  176   144.20        2.079005E+15   5.5872E-08   2.5453E-07   0.21951
FLUX  177   144.70        2.071821E+15   9.0691E-08   4.3517E-07   0.20840
FLUX  178   145.50        2.060430E+15   9.8136E-08   4.4656E-07   0.21976
FLUX  179   146.50        2.046365E+15   9.3416E-08   4.6084E-07   0.20271
FLUX  180   147.50        2.032492E+15   9.8273E-08   4.7516E-07   0.20682
FLUX  181   148.50        2.018805E+15   1.3205E-07   4.8949E-07   0.26977
FLUX  182   149.50        2.005301E+15   1.5269E-07   5.0382E-07   0.30305
FLUX  183   150.50        1.991977E+15   1.8062E-07   5.1815E-07   0.34859
FLUX  184   151.20        1.982755E+15   1.4696E-07   5.2817E-07   0.27824
FLUX  185   151.70        1.976220E+15   1.6660E-07   5.3533E-07   0.31122
FLUX  186   152.50        1.965852E+15   1.8748E-07   1.2554E-06   0.14934
FLUX  187   153.50        1.953046E+15   1.7583E-07   1.2776E-06   0.13763
FLUX  188   154.50        1.940405E+15   3.6232E-07   1.2995E-06   0.27881
FLUX  189   155.50        1.927926E+15   2.9604E-07   1.3214E-06   0.22404
FLUX  190   156.50        1.915607E+15   2.2236E-07   1.3432E-06   0.16555
FLUX  191   157.50        1.903444E+15   3.3268E-07   1.3909E-06   0.23918
FLUX  192   158.50        1.891435E+15   4.1715E-07   1.4120E-06   0.29542
FLUX  193   159.50        1.879577E+15   5.6338E-07   1.4328E-06   0.39319
FLUX  194   160.50        1.867866E+15   4.5919E-07   1.4533E-06   0.31596
FLUX  195   161.50        1.856300E+15   4.1080E-07   1.4734E-06   0.27882
FLUX  196   162.50        1.844877E+15   3.3802E-07   1.5004E-06   0.22529
FLUX  197   163.50        1.833593E+15   3.6855E-07   1.5203E-06   0.24241
FLUX  198   164.50        1.822447E+15   4.7256E-07   1.5401E-06   0.30684
FLUX  199   165.50        1.811435E+15   3.2832E-07   1.5595E-06   0.21053
FLUX  200   166.50        1.800556E+15   4.5798E-07   1.5786E-06   0.29011
FLUX  201   167.20        1.793017E+15   9.8675E-08   1.5918E-06   0.06199
FLUX  202   167.70        1.787671E+15   5.3892E-07   1.8710E-06   0.28804
FLUX  203   168.50        1.779184E+15   7.0782E-07   1.8901E-06   0.37449
FLUX  204   169.50        1.768687E+15   6.8291E-07   1.9130E-06   0.35699
FLUX  205   170.50        1.758314E+15   5.5160E-07   1.9357E-06   0.28496
FLUX  206   171.50        1.748061E+15   6.3968E-07   1.9696E-06   0.32477
FLUX  207   172.50        1.737928E+15   6.8604E-07   1.9922E-06   0.34436
FLUX  208   173.50        1.727911E+15   8.5949E-07   2.0139E-06   0.42678
FLUX  209   174.50        1.718009E+15   7.7817E-07   2.0358E-06   0.38225
FLUX  210   175.50        1.708219E+15   1.0513E-06   2.0569E-06   0.51112
FLUX  211   176.50        1.698541E+15   8.1952E-07   2.0778E-06   0.39442
FLUX  212   177.50        1.688972E+15   1.0270E-06   2.0985E-06   0.48939
FLUX  213   178.50        1.679510E+15   8.8031E-07   2.1190E-06   0.41545
FLUX  214   179.50        1.670153E+15   1.2906E-06   2.1391E-06   0.60333
FLUX  215   180.50        1.660900E+15   1.3043E-06   2.1590E-06   0.60410
FLUX  216   181.50        1.651749E+15   1.3848E-06   2.1786E-06   0.63566
FLUX  217   182.50        1.642699E+15   1.2589E-06   2.1980E-06   0.57276
FLUX  218   183.50        1.633747E+15   1.1333E-06   2.2175E-06   0.51106
FLUX  219   184.50        1.624892E+15   1.0495E-06   2.2368E-06   0.46921
FLUX  220   185.50        1.616132E+15   1.1805E-06   2.2560E-06   0.52328
FLUX  221   186.50        1.607466E+15   1.2675E-06   2.2749E-06   0.55714
FLUX  222   187.50        1.598893E+15   1.2997E-06   2.2964E-06   0.56598
FLUX  223   188.50        1.590411E+15   1.3192E-06   2.3151E-06   0.56983
FLUX  224   189.50        1.582018E+15   1.4332E-06   2.3336E-06   0.61415
FLUX  225   190.50        1.573714E+15   1.3256E-06   2.3519E-06   0.56363
FLUX  226   191.50        1.565496E+15   1.4142E-06   2.3720E-06   0.59622
FLUX  227   192.50        1.557364E+15   1.5250E-06   2.3899E-06   0.63811
FLUX  228   193.50        1.549315E+15   1.3146E-06   2.4077E-06   0.54599
FLUX  229   194.50        1.541350E+15   1.6222E-06   2.4255E-06   0.66884
FLUX  230   195.50        1.533465E+15   1.6414E-06   2.4431E-06   0.67185
FLUX  231   196.70        1.524110E+15   1.8125E-06   2.4640E-06   0.73557
FLUX  232   197.60        1.517169E+15   1.8256E-06   2.4797E-06   0.73620
FLUX  233   198.40        1.511051E+15   1.7607E-06   2.5039E-06   0.70320
FLUX  234   199.50        1.502719E+15   1.7194E-06   2.5231E-06   0.68146
FLUX  235   200.50        1.495224E+15   1.6448E-06   2.5405E-06   0.64745
FLUX  236   201.50        1.487804E+15   1.5061E-06   2.5578E-06   0.58884
FLUX  237   202.50        1.480457E+15   1.5276E-06   2.5753E-06   0.59318
FLUX  238   203.50        1.473182E+15   1.6846E-06   2.5927E-06   0.64975
FLUX  239   204.50        1.465978E+15   1.9011E-06   2.6101E-06   0.72835
FLUX  240   205.50        1.458844E+15   1.6882E-06   2.6275E-06   0.64252
FLUX  241   206.50        1.451780E+15   1.6343E-06   2.6449E-06   0.61792
FLUX  242   207.40        1.445480E+15   2.0474E-06   2.6606E-06   0.76955
FLUX  243   207.80        1.442697E+15   2.0963E-06   2.7022E-06   0.77579
FLUX  244   208.50        1.437854E+15   2.0326E-06   2.7149E-06   0.74866
FLUX  245   209.50        1.430990E+15   1.9467E-06   2.7330E-06   0.71227
FLUX  246   210.50        1.424192E+15   1.8175E-06   2.7511E-06   0.66064
FLUX  247   211.50        1.417459E+15   1.8382E-06   2.7692E-06   0.66382
FLUX  248   212.50        1.410788E+15   1.9301E-06   2.7874E-06   0.69244
FLUX  249   213.50        1.404180E+15   1.4695E-06   2.8058E-06   0.52373
FLUX  250   214.50        1.397634E+15   1.7949E-06   2.8244E-06   0.63550
FLUX  251   215.50        1.391148E+15   1.9118E-06   2.8430E-06   0.67246
FLUX  252   216.50        1.384723E+15   1.6940E-06   2.8617E-06   0.59197
FLUX  253   217.50        1.378356E+15   1.7083E-06   2.8807E-06   0.59303
FLUX  254   218.50        1.372048E+15   1.7805E-06   2.8998E-06   0.61401
FLUX  255   219.50        1.365797E+15   2.0337E-06   2.9189E-06   0.69671
FLUX  256   220.50        1.359603E+15   1.8803E-06   2.9382E-06   0.63994
FLUX  257   221.50        1.353465E+15   1.5917E-06   2.9575E-06   0.53821
FLUX  258   222.50        1.347382E+15   1.5096E-06   2.9772E-06   0.50707
FLUX  259   223.50        1.341353E+15   1.9659E-06   2.9966E-06   0.65605
FLUX  260   224.50        1.335379E+15   1.7522E-06   3.0162E-06   0.58094
FLUX  261   225.50        1.329457E+15   1.5221E-06   3.0376E-06   0.50107
FLUX  262   226.50        1.323587E+15   1.5789E-06   3.0573E-06   0.51644
FLUX  263   227.50        1.317769E+15   1.7865E-06   3.0772E-06   0.58056
FLUX  264   228.50        1.312002E+15   1.9592E-06   3.0973E-06   0.63255
FLUX  265   229.50        1.306285E+15   1.7993E-06   3.1175E-06   0.57716
FLUX  266   230.50        1.300618E+15   1.8311E-06   3.1380E-06   0.58352
FLUX  267   231.50        1.295000E+15   1.6483E-06   3.1588E-06   0.52182
FLUX  268   232.50        1.289430E+15   7.2298E-07   3.1797E-06   0.22737
FLUX  269   233.50        1.283908E+15   1.1106E-06   3.2011E-06   0.34696
FLUX  270   234.50        1.278433E+15   9.3829E-07   3.2222E-06   0.29119
FLUX  271   235.50        1.273004E+15   1.5440E-06   3.2435E-06   0.47602
FLUX  272   236.50        1.267622E+15   9.4102E-07   3.2649E-06   0.28823
FLUX  273   237.50        1.262284E+15   1.2830E-06   3.2864E-06   0.39040
FLUX  274   238.50        1.256992E+15   7.7158E-07   3.3080E-06   0.23325
FLUX  275   239.50        1.251743E+15   1.0493E-06   3.3298E-06   0.31513
FLUX  276   240.50        1.246538E+15   9.8920E-07   3.3517E-06   0.29513
FLUX  277   241.50        1.241377E+15   1.2461E-06   3.3739E-06   0.36934
FLUX  278   242.50        1.236258E+15   1.8600E-06   3.3963E-06   0.54764
FLUX  279   243.50        1.231181E+15   1.7757E-06   3.4189E-06   0.51936
FLUX  280   244.50        1.226145E+15   1.9597E-06   3.4423E-06   0.56931
FLUX  281   245.50        1.221151E+15   1.9309E-06   3.4653E-06   0.55721
FLUX  282   246.50        1.216197E+15   1.8607E-06   3.4885E-06   0.53338
FLUX  283   247.50        1.211283E+15   1.7932E-06   3.5119E-06   0.51062
FLUX  284   248.50        1.206408E+15   1.9161E-06   3.5354E-06   0.54197
FLUX  285   249.50        1.201573E+15   1.8435E-06   3.5590E-06   0.51798
FLUX  286   250.50        1.196776E+15   2.3408E-06   3.5832E-06   0.65326
FLUX  287   251.30        1.192967E+15   1.7950E-06   3.6024E-06   0.49830
FLUX  288   251.80        1.190598E+15   1.9782E-06   3.6272E-06   0.54537
FLUX  289   252.50        1.187297E+15   1.6501E-06   3.6441E-06   0.45281
FLUX  290   253.50        1.182613E+15   1.6743E-06   3.6688E-06   0.45635
FLUX  291   254.50        1.177967E+15   1.6970E-06   3.6937E-06   0.45942
FLUX  292   255.50        1.173356E+15   2.0086E-06   3.7188E-06   0.54011
FLUX  293   256.50        1.168782E+15   1.7951E-06   3.7441E-06   0.47943
FLUX  294   257.50        1.164243E+15   2.0894E-06   3.7696E-06   0.55429
FLUX  295   258.50        1.159739E+15   1.9301E-06   3.7951E-06   0.50856
FLUX  296   259.50        1.155270E+15   1.7301E-06   3.8209E-06   0.45280
FLUX  297   260.50        1.150835E+15   1.5484E-06   3.8470E-06   0.40249
FLUX  298   261.50        1.146434E+15   1.4584E-06   3.8732E-06   0.37653
FLUX  299   262.50        1.142067E+15   1.8790E-06   3.8995E-06   0.48186
FLUX  300   263.50        1.137732E+15   2.1970E-06   3.9261E-06   0.55959
FLUX  301   264.50        1.133431E+15   3.1078E-06   3.9527E-06   0.78623
FLUX  302   265.50        1.129162E+15   3.1103E-06   3.9795E-06   0.78157
FLUX  303   266.50        1.124925E+15   2.5985E-06   4.0064E-06   0.64860
FLUX  304   267.50        1.120720E+15   2.8710E-06   4.0334E-06   0.71180
FLUX  305   268.50        1.116546E+15   2.7722E-06   4.0607E-06   0.68270
FLUX  306   269.50        1.112403E+15   2.7013E-06   4.0880E-06   0.66079
FLUX  307   270.50        1.108290E+15   2.8589E-06   4.1157E-06   0.69463
FLUX  308   271.50        1.104208E+15   2.5230E-06   4.1434E-06   0.60893
FLUX  309   272.50        1.100156E+15   2.5964E-06   4.1713E-06   0.62246
FLUX  310   273.50        1.096133E+15   2.8447E-06   4.1993E-06   0.67742
FLUX  311   274.50        1.092140E+15   1.7530E-06   4.2275E-06   0.41467
FLUX  312   275.50        1.088176E+15   2.0644E-06   4.2558E-06   0.48509
FLUX  313   276.50        1.084241E+15   2.3654E-06   4.2842E-06   0.55212
FLUX  314   277.50        1.080333E+15   2.8618E-06   4.3128E-06   0.66357
FLUX  315   278.50        1.076454E+15   2.5023E-06   4.3414E-06   0.57638
FLUX  316   279.50        1.072603E+15   1.0537E-06   4.3702E-06   0.24110
FLUX  317   280.50        1.068779E+15   1.3690E-06   4.3992E-06   0.31120
FLUX  318   281.50        1.064982E+15   2.9245E-06   4.4283E-06   0.66042
FLUX  319   282.50        1.061212E+15   3.4300E-06   4.4574E-06   0.76951
FLUX  320   283.50        1.057469E+15   3.2339E-06   4.4867E-06   0.72077
FLUX  321   284.50        1.053752E+15   3.1291E-06   4.5162E-06   0.69287
FLUX  322   285.50        1.050061E+15   2.9587E-06   4.5457E-06   0.65089
FLUX  323   286.50        1.046396E+15   3.4705E-06   4.5754E-06   0.75852
FLUX  324   287.50        1.042757E+15   3.3081E-06   4.6052E-06   0.71834
FLUX  325   288.50        1.039142E+15   3.4202E-06   4.6352E-06   0.73787
FLUX  326   289.50        1.035553E+15   3.2428E-06   4.6653E-06   0.69509
FLUX  327   291.00        1.030215E+15   3.9070E-06   4.7107E-06   0.82939
FLUX  328   293.00        1.023183E+15   3.7531E-06   4.7714E-06   0.78659
FLUX  329   295.00        1.016246E+15   3.7885E-06   4.8325E-06   0.78395
FLUX  330   297.00        1.009402E+15   4.0083E-06   4.8940E-06   0.81901
FLUX  331   299.00        1.002651E+15   4.2045E-06   4.9559E-06   0.84839
FLUX  332   301.00        9.959884E+14   4.4076E-06   5.0181E-06   0.87834
FLUX  333   303.00        9.894142E+14   4.3820E-06   5.0807E-06   0.86248
FLUX  334   305.00        9.829262E+14   4.3982E-06   5.1435E-06   0.85509
FLUX  335   307.00        9.765228E+14   4.4724E-06   5.2068E-06   0.85897
FLUX  336   309.00        9.702023E+14   4.7159E-06   5.2703E-06   0.89481
FLUX  337   311.00        9.639630E+14   4.5623E-06   5.3341E-06   0.85531
FLUX  338   313.00        9.578035E+14   4.6000E-06   5.3980E-06   0.85217
FLUX  339   315.00        9.517222E+14   4.8805E-06   5.4623E-06   0.89349
FLUX  340   317.00        9.457177E+14   4.9179E-06   5.5269E-06   0.88981
FLUX  341   319.00        9.397884E+14   4.6707E-06   5.5917E-06   0.83528
FLUX  342   321.00        9.339330E+14   4.9634E-06   5.6567E-06   0.87743
FLUX  343   323.00        9.281502E+14   4.8806E-06   5.7219E-06   0.85298
FLUX  344   325.00        9.224385E+14   5.1048E-06   5.7871E-06   0.88210
FLUX  345   327.00        9.167966E+14   5.1973E-06   5.8524E-06   0.88806
FLUX  346   329.00        9.112234E+14   5.3474E-06   5.9179E-06   0.90360
FLUX  347   331.00        9.057175E+14   5.5319E-06   5.9834E-06   0.92454
FLUX  348   333.00        9.002778E+14   5.4538E-06   6.0489E-06   0.90162
FLUX  349   335.00        8.949030E+14   5.4648E-06   6.1145E-06   0.89375
FLUX  350   337.00        8.895920E+14   5.4938E-06   6.1800E-06   0.88896
FLUX  351   339.00        8.843437E+14   5.5964E-06   6.2457E-06   0.89604
FLUX  352   341.00        8.791569E+14   5.8439E-06   6.3114E-06   0.92592
FLUX  353   343.00        8.740306E+14   5.9639E-06   6.3771E-06   0.93521
FLUX  354   345.00        8.689638E+14   5.9893E-06   6.4427E-06   0.92962
FLUX  355   347.00        8.639553E+14   5.9538E-06   6.5083E-06   0.91479
FLUX  356   349.00        8.590043E+14   5.9421E-06   6.5739E-06   0.90390
FLUX  357   351.00        8.541097E+14   6.2508E-06   6.6394E-06   0.94147
FLUX  358   353.00        8.492705E+14   6.3921E-06   6.7048E-06   0.95336
FLUX  359   355.00        8.444859E+14   6.5608E-06   6.7701E-06   0.96908
FLUX  360   357.00        8.397549E+14   6.4117E-06   6.8353E-06   0.93802
FLUX  361   359.00        8.350766E+14   6.4750E-06   6.9004E-06   0.93834
FLUX  362   361.00        8.304501E+14   6.5829E-06   6.9655E-06   0.94507
FLUX  363   363.00        8.258747E+14   6.7127E-06   7.0301E-06   0.95484
FLUX  364   364.00        8.236058E+14   6.6937E-06   7.0626E-06   0.94777
FLUX  365   365.00        8.213493E+14   6.7707E-06   3.2848E-05   0.20612
FLUX  366   367.00        8.168733E+14   7.1700E-06   3.2873E-05   0.21811
FLUX  367   369.00        8.124458E+14   1.1378E-05   3.2913E-05   0.34569
FLUX  368   371.00        8.080660E+14   1.8525E-05   3.2933E-05   0.56250
FLUX  369   373.00        8.037332E+14   1.9244E-05   3.2950E-05   0.58405
FLUX  370   375.00        7.994467E+14   2.3453E-05   3.2964E-05   0.71146
FLUX  371   377.00        7.952056E+14   2.3770E-05   3.2978E-05   0.72079
FLUX  372   379.00        7.910092E+14   2.6591E-05   3.2988E-05   0.80610
FLUX  373   381.00        7.868570E+14   2.8984E-05   3.2995E-05   0.87844
FLUX  374   383.00        7.827480E+14   2.4497E-05   3.3000E-05   0.74234
FLUX  375   385.00        7.786818E+14   2.9685E-05   3.3003E-05   0.89949
FLUX  376   387.00        7.746576E+14   3.0321E-05   3.3003E-05   0.91873
FLUX  377   389.00        7.706748E+14   2.5311E-05   3.3001E-05   0.76698
FLUX  378   391.00        7.667327E+14   2.9886E-05   3.2997E-05   0.90570
FLUX  379   393.00        7.628308E+14   2.5022E-05   3.2992E-05   0.75844
FLUX  380   395.00        7.589684E+14   3.0468E-05   3.2984E-05   0.92371
FLUX  381   397.00        7.551448E+14   2.3108E-05   3.2974E-05   0.70079
FLUX  382   399.00        7.513596E+14   3.1240E-05   3.2962E-05   0.94775
FLUX  383   401.00        7.476122E+14   3.1118E-05   3.2948E-05   0.94446
FLUX  384   403.00        7.439020E+14   3.0968E-05   3.2932E-05   0.94038
FLUX  385   405.00        7.402284E+14   3.1095E-05   3.2914E-05   0.94475
FLUX  386   407.00        7.365909E+14   3.0883E-05   3.2894E-05   0.93886
FLUX  387   409.00        7.329890E+14   3.1118E-05   3.2873E-05   0.94663
FLUX  388   411.00        7.294221E+14   2.6152E-05   3.2849E-05   0.79612
FLUX  389   413.00        7.258898E+14   3.0856E-05   3.2824E-05   0.94002
FLUX  390   415.00        7.223916E+14   3.1494E-05   3.2798E-05   0.96023
FLUX  391   417.00        7.189269E+14   3.0745E-05   3.2770E-05   0.93821
FLUX  392   419.00        7.154952E+14   3.0971E-05   3.2740E-05   0.94595
FLUX  393   421.00        7.120962E+14   3.1006E-05   3.2709E-05   0.94793
FLUX  394   423.00        7.087293E+14   3.0836E-05   3.2677E-05   0.94366
FLUX  395   425.00        7.053941E+14   3.0775E-05   3.2643E-05   0.94280
FLUX  396   427.00        7.020902E+14   3.0511E-05   3.2607E-05   0.93572
FLUX  397   429.00        6.988170E+14   3.0972E-05   3.2570E-05   0.95092
FLUX  398   431.00        6.955742E+14   2.9978E-05   3.2532E-05   0.92148
FLUX  399   433.00        6.923614E+14   2.9204E-05   3.2493E-05   0.89876
FLUX  400   435.00        6.891782E+14   2.6075E-05   3.2453E-05   0.80347
FLUX  401   437.00        6.860240E+14   3.1032E-05   3.2411E-05   0.95745
FLUX  402   439.00        6.828986E+14   3.0472E-05   3.2368E-05   0.94142
FLUX  403   441.00        6.798016E+14   3.0161E-05   3.2324E-05   0.93308
FLUX  404   443.00        6.767325E+14   3.0833E-05   3.2279E-05   0.95521
FLUX  405   445.00        6.736910E+14   3.0855E-05   3.2233E-05   0.95725
FLUX  406   447.00        6.706767E+14   3.0801E-05   3.2186E-05   0.95697
FLUX  407   449.00        6.676893E+14   3.0670E-05   3.2138E-05   0.95433
FLUX  408   451.00        6.647284E+14   3.1107E-05   3.2089E-05   0.96940
FLUX  409   453.00        6.617936E+14   3.0527E-05   3.2038E-05   0.95281
FLUX  410   455.00        6.588846E+14   2.9981E-05   3.1987E-05   0.93729
FLUX  411   457.00        6.560011E+14   3.1048E-05   3.1935E-05   0.97220
FLUX  412   459.00        6.531427E+14   3.0197E-05   3.1882E-05   0.94715
FLUX  413   461.00        6.503091E+14   3.1375E-05   3.1828E-05   0.98576
FLUX  414   463.00        6.475000E+14   3.0441E-05   3.1773E-05   0.95809
FLUX  415   465.00        6.447151E+14   3.1120E-05   3.1716E-05   0.98119
FLUX  416   467.00        6.419540E+14   3.0947E-05   3.1659E-05   0.97750
FLUX  417   469.00        6.392164E+14   3.0978E-05   3.1601E-05   0.98027
FLUX  418   471.00        6.365021E+14   3.0092E-05   3.1543E-05   0.95400
FLUX  419   473.00        6.338108E+14   3.0944E-05   3.1484E-05   0.98285
FLUX  420   475.00        6.311421E+14   3.1121E-05   3.1424E-05   0.99037
FLUX  421   477.00        6.284958E+14   3.0929E-05   3.1363E-05   0.98615
FLUX  422   479.00        6.258716E+14   3.0885E-05   3.1302E-05   0.98668
FLUX  423   481.00        6.232692E+14   3.0679E-05   3.1241E-05   0.98203
FLUX  424   483.00        6.206884E+14   3.0526E-05   3.1178E-05   0.97907
FLUX  425   485.00        6.181289E+14   2.8863E-05   3.1115E-05   0.92760
FLUX  426   487.00        6.155903E+14   2.4241E-05   3.1052E-05   0.78065
FLUX  427   489.00        6.130726E+14   3.0306E-05   3.0988E-05   0.97799
FLUX  428   491.00        6.105754E+14   3.0417E-05   3.0924E-05   0.98361
FLUX  429   493.00        6.080984E+14   2.9955E-05   3.0859E-05   0.97072
FLUX  430   495.00        6.056414E+14   3.0263E-05   3.0794E-05   0.98277
FLUX  431   497.00        6.032042E+14   3.0536E-05   3.0728E-05   0.99374
FLUX  432   499.00        6.007866E+14   3.0019E-05   3.0662E-05   0.97903
FLUX  433   501.00        5.983882E+14   2.9254E-05   3.0596E-05   0.95616
FLUX  434   503.00        5.960089E+14   2.9735E-05   3.0529E-05   0.97401
FLUX  435   505.00        5.936485E+14   2.9660E-05   3.0462E-05   0.97369
FLUX  436   507.00        5.913067E+14   2.9886E-05   3.0394E-05   0.98330
FLUX  437   509.00        5.889833E+14   2.9840E-05   3.0326E-05   0.98397
FLUX  438   511.00        5.866781E+14   2.9701E-05   3.0257E-05   0.98162
FLUX  439   513.00        5.843908E+14   2.9409E-05   3.0189E-05   0.97416
FLUX  440   515.00        5.821214E+14   2.9126E-05   3.0120E-05   0.96700
FLUX  441   517.00        5.798694E+14   2.8698E-05   3.0050E-05   0.95501
FLUX  442   519.00        5.776349E+14   2.8776E-05   2.9980E-05   0.95982
FLUX  443   521.00        5.754175E+14   2.8993E-05   2.9910E-05   0.96934
FLUX  444   523.00        5.732170E+14   2.8538E-05   2.9840E-05   0.95638
FLUX  445   525.00        5.710333E+14   2.9049E-05   2.9770E-05   0.97578
FLUX  446   527.00        5.688662E+14   2.8251E-05   2.9699E-05   0.95124
FLUX  447   529.00        5.667155E+14   2.9028E-05   2.9628E-05   0.97976
FLUX  448   531.00        5.645810E+14   2.8429E-05   2.9557E-05   0.96183
FLUX  449   533.00        5.624625E+14   2.8506E-05   2.9486E-05   0.96675
FLUX  450   535.00        5.603598E+14   2.9045E-05   2.9415E-05   0.98744
FLUX  451   537.00        5.582728E+14   2.8747E-05   2.9343E-05   0.97969
FLUX  452   539.00        5.562013E+14   2.8658E-05   2.9272E-05   0.97901
FLUX  453   541.00        5.541451E+14   2.8397E-05   2.9201E-05   0.97248
FLUX  454   543.00        5.521041E+14   2.8321E-05   2.9129E-05   0.97226
FLUX  455   545.00        5.500780E+14   2.8632E-05   2.9058E-05   0.98535
FLUX  456   547.00        5.480667E+14   2.8543E-05   2.8986E-05   0.98473
FLUX  457   549.00        5.460701E+14   2.8609E-05   2.8914E-05   0.98945
FLUX  458   551.00        5.440880E+14   2.8389E-05   2.8842E-05   0.98428
FLUX  459   553.00        5.421203E+14   2.8255E-05   2.8771E-05   0.98207
FLUX  460   555.00        5.401667E+14   2.8465E-05   2.8699E-05   0.99187
FLUX  461   557.00        5.382271E+14   2.8283E-05   2.8627E-05   0.98798
FLUX  462   559.00        5.363014E+14   2.8336E-05   2.8555E-05   0.99233
FLUX  463   561.00        5.343895E+14   2.8338E-05   2.8482E-05   0.99493
FLUX  464   563.00        5.324911E+14   2.8238E-05   2.8411E-05   0.99393
FLUX  465   565.00        5.306062E+14   2.8038E-05   2.8339E-05   0.98940
FLUX  466   567.00        5.287346E+14   2.7981E-05   2.8266E-05   0.98990
FLUX  467   569.00        5.268761E+14   2.8076E-05   2.8194E-05   0.99581
FLUX  468   571.00        5.250306E+14   2.8013E-05   2.8122E-05   0.99612
FLUX  469   573.00        5.231981E+14   2.7975E-05   2.8050E-05   0.99732
FLUX  470   575.00        5.213783E+14   2.7872E-05   2.7978E-05   0.99623
FLUX  471   577.00        5.195711E+14   2.7818E-05   2.7905E-05   0.99688
FLUX  472   579.00        5.177763E+14   2.7683E-05   2.7833E-05   0.99461
FLUX  473   581.00        5.159940E+14   2.7643E-05   2.7761E-05   0.99577
FLUX  474   583.00        5.142238E+14   2.7547E-05   2.7688E-05   0.99488
FLUX  475   585.00        5.124658E+14   2.7551E-05   2.7616E-05   0.99765
FLUX  476   587.00        5.107198E+14   2.7439E-05   2.7544E-05   0.99619
FLUX  477   589.00        5.089856E+14   2.7085E-05   2.7472E-05   0.98591
FLUX  478   591.00        5.072631E+14   2.7301E-05   2.7401E-05   0.99637
FLUX  479   593.00        5.055523E+14   2.7237E-05   2.7329E-05   0.99662
FLUX  480   595.00        5.038529E+14   2.7064E-05   2.7258E-05   0.99289
FLUX  481   597.00        5.021650E+14   2.7081E-05   2.7186E-05   0.99613
FLUX  482   599.00        5.004883E+14   2.6885E-05   2.7115E-05   0.99153
FLUX  483   601.00        4.988228E+14   2.6908E-05   2.7044E-05   0.99500
FLUX  484   603.00        4.971683E+14   2.6894E-05   2.6973E-05   0.99710
FLUX  485   605.00        4.955248E+14   2.6770E-05   2.6902E-05   0.99508
FLUX  486   607.00        4.938921E+14   2.6748E-05   2.6832E-05   0.99688
FLUX  487   609.00        4.922701E+14   2.6655E-05   2.6761E-05   0.99604
FLUX  488   611.00        4.906588E+14   2.6536E-05   2.6691E-05   0.99417
FLUX  489   613.00        4.890579E+14   2.6440E-05   2.6621E-05   0.99318
FLUX  490   615.00        4.874675E+14   2.5904E-05   2.6551E-05   0.97563
FLUX  491   617.00        4.858874E+14   2.6326E-05   2.6481E-05   0.99413
FLUX  492   619.00        4.843174E+14   2.6311E-05   2.6412E-05   0.99618
FLUX  493   621.00        4.827576E+14   2.6279E-05   2.6342E-05   0.99760
FLUX  494   623.00        4.812079E+14   2.6111E-05   2.6273E-05   0.99383
FLUX  495   625.00        4.796680E+14   2.5573E-05   2.6204E-05   0.97592
FLUX  496   627.00        4.781380E+14   2.6086E-05   2.6136E-05   0.99808
FLUX  497   629.00        4.766176E+14   2.6013E-05   2.6067E-05   0.99793
FLUX  498   631.00        4.751070E+14   2.5762E-05   2.5998E-05   0.99091
FLUX  499   633.00        4.736058E+14   2.5836E-05   2.5929E-05   0.99640
FLUX  500   635.00        4.721142E+14   2.5506E-05   2.5861E-05   0.98627
FLUX  501   637.00        4.706319E+14   2.5481E-05   2.5792E-05   0.98791
FLUX  502   639.00        4.691588E+14   2.5573E-05   2.5724E-05   0.99414
FLUX  503   641.00        4.676950E+14   2.5411E-05   2.5656E-05   0.99042
FLUX  504   643.00        4.662403E+14   2.5424E-05   2.5588E-05   0.99359
FLUX  505   645.00        4.647946E+14   2.5065E-05   2.5521E-05   0.98213
FLUX  506   647.00        4.633578E+14   2.5409E-05   2.5453E-05   0.99826
FLUX  507   649.00        4.619299E+14   2.5070E-05   2.5386E-05   0.98758
FLUX  508   651.00        4.605108E+14   2.5035E-05   2.5319E-05   0.98880
FLUX  509   653.00        4.591003E+14   2.5004E-05   2.5252E-05   0.99020
FLUX  510   655.00        4.576985E+14   2.3545E-05   2.5185E-05   0.93488
FLUX  511   657.00        4.563052E+14   1.8950E-05   2.5119E-05   0.75440
FLUX  512   659.00        4.549203E+14   2.4605E-05   2.5052E-05   0.98214
FLUX  513   661.00        4.535439E+14   2.4798E-05   2.4986E-05   0.99247
FLUX  514   663.00        4.521757E+14   2.4833E-05   2.4920E-05   0.99650
FLUX  515   665.00        4.508158E+14   2.4798E-05   2.4854E-05   0.99773
FLUX  516   667.00        4.494640E+14   2.4705E-05   2.4789E-05   0.99661
FLUX  517   669.00        4.481203E+14   2.4661E-05   2.4723E-05   0.99749
FLUX  518   671.00        4.467846E+14   2.4619E-05   2.4658E-05   0.99841
FLUX  519   673.00        4.454569E+14   2.4480E-05   2.4593E-05   0.99540
FLUX  520   675.00        4.441370E+14   2.4475E-05   2.4528E-05   0.99781
FLUX  521   677.00        4.428250E+14   2.4438E-05   2.4464E-05   0.99896
FLUX  522   679.00        4.415206E+14   2.4354E-05   2.4399E-05   0.99814
FLUX  523   681.00        4.402239E+14   2.4305E-05   2.4335E-05   0.99879
FLUX  524   683.00        4.389348E+14   2.4185E-05   2.4271E-05   0.99647
FLUX  525   685.00        4.376533E+14   2.4146E-05   2.4207E-05   0.99749
FLUX  526   687.00        4.363792E+14   2.4106E-05   2.4143E-05   0.99844
FLUX  527   689.00        4.351125E+14   2.4051E-05   2.4080E-05   0.99882
FLUX  528   691.00        4.338531E+14   2.3974E-05   2.4016E-05   0.99826
FLUX  529   693.00        4.326010E+14   2.3902E-05   2.3953E-05   0.99787
FLUX  530   695.00        4.313561E+14   2.3851E-05   2.3890E-05   0.99836
FLUX  531   697.00        4.301184E+14   2.3776E-05   2.3827E-05   0.99785
FLUX  532   699.00        4.288877E+14   2.3742E-05   2.3765E-05   0.99904
FLUX  533   701.00        4.276641E+14   2.3558E-05   2.3703E-05   0.99390
FLUX  534   703.00        4.264474E+14   2.3593E-05   2.3641E-05   0.99799
FLUX  535   705.00        4.252376E+14   2.3526E-05   2.3579E-05   0.99775
FLUX  536   707.00        4.240347E+14   2.3485E-05   2.3517E-05   0.99865
FLUX  537   709.00        4.228385E+14   2.3437E-05   2.3456E-05   0.99923
FLUX  538   711.00        4.216491E+14   2.3109E-05   2.3394E-05   0.98779
FLUX  539   713.00        4.204663E+14   2.3236E-05   2.3333E-05   0.99583
FLUX  540   715.00        4.192902E+14   2.3212E-05   2.3273E-05   0.99739
FLUX  541   717.00        4.181206E+14   2.3160E-05   2.3212E-05   0.99776
FLUX  542   719.00        4.169576E+14   2.3058E-05   2.3152E-05   0.99597
FLUX  543   721.00        4.158010E+14   2.3024E-05   2.3092E-05   0.99709
FLUX  544   723.00        4.146508E+14   2.2872E-05   2.3032E-05   0.99306
FLUX  545   725.00        4.135069E+14   2.2889E-05   2.2972E-05   0.99638
FLUX  546   727.00        4.123693E+14   2.2865E-05   2.2913E-05   0.99793
FLUX  547   729.00        4.112380E+14   2.2755E-05   2.2853E-05   0.99571
FLUX  548   731.00        4.101129E+14   2.2607E-05   2.2795E-05   0.99178
FLUX  549   733.00        4.089939E+14   2.2643E-05   2.2736E-05   0.99590
FLUX  550   735.00        4.078810E+14   2.2604E-05   2.2677E-05   0.99678
FLUX  551   737.00        4.067741E+14   2.2602E-05   2.2619E-05   0.99925
FLUX  552   739.00        4.056732E+14   2.2506E-05   2.2560E-05   0.99760
FLUX  553   741.00        4.045783E+14   2.2316E-05   2.2502E-05   0.99173
FLUX  554   743.00        4.034892E+14   2.2269E-05   2.2444E-05   0.99218
FLUX  555   745.00        4.024060E+14   2.2243E-05   2.2386E-05   0.99359
FLUX  556   747.00        4.013286E+14   2.2094E-05   2.2329E-05   0.98951
FLUX  557   749.00        4.002570E+14   2.2117E-05   2.2271E-05   0.99307
FLUX  558   751.00        3.991911E+14   2.2052E-05   2.2214E-05   0.99270
FLUX  559   753.00        3.981308E+14   2.2095E-05   2.2157E-05   0.99717
FLUX  560   755.00        3.970762E+14   2.2084E-05   2.2101E-05   0.99926
FLUX  561   757.00        3.960271E+14   2.1998E-05   2.2044E-05   0.99791
FLUX  562   759.00        3.949835E+14   2.1961E-05   2.1988E-05   0.99881
FLUX  563   761.00        3.939455E+14   2.1921E-05   2.1931E-05   0.99951
FLUX  564   763.00        3.929128E+14   2.1854E-05   2.1875E-05   0.99902
FLUX  565   765.00        3.918856E+14   2.1728E-05   2.1819E-05   0.99580
FLUX  566   767.00        3.908638E+14   2.1691E-05   2.1764E-05   0.99663
FLUX  567   769.00        3.898472E+14   2.1669E-05   2.1708E-05   0.99819
FLUX  568   771.00        3.888359E+14   2.1486E-05   2.1653E-05   0.99230
FLUX  569   773.00        3.878299E+14   2.1573E-05   2.1598E-05   0.99885
FLUX  570   775.00        3.868290E+14   2.1513E-05   2.1543E-05   0.99862
FLUX  571   777.00        3.858333E+14   2.0959E-05   2.1488E-05   0.97536
FLUX  572   779.00        3.848427E+14   2.1416E-05   2.1434E-05   0.99915
FLUX  573   781.00        3.838572E+14   2.1362E-05   2.1380E-05   0.99916
FLUX  574   783.00        3.828768E+14   2.1268E-05   2.1326E-05   0.99731
FLUX  575   785.00        3.819013E+14   2.1150E-05   2.1272E-05   0.99429
FLUX  576   787.00        3.809307E+14   2.1063E-05   2.1218E-05   0.99269
FLUX  577   789.00        3.799651E+14   2.0984E-05   2.1164E-05   0.99150
FLUX  578   791.00        3.790044E+14   2.1026E-05   2.1111E-05   0.99596
FLUX  579   793.00        3.780485E+14   2.1011E-05   2.1058E-05   0.99778
FLUX  580   795.00        3.770975E+14   2.0839E-05   2.1005E-05   0.99211
FLUX  581   797.00        3.761512E+14   2.0937E-05   2.0952E-05   0.99926
FLUX  582   799.00        3.752096E+14   2.0587E-05   2.0899E-05   0.98506
FLUX  583   801.00        3.742728E+14   2.0815E-05   2.0847E-05   0.99848
FLUX  584   803.00        3.733406E+14   2.0752E-05   2.0795E-05   0.99795
FLUX  585   805.00        3.724130E+14   2.0719E-05   2.0743E-05   0.99887
FLUX  586   807.00        3.714901E+14   2.0646E-05   2.0691E-05   0.99786
FLUX  587   809.00        3.705717E+14   2.0607E-05   2.0639E-05   0.99844
FLUX  588   811.00        3.696578E+14   2.0554E-05   2.0588E-05   0.99839
FLUX  589   813.00        3.687485E+14   2.0527E-05   2.0536E-05   0.99956
FLUX  590   815.00        3.678436E+14   2.0476E-05   2.0485E-05   0.99953
FLUX  591   817.00        3.669431E+14   2.0425E-05   2.0434E-05   0.99952
FLUX  592   819.00        3.660470E+14   2.0187E-05   2.0384E-05   0.99036
FLUX  593   821.00        3.651553E+14   2.0253E-05   2.5720E-05   0.78745
FLUX  594   823.00        3.642679E+14   2.0195E-05   2.5648E-05   0.78739
FLUX  595   825.00        3.633848E+14   2.0110E-05   2.5576E-05   0.78629
FLUX  596   827.00        3.625060E+14   1.9880E-05   2.5505E-05   0.77947
FLUX  597   829.00        3.616315E+14   1.9335E-05   2.5433E-05   0.76024
FLUX  598   831.00        3.607611E+14   1.8979E-05   2.5362E-05   0.74833
FLUX  599   833.00        3.598950E+14   1.8866E-05   2.5291E-05   0.74593
FLUX  600   835.00        3.590329E+14   1.9777E-05   2.5221E-05   0.78418
FLUX  601   837.00        3.581750E+14   1.9128E-05   2.5150E-05   0.76053
FLUX  602   839.00        3.573212E+14   2.0212E-05   2.5080E-05   0.80589
FLUX  603   841.00        3.564715E+14   2.0563E-05   2.5010E-05   0.82217
FLUX  604   843.00        3.556257E+14   2.1963E-05   2.4940E-05   0.88063
FLUX  605   845.00        3.547840E+14   2.1567E-05   2.4871E-05   0.86717
FLUX  606   847.00        3.539463E+14   2.0380E-05   2.4801E-05   0.82172
FLUX  607   849.00        3.531125E+14   2.3696E-05   2.4732E-05   0.95811
FLUX  608   851.00        3.522826E+14   2.0179E-05   2.4663E-05   0.81817
FLUX  609   853.00        3.514566E+14   2.4102E-05   2.4595E-05   0.97998
FLUX  610   855.00        3.506345E+14   1.9556E-05   2.4526E-05   0.79735
FLUX  611   857.00        3.498162E+14   2.4175E-05   2.4458E-05   0.98841
FLUX  612   859.00        3.490017E+14   2.2380E-05   2.4390E-05   0.91759
FLUX  613   861.00        3.481911E+14   2.1525E-05   2.4322E-05   0.88499
FLUX  614   863.00        3.473841E+14   2.3999E-05   2.4255E-05   0.98946
FLUX  615   865.00        3.465809E+14   2.3702E-05   2.4187E-05   0.97991
FLUX  616   867.00        3.457814E+14   1.9347E-05   2.4120E-05   0.80209
FLUX  617   869.00        3.449856E+14   2.3358E-05   2.4054E-05   0.97109
FLUX  618   871.00        3.441935E+14   2.3755E-05   2.3987E-05   0.99032
FLUX  619   873.00        3.434049E+14   2.3572E-05   2.3920E-05   0.98543
FLUX  620   875.00        3.426200E+14   1.9688E-05   2.3854E-05   0.82533
FLUX  621   877.00        3.418387E+14   2.3348E-05   2.3788E-05   0.98150
FLUX  622   879.00        3.410609E+14   2.3662E-05   2.3723E-05   0.99746
FLUX  623   881.00        3.402866E+14   2.3475E-05   2.3657E-05   0.99230
FLUX  624   883.00        3.395159E+14   2.3201E-05   2.3592E-05   0.98344
FLUX  625   885.00        3.387486E+14   2.2692E-05   2.3527E-05   0.96453
FLUX  626   887.00        3.379848E+14   1.9545E-05   2.3462E-05   0.83306
FLUX  627   889.00        3.372244E+14   2.3221E-05   2.3397E-05   0.99247
FLUX  628   891.00        3.364675E+14   2.3100E-05   2.3333E-05   0.99002
FLUX  629   893.00        3.357139E+14   2.3009E-05   2.3269E-05   0.98885
FLUX  630   895.00        3.349637E+14   2.3153E-05   2.3205E-05   0.99778
FLUX  631   897.00        3.342168E+14   2.3083E-05   2.3141E-05   0.99750
FLUX  632   899.00        3.334733E+14   2.2878E-05   2.3078E-05   0.99135
FLUX  633   901.00        3.327331E+14   1.9699E-05   2.3014E-05   0.85596
FLUX  634   903.00        3.319961E+14   2.1748E-05   2.2951E-05   0.94756
FLUX  635   905.00        3.312624E+14   2.2763E-05   2.2888E-05   0.99453
FLUX  636   907.00        3.305320E+14   2.2208E-05   2.2826E-05   0.97296
FLUX  637   909.00        3.298047E+14   2.2038E-05   2.2763E-05   0.96813
FLUX  638   911.00        3.290807E+14   2.2418E-05   2.2701E-05   0.98755
FLUX  639   913.00        3.283598E+14   2.2488E-05   2.2639E-05   0.99333
FLUX  640   915.00        3.276421E+14   2.2538E-05   2.2577E-05   0.99829
FLUX  641   917.00        3.269275E+14   2.2397E-05   2.2515E-05   0.99476
FLUX  642   919.00        3.262160E+14   2.2189E-05   2.2454E-05   0.98822
FLUX  643   921.00        3.255076E+14   2.1893E-05   2.2393E-05   0.97768
FLUX  644   923.00        3.248023E+14   1.8225E-05   2.2332E-05   0.81611
FLUX  645   925.00        3.241000E+14   2.1549E-05   2.2271E-05   0.96760
FLUX  646   927.00        3.234008E+14   2.1463E-05   2.2210E-05   0.96633
FLUX  647   929.00        3.227045E+14   2.2044E-05   2.2150E-05   0.99523
FLUX  648   931.00        3.220113E+14   2.2034E-05   2.2090E-05   0.99748
FLUX  649   933.00        3.213210E+14   2.1942E-05   2.2030E-05   0.99601
FLUX  650   935.00        3.206337E+14   2.1930E-05   2.1970E-05   0.99816
FLUX  651   937.00        3.199493E+14   2.1884E-05   2.1911E-05   0.99877
FLUX  652   939.00        3.192678E+14   2.1630E-05   2.1852E-05   0.98987
FLUX  653   941.00        3.185893E+14   2.1261E-05   2.1793E-05   0.97563
FLUX  654   943.00        3.179136E+14   2.1618E-05   2.1734E-05   0.99469
FLUX  655   945.00        3.172407E+14   2.1599E-05   2.1675E-05   0.99650
FLUX  656   947.00        3.165707E+14   2.1534E-05   2.1617E-05   0.99618
FLUX  657   949.00        3.159036E+14   2.1519E-05   2.1558E-05   0.99818
FLUX  658   951.00        3.152392E+14   2.1422E-05   2.1500E-05   0.99637
FLUX  659   953.00        3.145776E+14   2.1096E-05   2.1443E-05   0.98382
FLUX  660   955.00        3.139188E+14   1.7691E-05   2.1385E-05   0.82725
FLUX  661   957.00        3.132628E+14   2.1082E-05   2.1328E-05   0.98846
FLUX  662   959.00        3.126095E+14   2.1231E-05   2.1271E-05   0.99815
FLUX  663   961.00        3.119589E+14   2.1030E-05   2.1214E-05   0.99136
FLUX  664   963.00        3.113110E+14   2.0744E-05   2.1157E-05   0.98048
FLUX  665   965.00        3.106658E+14   2.1047E-05   2.1100E-05   0.99745
FLUX  666   967.00        3.100233E+14   2.0814E-05   2.1044E-05   0.98907
FLUX  667   969.00        3.093834E+14   2.0896E-05   2.0988E-05   0.99564
FLUX  668   971.00        3.087461E+14   2.0926E-05   2.0932E-05   0.99970
FLUX  669   973.00        3.081115E+14   2.0852E-05   2.0876E-05   0.99883
FLUX  670   975.00        3.074795E+14   2.0761E-05   2.0821E-05   0.99711
FLUX  671   977.00        3.068501E+14   2.0752E-05   2.0766E-05   0.99935
FLUX  672   979.00        3.062232E+14   2.0690E-05   2.0710E-05   0.99900
FLUX  673   981.00        3.055989E+14   2.0603E-05   2.0656E-05   0.99746
FLUX  674   983.00        3.049771E+14   2.0521E-05   2.0601E-05   0.99614
FLUX  675   985.00        3.043579E+14   2.0385E-05   2.0546E-05   0.99215
FLUX  676   987.00        3.037411E+14   2.0395E-05   2.0492E-05   0.99526
FLUX  677   989.00        3.031269E+14   2.0232E-05   2.0438E-05   0.98991
FLUX  678   991.00        3.025151E+14   2.0320E-05   2.0384E-05   0.99684
FLUX  679   993.00        3.019058E+14   2.0202E-05   2.0330E-05   0.99369
FLUX  680   995.00        3.012990E+14   2.0204E-05   2.0276E-05   0.99645
FLUX  681   997.00        3.006946E+14   2.0205E-05   2.0223E-05   0.99912
FLUX  682   999.00        3.000926E+14   2.0143E-05   2.0170E-05   0.99865
FLUX  683  1002.50        2.990449E+14   1.9532E-05   2.0077E-05   0.97284
FLUX  684  1007.50        2.975608E+14   1.8764E-05   1.9946E-05   0.94074
FLUX  685  1012.50        2.960914E+14   1.9587E-05   1.9816E-05   0.98847
FLUX  686  1017.50        2.946364E+14   1.9612E-05   1.9687E-05   0.99620
FLUX  687  1022.50        2.931956E+14   1.9530E-05   1.9559E-05   0.99851
FLUX  688  1027.50        2.917689E+14   1.9416E-05   1.9432E-05   0.99915
FLUX  689  1032.50        2.903559E+14   1.9239E-05   1.9307E-05   0.99648
FLUX  690  1037.50        2.889566E+14   1.9144E-05   1.9182E-05   0.99800
FLUX  691  1042.50        2.875707E+14   1.9034E-05   1.9059E-05   0.99868
FLUX  692  1047.50        2.861981E+14   1.8788E-05   1.8937E-05   0.99211
FLUX  693  1052.50        2.848385E+14   1.8685E-05   1.8816E-05   0.99304
FLUX  694  1057.50        2.834917E+14   1.8632E-05   1.8696E-05   0.99659
FLUX  695  1062.50        2.821576E+14   1.8522E-05   1.8577E-05   0.99701
FLUX  696  1067.50        2.808361E+14   1.8141E-05   1.8460E-05   0.98274
FLUX  697  1072.50        2.795268E+14   1.8183E-05   1.8343E-05   0.99130
FLUX  698  1077.50        2.782297E+14   1.8126E-05   1.8227E-05   0.99446
FLUX  699  1082.50        2.769446E+14   1.8033E-05   1.8112E-05   0.99561
FLUX  700  1087.50        2.756713E+14   1.7904E-05   1.7999E-05   0.99477
FLUX  701  1092.50        2.744096E+14   1.6443E-05   1.7886E-05   0.91933
FLUX  702  1097.50        2.731595E+14   1.7540E-05   1.7774E-05   0.98682
FLUX  703  1102.50        2.719206E+14   1.7654E-05   1.7664E-05   0.99947
FLUX  704  1107.50        2.706930E+14   1.7545E-05   1.7554E-05   0.99950
FLUX  705  1112.50        2.694764E+14   1.7424E-05   1.7445E-05   0.99875
FLUX  706  1117.50        2.682707E+14   1.7320E-05   1.7338E-05   0.99898
FLUX  707  1122.50        2.670757E+14   1.7219E-05   1.7231E-05   0.99933
FLUX  708  1127.50        2.658914E+14   1.6852E-05   1.7125E-05   0.98407
FLUX  709  1132.50        2.647174E+14   1.6784E-05   1.7020E-05   0.98611
FLUX  710  1137.50        2.635538E+14   1.6871E-05   1.6916E-05   0.99737
FLUX  711  1142.50        2.624004E+14   1.6740E-05   1.6813E-05   0.99570
FLUX  712  1147.50        2.612571E+14   1.6700E-05   1.6711E-05   0.99939
FLUX  713  1152.50        2.601236E+14   1.6605E-05   1.6609E-05   0.99974
FLUX  714  1157.50        2.590000E+14   1.6494E-05   1.6509E-05   0.99906
FLUX  715  1162.50        2.578860E+14   1.6278E-05   1.6410E-05   0.99200
FLUX  716  1167.50        2.567816E+14   1.6114E-05   1.6311E-05   0.98790
FLUX  717  1172.50        2.556866E+14   1.6204E-05   1.6213E-05   0.99945
FLUX  718  1177.50        2.546008E+14   1.5878E-05   1.6116E-05   0.98519
FLUX  719  1182.50        2.535243E+14   1.5920E-05   1.6020E-05   0.99374
FLUX  720  1187.50        2.524568E+14   1.5753E-05   1.5925E-05   0.98922
FLUX  721  1192.50        2.513983E+14   1.5829E-05   1.5830E-05   0.99991
FLUX  722  1197.50        2.503486E+14   1.5636E-05   1.5737E-05   0.99358
FLUX  723  1202.50        2.493077E+14   1.5622E-05   1.5644E-05   0.99861
FLUX  724  1207.50        2.482754E+14   1.5493E-05   1.5552E-05   0.99622
FLUX  725  1212.50        2.472515E+14   1.5414E-05   1.5461E-05   0.99698
FLUX  726  1217.50        2.462361E+14   1.5352E-05   1.5370E-05   0.99879
FLUX  727  1222.50        2.452290E+14   1.5253E-05   1.5281E-05   0.99820
FLUX  728  1227.50        2.442301E+14   1.5137E-05   1.5192E-05   0.99638
FLUX  729  1232.50        2.432394E+14   1.5064E-05   1.5104E-05   0.99739
FLUX  730  1237.50        2.422566E+14   1.4990E-05   1.5016E-05   0.99825
FLUX  731  1242.50        2.412817E+14   1.4924E-05   1.4930E-05   0.99961
FLUX  732  1247.50        2.403146E+14   1.4780E-05   1.4844E-05   0.99574
FLUX  733  1252.50        2.393553E+14   1.4742E-05   1.4759E-05   0.99890
FLUX  734  1257.50        2.384036E+14   1.4573E-05   1.4674E-05   0.99310
FLUX  735  1262.50        2.374594E+14   1.4533E-05   1.4590E-05   0.99606
FLUX  736  1267.50        2.365227E+14   1.4496E-05   1.4507E-05   0.99922
FLUX  737  1272.50        2.355933E+14   1.4421E-05   1.4425E-05   0.99975
FLUX  738  1277.50        2.346712E+14   1.4300E-05   1.4343E-05   0.99697
FLUX  739  1282.50        2.337563E+14   1.3162E-05   1.4262E-05   0.92285
FLUX  740  1287.50        2.328485E+14   1.4154E-05   1.4182E-05   0.99803
FLUX  741  1292.50        2.319478E+14   1.4092E-05   1.4102E-05   0.99927
FLUX  742  1297.50        2.310539E+14   1.4013E-05   1.4023E-05   0.99927
FLUX  743  1302.50        2.301670E+14   1.3941E-05   1.3945E-05   0.99975
FLUX  744  1307.50        2.292868E+14   1.3865E-05   1.3867E-05   0.99986
FLUX  745  1312.50        2.284133E+14   1.3785E-05   1.3790E-05   0.99965
FLUX  746  1317.50        2.275465E+14   1.3657E-05   1.3714E-05   0.99584
FLUX  747  1322.50        2.266862E+14   1.3634E-05   1.3638E-05   0.99975
FLUX  748  1327.50        2.258324E+14   1.3559E-05   1.3563E-05   0.99976
FLUX  749  1332.50        2.249850E+14   1.3486E-05   1.3488E-05   0.99985
FLUX  750  1337.50        2.241439E+14   1.3411E-05   1.3414E-05   0.99979
FLUX  751  1342.50        2.233091E+14   1.3330E-05   1.3340E-05   0.99920
FLUX  752  1347.50        2.224805E+14   1.3251E-05   1.3268E-05   0.99872
FLUX  753  1352.50        2.216580E+14   1.3157E-05   1.3195E-05   0.99712
FLUX  754  1357.50        2.208416E+14   1.3091E-05   1.3124E-05   0.99752
FLUX  755  1362.50        2.200312E+14   1.3036E-05   1.3053E-05   0.99872
FLUX  756  1367.50        2.192267E+14   1.2946E-05   1.2982E-05   0.99721
FLUX  757  1372.50        2.184281E+14   1.2823E-05   1.2912E-05   0.99310
FLUX  758  1377.50        2.176352E+14   1.2825E-05   1.2843E-05   0.99866
FLUX  759  1382.50        2.168481E+14   1.2758E-05   1.2774E-05   0.99875
FLUX  760  1387.50        2.160667E+14   1.2704E-05   1.2705E-05   0.99992
FLUX  761  1392.50        2.152908E+14   1.2613E-05   1.2638E-05   0.99807
FLUX  762  1397.50        2.145206E+14   1.2563E-05   1.2570E-05   0.99940
FLUX  763  1402.50        2.137558E+14   1.2499E-05   1.2504E-05   0.99961
FLUX  764  1407.50        2.129964E+14   1.2436E-05   1.2437E-05   0.99989
FLUX  765  1412.50        2.122425E+14   1.2363E-05   1.2372E-05   0.99931
FLUX  766  1417.50        2.114938E+14   1.2301E-05   1.2307E-05   0.99955
FLUX  767  1422.50        2.107504E+14   1.2235E-05   1.2242E-05   0.99942
FLUX  768  1427.50        2.100123E+14   1.2170E-05   1.2178E-05   0.99938
FLUX  769  1432.50        2.092792E+14   1.2107E-05   1.2114E-05   0.99943
FLUX  770  1437.50        2.085513E+14   1.2048E-05   1.2051E-05   0.99978
FLUX  771  1442.50        2.078284E+14   1.1846E-05   1.1988E-05   0.98813
FLUX  772  1447.50        2.071105E+14   1.1919E-05   1.1926E-05   0.99943
FLUX  773  1452.50        2.063976E+14   1.1782E-05   1.1864E-05   0.99308
FLUX  774  1457.00        2.057601E+14   1.1801E-05   1.1809E-05   0.99930
FLUX  775  1462.00        2.050564E+14   1.2029E-05   1.2561E-05   0.95763
FLUX  776  1467.50        2.042879E+14   1.2176E-05   1.2487E-05   0.97509
FLUX  777  1472.50        2.035942E+14   1.1818E-05   1.2421E-05   0.95142
FLUX  778  1477.50        2.029052E+14   1.1517E-05   1.2356E-05   0.93210
FLUX  779  1482.50        2.022209E+14   1.1316E-05   1.2291E-05   0.92070
FLUX  780  1487.50        2.015412E+14   1.1138E-05   1.2226E-05   0.91104
FLUX  781  1492.50        2.008660E+14   1.1101E-05   1.2162E-05   0.91276
FLUX  782  1497.50        2.001953E+14   1.1152E-05   1.2098E-05   0.92178
FLUX  783  1502.50        1.995291E+14   1.0899E-05   1.2035E-05   0.90565
FLUX  784  1507.50        1.988673E+14   1.1020E-05   1.1972E-05   0.92046
FLUX  785  1512.50        1.982099E+14   1.1028E-05   1.1910E-05   0.92594
FLUX  786  1517.50        1.975568E+14   1.1091E-05   1.1848E-05   0.93613
FLUX  787  1522.50        1.969080E+14   1.1402E-05   1.1787E-05   0.96738
FLUX  788  1527.50        1.962635E+14   1.0858E-05   1.1726E-05   0.92595
FLUX  789  1532.50        1.956232E+14   1.0965E-05   1.1666E-05   0.93990
FLUX  790  1537.50        1.949870E+14   1.1295E-05   1.1606E-05   0.97323
FLUX  791  1542.50        1.943549E+14   1.0752E-05   1.1546E-05   0.93119
FLUX  792  1547.50        1.937270E+14   1.1262E-05   1.1487E-05   0.98035
FLUX  793  1552.50        1.931031E+14   1.1278E-05   1.1429E-05   0.98679
FLUX  794  1557.50        1.924831E+14   1.0527E-05   1.1371E-05   0.92579
FLUX  795  1562.50        1.918672E+14   1.1284E-05   1.1313E-05   0.99744
FLUX  796  1567.50        1.912552E+14   1.0985E-05   1.1256E-05   0.97600
FLUX  797  1572.50        1.906471E+14   1.0482E-05   1.1199E-05   0.93601
FLUX  798  1577.50        1.900428E+14   1.1096E-05   1.1142E-05   0.99586
FLUX  799  1582.50        1.894423E+14   1.1059E-05   1.1086E-05   0.99756
FLUX  800  1587.50        1.888457E+14   1.0145E-05   1.1030E-05   0.91972
FLUX  801  1592.50        1.882527E+14   1.0887E-05   1.0975E-05   0.99195
FLUX  802  1597.50        1.876635E+14   1.0913E-05   1.0920E-05   0.99937
FLUX  803  1605.00        1.867866E+14   1.0769E-05   1.0839E-05   0.99362
FLUX  804  1615.00        1.856300E+14   1.0310E-05   1.0731E-05   0.96075
FLUX  805  1625.00        1.844877E+14   1.0622E-05   1.0625E-05   0.99967
FLUX  806  1635.00        1.833593E+14   1.0452E-05   1.0521E-05   0.99347
FLUX  807  1645.00        1.822447E+14   1.0011E-05   1.0418E-05   0.96093
FLUX  808  1655.00        1.811435E+14   1.0311E-05   1.0316E-05   0.99948
FLUX  809  1665.00        1.800556E+14   1.0210E-05   1.0216E-05   0.99939
FLUX  810  1675.00        1.789806E+14   1.0048E-05   1.0117E-05   0.99316
FLUX  811  1685.00        1.779184E+14   9.6268E-06   1.0020E-05   0.96079
FLUX  812  1695.00        1.768687E+14   9.9155E-06   9.9237E-06   0.99917
FLUX  813  1705.00        1.758314E+14   9.8098E-06   9.8291E-06   0.99803
FLUX  814  1715.00        1.748061E+14   9.7321E-06   9.7359E-06   0.99961
FLUX  815  1725.00        1.737928E+14   9.6114E-06   9.6438E-06   0.99664
FLUX  816  1735.00        1.727911E+14   9.1194E-06   9.5531E-06   0.95459
FLUX  817  1745.00        1.718009E+14   9.4037E-06   9.4637E-06   0.99366
FLUX  818  1755.00        1.708219E+14   9.3406E-06   9.3755E-06   0.99628
FLUX  819  1765.00        1.698541E+14   9.2516E-06   9.2885E-06   0.99602
FLUX  820  1775.00        1.688972E+14   9.1824E-06   9.2028E-06   0.99778
FLUX  821  1785.00        1.679510E+14   9.0961E-06   9.1182E-06   0.99758
FLUX  822  1795.00        1.670153E+14   9.0314E-06   9.0348E-06   0.99963
FLUX  823  1805.00        1.660900E+14   8.9142E-06   8.9525E-06   0.99573
FLUX  824  1815.00        1.651749E+14   8.5145E-06   8.8713E-06   0.95978
FLUX  825  1825.00        1.642699E+14   8.7332E-06   8.7913E-06   0.99339
FLUX  826  1835.00        1.633747E+14   8.7045E-06   8.7123E-06   0.99911
FLUX  827  1845.00        1.624892E+14   8.6286E-06   8.6344E-06   0.99932
FLUX  828  1855.00        1.616132E+14   8.5375E-06   8.5575E-06   0.99766
FLUX  829  1865.00        1.607466E+14   8.4715E-06   8.4817E-06   0.99880
FLUX  830  1875.00        1.598893E+14   8.0119E-06   8.4068E-06   0.95303
FLUX  831  1885.00        1.590411E+14   8.3014E-06   8.3329E-06   0.99622
FLUX  832  1895.00        1.582018E+14   8.2358E-06   8.2600E-06   0.99707
FLUX  833  1905.00        1.573714E+14   8.1866E-06   8.1881E-06   0.99982
FLUX  834  1915.00        1.565496E+14   8.1148E-06   8.1171E-06   0.99972
FLUX  835  1925.00        1.557364E+14   8.0432E-06   8.0470E-06   0.99952
FLUX  836  1935.00        1.549315E+14   7.9711E-06   7.9779E-06   0.99916
FLUX  837  1945.00        1.541350E+14   7.5867E-06   7.9096E-06   0.95918
FLUX  838  1955.00        1.533465E+14   7.8375E-06   7.8422E-06   0.99940
FLUX  839  1965.00        1.525662E+14   7.7738E-06   7.7757E-06   0.99976
FLUX  840  1975.00        1.517937E+14   7.7006E-06   7.7100E-06   0.99878
FLUX  841  1985.00        1.510290E+14   7.6434E-06   7.6452E-06   0.99977
FLUX  842  1995.00        1.502719E+14   7.5794E-06   7.5812E-06   0.99977
FLUX  843  2005.00        1.495224E+14   7.5170E-06   7.5179E-06   0.99988
FLUX  844  2015.00        1.487804E+14   7.4549E-06   7.4554E-06   0.99993
FLUX  845  2025.00        1.480457E+14   7.3922E-06   7.3938E-06   0.99979
FLUX  846  2035.00        1.473182E+14   7.3300E-06   7.3328E-06   0.99961
FLUX  847  2045.00        1.465978E+14   7.2721E-06   7.2726E-06   0.99993
FLUX  848  2055.00        1.458844E+14   7.2125E-06   7.2132E-06   0.99990
FLUX  849  2065.00        1.451780E+14   7.1498E-06   7.1545E-06   0.99935
FLUX  850  2075.00        1.444783E+14   7.0940E-06   7.0965E-06   0.99965
FLUX  851  2085.00        1.437854E+14   7.0376E-06   7.0392E-06   0.99978
FLUX  852  2095.00        1.430990E+14   6.9810E-06   6.9825E-06   0.99977
FLUX  853  2105.00        1.424192E+14   6.9234E-06   6.9266E-06   0.99954
FLUX  854  2115.00        1.417459E+14   6.8569E-06   6.8713E-06   0.99790
FLUX  855  2125.00        1.410788E+14   6.8027E-06   6.8167E-06   0.99795
FLUX  856  2135.00        1.404180E+14   6.7498E-06   6.7628E-06   0.99808
FLUX  857  2145.00        1.397634E+14   6.7054E-06   6.7095E-06   0.99940
FLUX  858  2155.00        1.391148E+14   6.6552E-06   6.6568E-06   0.99976
FLUX  859  2165.00        1.384723E+14   6.3417E-06   6.6047E-06   0.96018
FLUX  860  2175.00        1.378356E+14   6.5433E-06   6.5532E-06   0.99849
FLUX  861  2185.00        1.372048E+14   6.4999E-06   6.5023E-06   0.99962
FLUX  862  2195.00        1.365797E+14   6.4519E-06   6.4521E-06   0.99997
FLUX  863  2205.00        1.359603E+14   6.3994E-06   6.4024E-06   0.99953
FLUX  864  2215.00        1.353465E+14   6.3413E-06   6.3532E-06   0.99813
FLUX  865  2225.00        1.347382E+14   6.3043E-06   6.3047E-06   0.99994
FLUX  866  2235.00        1.341353E+14   6.2560E-06   6.2567E-06   0.99989
FLUX  867  2245.00        1.335379E+14   6.2089E-06   6.2092E-06   0.99995
FLUX  868  2255.00        1.329457E+14   6.1577E-06   6.1623E-06   0.99924
FLUX  869  2265.00        1.323587E+14   6.1151E-06   6.1159E-06   0.99985
FLUX  870  2275.00        1.317769E+14   6.0693E-06   6.0701E-06   0.99987
FLUX  871  2285.00        1.312002E+14   6.0575E-06   6.1734E-06   0.98122
FLUX  872  2295.00        1.306285E+14   6.0925E-06   6.1269E-06   0.99438
FLUX  873  2305.00        1.300618E+14   6.0016E-06   6.0809E-06   0.98696
FLUX  874  2315.00        1.295000E+14   5.9170E-06   6.0354E-06   0.98038
FLUX  875  2325.00        1.289430E+14   5.8396E-06   5.9905E-06   0.97482
FLUX  876  2335.00        1.283908E+14   5.7668E-06   5.9460E-06   0.96986
FLUX  877  2345.00        1.278433E+14   5.7074E-06   5.9020E-06   0.96703
FLUX  878  2355.00        1.273004E+14   5.6677E-06   5.8585E-06   0.96743
FLUX  879  2365.00        1.267622E+14   5.6178E-06   5.8155E-06   0.96599
FLUX  880  2375.00        1.262284E+14   5.6056E-06   5.7730E-06   0.97102
FLUX  881  2385.00        1.256992E+14   5.5616E-06   5.7309E-06   0.97046
FLUX  882  2395.00        1.251743E+14   5.5213E-06   5.6893E-06   0.97049
FLUX  883  2405.00        1.246538E+14   5.4663E-06   5.6481E-06   0.96781
FLUX  884  2415.00        1.241377E+14   5.4153E-06   5.6074E-06   0.96575
FLUX  885  2425.00        1.236258E+14   5.5096E-06   5.5671E-06   0.98968
FLUX  886  2435.00        1.231181E+14   5.3562E-06   5.5272E-06   0.96905
FLUX  887  2445.00        1.226145E+14   5.3197E-06   5.4878E-06   0.96937
FLUX  888  2455.00        1.221151E+14   5.3920E-06   5.4488E-06   0.98958
FLUX  889  2465.00        1.216197E+14   5.2948E-06   5.4102E-06   0.97868
FLUX  890  2475.00        1.211283E+14   5.2606E-06   5.3720E-06   0.97926
FLUX  891  2485.00        1.206408E+14   5.3235E-06   5.3342E-06   0.99799
FLUX  892  2495.00        1.201573E+14   5.0776E-06   5.2969E-06   0.95861
FLUX  893  2505.00        1.196776E+14   5.2593E-06   5.2599E-06   0.99989
FLUX  894  2515.00        1.192018E+14   5.2186E-06   5.2233E-06   0.99911
FLUX  895  2525.00        1.187297E+14   4.9727E-06   5.1870E-06   0.95868
FLUX  896  2535.00        1.182613E+14   5.1405E-06   5.1512E-06   0.99792
FLUX  897  2545.00        1.177967E+14   5.1142E-06   5.1157E-06   0.99971
FLUX  898  2555.00        1.173356E+14   5.0671E-06   5.0806E-06   0.99733
FLUX  899  2565.00        1.168782E+14   4.8314E-06   5.0459E-06   0.95749
FLUX  900  2575.00        1.164243E+14   5.0024E-06   5.0115E-06   0.99818
FLUX  901  2585.00        1.159739E+14   4.9706E-06   4.9775E-06   0.99863
FLUX  902  2595.00        1.155270E+14   4.9433E-06   4.9438E-06   0.99991
FLUX  903  2605.00        1.150835E+14   4.8909E-06   4.9104E-06   0.99602
FLUX  904  2615.00        1.146434E+14   4.6750E-06   4.8774E-06   0.95849
FLUX  905  2625.00        1.142067E+14   4.6196E-06   4.8447E-06   0.95353
FLUX  906  2635.00        1.137732E+14   4.8003E-06   4.8124E-06   0.99750
FLUX  907  2645.00        1.133431E+14   4.7792E-06   4.7804E-06   0.99976
FLUX  908  2655.00        1.129162E+14   4.7444E-06   4.7487E-06   0.99911
FLUX  909  2665.00        1.124925E+14   4.7064E-06   4.7173E-06   0.99769
FLUX  910  2675.00        1.120720E+14   4.4905E-06   4.6862E-06   0.95823
FLUX  911  2685.00        1.116546E+14   4.6488E-06   4.6555E-06   0.99856
FLUX  912  2695.00        1.112403E+14   4.6244E-06   4.6250E-06   0.99987
FLUX  913  2705.00        1.108290E+14   4.5917E-06   4.5948E-06   0.99932
FLUX  914  2715.00        1.104208E+14   4.5647E-06   4.5650E-06   0.99995
FLUX  915  2725.00        1.100156E+14   4.5350E-06   4.5354E-06   0.99991
FLUX  916  2735.00        1.096133E+14   4.5055E-06   4.5061E-06   0.99986
FLUX  917  2745.00        1.092140E+14   4.4769E-06   4.4771E-06   0.99997
FLUX  918  2755.00        1.088176E+14   4.2832E-06   4.4483E-06   0.96289
FLUX  919  2765.00        1.084241E+14   4.3832E-06   4.4199E-06   0.99170
FLUX  920  2775.00        1.080333E+14   4.3913E-06   4.3917E-06   0.99992
FLUX  921  2785.00        1.076454E+14   4.3635E-06   4.3638E-06   0.99993
FLUX  922  2795.00        1.072603E+14   4.3361E-06   4.3361E-06   0.99999
FLUX  923  2805.00        1.068779E+14   4.3087E-06   4.3088E-06   0.99998
FLUX  924  2815.00        1.064982E+14   4.2812E-06   4.2816E-06   0.99990
FLUX  925  2825.00        1.061212E+14   4.2542E-06   4.2548E-06   0.99988
FLUX  926  2835.00        1.057469E+14   4.2281E-06   4.2281E-06   0.99999
FLUX  927  2845.00        1.053752E+14   4.1990E-06   4.2018E-06   0.99934
FLUX  928  2855.00        1.050061E+14   4.1754E-06   4.1756E-06   0.99994
FLUX  929  2865.00        1.046396E+14   4.1365E-06   4.1498E-06   0.99680
FLUX  930  2875.00        1.042757E+14   3.9627E-06   4.1241E-06   0.96086
FLUX  931  2885.00        1.039142E+14   4.0967E-06   4.0987E-06   0.99951
FLUX  932  2895.00        1.035553E+14   4.0686E-06   4.0735E-06   0.99878
FLUX  933  2905.00        1.031988E+14   4.0484E-06   4.0486E-06   0.99995
FLUX  934  2915.00        1.028448E+14   4.0185E-06   4.0239E-06   0.99867
FLUX  935  2925.00        1.024932E+14   3.9987E-06   3.9994E-06   0.99984
FLUX  936  2935.00        1.021440E+14   3.9747E-06   3.9751E-06   0.99989
FLUX  937  2945.00        1.017971E+14   3.9508E-06   3.9511E-06   0.99992
FLUX  938  2955.00        1.014526E+14   3.9272E-06   3.9272E-06   0.99998
FLUX  939  2965.00        1.011105E+14   3.9034E-06   3.9036E-06   0.99994
FLUX  940  2975.00        1.007706E+14   3.8800E-06   3.8802E-06   0.99994
FLUX  941  2985.00        1.004330E+14   3.8570E-06   3.8570E-06   0.99999
FLUX  942  2995.00        1.000977E+14   3.8336E-06   3.8340E-06   0.99988
FLUX  943  3005.00        9.976456E+13   3.8106E-06   3.8113E-06   0.99984
FLUX  944  3015.00        9.943367E+13   3.7877E-06   3.7887E-06   0.99974
FLUX  945  3025.00        9.910496E+13   3.7658E-06   3.7663E-06   0.99988
FLUX  946  3035.00        9.877842E+13   3.6379E-06   3.7441E-06   0.97164
FLUX  947  3045.00        9.845402E+13   3.6800E-06   3.7221E-06   0.98869
FLUX  948  3055.00        9.813175E+13   3.6992E-06   3.7003E-06   0.99970
FLUX  949  3065.00        9.781158E+13   3.6783E-06   3.6787E-06   0.99988
FLUX  950  3075.00        9.749350E+13   3.6567E-06   3.6573E-06   0.99983
FLUX  951  3085.00        9.717747E+13   3.6318E-06   3.6361E-06   0.99882
FLUX  952  3095.00        9.686349E+13   3.6138E-06   3.6150E-06   0.99966
FLUX  953  3105.00        9.655153E+13   3.5924E-06   3.5942E-06   0.99950
FLUX  954  3115.00        9.624157E+13   3.5705E-06   3.5735E-06   0.99915
FLUX  955  3125.00        9.593360E+13   3.5497E-06   3.5530E-06   0.99909
FLUX  956  3135.00        9.562759E+13   3.5311E-06   3.5327E-06   0.99956
FLUX  957  3145.00        9.532353E+13   3.5092E-06   3.5125E-06   0.99906
FLUX  958  3155.00        9.502139E+13   3.4919E-06   3.4925E-06   0.99983
FLUX  959  3165.00        9.472117E+13   3.4725E-06   3.4727E-06   0.99993
FLUX  960  3175.00        9.442283E+13   3.4517E-06   3.4531E-06   0.99959
FLUX  961  3185.00        9.412637E+13   3.4335E-06   3.4336E-06   0.99997
FLUX  962  3195.00        9.383177E+13   3.4137E-06   3.4143E-06   0.99983
FLUX  963  3210.00        9.339330E+13   3.3851E-06   3.3856E-06   0.99985
FLUX  964  3230.00        9.281502E+13   3.3479E-06   3.3480E-06   0.99998
FLUX  965  3250.00        9.224385E+13   3.3109E-06   3.3110E-06   0.99997
FLUX  966  3270.00        9.167966E+13   3.2742E-06   3.2745E-06   0.99988
FLUX  967  3290.00        9.112234E+13   3.1666E-06   3.2728E-06   0.96755
FLUX  968  3310.00        9.057175E+13   3.2185E-06   3.2370E-06   0.99429
FLUX  969  3330.00        9.002778E+13   3.1826E-06   3.2018E-06   0.99401
FLUX  970  3350.00        8.949030E+13   3.1403E-06   3.1671E-06   0.99153
FLUX  971  3370.00        8.895920E+13   3.0944E-06   3.1331E-06   0.98767
FLUX  972  3390.00        8.843437E+13   3.0557E-06   3.0995E-06   0.98586
FLUX  973  3410.00        8.791569E+13   3.0192E-06   3.0665E-06   0.98456
FLUX  974  3430.00        8.740306E+13   2.9888E-06   3.0340E-06   0.98510
FLUX  975  3450.00        8.689638E+13   2.9584E-06   3.0021E-06   0.98544
FLUX  976  3470.00        8.639553E+13   2.9317E-06   2.9706E-06   0.98689
FLUX  977  3490.00        8.590043E+13   2.8976E-06   2.9396E-06   0.98570
FLUX  978  3510.00        8.541097E+13   2.8734E-06   2.9092E-06   0.98770
FLUX  979  3530.00        8.492705E+13   2.8441E-06   2.8792E-06   0.98782
FLUX  980  3550.00        8.444859E+13   2.8069E-06   2.8496E-06   0.98503
FLUX  981  3570.00        8.397549E+13   2.7743E-06   2.8205E-06   0.98361
FLUX  982  3590.00        8.350766E+13   2.7875E-06   2.7919E-06   0.99845
FLUX  983  3610.00        8.304501E+13   2.7145E-06   2.7636E-06   0.98221
FLUX  984  3630.00        8.258747E+13   2.7333E-06   2.7358E-06   0.99908
FLUX  985  3650.00        8.213493E+13   2.6577E-06   2.7085E-06   0.98124
FLUX  986  3670.00        8.168733E+13   2.6803E-06   2.6815E-06   0.99956
FLUX  987  3690.00        8.124458E+13   2.5998E-06   2.6549E-06   0.97922
FLUX  988  3710.00        8.080660E+13   2.6264E-06   2.6288E-06   0.99910
FLUX  989  3730.00        8.037332E+13   2.5801E-06   2.6030E-06   0.99120
FLUX  990  3750.00        7.994467E+13   2.4959E-06   2.5776E-06   0.96829
FLUX  991  3770.00        7.952056E+13   2.5505E-06   2.5525E-06   0.99921
FLUX  992  3790.00        7.910092E+13   2.5271E-06   2.5279E-06   0.99971
FLUX  993  3810.00        7.868570E+13   2.4680E-06   2.5035E-06   0.98581
FLUX  994  3830.00        7.827480E+13   2.4593E-06   2.4795E-06   0.99184
FLUX  995  3850.00        7.786818E+13   2.4555E-06   2.4559E-06   0.99983
FLUX  996  3870.00        7.746576E+13   2.4300E-06   2.4326E-06   0.99894
FLUX  997  3890.00        7.706748E+13   2.4061E-06   2.4096E-06   0.99853
FLUX  998  3910.00        7.667327E+13   2.3335E-06   2.3870E-06   0.97758
FLUX  999  3930.00        7.628308E+13   2.3643E-06   2.3647E-06   0.99985
FLUX 1000  3950.00        7.589684E+13   2.3414E-06   2.3426E-06   0.99949
FLUX 1001  3970.00        7.551448E+13   2.3208E-06   2.3209E-06   0.99997
FLUX 1002  3990.00        7.513596E+13   2.2972E-06   2.2995E-06   0.99900
FLUX 1003  4010.00        7.476122E+13   2.2613E-06   2.2784E-06   0.99248
FLUX 1004  4030.00        7.439020E+13   2.2222E-06   2.2576E-06   0.98434
FLUX 1005  4050.00        7.402284E+13   2.1888E-06   2.2370E-06   0.97844
FLUX 1006  4070.00        7.365909E+13   2.2162E-06   2.2168E-06   0.99974
FLUX 1007  4090.00        7.329890E+13   2.1955E-06   2.1968E-06   0.99941
FLUX 1008  4110.00        7.294221E+13   2.1769E-06   2.1771E-06   0.99993
FLUX 1009  4130.00        7.258898E+13   2.1574E-06   2.1576E-06   0.99991
FLUX 1010  4150.00        7.223916E+13   2.1378E-06   2.1384E-06   0.99969
FLUX 1011  4170.00        7.189269E+13   2.0723E-06   2.1195E-06   0.97776
FLUX 1012  4190.00        7.154952E+13   2.1000E-06   2.1008E-06   0.99961
FLUX 1013  4210.00        7.120962E+13   2.0812E-06   2.0823E-06   0.99945
FLUX 1014  4230.00        7.087293E+13   2.0641E-06   2.0641E-06   0.99998
FLUX 1015  4250.00        7.053941E+13   2.0460E-06   2.0462E-06   0.99994
FLUX 1016  4270.00        7.020902E+13   2.0284E-06   2.0284E-06   0.99999
FLUX 1017  4290.00        6.988170E+13   2.0109E-06   2.0109E-06   0.99999
FLUX 1018  4310.00        6.955742E+13   1.9936E-06   1.9936E-06   0.99997
FLUX 1019  4330.00        6.923614E+13   1.9765E-06   1.9766E-06   0.99994
FLUX 1020  4350.00        6.891782E+13   1.9597E-06   1.9598E-06   0.99998
FLUX 1021  4370.00        6.860240E+13   1.9039E-06   1.9431E-06   0.97980
FLUX 1022  4390.00        6.828986E+13   1.9227E-06   1.9267E-06   0.99789
FLUX 1023  4410.00        6.798016E+13   1.9101E-06   1.9105E-06   0.99981
FLUX 1024  4430.00        6.767325E+13   1.8943E-06   1.8945E-06   0.99991
FLUX 1025  4450.00        6.736910E+13   1.8785E-06   1.8787E-06   0.99986
FLUX 1026  4470.00        6.706767E+13   1.8726E-06   1.8727E-06   0.99995
FLUX 1027  4490.00        6.676893E+13   1.8569E-06   1.8572E-06   0.99984
FLUX 1028  4510.00        6.647284E+13   1.8418E-06   1.8418E-06   1.00000
FLUX 1029  4530.00        6.617936E+13   1.8264E-06   1.8267E-06   0.99984
FLUX 1030  4550.00        6.588846E+13   1.8117E-06   1.8117E-06   0.99998
FLUX 1031  4570.00        6.560011E+13   1.7967E-06   1.7969E-06   0.99984
FLUX 1032  4590.00        6.531427E+13   1.7819E-06   1.7823E-06   0.99978
FLUX 1033  4610.00        6.503091E+13   1.7679E-06   1.7679E-06   0.99999
FLUX 1034  4630.00        6.475000E+13   1.7536E-06   1.7537E-06   0.99997
FLUX 1035  4650.00        6.447151E+13   1.7196E-06   1.7396E-06   0.98849
FLUX 1036  4670.00        6.419540E+13   1.6852E-06   1.7257E-06   0.97655
FLUX 1037  4690.00        6.392164E+13   1.7105E-06   1.7120E-06   0.99915
FLUX 1038  4710.00        6.365021E+13   1.6983E-06   1.6984E-06   0.99994
FLUX 1039  4730.00        6.338108E+13   1.6849E-06   1.6850E-06   0.99999
FLUX 1040  4750.00        6.311421E+13   1.6710E-06   1.6717E-06   0.99958
FLUX 1041  4770.00        6.284958E+13   1.6583E-06   1.6586E-06   0.99979
FLUX 1042  4790.00        6.258716E+13   1.6456E-06   1.6456E-06   0.99999
FLUX 1043  4810.00        6.232692E+13   1.6328E-06   1.6328E-06   0.99999
FLUX 1044  4830.00        6.206884E+13   1.6201E-06   1.6202E-06   0.99995
FLUX 1045  4850.00        6.181289E+13   1.6077E-06   1.6077E-06   0.99999
FLUX 1046  4870.00        6.155903E+13   1.5953E-06   1.5953E-06   0.99999
FLUX 1047  4890.00        6.130726E+13   1.5831E-06   1.5831E-06   0.99999
FLUX 1048  4910.00        6.105754E+13   1.5709E-06   1.5710E-06   0.99990
FLUX 1049  4930.00        6.080984E+13   1.5590E-06   1.5591E-06   0.99997
FLUX 1050  4950.00        6.056414E+13   1.5472E-06   1.5473E-06   0.99998
FLUX 1051  4970.00        6.032042E+13   1.5355E-06   1.5356E-06   0.99997
FLUX 1052  4990.00        6.007866E+13   1.5239E-06   1.5240E-06   0.99989
FLUX 1053  5010.00        5.983882E+13   1.5126E-06   1.5126E-06   0.99996
FLUX 1054  5030.00        5.960089E+13   1.5012E-06   1.5013E-06   0.99989
FLUX 1055  5050.00        5.936485E+13   1.4901E-06   1.4902E-06   0.99998
FLUX 1056  5070.00        5.913067E+13   1.4791E-06   1.4791E-06   1.00000
FLUX 1057  5090.00        5.889833E+13   1.4682E-06   1.4682E-06   0.99998
FLUX 1058  5110.00        5.866781E+13   1.4567E-06   1.4574E-06   0.99951
FLUX 1059  5130.00        5.843908E+13   1.4149E-06   1.4467E-06   0.97800
FLUX 1060  5150.00        5.821214E+13   1.4361E-06   1.4362E-06   0.99997
FLUX 1061  5170.00        5.798694E+13   1.4257E-06   1.4257E-06   0.99999
FLUX 1062  5190.00        5.776349E+13   1.4154E-06   1.4154E-06   0.99999
FLUX 1063  5210.00        5.754175E+13   1.4052E-06   1.4052E-06   0.99997
FLUX 1064  5230.00        5.732170E+13   1.3950E-06   1.3951E-06   0.99997
FLUX 1065  5250.00        5.710333E+13   1.3851E-06   1.3851E-06   0.99999
FLUX 1066  5270.00        5.688662E+13   1.3751E-06   1.3752E-06   0.99998
FLUX 1067  5290.00        5.667155E+13   1.3654E-06   1.3654E-06   1.00000
FLUX 1068  5310.00        5.645810E+13   1.3557E-06   1.3557E-06   0.99999
FLUX 1069  5330.00        5.624625E+13   1.3461E-06   1.3461E-06   0.99999
FLUX 1070  5350.00        5.603598E+13   1.3366E-06   1.3366E-06   0.99999
FLUX 1071  5370.00        5.582728E+13   1.3272E-06   1.3273E-06   0.99993
FLUX 1072  5390.00        5.562013E+13   1.3180E-06   1.3180E-06   0.99998
FLUX 1073  5410.00        5.541451E+13   1.3088E-06   1.3088E-06   0.99999
FLUX 1074  5430.00        5.521041E+13   1.2997E-06   1.2997E-06   0.99997
FLUX 1075  5450.00        5.500780E+13   1.2906E-06   1.2907E-06   0.99993
FLUX 1076  5470.00        5.480667E+13   1.2817E-06   1.2818E-06   0.99989
FLUX 1077  5490.00        5.460701E+13   1.2730E-06   1.2730E-06   0.99998
FLUX 1078  5510.00        5.440880E+13   1.2643E-06   1.2643E-06   0.99999
FLUX 1079  5530.00        5.421203E+13   1.2556E-06   1.2556E-06   0.99997
FLUX 1080  5550.00        5.401667E+13   1.2471E-06   1.2471E-06   0.99998
FLUX 1081  5570.00        5.382271E+13   1.2384E-06   1.2386E-06   0.99982
FLUX 1082  5590.00        5.363014E+13   1.2298E-06   1.2303E-06   0.99964
FLUX 1083  5610.00        5.343895E+13   1.2218E-06   1.2220E-06   0.99988
FLUX 1084  5630.00        5.324911E+13   1.2137E-06   1.2138E-06   0.99998
FLUX 1085  5650.00        5.306062E+13   1.2056E-06   1.2056E-06   0.99998
FLUX 1086  5670.00        5.287346E+13   1.1976E-06   1.1976E-06   0.99997
FLUX 1087  5690.00        5.268761E+13   1.1896E-06   1.1896E-06   0.99999
FLUX 1088  5710.00        5.250306E+13   1.1818E-06   1.1818E-06   1.00000
FLUX 1089  5730.00        5.231981E+13   1.1739E-06   1.1740E-06   0.99996
FLUX 1090  5750.00        5.213783E+13   1.1662E-06   1.1662E-06   0.99999
FLUX 1091  5770.00        5.195711E+13   1.1586E-06   1.1586E-06   0.99998
FLUX 1092  5790.00        5.177763E+13   1.1509E-06   1.1510E-06   0.99993
FLUX 1093  5810.00        5.159940E+13   1.1435E-06   1.1435E-06   0.99999
FLUX 1094  5830.00        5.142238E+13   1.1361E-06   1.1361E-06   1.00000
FLUX 1095  5850.00        5.124658E+13   1.1319E-06   1.1319E-06   0.99999
FLUX 1096  5870.00        5.107198E+13   1.1245E-06   1.1246E-06   0.99998
FLUX 1097  5890.00        5.089856E+13   1.1164E-06   1.1173E-06   0.99914
FLUX 1098  5910.00        5.072631E+13   1.0892E-06   1.1101E-06   0.98110
FLUX 1099  5930.00        5.055523E+13   1.1028E-06   1.1030E-06   0.99980
FLUX 1100  5950.00        5.038529E+13   1.0957E-06   1.0960E-06   0.99974
FLUX 1101  5970.00        5.021650E+13   1.0890E-06   1.0890E-06   0.99999
FLUX 1102  5990.00        5.004883E+13   1.0821E-06   1.0821E-06   0.99994
FLUX 1103  6010.00        4.988228E+13   1.0752E-06   1.0753E-06   0.99995
FLUX 1104  6030.00        4.971683E+13   1.0685E-06   1.0685E-06   0.99999
FLUX 1105  6050.00        4.955248E+13   1.0618E-06   1.0618E-06   0.99999
FLUX 1106  6070.00        4.938921E+13   1.0551E-06   1.0551E-06   0.99998
FLUX 1107  6090.00        4.922701E+13   1.0485E-06   1.0486E-06   0.99995
FLUX 1108  6110.00        4.906588E+13   1.0418E-06   1.0420E-06   0.99983
FLUX 1109  6130.00        4.890579E+13   1.0356E-06   1.0356E-06   0.99999
FLUX 1110  6150.00        4.874675E+13   1.0291E-06   1.0292E-06   0.99997
FLUX 1111  6170.00        4.858874E+13   1.0228E-06   1.0228E-06   1.00000
FLUX 1112  6190.00        4.843174E+13   1.0165E-06   1.0165E-06   0.99998
FLUX 1113  6210.00        4.827576E+13   1.0103E-06   1.0103E-06   0.99999
FLUX 1114  6230.00        4.812079E+13   1.0040E-06   1.0041E-06   0.99990
FLUX 1115  6250.00        4.796680E+13   9.9796E-07   9.9799E-07   0.99997
FLUX 1116  6270.00        4.781380E+13   9.9185E-07   9.9193E-07   0.99991
FLUX 1117  6290.00        4.766176E+13   9.8591E-07   9.8592E-07   0.99999
FLUX 1118  6310.00        4.751070E+13   9.7990E-07   9.7997E-07   0.99993
FLUX 1119  6330.00        4.736058E+13   9.7398E-07   9.7407E-07   0.99991
FLUX 1120  6350.00        4.721142E+13   9.6815E-07   9.6822E-07   0.99993
FLUX 1121  6370.00        4.706319E+13   9.6242E-07   9.6243E-07   0.99999
FLUX 1122  6390.00        4.691588E+13   9.5666E-07   9.5669E-07   0.99997
FLUX 1123  6420.00        4.669665E+13   9.4816E-07   9.4817E-07   0.99999
FLUX 1124  6460.00        4.640751E+13   9.3697E-07   9.3698E-07   0.99998
FLUX 1125  6500.00        4.612192E+13   9.2598E-07   9.2600E-07   0.99998
FLUX 1126  6540.00        4.583983E+13   9.1520E-07   9.1520E-07   1.00000
FLUX 1127  6580.00        4.556117E+13   9.0457E-07   9.0459E-07   0.99998
FLUX 1128  6620.00        4.528588E+13   8.9405E-07   8.9417E-07   0.99987
FLUX 1129  6660.00        4.501389E+13   8.8387E-07   8.8392E-07   0.99995
FLUX 1130  6700.00        4.474515E+13   8.7383E-07   8.7385E-07   0.99998
FLUX 1131  6740.00        4.447960E+13   8.6392E-07   8.6395E-07   0.99997
FLUX 1132  6780.00        4.421718E+13   8.5417E-07   8.5421E-07   0.99995
FLUX 1133  6820.00        4.395784E+13   8.4462E-07   8.4464E-07   0.99998
FLUX 1134  6860.00        4.370153E+13   8.3511E-07   8.3523E-07   0.99987
FLUX 1135  6900.00        4.344819E+13   8.2582E-07   8.2597E-07   0.99982
FLUX 1136  6940.00        4.319777E+13   8.1672E-07   8.1687E-07   0.99982
FLUX 1137  6980.00        4.295021E+13   8.0780E-07   8.0791E-07   0.99987
FLUX 1138  7020.00        4.270548E+13   7.9903E-07   7.9910E-07   0.99991
FLUX 1139  7060.00        4.246353E+13   7.9032E-07   7.9044E-07   0.99985
FLUX 1140  7100.00        4.222430E+13   7.8190E-07   7.8191E-07   0.99998
FLUX 1141  7140.00        4.198775E+13   7.7340E-07   7.7352E-07   0.99984
FLUX 1142  7180.00        4.175383E+13   7.6518E-07   7.6527E-07   0.99988
FLUX 1143  7220.00        4.152251E+13   7.5687E-07   7.5714E-07   0.99964
FLUX 1144  7260.00        4.129373E+13   7.4900E-07   7.4914E-07   0.99981
FLUX 1145  7300.00        4.106747E+13   7.4124E-07   7.4127E-07   0.99995
FLUX 1146  7340.00        4.084366E+13   7.3347E-07   7.3352E-07   0.99993
FLUX 1147  7380.00        4.062229E+13   7.2586E-07   7.2590E-07   0.99994
FLUX 1148  7420.00        4.040330E+13   7.1836E-07   7.1842E-07   0.99992
FLUX 1149  7460.00        4.018666E+13   7.0933E-07   7.1105E-07   0.99758
FLUX 1150  7500.00        3.997233E+13   6.9753E-07   7.0380E-07   0.99110
FLUX 1151  7540.00        3.976028E+13   6.9660E-07   6.9665E-07   0.99993
FLUX 1152  7580.00        3.955046E+13   6.8956E-07   6.8962E-07   0.99991
FLUX 1153  7620.00        3.934285E+13   6.8267E-07   6.8269E-07   0.99998
FLUX 1154  7660.00        3.913740E+13   6.7583E-07   6.7586E-07   0.99996
FLUX 1155  7700.00        3.893409E+13   6.6912E-07   6.6913E-07   0.99998
FLUX 1156  7740.00        3.873288E+13   6.6249E-07   6.6250E-07   0.99997
FLUX 1157  7780.00        3.853374E+13   6.5597E-07   6.5597E-07   1.00000
FLUX 1158  7820.00        3.833664E+13   6.4954E-07   6.4954E-07   1.00000
FLUX 1159  7860.00        3.814154E+13   6.4320E-07   6.4320E-07   1.00000
FLUX 1160  7900.00        3.794842E+13   6.3695E-07   6.3695E-07   1.00000
FLUX 1161  7940.00        3.775724E+13   6.3079E-07   6.3079E-07   0.99999
FLUX 1162  7980.00        3.756798E+13   6.2471E-07   6.2472E-07   0.99998
FLUX 1163  8020.00        3.738061E+13   6.1873E-07   6.1874E-07   0.99999
FLUX 1164  8060.00        3.719510E+13   6.1283E-07   6.1284E-07   0.99999
FLUX 1165  8100.00        3.701142E+13   6.0702E-07   6.0702E-07   0.99999
FLUX 1166  8140.00        3.682955E+13   6.0128E-07   6.0129E-07   0.99998
FLUX 1167  8180.00        3.664945E+13   5.9563E-07   5.9564E-07   0.99998
FLUX 1168  8220.00        3.647111E+13   5.9006E-07   5.9006E-07   0.99999
FLUX 1169  8260.00        3.629449E+13   5.8456E-07   5.8457E-07   1.00000
FLUX 1170  8300.00        3.611958E+13   5.7914E-07   5.7915E-07   0.99999
FLUX 1171  8340.00        3.594634E+13   5.7372E-07   5.7380E-07   0.99986
FLUX 1172  8380.00        3.577476E+13   5.6839E-07   5.6853E-07   0.99976
FLUX 1173  8420.00        3.560481E+13   5.6325E-07   5.6333E-07   0.99986
FLUX 1174  8460.00        3.543647E+13   5.5819E-07   5.5820E-07   0.99998
FLUX 1175  8500.00        3.526971E+13   5.5314E-07   5.5314E-07   1.00000
FLUX 1176  8540.00        3.510451E+13   5.4813E-07   5.4815E-07   0.99997
FLUX 1177  8580.00        3.494085E+13   5.4322E-07   5.4323E-07   0.99998
FLUX 1178  8620.00        3.477871E+13   5.3835E-07   5.3837E-07   0.99997
FLUX 1179  8660.00        3.461807E+13   5.3357E-07   5.3357E-07   1.00000
FLUX 1180  8700.00        3.445891E+13   5.2884E-07   5.2884E-07   1.00000
FLUX 1181  8740.00        3.430120E+13   5.2417E-07   5.2417E-07   0.99999
FLUX 1182  8780.00        3.414493E+13   5.1957E-07   5.1957E-07   1.00000
FLUX 1183  8820.00        3.399008E+13   5.1501E-07   5.1502E-07   0.99997
FLUX 1184  8860.00        3.383663E+13   5.1051E-07   5.1053E-07   0.99995
FLUX 1185  8900.00        3.368455E+13   5.0609E-07   5.0610E-07   0.99997
FLUX 1186  8940.00        3.353384E+13   5.0173E-07   5.0173E-07   0.99999
FLUX 1187  8980.00        3.338447E+13   4.9740E-07   4.9741E-07   0.99998
FLUX 1188  9020.00        3.323642E+13   4.9315E-07   4.9315E-07   0.99999
FLUX 1189  9060.00        3.308968E+13   4.8894E-07   4.8895E-07   0.99999
FLUX 1190  9100.00        3.294423E+13   4.8478E-07   4.8479E-07   0.99997
FLUX 1191  9140.00        3.280005E+13   4.8069E-07   4.8069E-07   0.99999
FLUX 1192  9180.00        3.265714E+13   4.7664E-07   4.7664E-07   0.99999
FLUX 1193  9220.00        3.251546E+13   4.7264E-07   4.7264E-07   0.99999
FLUX 1194  9260.00        3.237500E+13   4.6869E-07   4.6869E-07   1.00000
FLUX 1195  9300.00        3.223575E+13   4.6479E-07   4.6480E-07   0.99999
FLUX 1196  9340.00        3.209770E+13   4.6094E-07   4.6094E-07   1.00000
FLUX 1197  9380.00        3.196082E+13   4.5714E-07   4.5714E-07   0.99999
FLUX 1198  9420.00        3.182511E+13   4.5338E-07   4.5338E-07   1.00000
FLUX 1199  9460.00        3.169054E+13   4.4966E-07   4.4967E-07   0.99999
FLUX 1200  9500.00        3.155711E+13   4.4600E-07   4.4600E-07   0.99999
FLUX 1201  9540.00        3.142479E+13   4.4236E-07   4.4238E-07   0.99995
FLUX 1202  9580.00        3.129358E+13   4.3880E-07   4.3880E-07   1.00000
FLUX 1203  9620.00        3.116346E+13   4.3527E-07   4.3527E-07   0.99999
FLUX 1204  9660.00        3.103442E+13   4.3177E-07   4.3178E-07   1.00000
FLUX 1205  9700.00        3.090644E+13   4.2832E-07   4.2832E-07   1.00000
FLUX 1206  9740.00        3.077952E+13   4.2491E-07   4.2491E-07   0.99998
FLUX 1207  9780.00        3.065363E+13   4.2154E-07   4.2154E-07   0.99999
FLUX 1208  9820.00        3.052877E+13   4.1820E-07   4.1821E-07   0.99998
FLUX 1209  9860.00        3.040492E+13   4.1492E-07   4.1492E-07   0.99999
FLUX 1210  9900.00        3.028207E+13   4.1167E-07   4.1167E-07   0.99999
FLUX 1211  9940.00        3.016021E+13   4.0845E-07   4.0845E-07   0.99999
FLUX 1212  9980.00        3.003933E+13   4.0527E-07   4.0528E-07   0.99998
FLUX 1213 10020.00        2.991941E+13   4.0212E-07   4.0213E-07   0.99998
FLUX 1214 20000.00        1.498963E+13   1.0314E-07   1.0314E-07   0.99999
FLUX 1215 40000.00        7.494813E+12   2.5735E-08   2.5735E-08   1.00000
FLUX 1216 60000.00        4.996542E+12   1.1349E-08   1.1349E-08   1.00000
FLUX 1217 80000.00        3.747406E+12   6.3361E-09   6.3361E-09   1.00000
FLUX 1218100000.00        2.997925E+12   4.0278E-09   4.0278E-09   1.00000
FLUX 1219120000.00        2.498271E+12   2.7807E-09   2.7807E-09   1.00000
FLUX 1220140000.00        2.141375E+12   2.0323E-09   2.0323E-09   1.00000
FLUX 1221160000.00        1.873703E+12   1.5488E-09   1.5488E-09   1.00000
FLUX
