TEFF   4250.  GRAVITY 5.00000 LTE 
TITLE TEST RUN WITH SDSC OPACITY  VTURB 2 KM/S    L/H 1.25                      
 OPACITY IFOP
FLUX  124    92.50        3.241000E+15   3.0943E-25   2.5979E-23   0.01191
FLUX  125    93.50        3.206337E+15   4.9892E-25   4.0076E-23   0.01245
FLUX  126    94.50        3.172407E+15   8.3918E-25   6.0036E-23   0.01398
FLUX  127    95.50        3.139188E+15   7.5030E-25   8.6784E-23   0.00865
FLUX  128    96.50        3.106658E+15   1.8869E-24   1.2080E-22   0.01562
FLUX  129    97.50        3.074795E+15   1.8047E-24   1.6211E-22   0.01113
FLUX  130    98.50        3.043579E+15   3.1647E-24   2.1179E-22   0.01494
FLUX  131    99.50        3.012990E+15   5.8071E-24   2.7346E-22   0.02124
FLUX  132   100.50        2.983010E+15   7.0785E-24   3.5248E-22   0.02008
FLUX  133   101.50        2.953621E+15   1.0356E-23   4.5824E-22   0.02260
FLUX  134   102.50        2.924805E+15   1.6817E-23   6.0693E-22   0.02771
FLUX  135   103.50        2.896546E+15   4.0419E-23   8.2595E-22   0.04894
FLUX  136   104.50        2.868828E+15   5.5144E-23   1.1545E-21   0.04777
FLUX  137   105.50        2.841635E+15   5.6658E-23   1.6555E-21   0.03422
FLUX  138   106.50        2.814953E+15   1.4993E-22   2.4267E-21   0.06178
FLUX  139   107.50        2.788767E+15   2.1706E-22   3.6132E-21   0.06008
FLUX  140   108.50        2.763065E+15   4.5321E-22   5.4324E-21   0.08343
FLUX  141   109.50        2.737831E+15   6.6485E-22   8.1777E-21   0.08130
FLUX  142   110.50        2.713054E+15   8.4132E-22   1.2269E-20   0.06857
FLUX  143   111.50        2.688722E+15   1.2474E-21   1.8233E-20   0.06841
FLUX  144   112.50        2.664822E+15   3.0715E-21   2.6780E-20   0.11469
FLUX  145   113.50        2.641344E+15   5.7727E-21   3.8809E-20   0.14875
FLUX  146   114.50        2.618275E+15   9.6201E-21   5.5521E-20   0.17327
FLUX  147   115.50        2.595606E+15   1.4338E-20   7.8394E-20   0.18290
FLUX  148   116.50        2.573326E+15   1.8439E-20   1.0930E-19   0.16871
FLUX  149   117.50        2.551426E+15   3.0787E-20   1.5058E-19   0.20446
FLUX  150   118.50        2.529895E+15   3.6314E-20   2.0513E-19   0.17703
FLUX  151   119.50        2.508724E+15   3.9954E-20   2.7655E-19   0.14447
FLUX  152   120.50        2.487905E+15   3.1557E-20   3.6935E-19   0.08544
FLUX  153   121.50        2.467428E+15   5.6997E-21   4.8891E-19   0.01166
FLUX  154   122.50        2.447286E+15   5.3357E-20   6.4330E-19   0.08294
FLUX  155   123.50        2.427470E+15   1.7208E-19   8.3996E-19   0.20487
FLUX  156   124.50        2.407972E+15   2.7291E-19   1.0912E-18   0.25010
FLUX  157   125.50        2.388785E+15   4.0545E-19   1.4114E-18   0.28728
FLUX  158   126.50        2.369901E+15   5.4352E-19   1.8176E-18   0.29904
FLUX  159   127.50        2.351314E+15   7.5598E-19   2.3341E-18   0.32388
FLUX  160   128.50        2.333016E+15   8.2397E-19   2.9857E-18   0.27598
FLUX  161   129.50        2.315000E+15   1.0161E-18   3.8004E-18   0.26737
FLUX  162   130.50        2.297261E+15   1.3927E-18   4.8100E-18   0.28953
FLUX  163   131.50        2.279791E+15   1.7009E-18   6.0507E-18   0.28110
FLUX  164   132.50        2.262585E+15   1.9758E-18   7.5459E-18   0.26184
FLUX  165   133.50        2.245637E+15   2.2109E-18   9.3248E-18   0.23710
FLUX  166   134.50        2.228941E+15   3.0570E-18   1.1409E-17   0.26794
FLUX  167   135.50        2.212491E+15   4.0392E-18   1.3816E-17   0.29236
FLUX  168   136.50        2.196282E+15   4.4936E-18   1.6576E-17   0.27109
FLUX  169   137.50        2.180309E+15   4.7623E-18   1.9737E-17   0.24129
FLUX  170   138.50        2.164567E+15   5.7130E-18   2.3379E-17   0.24436
FLUX  171   139.50        2.149050E+15   6.5007E-18   2.7644E-17   0.23516
FLUX  172   140.50        2.133754E+15   9.1116E-18   3.2914E-17   0.27683
FLUX  173   141.50        2.118675E+15   1.1670E-17   3.9543E-17   0.29513
FLUX  174   142.50        2.103807E+15   1.3175E-17   4.7636E-17   0.27658
FLUX  175   143.50        2.089146E+15   1.8617E-17   5.7479E-17   0.32389
FLUX  176   144.20        2.079005E+15   2.7827E-17   6.5655E-17   0.42384
FLUX  177   144.70        2.071821E+15   2.2283E-17   7.2205E-17   0.30860
FLUX  178   145.50        2.060430E+15   2.7547E-17   8.4075E-17   0.32765
FLUX  179   146.50        2.046365E+15   4.1778E-17   1.0160E-16   0.41120
FLUX  180   147.50        2.032492E+15   5.1844E-17   1.2252E-16   0.42314
FLUX  181   148.50        2.018805E+15   5.3900E-17   1.4739E-16   0.36570
FLUX  182   149.50        2.005301E+15   8.3476E-17   1.7672E-16   0.47237
FLUX  183   150.50        1.991977E+15   1.1673E-16   2.1133E-16   0.55238
FLUX  184   151.20        1.982755E+15   6.5465E-17   2.3899E-16   0.27393
FLUX  185   151.70        1.976220E+15   1.0239E-16   2.6093E-16   0.39241
FLUX  186   152.50        1.965852E+15   1.8398E-16   6.2012E-16   0.29668
FLUX  187   153.50        1.953046E+15   2.6565E-16   7.2006E-16   0.36893
FLUX  188   154.50        1.940405E+15   1.8167E-16   8.3683E-16   0.21710
FLUX  189   155.50        1.927926E+15   3.0957E-16   9.7805E-16   0.31652
FLUX  190   156.50        1.915607E+15   2.8658E-16   1.1515E-15   0.24888
FLUX  191   157.50        1.903444E+15   6.0027E-16   2.9518E-15   0.20336
FLUX  192   158.50        1.891435E+15   6.3377E-16   3.3965E-15   0.18659
FLUX  193   159.50        1.879577E+15   6.1886E-16   3.9185E-15   0.15793
FLUX  194   160.50        1.867866E+15   6.5734E-16   4.5247E-15   0.14528
FLUX  195   161.50        1.856300E+15   6.8848E-16   5.2278E-15   0.13170
FLUX  196   162.50        1.844877E+15   6.6913E-16   8.9429E-15   0.07482
FLUX  197   163.50        1.833593E+15   9.0144E-16   1.0635E-14   0.08476
FLUX  198   164.50        1.822447E+15   1.2193E-15   1.2676E-14   0.09619
FLUX  199   165.50        1.811435E+15   1.0118E-15   1.5063E-14   0.06717
FLUX  200   166.50        1.800556E+15   1.6222E-15   1.7929E-14   0.09048
FLUX  201   167.20        1.793017E+15   1.3521E-15   2.0190E-14   0.06697
FLUX  202   167.70        1.787671E+15   2.1014E-15   2.4839E-14   0.08460
FLUX  203   168.50        1.779184E+15   2.8383E-15   2.8545E-14   0.09943
FLUX  204   169.50        1.768687E+15   4.0165E-15   3.3779E-14   0.11891
FLUX  205   170.50        1.758314E+15   4.1858E-15   3.9827E-14   0.10510
FLUX  206   171.50        1.748061E+15   4.5513E-15   5.1157E-14   0.08897
FLUX  207   172.50        1.737928E+15   6.2881E-15   5.9656E-14   0.10541
FLUX  208   173.50        1.727911E+15   7.2999E-15   6.9184E-14   0.10551
FLUX  209   174.50        1.718009E+15   1.0250E-14   7.9794E-14   0.12845
FLUX  210   175.50        1.708219E+15   1.0614E-14   9.1468E-14   0.11604
FLUX  211   176.50        1.698541E+15   1.3473E-14   1.0435E-13   0.12912
FLUX  212   177.50        1.688972E+15   1.2349E-14   1.1846E-13   0.10424
FLUX  213   178.50        1.679510E+15   2.3146E-14   1.3385E-13   0.17292
FLUX  214   179.50        1.670153E+15   1.9962E-14   1.5070E-13   0.13246
FLUX  215   180.50        1.660900E+15   3.3429E-14   1.6903E-13   0.19777
FLUX  216   181.50        1.651749E+15   2.4908E-14   1.8898E-13   0.13181
FLUX  217   182.50        1.642699E+15   3.9359E-14   2.1069E-13   0.18681
FLUX  218   183.50        1.633747E+15   3.5364E-14   2.3426E-13   0.15096
FLUX  219   184.50        1.624892E+15   4.9174E-14   2.5982E-13   0.18926
FLUX  220   185.50        1.616132E+15   4.1159E-14   2.8755E-13   0.14314
FLUX  221   186.50        1.607466E+15   6.7496E-14   3.1758E-13   0.21253
FLUX  222   187.50        1.598893E+15   6.3749E-14   3.5173E-13   0.18124
FLUX  223   188.50        1.590411E+15   8.0355E-14   3.8683E-13   0.20773
FLUX  224   189.50        1.582018E+15   1.0144E-13   4.2465E-13   0.23887
FLUX  225   190.50        1.573714E+15   1.0739E-13   4.6531E-13   0.23080
FLUX  226   191.50        1.565496E+15   1.5302E-13   5.0912E-13   0.30056
FLUX  227   192.50        1.557364E+15   1.3219E-13   5.5614E-13   0.23769
FLUX  228   193.50        1.549315E+15   9.6552E-14   6.0658E-13   0.15917
FLUX  229   194.50        1.541350E+15   1.8418E-13   6.6075E-13   0.27875
FLUX  230   195.50        1.533465E+15   2.5656E-13   7.1875E-13   0.35695
FLUX  231   196.70        1.524110E+15   2.8138E-13   7.9366E-13   0.35453
FLUX  232   197.60        1.517169E+15   3.2568E-13   8.5400E-13   0.38136
FLUX  233   198.40        1.511051E+15   4.0706E-13   9.1107E-13   0.44679
FLUX  234   199.50        1.502719E+15   3.7156E-13   9.9404E-13   0.37378
FLUX  235   200.50        1.495224E+15   4.3164E-13   1.0747E-12   0.40165
FLUX  236   201.50        1.487804E+15   4.9702E-13   1.1606E-12   0.42823
FLUX  237   202.50        1.480457E+15   4.6439E-13   1.2521E-12   0.37089
FLUX  238   203.50        1.473182E+15   5.8989E-13   1.3494E-12   0.43715
FLUX  239   204.50        1.465978E+15   6.3225E-13   1.4530E-12   0.43515
FLUX  240   205.50        1.458844E+15   7.4643E-13   1.5630E-12   0.47755
FLUX  241   206.50        1.451780E+15   7.2337E-13   1.6800E-12   0.43059
FLUX  242   207.40        1.445480E+15   7.0306E-13   1.7915E-12   0.39245
FLUX  243   207.80        1.442697E+15   1.1820E-12   4.0582E-11   0.02913
FLUX  244   208.50        1.437854E+15   1.5110E-12   4.5410E-11   0.03327
FLUX  245   209.50        1.430990E+15   1.6569E-12   5.3256E-11   0.03111
FLUX  246   210.50        1.424192E+15   1.5485E-12   6.2431E-11   0.02480
FLUX  247   211.50        1.417459E+15   1.5893E-12   7.3156E-11   0.02172
FLUX  248   212.50        1.410788E+15   1.7969E-12   8.5416E-11   0.02104
FLUX  249   213.50        1.404180E+15   2.2753E-12   9.9229E-11   0.02293
FLUX  250   214.50        1.397634E+15   1.8666E-12   1.1499E-10   0.01623
FLUX  251   215.50        1.391148E+15   2.1957E-12   1.3265E-10   0.01655
FLUX  252   216.50        1.384723E+15   2.1932E-12   1.5213E-10   0.01442
FLUX  253   217.50        1.378356E+15   2.3838E-12   1.7347E-10   0.01374
FLUX  254   218.50        1.372048E+15   2.2483E-12   1.9717E-10   0.01140
FLUX  255   219.50        1.365797E+15   3.5944E-12   2.2287E-10   0.01613
FLUX  256   220.50        1.359603E+15   3.0773E-12   2.5059E-10   0.01228
FLUX  257   221.50        1.353465E+15   3.6720E-12   2.8044E-10   0.01309
FLUX  258   222.50        1.347382E+15   3.3662E-12   3.2037E-10   0.01051
FLUX  259   223.50        1.341353E+15   5.4103E-12   3.5591E-10   0.01520
FLUX  260   224.50        1.335379E+15   6.1238E-12   3.9364E-10   0.01556
FLUX  261   225.50        1.329457E+15   7.2617E-12   5.1260E-10   0.01417
FLUX  262   226.50        1.323587E+15   4.1336E-12   5.5953E-10   0.00739
FLUX  263   227.50        1.317769E+15   7.5908E-12   6.0773E-10   0.01249
FLUX  264   228.50        1.312002E+15   7.8139E-12   6.5710E-10   0.01189
FLUX  265   229.50        1.306285E+15   1.2190E-11   7.0757E-10   0.01723
FLUX  266   230.50        1.300618E+15   5.1783E-12   7.5939E-10   0.00682
FLUX  267   231.50        1.295000E+15   1.5027E-11   8.1234E-10   0.01850
FLUX  268   232.50        1.289430E+15   1.2580E-11   8.6636E-10   0.01452
FLUX  269   233.50        1.283908E+15   1.8718E-11   9.5192E-10   0.01966
FLUX  270   234.50        1.278433E+15   1.2035E-11   1.0081E-09   0.01194
FLUX  271   235.50        1.273004E+15   1.1073E-11   1.0652E-09   0.01039
FLUX  272   236.50        1.267622E+15   1.4557E-11   1.1232E-09   0.01296
FLUX  273   237.50        1.262284E+15   1.4357E-11   1.1821E-09   0.01215
FLUX  274   238.50        1.256992E+15   2.3272E-11   1.2421E-09   0.01874
FLUX  275   239.50        1.251743E+15   2.1934E-11   1.3031E-09   0.01683
FLUX  276   240.50        1.246538E+15   3.6669E-11   1.3654E-09   0.02686
FLUX  277   241.50        1.241377E+15   2.4437E-11   1.4289E-09   0.01710
FLUX  278   242.50        1.236258E+15   3.0743E-11   1.4938E-09   0.02058
FLUX  279   243.50        1.231181E+15   4.3075E-11   1.5601E-09   0.02761
FLUX  280   244.50        1.226145E+15   5.7017E-11   1.6812E-09   0.03392
FLUX  281   245.50        1.221151E+15   6.5479E-11   1.7489E-09   0.03744
FLUX  282   246.50        1.216197E+15   4.5712E-11   1.8178E-09   0.02515
FLUX  283   247.50        1.211283E+15   7.5407E-11   1.8881E-09   0.03994
FLUX  284   248.50        1.206408E+15   3.2889E-11   1.9598E-09   0.01678
FLUX  285   249.50        1.201573E+15   3.7037E-11   2.0329E-09   0.01822
FLUX  286   250.50        1.196776E+15   6.9300E-11   2.1499E-09   0.03223
FLUX  287   251.30        1.192967E+15   5.1565E-11   2.2094E-09   0.02334
FLUX  288   251.80        1.190598E+15   5.4399E-11   5.2420E-08   0.00104
FLUX  289   252.50        1.187297E+15   6.4155E-11   5.3664E-08   0.00120
FLUX  290   253.50        1.182613E+15   1.2431E-10   5.5434E-08   0.00224
FLUX  291   254.50        1.177967E+15   1.4959E-10   5.7199E-08   0.00262
FLUX  292   255.50        1.173356E+15   1.6873E-10   5.8983E-08   0.00286
FLUX  293   256.50        1.168782E+15   1.0504E-10   6.0788E-08   0.00173
FLUX  294   257.50        1.164243E+15   1.5285E-10   6.2618E-08   0.00244
FLUX  295   258.50        1.159739E+15   1.2697E-10   6.4473E-08   0.00197
FLUX  296   259.50        1.155270E+15   1.4568E-10   6.6350E-08   0.00220
FLUX  297   260.50        1.150835E+15   1.9155E-10   6.8262E-08   0.00281
FLUX  298   261.50        1.146434E+15   1.8206E-10   7.0219E-08   0.00259
FLUX  299   262.50        1.142067E+15   2.5658E-10   7.2213E-08   0.00355
FLUX  300   263.50        1.137732E+15   3.6867E-10   7.7323E-08   0.00477
FLUX  301   264.50        1.133431E+15   3.1955E-10   7.9311E-08   0.00403
FLUX  302   265.50        1.129162E+15   4.0916E-10   8.1338E-08   0.00503
FLUX  303   266.50        1.124925E+15   3.8788E-10   8.3398E-08   0.00465
FLUX  304   267.50        1.120720E+15   3.3714E-10   8.5491E-08   0.00394
FLUX  305   268.50        1.116546E+15   4.4425E-10   8.7617E-08   0.00507
FLUX  306   269.50        1.112403E+15   3.4117E-10   8.9777E-08   0.00380
FLUX  307   270.50        1.108290E+15   4.9191E-10   9.5680E-08   0.00514
FLUX  308   271.50        1.104208E+15   4.9266E-10   9.7730E-08   0.00504
FLUX  309   272.50        1.100156E+15   4.4834E-10   9.9803E-08   0.00449
FLUX  310   273.50        1.096133E+15   4.7747E-10   1.0190E-07   0.00469
FLUX  311   274.50        1.092140E+15   6.2873E-10   1.0402E-07   0.00604
FLUX  312   275.50        1.088176E+15   6.1750E-10   1.0617E-07   0.00582
FLUX  313   276.50        1.084241E+15   7.8576E-10   1.0831E-07   0.00725
FLUX  314   277.50        1.080333E+15   1.0032E-09   1.1049E-07   0.00908
FLUX  315   278.50        1.076454E+15   7.3096E-10   1.1270E-07   0.00649
FLUX  316   279.50        1.072603E+15   8.9592E-10   1.1494E-07   0.00779
FLUX  317   280.50        1.068779E+15   9.2636E-10   1.1722E-07   0.00790
FLUX  318   281.50        1.064982E+15   9.7265E-10   1.1953E-07   0.00814
FLUX  319   282.50        1.061212E+15   1.0433E-09   1.2189E-07   0.00856
FLUX  320   283.50        1.057469E+15   9.6083E-10   1.2429E-07   0.00773
FLUX  321   284.50        1.053752E+15   7.8455E-10   1.2673E-07   0.00619
FLUX  322   285.50        1.050061E+15   4.4916E-10   1.2921E-07   0.00348
FLUX  323   286.50        1.046396E+15   1.1150E-09   1.3171E-07   0.00847
FLUX  324   287.50        1.042757E+15   1.2174E-09   1.3425E-07   0.00907
FLUX  325   288.50        1.039142E+15   1.6364E-09   1.3682E-07   0.01196
FLUX  326   289.50        1.035553E+15   1.9079E-09   1.3939E-07   0.01369
FLUX  327   291.00        1.030215E+15   3.0806E-09   1.4579E-07   0.02113
FLUX  328   293.00        1.023183E+15   3.2105E-09   1.5087E-07   0.02128
FLUX  329   295.00        1.016246E+15   3.4592E-09   1.5657E-07   0.02209
FLUX  330   297.00        1.009402E+15   3.2992E-09   1.6180E-07   0.02039
FLUX  331   299.00        1.002651E+15   4.3569E-09   1.6716E-07   0.02606
FLUX  332   301.00        9.959884E+14   5.1891E-09   1.7265E-07   0.03006
FLUX  333   303.00        9.894142E+14   7.4503E-09   1.7824E-07   0.04180
FLUX  334   305.00        9.829262E+14   8.8226E-09   1.8388E-07   0.04798
FLUX  335   307.00        9.765228E+14   6.9910E-09   1.8959E-07   0.03687
FLUX  336   309.00        9.702023E+14   4.9595E-09   1.9742E-07   0.02512
FLUX  337   311.00        9.639630E+14   8.7986E-09   2.0300E-07   0.04334
FLUX  338   313.00        9.578035E+14   7.6235E-09   2.0917E-07   0.03645
FLUX  339   315.00        9.517222E+14   1.0765E-08   2.1473E-07   0.05013
FLUX  340   317.00        9.457177E+14   1.5889E-08   2.2030E-07   0.07212
FLUX  341   319.00        9.397884E+14   1.2842E-08   2.2598E-07   0.05683
FLUX  342   321.00        9.339330E+14   1.5217E-08   2.3177E-07   0.06565
FLUX  343   323.00        9.281502E+14   1.6616E-08   2.3812E-07   0.06978
FLUX  344   325.00        9.224385E+14   2.7268E-08   2.4390E-07   0.11180
FLUX  345   327.00        9.167966E+14   3.4771E-08   2.4977E-07   0.13921
FLUX  346   329.00        9.112234E+14   4.0605E-08   2.5603E-07   0.15860
FLUX  347   331.00        9.057175E+14   3.3277E-08   2.6204E-07   0.12699
FLUX  348   333.00        9.002778E+14   3.5950E-08   2.6808E-07   0.13410
FLUX  349   335.00        8.949030E+14   3.4791E-08   2.7415E-07   0.12690
FLUX  350   337.00        8.895920E+14   2.1704E-08   2.8045E-07   0.07739
FLUX  351   339.00        8.843437E+14   3.0692E-08   2.8700E-07   0.10694
FLUX  352   341.00        8.791569E+14   3.5039E-08   2.9337E-07   0.11944
FLUX  353   343.00        8.740306E+14   4.7736E-08   2.9980E-07   0.15923
FLUX  354   345.00        8.689638E+14   5.5192E-08   3.0648E-07   0.18008
FLUX  355   347.00        8.639553E+14   6.4776E-08   3.1331E-07   0.20675
FLUX  356   349.00        8.590043E+14   7.7279E-08   3.2022E-07   0.24133
FLUX  357   351.00        8.541097E+14   9.4772E-08   3.2720E-07   0.28965
FLUX  358   353.00        8.492705E+14   8.1956E-08   3.3427E-07   0.24518
FLUX  359   355.00        8.444859E+14   1.0122E-07   3.4159E-07   0.29633
FLUX  360   357.00        8.397549E+14   8.3154E-08   3.4931E-07   0.23806
FLUX  361   359.00        8.350766E+14   8.7346E-08   3.5711E-07   0.24459
FLUX  362   361.00        8.304501E+14   1.0847E-07   3.6500E-07   0.29718
FLUX  363   363.00        8.258747E+14   1.0997E-07   3.7298E-07   0.29484
FLUX  364   364.00        8.236058E+14   1.0786E-07   3.7706E-07   0.28606
FLUX  365   365.00        8.213493E+14   8.7029E-08   3.8199E-07   0.22783
FLUX  366   367.00        8.168733E+14   1.1640E-07   3.9061E-07   0.29798
FLUX  367   369.00        8.124458E+14   8.1538E-08   3.9933E-07   0.20419
FLUX  368   371.00        8.080660E+14   6.3698E-08   4.0820E-07   0.15604
FLUX  369   373.00        8.037332E+14   3.1451E-08   4.1707E-07   0.07541
FLUX  370   375.00        7.994467E+14   3.8987E-08   4.2601E-07   0.09152
FLUX  371   377.00        7.952056E+14   9.0333E-08   4.3930E-07   0.20563
FLUX  372   379.00        7.910092E+14   1.0184E-07   4.4879E-07   0.22692
FLUX  373   381.00        7.868570E+14   8.8790E-08   4.5834E-07   0.19372
FLUX  374   383.00        7.827480E+14   3.8755E-08   4.6795E-07   0.08282
FLUX  375   385.00        7.786818E+14   6.9817E-08   4.7762E-07   0.14618
FLUX  376   387.00        7.746576E+14   6.4910E-08   4.8734E-07   0.13319
FLUX  377   389.00        7.706748E+14   7.3737E-08   4.9738E-07   0.14825
FLUX  378   391.00        7.667327E+14   1.0940E-07   5.0751E-07   0.21557
FLUX  379   393.00        7.628308E+14   4.7282E-08   5.1769E-07   0.09133
FLUX  380   395.00        7.589684E+14   9.7075E-08   5.2790E-07   0.18389
FLUX  381   397.00        7.551448E+14   6.8749E-08   5.3814E-07   0.12775
FLUX  382   399.00        7.513596E+14   2.0204E-07   5.4843E-07   0.36841
FLUX  383   401.00        7.476122E+14   2.5109E-07   5.5892E-07   0.44923
FLUX  384   403.00        7.439020E+14   2.1194E-07   5.6958E-07   0.37210
FLUX  385   405.00        7.402284E+14   2.1712E-07   5.8024E-07   0.37419
FLUX  386   407.00        7.365909E+14   1.8593E-07   5.9091E-07   0.31465
FLUX  387   409.00        7.329890E+14   3.0993E-07   6.0159E-07   0.51519
FLUX  388   411.00        7.294221E+14   2.2613E-07   6.1228E-07   0.36932
FLUX  389   413.00        7.258898E+14   2.4490E-07   6.2298E-07   0.39311
FLUX  390   415.00        7.223916E+14   2.3260E-07   6.3387E-07   0.36696
FLUX  391   417.00        7.189269E+14   2.5146E-07   6.4482E-07   0.38997
FLUX  392   419.00        7.154952E+14   2.5326E-07   6.5571E-07   0.38624
FLUX  393   421.00        7.120962E+14   2.0953E-07   6.6660E-07   0.31433
FLUX  394   423.00        7.087293E+14   1.1899E-07   6.7749E-07   0.17563
FLUX  395   425.00        7.053941E+14   2.1277E-07   6.8839E-07   0.30909
FLUX  396   427.00        7.020902E+14   2.1652E-07   6.9930E-07   0.30963
FLUX  397   429.00        6.988170E+14   2.2382E-07   7.1024E-07   0.31513
FLUX  398   431.00        6.955742E+14   2.3018E-07   7.2121E-07   0.31916
FLUX  399   433.00        6.923614E+14   3.5201E-07   7.3219E-07   0.48076
FLUX  400   435.00        6.891782E+14   4.0776E-07   7.4323E-07   0.54863
FLUX  401   437.00        6.860240E+14   4.3204E-07   7.5425E-07   0.57281
FLUX  402   439.00        6.828986E+14   3.4629E-07   7.6529E-07   0.45249
FLUX  403   441.00        6.798016E+14   3.5651E-07   7.7635E-07   0.45921
FLUX  404   443.00        6.767325E+14   3.9862E-07   7.8743E-07   0.50623
FLUX  405   445.00        6.736910E+14   4.2307E-07   7.9856E-07   0.52979
FLUX  406   447.00        6.706767E+14   4.9676E-07   8.0971E-07   0.61351
FLUX  407   449.00        6.676893E+14   5.2075E-07   8.2088E-07   0.63438
FLUX  408   451.00        6.647284E+14   6.4221E-07   8.3209E-07   0.77180
FLUX  409   453.00        6.617936E+14   4.9729E-07   8.4334E-07   0.58967
FLUX  410   455.00        6.588846E+14   5.8170E-07   8.5461E-07   0.68066
FLUX  411   457.00        6.560011E+14   6.5567E-07   8.6591E-07   0.75721
FLUX  412   459.00        6.531427E+14   6.2075E-07   8.7724E-07   0.70761
FLUX  413   461.00        6.503091E+14   6.4207E-07   8.8860E-07   0.72257
FLUX  414   463.00        6.475000E+14   6.5604E-07   9.0000E-07   0.72893
FLUX  415   465.00        6.447151E+14   6.2748E-07   9.1142E-07   0.68846
FLUX  416   467.00        6.419540E+14   7.0655E-07   9.2286E-07   0.76562
FLUX  417   469.00        6.392164E+14   6.7044E-07   9.3433E-07   0.71756
FLUX  418   471.00        6.365021E+14   6.4012E-07   9.4582E-07   0.67679
FLUX  419   473.00        6.338108E+14   6.3496E-07   9.5734E-07   0.66325
FLUX  420   475.00        6.311421E+14   6.1761E-07   9.6888E-07   0.63745
FLUX  421   477.00        6.284958E+14   5.4963E-07   9.8048E-07   0.56058
FLUX  422   479.00        6.258716E+14   5.9947E-07   9.9209E-07   0.60425
FLUX  423   481.00        6.232692E+14   7.2014E-07   1.0037E-06   0.71748
FLUX  424   483.00        6.206884E+14   7.2128E-07   1.0153E-06   0.71038
FLUX  425   485.00        6.181289E+14   7.6308E-07   1.0270E-06   0.74300
FLUX  426   487.00        6.155903E+14   7.1559E-07   1.0387E-06   0.68892
FLUX  427   489.00        6.130726E+14   7.4536E-07   1.0504E-06   0.70958
FLUX  428   491.00        6.105754E+14   7.4963E-07   1.0622E-06   0.70575
FLUX  429   493.00        6.080984E+14   6.9325E-07   1.0739E-06   0.64553
FLUX  430   495.00        6.056414E+14   6.9390E-07   1.0857E-06   0.63913
FLUX  431   497.00        6.032042E+14   6.6499E-07   1.0975E-06   0.60592
FLUX  432   499.00        6.007866E+14   5.9289E-07   1.1093E-06   0.53448
FLUX  433   501.00        5.983882E+14   5.2840E-07   1.1211E-06   0.47132
FLUX  434   503.00        5.960089E+14   5.7777E-07   1.1330E-06   0.50997
FLUX  435   505.00        5.936485E+14   5.4006E-07   1.1448E-06   0.47175
FLUX  436   507.00        5.913067E+14   5.1972E-07   1.1567E-06   0.44933
FLUX  437   509.00        5.889833E+14   5.0846E-07   1.1686E-06   0.43512
FLUX  438   511.00        5.866781E+14   5.2346E-07   1.1804E-06   0.44344
FLUX  439   513.00        5.843908E+14   5.0096E-07   1.1924E-06   0.42015
FLUX  440   515.00        5.821214E+14   4.6903E-07   1.2043E-06   0.38947
FLUX  441   517.00        5.798694E+14   4.6537E-07   1.2162E-06   0.38264
FLUX  442   519.00        5.776349E+14   5.2700E-07   1.2281E-06   0.42910
FLUX  443   521.00        5.754175E+14   6.1346E-07   1.2401E-06   0.49470
FLUX  444   523.00        5.732170E+14   8.7893E-07   1.2520E-06   0.70200
FLUX  445   525.00        5.710333E+14   9.8846E-07   1.2640E-06   0.78201
FLUX  446   527.00        5.688662E+14   7.6552E-07   1.2759E-06   0.59997
FLUX  447   529.00        5.667155E+14   1.0146E-06   1.2879E-06   0.78779
FLUX  448   531.00        5.645810E+14   1.1236E-06   1.2999E-06   0.86436
FLUX  449   533.00        5.624625E+14   9.3127E-07   1.3118E-06   0.70990
FLUX  450   535.00        5.603598E+14   1.0540E-06   1.3238E-06   0.79617
FLUX  451   537.00        5.582728E+14   1.0317E-06   1.3358E-06   0.77237
FLUX  452   539.00        5.562013E+14   1.0280E-06   1.3478E-06   0.76271
FLUX  453   541.00        5.541451E+14   1.0065E-06   1.3598E-06   0.74016
FLUX  454   543.00        5.521041E+14   1.0072E-06   1.3718E-06   0.73424
FLUX  455   545.00        5.500780E+14   1.0185E-06   1.3837E-06   0.73603
FLUX  456   547.00        5.480667E+14   1.1073E-06   1.3957E-06   0.79335
FLUX  457   549.00        5.460701E+14   1.1511E-06   1.4076E-06   0.81778
FLUX  458   551.00        5.440880E+14   1.1157E-06   1.4196E-06   0.78593
FLUX  459   553.00        5.421203E+14   1.2197E-06   1.4316E-06   0.85199
FLUX  460   555.00        5.401667E+14   1.2438E-06   1.4435E-06   0.86164
FLUX  461   557.00        5.382271E+14   1.2174E-06   1.4555E-06   0.83644
FLUX  462   559.00        5.363014E+14   1.1550E-06   1.4674E-06   0.78711
FLUX  463   561.00        5.343895E+14   1.2464E-06   1.4794E-06   0.84250
FLUX  464   563.00        5.324911E+14   1.3100E-06   1.4914E-06   0.87835
FLUX  465   565.00        5.306062E+14   1.3721E-06   1.5033E-06   0.91270
FLUX  466   567.00        5.287346E+14   1.3380E-06   1.5152E-06   0.88306
FLUX  467   569.00        5.268761E+14   1.3698E-06   1.5271E-06   0.89699
FLUX  468   571.00        5.250306E+14   1.3219E-06   1.5390E-06   0.85895
FLUX  469   573.00        5.231981E+14   1.4457E-06   1.5509E-06   0.93222
FLUX  470   575.00        5.213783E+14   1.4471E-06   1.5627E-06   0.92602
FLUX  471   577.00        5.195711E+14   1.4634E-06   1.5745E-06   0.92943
FLUX  472   579.00        5.177763E+14   1.4144E-06   1.5863E-06   0.89159
FLUX  473   581.00        5.159940E+14   1.4827E-06   1.5981E-06   0.92779
FLUX  474   583.00        5.142238E+14   1.5380E-06   1.6099E-06   0.95533
FLUX  475   585.00        5.124658E+14   1.4988E-06   1.6217E-06   0.92421
FLUX  476   587.00        5.107198E+14   1.5141E-06   1.6334E-06   0.92695
FLUX  477   589.00        5.089856E+14   1.3242E-06   1.6452E-06   0.80494
FLUX  478   591.00        5.072631E+14   1.5352E-06   1.6569E-06   0.92658
FLUX  479   593.00        5.055523E+14   1.5452E-06   1.6686E-06   0.92609
FLUX  480   595.00        5.038529E+14   1.5590E-06   1.6802E-06   0.92788
FLUX  481   597.00        5.021650E+14   1.5955E-06   1.6919E-06   0.94303
FLUX  482   599.00        5.004883E+14   1.5957E-06   1.7035E-06   0.93673
FLUX  483   601.00        4.988228E+14   1.5885E-06   1.7151E-06   0.92616
FLUX  484   603.00        4.971683E+14   1.6357E-06   1.7267E-06   0.94727
FLUX  485   605.00        4.955248E+14   1.6664E-06   1.7383E-06   0.95866
FLUX  486   607.00        4.938921E+14   1.6630E-06   1.7498E-06   0.95040
FLUX  487   609.00        4.922701E+14   1.6342E-06   1.7614E-06   0.92777
FLUX  488   611.00        4.906588E+14   1.6466E-06   1.7729E-06   0.92874
FLUX  489   613.00        4.890579E+14   1.5456E-06   1.7844E-06   0.86618
FLUX  490   615.00        4.874675E+14   1.6555E-06   1.7958E-06   0.92183
FLUX  491   617.00        4.858874E+14   1.4861E-06   1.8073E-06   0.82231
FLUX  492   619.00        4.843174E+14   1.6892E-06   1.8187E-06   0.92879
FLUX  493   621.00        4.827576E+14   1.6729E-06   1.8301E-06   0.91413
FLUX  494   623.00        4.812079E+14   1.6452E-06   1.8415E-06   0.89344
FLUX  495   625.00        4.796680E+14   1.6060E-06   1.8528E-06   0.86678
FLUX  496   627.00        4.781380E+14   1.6767E-06   1.8643E-06   0.89934
FLUX  497   629.00        4.766176E+14   1.7320E-06   1.8756E-06   0.92345
FLUX  498   631.00        4.751070E+14   1.7035E-06   1.8869E-06   0.90281
FLUX  499   633.00        4.736058E+14   1.7410E-06   1.8981E-06   0.91724
FLUX  500   635.00        4.721142E+14   1.7686E-06   1.9093E-06   0.92629
FLUX  501   637.00        4.706319E+14   1.7790E-06   1.9205E-06   0.92635
FLUX  502   639.00        4.691588E+14   1.8213E-06   1.9316E-06   0.94290
FLUX  503   641.00        4.676950E+14   1.7880E-06   1.9428E-06   0.92035
FLUX  504   643.00        4.662403E+14   1.8072E-06   1.9538E-06   0.92497
FLUX  505   645.00        4.647946E+14   1.7720E-06   1.9649E-06   0.90183
FLUX  506   647.00        4.633578E+14   1.7719E-06   1.9759E-06   0.89677
FLUX  507   649.00        4.619299E+14   1.7687E-06   1.9869E-06   0.89019
FLUX  508   651.00        4.605108E+14   1.8551E-06   1.9979E-06   0.92852
FLUX  509   653.00        4.591003E+14   1.9091E-06   2.0088E-06   0.95039
FLUX  510   655.00        4.576985E+14   1.8834E-06   2.0206E-06   0.93210
FLUX  511   657.00        4.563052E+14   1.8820E-06   2.0315E-06   0.92638
FLUX  512   659.00        4.549203E+14   1.9140E-06   2.0423E-06   0.93719
FLUX  513   661.00        4.535439E+14   1.9410E-06   2.0531E-06   0.94538
FLUX  514   663.00        4.521757E+14   1.9570E-06   2.0639E-06   0.94823
FLUX  515   665.00        4.508158E+14   1.9697E-06   2.0746E-06   0.94943
FLUX  516   667.00        4.494640E+14   1.9384E-06   2.0853E-06   0.92956
FLUX  517   669.00        4.481203E+14   1.9586E-06   2.0959E-06   0.93449
FLUX  518   671.00        4.467846E+14   1.8919E-06   2.1066E-06   0.89812
FLUX  519   673.00        4.454569E+14   1.9620E-06   2.1171E-06   0.92671
FLUX  520   675.00        4.441370E+14   1.9319E-06   2.1277E-06   0.90800
FLUX  521   677.00        4.428250E+14   1.9620E-06   2.1382E-06   0.91761
FLUX  522   679.00        4.415206E+14   1.9462E-06   2.1487E-06   0.90577
FLUX  523   681.00        4.402239E+14   1.9742E-06   2.1591E-06   0.91433
FLUX  524   683.00        4.389348E+14   2.0152E-06   2.1696E-06   0.92887
FLUX  525   685.00        4.376533E+14   1.9937E-06   2.1799E-06   0.91457
FLUX  526   687.00        4.363792E+14   2.0191E-06   2.1903E-06   0.92186
FLUX  527   689.00        4.351125E+14   2.0497E-06   2.2006E-06   0.93143
FLUX  528   691.00        4.338531E+14   2.0688E-06   2.2109E-06   0.93576
FLUX  529   693.00        4.326010E+14   2.0718E-06   2.2211E-06   0.93277
FLUX  530   695.00        4.313561E+14   2.0871E-06   2.2313E-06   0.93537
FLUX  531   697.00        4.301184E+14   2.1336E-06   2.2415E-06   0.95186
FLUX  532   699.00        4.288877E+14   2.1122E-06   2.2516E-06   0.93808
FLUX  533   701.00        4.276641E+14   2.1327E-06   2.2617E-06   0.94297
FLUX  534   703.00        4.264474E+14   2.1651E-06   2.2717E-06   0.95306
FLUX  535   705.00        4.252376E+14   2.1934E-06   2.2817E-06   0.96130
FLUX  536   707.00        4.240347E+14   2.1542E-06   2.2917E-06   0.93999
FLUX  537   709.00        4.228385E+14   2.0965E-06   2.3016E-06   0.91087
FLUX  538   711.00        4.216491E+14   2.0391E-06   2.3115E-06   0.88215
FLUX  539   713.00        4.204663E+14   1.9954E-06   2.3214E-06   0.85958
FLUX  540   715.00        4.192902E+14   1.9589E-06   2.3312E-06   0.84028
FLUX  541   717.00        4.181206E+14   2.0547E-06   2.3410E-06   0.87771
FLUX  542   719.00        4.169576E+14   2.0340E-06   2.3507E-06   0.86524
FLUX  543   721.00        4.158010E+14   2.0451E-06   2.3604E-06   0.86641
FLUX  544   723.00        4.146508E+14   2.1520E-06   2.3701E-06   0.90800
FLUX  545   725.00        4.135069E+14   2.1607E-06   2.3803E-06   0.90775
FLUX  546   727.00        4.123693E+14   2.2154E-06   2.3899E-06   0.92702
FLUX  547   729.00        4.112380E+14   2.2301E-06   2.3994E-06   0.92944
FLUX  548   731.00        4.101129E+14   2.2610E-06   2.4101E-06   0.93813
FLUX  549   733.00        4.089939E+14   2.2510E-06   2.4196E-06   0.93035
FLUX  550   735.00        4.078810E+14   2.2704E-06   2.4290E-06   0.93471
FLUX  551   737.00        4.067741E+14   2.3263E-06   2.4383E-06   0.95406
FLUX  552   739.00        4.056732E+14   2.3212E-06   2.4477E-06   0.94834
FLUX  553   741.00        4.045783E+14   2.3104E-06   2.4570E-06   0.94033
FLUX  554   743.00        4.034892E+14   2.3587E-06   2.4662E-06   0.95638
FLUX  555   745.00        4.024060E+14   2.3565E-06   2.4754E-06   0.95196
FLUX  556   747.00        4.013286E+14   2.3931E-06   2.4846E-06   0.96317
FLUX  557   749.00        4.002570E+14   2.3983E-06   2.4937E-06   0.96171
FLUX  558   751.00        3.991911E+14   2.4246E-06   2.5028E-06   0.96873
FLUX  559   753.00        3.981308E+14   2.4508E-06   2.5119E-06   0.97565
FLUX  560   755.00        3.970762E+14   2.4686E-06   2.5209E-06   0.97923
FLUX  561   757.00        3.960271E+14   2.4722E-06   2.5299E-06   0.97717
FLUX  562   759.00        3.949835E+14   2.4654E-06   2.5389E-06   0.97105
FLUX  563   761.00        3.939455E+14   2.4727E-06   2.5478E-06   0.97052
FLUX  564   763.00        3.929128E+14   2.4772E-06   2.5566E-06   0.96892
FLUX  565   765.00        3.918856E+14   2.4667E-06   2.5654E-06   0.96150
FLUX  566   767.00        3.908638E+14   2.3489E-06   2.5742E-06   0.91248
FLUX  567   769.00        3.898472E+14   2.4511E-06   2.5830E-06   0.94894
FLUX  568   771.00        3.888359E+14   2.3894E-06   2.5917E-06   0.92196
FLUX  569   773.00        3.878299E+14   2.4517E-06   2.6003E-06   0.94283
FLUX  570   775.00        3.868290E+14   2.4352E-06   2.6090E-06   0.93339
FLUX  571   777.00        3.858333E+14   2.4875E-06   2.6176E-06   0.95030
FLUX  572   779.00        3.848427E+14   2.5008E-06   2.6261E-06   0.95229
FLUX  573   781.00        3.838572E+14   2.5089E-06   2.6346E-06   0.95228
FLUX  574   783.00        3.828768E+14   2.4892E-06   2.6431E-06   0.94175
FLUX  575   785.00        3.819013E+14   2.4913E-06   2.6516E-06   0.93955
FLUX  576   787.00        3.809307E+14   2.5561E-06   2.6600E-06   0.96095
FLUX  577   789.00        3.799651E+14   2.5522E-06   2.6683E-06   0.95647
FLUX  578   791.00        3.790044E+14   2.5360E-06   2.6766E-06   0.94744
FLUX  579   793.00        3.780485E+14   2.5441E-06   2.6849E-06   0.94753
FLUX  580   795.00        3.770975E+14   2.5287E-06   2.6932E-06   0.93893
FLUX  581   797.00        3.761512E+14   2.6066E-06   2.7014E-06   0.96493
FLUX  582   799.00        3.752096E+14   2.6138E-06   2.7095E-06   0.96465
FLUX  583   801.00        3.742728E+14   2.6168E-06   2.7177E-06   0.96288
FLUX  584   803.00        3.733406E+14   2.6259E-06   2.7257E-06   0.96336
FLUX  585   805.00        3.724130E+14   2.6322E-06   2.7338E-06   0.96285
FLUX  586   807.00        3.714901E+14   2.6500E-06   2.7418E-06   0.96652
FLUX  587   809.00        3.705717E+14   2.6500E-06   2.7497E-06   0.96374
FLUX  588   811.00        3.696578E+14   2.6824E-06   2.7577E-06   0.97272
FLUX  589   813.00        3.687485E+14   2.7148E-06   2.7655E-06   0.98165
FLUX  590   815.00        3.678436E+14   2.7251E-06   2.7734E-06   0.98259
FLUX  591   817.00        3.669431E+14   2.7294E-06   2.7812E-06   0.98139
FLUX  592   819.00        3.660470E+14   2.5771E-06   2.7889E-06   0.92404
FLUX  593   821.00        3.651553E+14   2.7012E-06   2.7967E-06   0.96587
FLUX  594   823.00        3.642679E+14   2.7305E-06   2.8043E-06   0.97366
FLUX  595   825.00        3.633848E+14   2.7417E-06   2.8120E-06   0.97500
FLUX  596   827.00        3.625060E+14   2.7857E-06   2.8196E-06   0.98800
FLUX  597   829.00        3.616315E+14   2.7840E-06   2.8271E-06   0.98475
FLUX  598   831.00        3.607611E+14   2.7534E-06   2.8347E-06   0.97132
FLUX  599   833.00        3.598950E+14   2.7091E-06   2.8421E-06   0.95320
FLUX  600   835.00        3.590329E+14   2.7607E-06   2.8496E-06   0.96879
FLUX  601   837.00        3.581750E+14   2.7668E-06   2.8570E-06   0.96844
FLUX  602   839.00        3.573212E+14   2.6422E-06   2.8644E-06   0.92242
FLUX  603   841.00        3.564715E+14   2.7794E-06   2.8717E-06   0.96784
FLUX  604   843.00        3.556257E+14   2.6691E-06   2.8790E-06   0.92710
FLUX  605   845.00        3.547840E+14   2.7315E-06   2.8863E-06   0.94637
FLUX  606   847.00        3.539463E+14   2.7304E-06   2.8935E-06   0.94362
FLUX  607   849.00        3.531125E+14   2.7635E-06   2.9007E-06   0.95270
FLUX  608   851.00        3.522826E+14   2.6655E-06   2.9078E-06   0.91665
FLUX  609   853.00        3.514566E+14   2.7924E-06   2.9150E-06   0.95797
FLUX  610   855.00        3.506345E+14   2.6665E-06   2.9220E-06   0.91254
FLUX  611   857.00        3.498162E+14   2.8392E-06   2.9291E-06   0.96930
FLUX  612   859.00        3.490017E+14   2.8243E-06   2.9361E-06   0.96192
FLUX  613   861.00        3.481911E+14   2.8274E-06   2.9431E-06   0.96070
FLUX  614   863.00        3.473841E+14   2.8584E-06   2.9500E-06   0.96894
FLUX  615   865.00        3.465809E+14   2.8994E-06   2.9569E-06   0.98056
FLUX  616   867.00        3.457814E+14   2.7015E-06   2.9638E-06   0.91151
FLUX  617   869.00        3.449856E+14   2.7829E-06   2.9706E-06   0.93682
FLUX  618   871.00        3.441935E+14   2.9011E-06   2.9774E-06   0.97438
FLUX  619   873.00        3.434049E+14   2.9114E-06   2.9841E-06   0.97561
FLUX  620   875.00        3.426200E+14   2.9128E-06   2.9909E-06   0.97390
FLUX  621   877.00        3.418387E+14   2.9160E-06   2.9976E-06   0.97278
FLUX  622   879.00        3.410609E+14   2.9450E-06   3.0042E-06   0.98031
FLUX  623   881.00        3.402866E+14   2.8544E-06   3.0108E-06   0.94805
FLUX  624   883.00        3.395159E+14   2.9065E-06   3.0174E-06   0.96323
FLUX  625   885.00        3.387486E+14   2.9563E-06   3.0240E-06   0.97762
FLUX  626   887.00        3.379848E+14   2.9535E-06   3.0305E-06   0.97459
FLUX  627   889.00        3.372244E+14   3.0060E-06   3.0370E-06   0.98979
FLUX  628   891.00        3.364675E+14   3.0159E-06   3.0434E-06   0.99097
FLUX  629   893.00        3.357139E+14   2.9902E-06   3.0498E-06   0.98046
FLUX  630   895.00        3.349637E+14   2.9785E-06   3.0562E-06   0.97459
FLUX  631   897.00        3.342168E+14   3.0034E-06   3.0626E-06   0.98069
FLUX  632   899.00        3.334733E+14   3.0269E-06   3.0689E-06   0.98631
FLUX  633   901.00        3.327331E+14   2.9213E-06   3.0751E-06   0.94997
FLUX  634   903.00        3.319961E+14   3.0106E-06   3.0814E-06   0.97703
FLUX  635   905.00        3.312624E+14   3.0714E-06   3.0876E-06   0.99477
FLUX  636   907.00        3.305320E+14   3.0754E-06   3.0937E-06   0.99406
FLUX  637   909.00        3.298047E+14   2.9922E-06   3.0999E-06   0.96527
FLUX  638   911.00        3.290807E+14   3.0258E-06   3.1060E-06   0.97418
FLUX  639   913.00        3.283598E+14   3.0716E-06   3.1120E-06   0.98701
FLUX  640   915.00        3.276421E+14   3.0835E-06   3.1181E-06   0.98893
FLUX  641   917.00        3.269275E+14   3.0912E-06   3.1241E-06   0.98948
FLUX  642   919.00        3.262160E+14   3.1207E-06   3.1301E-06   0.99700
FLUX  643   921.00        3.255076E+14   3.0835E-06   3.1360E-06   0.98327
FLUX  644   923.00        3.248023E+14   3.1101E-06   3.1419E-06   0.98987
FLUX  645   925.00        3.241000E+14   3.0829E-06   3.1478E-06   0.97937
FLUX  646   927.00        3.234008E+14   3.0935E-06   3.1537E-06   0.98090
FLUX  647   929.00        3.227045E+14   3.0827E-06   3.1595E-06   0.97568
FLUX  648   931.00        3.220113E+14   3.1292E-06   3.1653E-06   0.98858
FLUX  649   933.00        3.213210E+14   3.1317E-06   3.1711E-06   0.98759
FLUX  650   935.00        3.206337E+14   3.1235E-06   3.1768E-06   0.98324
FLUX  651   937.00        3.199493E+14   3.0955E-06   3.1825E-06   0.97265
FLUX  652   939.00        3.192678E+14   3.1475E-06   3.1882E-06   0.98725
FLUX  653   941.00        3.185893E+14   3.1079E-06   3.1938E-06   0.97310
FLUX  654   943.00        3.179136E+14   3.1615E-06   3.1994E-06   0.98813
FLUX  655   945.00        3.172407E+14   3.1125E-06   3.2050E-06   0.97112
FLUX  656   947.00        3.165707E+14   3.1734E-06   3.2106E-06   0.98843
FLUX  657   949.00        3.159036E+14   3.1892E-06   3.2161E-06   0.99164
FLUX  658   951.00        3.152392E+14   3.1864E-06   3.2216E-06   0.98907
FLUX  659   953.00        3.145776E+14   3.1856E-06   3.2271E-06   0.98714
FLUX  660   955.00        3.139188E+14   3.1445E-06   3.2325E-06   0.97277
FLUX  661   957.00        3.132628E+14   3.1677E-06   3.2379E-06   0.97830
FLUX  662   959.00        3.126095E+14   3.2231E-06   3.2433E-06   0.99377
FLUX  663   961.00        3.119589E+14   3.1800E-06   3.2487E-06   0.97886
FLUX  664   963.00        3.113110E+14   3.2206E-06   3.2540E-06   0.98975
FLUX  665   965.00        3.106658E+14   3.1189E-06   3.2593E-06   0.95693
FLUX  666   967.00        3.100233E+14   3.1446E-06   3.2646E-06   0.96326
FLUX  667   969.00        3.093834E+14   3.2177E-06   3.2698E-06   0.98408
FLUX  668   971.00        3.087461E+14   3.1952E-06   3.2750E-06   0.97562
FLUX  669   973.00        3.081115E+14   3.1723E-06   3.2802E-06   0.96710
FLUX  670   975.00        3.074795E+14   3.1959E-06   3.2854E-06   0.97277
FLUX  671   977.00        3.068501E+14   3.2264E-06   3.2905E-06   0.98053
FLUX  672   979.00        3.062232E+14   3.1616E-06   3.2956E-06   0.95933
FLUX  673   981.00        3.055989E+14   3.2794E-06   3.3007E-06   0.99356
FLUX  674   983.00        3.049771E+14   3.2557E-06   3.3058E-06   0.98485
FLUX  675   985.00        3.043579E+14   3.3003E-06   3.3108E-06   0.99682
FLUX  676   987.00        3.037411E+14   3.2911E-06   3.3158E-06   0.99254
FLUX  677   989.00        3.031269E+14   3.2975E-06   3.3208E-06   0.99299
FLUX  678   991.00        3.025151E+14   3.3046E-06   3.3258E-06   0.99364
FLUX  679   993.00        3.019058E+14   3.3107E-06   3.3307E-06   0.99401
FLUX  680   995.00        3.012990E+14   3.3192E-06   3.3356E-06   0.99509
FLUX  681   997.00        3.006946E+14   3.3257E-06   3.3405E-06   0.99557
FLUX  682   999.00        3.000926E+14   3.3341E-06   3.3454E-06   0.99663
FLUX  683  1002.50        2.990449E+14   3.3275E-06   3.3539E-06   0.99213
FLUX  684  1007.50        2.975608E+14   3.3349E-06   3.3659E-06   0.99081
FLUX  685  1012.50        2.960914E+14   3.3615E-06   3.3778E-06   0.99518
FLUX  686  1017.50        2.946364E+14   3.3625E-06   3.3896E-06   0.99200
FLUX  687  1022.50        2.931956E+14   3.3745E-06   3.4013E-06   0.99213
FLUX  688  1027.50        2.917689E+14   3.4001E-06   3.4129E-06   0.99625
FLUX  689  1032.50        2.903559E+14   3.3756E-06   3.4244E-06   0.98574
FLUX  690  1037.50        2.889566E+14   3.3903E-06   3.4358E-06   0.98676
FLUX  691  1042.50        2.875707E+14   3.4294E-06   3.4470E-06   0.99489
FLUX  692  1047.50        2.861981E+14   3.4202E-06   3.4581E-06   0.98902
FLUX  693  1052.50        2.848385E+14   3.4543E-06   3.4691E-06   0.99574
FLUX  694  1057.50        2.834917E+14   3.4434E-06   3.4799E-06   0.98952
FLUX  695  1062.50        2.821576E+14   3.4668E-06   3.4906E-06   0.99318
FLUX  696  1067.50        2.808361E+14   3.4524E-06   3.5012E-06   0.98604
FLUX  697  1072.50        2.795268E+14   3.4704E-06   3.5118E-06   0.98823
FLUX  698  1077.50        2.782297E+14   3.4778E-06   3.5222E-06   0.98739
FLUX  699  1082.50        2.769446E+14   3.4517E-06   3.5327E-06   0.97708
FLUX  700  1087.50        2.756713E+14   3.4952E-06   3.5430E-06   0.98649
FLUX  701  1092.50        2.744096E+14   3.5328E-06   3.5533E-06   0.99422
FLUX  702  1097.50        2.731595E+14   3.5276E-06   3.5635E-06   0.98992
FLUX  703  1102.50        2.719206E+14   3.5513E-06   3.5736E-06   0.99376
FLUX  704  1107.50        2.706930E+14   3.5742E-06   3.5837E-06   0.99736
FLUX  705  1112.50        2.694764E+14   3.5776E-06   3.5936E-06   0.99555
FLUX  706  1117.50        2.682707E+14   3.5737E-06   3.6035E-06   0.99174
FLUX  707  1122.50        2.670757E+14   3.6004E-06   3.6133E-06   0.99641
FLUX  708  1127.50        2.658914E+14   3.5620E-06   3.6232E-06   0.98312
FLUX  709  1132.50        2.647174E+14   3.5964E-06   3.6330E-06   0.98994
FLUX  710  1137.50        2.635538E+14   3.5737E-06   3.6428E-06   0.98103
FLUX  711  1142.50        2.624004E+14   3.5521E-06   3.6523E-06   0.97254
FLUX  712  1147.50        2.612571E+14   3.6374E-06   3.6618E-06   0.99333
FLUX  713  1152.50        2.601236E+14   3.6642E-06   3.6712E-06   0.99811
FLUX  714  1157.50        2.590000E+14   3.6504E-06   3.6805E-06   0.99182
FLUX  715  1162.50        2.578860E+14   3.6121E-06   3.6898E-06   0.97894
FLUX  716  1167.50        2.567816E+14   3.6489E-06   3.6992E-06   0.98641
FLUX  717  1172.50        2.556866E+14   3.7017E-06   3.7085E-06   0.99816
FLUX  718  1177.50        2.546008E+14   3.6515E-06   3.7178E-06   0.98216
FLUX  719  1182.50        2.535243E+14   3.6619E-06   3.7272E-06   0.98248
FLUX  720  1187.50        2.524568E+14   3.6486E-06   3.7365E-06   0.97648
FLUX  721  1192.50        2.513983E+14   3.7396E-06   3.7459E-06   0.99831
FLUX  722  1197.50        2.503486E+14   3.6423E-06   3.7552E-06   0.96993
FLUX  723  1202.50        2.493077E+14   3.7383E-06   3.7645E-06   0.99303
FLUX  724  1207.50        2.482754E+14   3.7243E-06   3.7739E-06   0.98688
FLUX  725  1212.50        2.472515E+14   3.7660E-06   3.7832E-06   0.99546
FLUX  726  1217.50        2.462361E+14   3.7873E-06   3.7926E-06   0.99862
FLUX  727  1222.50        2.452290E+14   3.7947E-06   3.8020E-06   0.99808
FLUX  728  1227.50        2.442301E+14   3.7954E-06   3.8114E-06   0.99580
FLUX  729  1232.50        2.432394E+14   3.8040E-06   3.8209E-06   0.99556
FLUX  730  1237.50        2.422566E+14   3.8210E-06   3.8305E-06   0.99752
FLUX  731  1242.50        2.412817E+14   3.8133E-06   3.8401E-06   0.99302
FLUX  732  1247.50        2.403146E+14   3.8419E-06   3.8498E-06   0.99794
FLUX  733  1252.50        2.393553E+14   3.8274E-06   3.8596E-06   0.99167
FLUX  734  1257.50        2.384036E+14   3.8581E-06   3.8694E-06   0.99706
FLUX  735  1262.50        2.374594E+14   3.8616E-06   3.8794E-06   0.99540
FLUX  736  1267.50        2.365227E+14   3.8551E-06   3.8895E-06   0.99116
FLUX  737  1272.50        2.355933E+14   3.8841E-06   3.8997E-06   0.99600
FLUX  738  1277.50        2.346712E+14   3.9065E-06   3.9100E-06   0.99911
FLUX  739  1282.50        2.337563E+14   3.8293E-06   3.9204E-06   0.97676
FLUX  740  1287.50        2.328485E+14   3.8918E-06   3.9309E-06   0.99006
FLUX  741  1292.50        2.319478E+14   3.8747E-06   3.9414E-06   0.98307
FLUX  742  1297.50        2.310539E+14   3.9382E-06   3.9520E-06   0.99652
FLUX  743  1302.50        2.301670E+14   3.9306E-06   3.9628E-06   0.99189
FLUX  744  1307.50        2.292868E+14   3.9625E-06   3.9737E-06   0.99716
FLUX  745  1312.50        2.284133E+14   3.8772E-06   3.9849E-06   0.97299
FLUX  746  1317.50        2.275465E+14   3.9219E-06   3.9961E-06   0.98142
FLUX  747  1322.50        2.266862E+14   3.9865E-06   4.0075E-06   0.99476
FLUX  748  1327.50        2.258324E+14   3.9599E-06   4.0191E-06   0.98526
FLUX  749  1332.50        2.249850E+14   3.9844E-06   4.0309E-06   0.98847
FLUX  750  1337.50        2.241439E+14   4.0117E-06   4.0428E-06   0.99231
FLUX  751  1342.50        2.233091E+14   4.0409E-06   4.0549E-06   0.99657
FLUX  752  1347.50        2.224805E+14   4.0497E-06   4.0671E-06   0.99573
FLUX  753  1352.50        2.216580E+14   4.0604E-06   4.0795E-06   0.99533
FLUX  754  1357.50        2.208416E+14   4.0466E-06   4.0921E-06   0.98887
FLUX  755  1362.50        2.200312E+14   4.0388E-06   4.1050E-06   0.98388
FLUX  756  1367.50        2.192267E+14   4.0882E-06   4.1180E-06   0.99277
FLUX  757  1372.50        2.184281E+14   4.1176E-06   4.1313E-06   0.99669
FLUX  758  1377.50        2.176352E+14   4.1182E-06   4.1447E-06   0.99359
FLUX  759  1382.50        2.168481E+14   4.1405E-06   4.1584E-06   0.99571
FLUX  760  1387.50        2.160667E+14   4.1211E-06   4.1723E-06   0.98773
FLUX  761  1392.50        2.152908E+14   4.1711E-06   4.1864E-06   0.99634
FLUX  762  1397.50        2.145206E+14   4.1861E-06   4.2008E-06   0.99650
FLUX  763  1402.50        2.137558E+14   4.1616E-06   4.2154E-06   0.98724
FLUX  764  1407.50        2.129964E+14   4.2143E-06   4.2304E-06   0.99620
FLUX  765  1412.50        2.122425E+14   4.2036E-06   4.2456E-06   0.99009
FLUX  766  1417.50        2.114938E+14   4.2475E-06   4.2611E-06   0.99679
FLUX  767  1422.50        2.107504E+14   4.2264E-06   4.2769E-06   0.98819
FLUX  768  1427.50        2.100123E+14   4.1539E-06   4.2930E-06   0.96760
FLUX  769  1432.50        2.092792E+14   4.2720E-06   4.3093E-06   0.99136
FLUX  770  1437.50        2.085513E+14   4.3002E-06   4.3258E-06   0.99407
FLUX  771  1442.50        2.078284E+14   4.2507E-06   4.3427E-06   0.97882
FLUX  772  1447.50        2.071105E+14   4.3291E-06   4.3598E-06   0.99297
FLUX  773  1452.50        2.063976E+14   4.3097E-06   4.3772E-06   0.98458
FLUX  774  1457.00        2.057601E+14   4.3298E-06   4.3931E-06   0.98558
FLUX  775  1462.00        2.050564E+14   4.3731E-06   4.4112E-06   0.99137
FLUX  776  1467.50        2.042879E+14   4.3917E-06   4.4314E-06   0.99106
FLUX  777  1472.50        2.035942E+14   4.3659E-06   4.4501E-06   0.98109
FLUX  778  1477.50        2.029052E+14   4.3909E-06   4.4691E-06   0.98249
FLUX  779  1482.50        2.022209E+14   4.4252E-06   4.4883E-06   0.98595
FLUX  780  1487.50        2.015412E+14   4.3527E-06   4.5077E-06   0.96563
FLUX  781  1492.50        2.008660E+14   4.4901E-06   4.5273E-06   0.99180
FLUX  782  1497.50        2.001953E+14   4.4731E-06   4.5471E-06   0.98372
FLUX  783  1502.50        1.995291E+14   4.2740E-06   4.5672E-06   0.93579
FLUX  784  1507.50        1.988673E+14   4.4010E-06   4.5876E-06   0.95934
FLUX  785  1512.50        1.982099E+14   4.5353E-06   4.6081E-06   0.98421
FLUX  786  1517.50        1.975568E+14   4.5404E-06   4.6288E-06   0.98091
FLUX  787  1522.50        1.969080E+14   4.5614E-06   4.6496E-06   0.98103
FLUX  788  1527.50        1.962635E+14   4.6023E-06   4.6705E-06   0.98540
FLUX  789  1532.50        1.956232E+14   4.6066E-06   4.6915E-06   0.98190
FLUX  790  1537.50        1.949870E+14   4.6518E-06   4.7124E-06   0.98714
FLUX  791  1542.50        1.943549E+14   4.6856E-06   4.7334E-06   0.98991
FLUX  792  1547.50        1.937270E+14   4.6990E-06   4.7542E-06   0.98837
FLUX  793  1552.50        1.931031E+14   4.6738E-06   4.7750E-06   0.97880
FLUX  794  1557.50        1.924831E+14   4.6952E-06   4.7955E-06   0.97908
FLUX  795  1562.50        1.918672E+14   4.7434E-06   4.8156E-06   0.98499
FLUX  796  1567.50        1.912552E+14   4.7011E-06   4.8353E-06   0.97225
FLUX  797  1572.50        1.906471E+14   4.7362E-06   4.8545E-06   0.97564
FLUX  798  1577.50        1.900428E+14   4.6045E-06   4.8732E-06   0.94485
FLUX  799  1582.50        1.894423E+14   4.7434E-06   4.8912E-06   0.96979
FLUX  800  1587.50        1.888457E+14   4.6865E-06   4.9082E-06   0.95483
FLUX  801  1592.50        1.882527E+14   4.7712E-06   4.9243E-06   0.96891
FLUX  802  1597.50        1.876635E+14   4.8179E-06   4.9393E-06   0.97541
FLUX  803  1605.00        1.867866E+14   4.8493E-06   4.9593E-06   0.97783
FLUX  804  1615.00        1.856300E+14   4.8322E-06   4.9794E-06   0.97044
FLUX  805  1625.00        1.844877E+14   4.8637E-06   4.9902E-06   0.97465
FLUX  806  1635.00        1.833593E+14   4.8825E-06   4.9859E-06   0.97926
FLUX  807  1645.00        1.822447E+14   4.8621E-06   4.9605E-06   0.98017
FLUX  808  1655.00        1.811435E+14   4.8549E-06   4.9205E-06   0.98666
FLUX  809  1665.00        1.800556E+14   4.8155E-06   4.8811E-06   0.98655
FLUX  810  1675.00        1.789806E+14   4.7226E-06   4.8421E-06   0.97533
FLUX  811  1685.00        1.779184E+14   4.7353E-06   4.8035E-06   0.98579
FLUX  812  1695.00        1.768687E+14   4.7312E-06   4.7654E-06   0.99283
FLUX  813  1705.00        1.758314E+14   4.6494E-06   4.7277E-06   0.98344
FLUX  814  1715.00        1.748061E+14   4.6097E-06   4.6904E-06   0.98279
FLUX  815  1725.00        1.737928E+14   4.5746E-06   4.6536E-06   0.98303
FLUX  816  1735.00        1.727911E+14   4.5549E-06   4.6172E-06   0.98651
FLUX  817  1745.00        1.718009E+14   4.5171E-06   4.5813E-06   0.98599
FLUX  818  1755.00        1.708219E+14   4.4904E-06   4.5458E-06   0.98782
FLUX  819  1765.00        1.698541E+14   4.4689E-06   4.5107E-06   0.99073
FLUX  820  1775.00        1.688972E+14   4.4172E-06   4.4760E-06   0.98685
FLUX  821  1785.00        1.679510E+14   4.4115E-06   4.4418E-06   0.99319
FLUX  822  1795.00        1.670153E+14   4.3682E-06   4.4080E-06   0.99096
FLUX  823  1805.00        1.660900E+14   4.3214E-06   4.3747E-06   0.98781
FLUX  824  1815.00        1.651749E+14   4.3033E-06   4.3418E-06   0.99112
FLUX  825  1825.00        1.642699E+14   4.2579E-06   4.3090E-06   0.98814
FLUX  826  1835.00        1.633747E+14   4.2182E-06   4.2754E-06   0.98663
FLUX  827  1845.00        1.624892E+14   4.1466E-06   4.2421E-06   0.97750
FLUX  828  1855.00        1.616132E+14   4.1672E-06   4.2091E-06   0.99003
FLUX  829  1865.00        1.607466E+14   4.1015E-06   4.1766E-06   0.98202
FLUX  830  1875.00        1.598893E+14   4.0572E-06   4.1444E-06   0.97897
FLUX  831  1885.00        1.590411E+14   4.0608E-06   4.1125E-06   0.98744
FLUX  832  1895.00        1.582018E+14   3.9530E-06   4.0809E-06   0.96865
FLUX  833  1905.00        1.573714E+14   4.0057E-06   4.0497E-06   0.98914
FLUX  834  1915.00        1.565496E+14   3.9646E-06   4.0188E-06   0.98650
FLUX  835  1925.00        1.557364E+14   3.9442E-06   3.9883E-06   0.98893
FLUX  836  1935.00        1.549315E+14   3.8550E-06   3.9581E-06   0.97396
FLUX  837  1945.00        1.541350E+14   3.8167E-06   3.9282E-06   0.97161
FLUX  838  1955.00        1.533465E+14   3.8249E-06   3.8987E-06   0.98107
FLUX  839  1965.00        1.525662E+14   3.8230E-06   3.8694E-06   0.98801
FLUX  840  1975.00        1.517937E+14   3.7274E-06   3.8405E-06   0.97054
FLUX  841  1985.00        1.510290E+14   3.7122E-06   3.8119E-06   0.97385
FLUX  842  1995.00        1.502719E+14   3.7115E-06   3.7835E-06   0.98096
FLUX  843  2005.00        1.495224E+14   3.7386E-06   3.7555E-06   0.99549
FLUX  844  2015.00        1.487804E+14   3.7158E-06   3.7278E-06   0.99677
FLUX  845  2025.00        1.480457E+14   3.6574E-06   3.7003E-06   0.98839
FLUX  846  2035.00        1.473182E+14   3.6379E-06   3.6732E-06   0.99040
FLUX  847  2045.00        1.465978E+14   3.6336E-06   3.6463E-06   0.99651
FLUX  848  2055.00        1.458844E+14   3.6019E-06   3.6197E-06   0.99508
FLUX  849  2065.00        1.451780E+14   3.5623E-06   3.5934E-06   0.99133
FLUX  850  2075.00        1.444783E+14   3.5459E-06   3.5674E-06   0.99399
FLUX  851  2085.00        1.437854E+14   3.5208E-06   3.5416E-06   0.99414
FLUX  852  2095.00        1.430990E+14   3.4665E-06   3.5161E-06   0.98589
FLUX  853  2105.00        1.424192E+14   3.4705E-06   3.4909E-06   0.99415
FLUX  854  2115.00        1.417459E+14   3.4365E-06   3.4659E-06   0.99150
FLUX  855  2125.00        1.410788E+14   3.4206E-06   3.4412E-06   0.99401
FLUX  856  2135.00        1.404180E+14   3.4066E-06   3.4168E-06   0.99704
FLUX  857  2145.00        1.397634E+14   3.3810E-06   3.3925E-06   0.99660
FLUX  858  2155.00        1.391148E+14   3.3573E-06   3.3686E-06   0.99666
FLUX  859  2165.00        1.384723E+14   3.3323E-06   3.3448E-06   0.99626
FLUX  860  2175.00        1.378356E+14   3.2953E-06   3.3213E-06   0.99217
FLUX  861  2185.00        1.372048E+14   3.2822E-06   3.2981E-06   0.99520
FLUX  862  2195.00        1.365797E+14   3.2592E-06   3.2750E-06   0.99515
FLUX  863  2205.00        1.359603E+14   3.1769E-06   3.2522E-06   0.97685
FLUX  864  2215.00        1.353465E+14   3.2240E-06   3.2296E-06   0.99826
FLUX  865  2225.00        1.347382E+14   3.1632E-06   3.2073E-06   0.98625
FLUX  866  2235.00        1.341353E+14   3.1574E-06   3.1851E-06   0.99130
FLUX  867  2245.00        1.335379E+14   3.1421E-06   3.1632E-06   0.99333
FLUX  868  2255.00        1.329457E+14   3.1337E-06   3.1415E-06   0.99751
FLUX  869  2265.00        1.323587E+14   3.0794E-06   3.1200E-06   0.98697
FLUX  870  2275.00        1.317769E+14   3.0935E-06   3.0988E-06   0.99830
FLUX  871  2285.00        1.312002E+14   3.0521E-06   3.0780E-06   0.99159
FLUX  872  2295.00        1.306285E+14   2.8359E-06   3.0574E-06   0.92754
FLUX  873  2305.00        1.300618E+14   2.9306E-06   3.0371E-06   0.96494
FLUX  874  2315.00        1.295000E+14   2.9302E-06   3.0169E-06   0.97125
FLUX  875  2325.00        1.289430E+14   2.7099E-06   2.9970E-06   0.90421
FLUX  876  2335.00        1.283908E+14   2.7996E-06   2.9772E-06   0.94035
FLUX  877  2345.00        1.278433E+14   2.8479E-06   2.9576E-06   0.96288
FLUX  878  2355.00        1.273004E+14   2.6342E-06   2.9383E-06   0.89650
FLUX  879  2365.00        1.267622E+14   2.7577E-06   2.9191E-06   0.94472
FLUX  880  2375.00        1.262284E+14   2.7753E-06   2.9000E-06   0.95697
FLUX  881  2385.00        1.256992E+14   2.5866E-06   2.8812E-06   0.89775
FLUX  882  2395.00        1.251743E+14   2.6852E-06   2.8625E-06   0.93804
FLUX  883  2405.00        1.246538E+14   2.7100E-06   2.8440E-06   0.95285
FLUX  884  2415.00        1.241377E+14   2.5659E-06   2.8257E-06   0.90806
FLUX  885  2425.00        1.236258E+14   2.6276E-06   2.8076E-06   0.93591
FLUX  886  2435.00        1.231181E+14   2.6522E-06   2.7896E-06   0.95076
FLUX  887  2445.00        1.226145E+14   2.5654E-06   2.7718E-06   0.92552
FLUX  888  2455.00        1.221151E+14   2.5537E-06   2.7541E-06   0.92722
FLUX  889  2465.00        1.216197E+14   2.6126E-06   2.7366E-06   0.95466
FLUX  890  2475.00        1.211283E+14   2.5582E-06   2.7193E-06   0.94074
FLUX  891  2485.00        1.206408E+14   2.5015E-06   2.7021E-06   0.92575
FLUX  892  2495.00        1.201573E+14   2.5470E-06   2.6851E-06   0.94859
FLUX  893  2505.00        1.196776E+14   2.5706E-06   2.6682E-06   0.96343
FLUX  894  2515.00        1.192018E+14   2.4844E-06   2.6515E-06   0.93697
FLUX  895  2525.00        1.187297E+14   2.5199E-06   2.6349E-06   0.95633
FLUX  896  2535.00        1.182613E+14   2.5195E-06   2.6185E-06   0.96220
FLUX  897  2545.00        1.177967E+14   2.4838E-06   2.6023E-06   0.95448
FLUX  898  2555.00        1.173356E+14   2.4762E-06   2.5859E-06   0.95755
FLUX  899  2565.00        1.168782E+14   2.4719E-06   2.5697E-06   0.96194
FLUX  900  2575.00        1.164243E+14   2.4780E-06   2.5536E-06   0.97041
FLUX  901  2585.00        1.159739E+14   2.4241E-06   2.5377E-06   0.95526
FLUX  902  2595.00        1.155270E+14   2.4354E-06   2.5219E-06   0.96571
FLUX  903  2605.00        1.150835E+14   2.4374E-06   2.5063E-06   0.97251
FLUX  904  2615.00        1.146434E+14   2.4238E-06   2.4908E-06   0.97306
FLUX  905  2625.00        1.142067E+14   2.3969E-06   2.4755E-06   0.96823
FLUX  906  2635.00        1.137732E+14   2.3943E-06   2.4604E-06   0.97314
FLUX  907  2645.00        1.133431E+14   2.3800E-06   2.4454E-06   0.97327
FLUX  908  2655.00        1.129162E+14   2.3736E-06   2.4305E-06   0.97659
FLUX  909  2665.00        1.124925E+14   2.3393E-06   2.4158E-06   0.96835
FLUX  910  2675.00        1.120720E+14   2.3661E-06   2.4012E-06   0.98538
FLUX  911  2685.00        1.116546E+14   2.3513E-06   2.3867E-06   0.98514
FLUX  912  2695.00        1.112403E+14   2.3323E-06   2.3724E-06   0.98308
FLUX  913  2705.00        1.108290E+14   2.3250E-06   2.3582E-06   0.98592
FLUX  914  2715.00        1.104208E+14   2.3145E-06   2.3441E-06   0.98735
FLUX  915  2725.00        1.100156E+14   2.3019E-06   2.3302E-06   0.98787
FLUX  916  2735.00        1.096133E+14   2.2892E-06   2.3164E-06   0.98826
FLUX  917  2745.00        1.092140E+14   2.2813E-06   2.3027E-06   0.99071
FLUX  918  2755.00        1.088176E+14   2.2723E-06   2.2891E-06   0.99264
FLUX  919  2765.00        1.084241E+14   2.2534E-06   2.2757E-06   0.99020
FLUX  920  2775.00        1.080333E+14   2.2397E-06   2.2623E-06   0.98997
FLUX  921  2785.00        1.076454E+14   2.2314E-06   2.2491E-06   0.99214
FLUX  922  2795.00        1.072603E+14   2.2239E-06   2.2360E-06   0.99457
FLUX  923  2805.00        1.068779E+14   2.2095E-06   2.2230E-06   0.99392
FLUX  924  2815.00        1.064982E+14   2.1947E-06   2.2102E-06   0.99301
FLUX  925  2825.00        1.061212E+14   2.1851E-06   2.1974E-06   0.99440
FLUX  926  2835.00        1.057469E+14   2.1770E-06   2.1848E-06   0.99646
FLUX  927  2845.00        1.053752E+14   2.1620E-06   2.1722E-06   0.99528
FLUX  928  2855.00        1.050061E+14   2.1504E-06   2.1598E-06   0.99564
FLUX  929  2865.00        1.046396E+14   2.1392E-06   2.1475E-06   0.99616
FLUX  930  2875.00        1.042757E+14   2.1295E-06   2.1352E-06   0.99733
FLUX  931  2885.00        1.039142E+14   2.1168E-06   2.1231E-06   0.99700
FLUX  932  2895.00        1.035553E+14   2.1053E-06   2.1111E-06   0.99722
FLUX  933  2905.00        1.031988E+14   2.0915E-06   2.0992E-06   0.99633
FLUX  934  2915.00        1.028448E+14   2.0813E-06   2.0874E-06   0.99708
FLUX  935  2925.00        1.024932E+14   2.0505E-06   2.0757E-06   0.98788
FLUX  936  2935.00        1.021440E+14   2.0559E-06   2.0640E-06   0.99605
FLUX  937  2945.00        1.017971E+14   2.0460E-06   2.0525E-06   0.99683
FLUX  938  2955.00        1.014526E+14   2.0358E-06   2.0411E-06   0.99743
FLUX  939  2965.00        1.011105E+14   2.0265E-06   2.0297E-06   0.99842
FLUX  940  2975.00        1.007706E+14   2.0163E-06   2.0185E-06   0.99891
FLUX  941  2985.00        1.004330E+14   2.0031E-06   2.0073E-06   0.99787
FLUX  942  2995.00        1.000977E+14   1.9903E-06   1.9963E-06   0.99702
FLUX  943  3005.00        9.976456E+13   1.9810E-06   1.9853E-06   0.99786
FLUX  944  3015.00        9.943367E+13   1.9722E-06   1.9744E-06   0.99888
FLUX  945  3025.00        9.910496E+13   1.9580E-06   1.9636E-06   0.99712
FLUX  946  3035.00        9.877842E+13   1.9488E-06   1.9529E-06   0.99789
FLUX  947  3045.00        9.845402E+13   1.9409E-06   1.9422E-06   0.99933
FLUX  948  3055.00        9.813175E+13   1.9284E-06   1.9316E-06   0.99835
FLUX  949  3065.00        9.781158E+13   1.9164E-06   1.9211E-06   0.99760
FLUX  950  3075.00        9.749350E+13   1.9089E-06   1.9106E-06   0.99912
FLUX  951  3085.00        9.717747E+13   1.8916E-06   1.9002E-06   0.99546
FLUX  952  3095.00        9.686349E+13   1.8871E-06   1.8899E-06   0.99849
FLUX  953  3105.00        9.655153E+13   1.8782E-06   1.8797E-06   0.99916
FLUX  954  3115.00        9.624157E+13   1.8577E-06   1.8696E-06   0.99360
FLUX  955  3125.00        9.593360E+13   1.8579E-06   1.8596E-06   0.99909
FLUX  956  3135.00        9.562759E+13   1.8477E-06   1.8496E-06   0.99894
FLUX  957  3145.00        9.532353E+13   1.8381E-06   1.8397E-06   0.99912
FLUX  958  3155.00        9.502139E+13   1.8261E-06   1.8299E-06   0.99792
FLUX  959  3165.00        9.472117E+13   1.8144E-06   1.8202E-06   0.99681
FLUX  960  3175.00        9.442283E+13   1.8093E-06   1.8105E-06   0.99933
FLUX  961  3185.00        9.412637E+13   1.7998E-06   1.8010E-06   0.99935
FLUX  962  3195.00        9.383177E+13   1.7908E-06   1.7915E-06   0.99964
FLUX  963  3210.00        9.339330E+13   1.7759E-06   1.7773E-06   0.99918
FLUX  964  3230.00        9.281502E+13   1.7563E-06   1.7588E-06   0.99859
FLUX  965  3250.00        9.224385E+13   1.7385E-06   1.7405E-06   0.99886
FLUX  966  3270.00        9.167966E+13   1.7197E-06   1.7225E-06   0.99837
FLUX  967  3290.00        9.112234E+13   1.7024E-06   1.7048E-06   0.99859
FLUX  968  3310.00        9.057175E+13   1.6839E-06   1.6873E-06   0.99799
FLUX  969  3330.00        9.002778E+13   1.6644E-06   1.6701E-06   0.99657
FLUX  970  3350.00        8.949030E+13   1.6517E-06   1.6532E-06   0.99911
FLUX  971  3370.00        8.895920E+13   1.6339E-06   1.6365E-06   0.99838
FLUX  972  3390.00        8.843437E+13   1.6153E-06   1.6201E-06   0.99705
FLUX  973  3410.00        8.791569E+13   1.5960E-06   1.6039E-06   0.99508
FLUX  974  3430.00        8.740306E+13   1.5858E-06   1.5880E-06   0.99863
FLUX  975  3450.00        8.689638E+13   1.5711E-06   1.5722E-06   0.99925
FLUX  976  3470.00        8.639553E+13   1.5552E-06   1.5568E-06   0.99899
FLUX  977  3490.00        8.590043E+13   1.5400E-06   1.5415E-06   0.99902
FLUX  978  3510.00        8.541097E+13   1.5259E-06   1.5264E-06   0.99966
FLUX  979  3530.00        8.492705E+13   1.5095E-06   1.5116E-06   0.99864
FLUX  980  3550.00        8.444859E+13   1.4961E-06   1.4970E-06   0.99940
FLUX  981  3570.00        8.397549E+13   1.4808E-06   1.4825E-06   0.99882
FLUX  982  3590.00        8.350766E+13   1.4666E-06   1.4683E-06   0.99881
FLUX  983  3610.00        8.304501E+13   1.4537E-06   1.4543E-06   0.99958
FLUX  984  3630.00        8.258747E+13   1.4398E-06   1.4405E-06   0.99954
FLUX  985  3650.00        8.213493E+13   1.4247E-06   1.4269E-06   0.99846
FLUX  986  3670.00        8.168733E+13   1.4096E-06   1.4134E-06   0.99728
FLUX  987  3690.00        8.124458E+13   1.3939E-06   1.4002E-06   0.99548
FLUX  988  3710.00        8.080660E+13   1.3803E-06   1.3871E-06   0.99504
FLUX  989  3730.00        8.037332E+13   1.3713E-06   1.3742E-06   0.99785
FLUX  990  3750.00        7.994467E+13   1.3563E-06   1.3615E-06   0.99616
FLUX  991  3770.00        7.952056E+13   1.3465E-06   1.3490E-06   0.99812
FLUX  992  3790.00        7.910092E+13   1.3337E-06   1.3366E-06   0.99778
FLUX  993  3810.00        7.868570E+13   1.3224E-06   1.3244E-06   0.99849
FLUX  994  3830.00        7.827480E+13   1.3115E-06   1.3124E-06   0.99931
FLUX  995  3850.00        7.786818E+13   1.2998E-06   1.3005E-06   0.99947
FLUX  996  3870.00        7.746576E+13   1.2828E-06   1.2888E-06   0.99537
FLUX  997  3890.00        7.706748E+13   1.2752E-06   1.2772E-06   0.99839
FLUX  998  3910.00        7.667327E+13   1.2653E-06   1.2658E-06   0.99954
FLUX  999  3930.00        7.628308E+13   1.2539E-06   1.2546E-06   0.99948
FLUX 1000  3950.00        7.589684E+13   1.2388E-06   1.2435E-06   0.99625
FLUX 1001  3970.00        7.551448E+13   1.2304E-06   1.2325E-06   0.99830
FLUX 1002  3990.00        7.513596E+13   1.2144E-06   1.2217E-06   0.99404
FLUX 1003  4010.00        7.476122E+13   1.2075E-06   1.2110E-06   0.99708
FLUX 1004  4030.00        7.439020E+13   1.1995E-06   1.2005E-06   0.99924
FLUX 1005  4050.00        7.402284E+13   1.1860E-06   1.1900E-06   0.99656
FLUX 1006  4070.00        7.365909E+13   1.1780E-06   1.1798E-06   0.99854
FLUX 1007  4090.00        7.329890E+13   1.1685E-06   1.1696E-06   0.99907
FLUX 1008  4110.00        7.294221E+13   1.1583E-06   1.1596E-06   0.99890
FLUX 1009  4130.00        7.258898E+13   1.1493E-06   1.1497E-06   0.99966
FLUX 1010  4150.00        7.223916E+13   1.1390E-06   1.1399E-06   0.99916
FLUX 1011  4170.00        7.189269E+13   1.1294E-06   1.1303E-06   0.99920
FLUX 1012  4190.00        7.154952E+13   1.1157E-06   1.1208E-06   0.99545
FLUX 1013  4210.00        7.120962E+13   1.1057E-06   1.1113E-06   0.99490
FLUX 1014  4230.00        7.087293E+13   1.1019E-06   1.1020E-06   0.99988
FLUX 1015  4250.00        7.053941E+13   1.0910E-06   1.0929E-06   0.99830
FLUX 1016  4270.00        7.020902E+13   1.0835E-06   1.0838E-06   0.99977
FLUX 1017  4290.00        6.988170E+13   1.0365E-06   1.0748E-06   0.96437
FLUX 1018  4310.00        6.955742E+13   9.9448E-07   1.0660E-06   0.93291
FLUX 1019  4330.00        6.923614E+13   1.0001E-06   1.0573E-06   0.94598
FLUX 1020  4350.00        6.891782E+13   9.5689E-07   1.0486E-06   0.91252
FLUX 1021  4370.00        6.860240E+13   9.3512E-07   1.0401E-06   0.89907
FLUX 1022  4390.00        6.828986E+13   9.2493E-07   1.0317E-06   0.89653
FLUX 1023  4410.00        6.798016E+13   8.8845E-07   1.0233E-06   0.86819
FLUX 1024  4430.00        6.767325E+13   8.8095E-07   1.0151E-06   0.86783
FLUX 1025  4450.00        6.736910E+13   8.7338E-07   1.0070E-06   0.86732
FLUX 1026  4470.00        6.706767E+13   8.4277E-07   9.9896E-07   0.84365
FLUX 1027  4490.00        6.676893E+13   8.5281E-07   9.9102E-07   0.86054
FLUX 1028  4510.00        6.647284E+13   8.3299E-07   9.8317E-07   0.84725
FLUX 1029  4530.00        6.617936E+13   8.1638E-07   9.7542E-07   0.83696
FLUX 1030  4550.00        6.588846E+13   8.2164E-07   9.6775E-07   0.84902
FLUX 1031  4570.00        6.560011E+13   8.2353E-07   9.6018E-07   0.85769
FLUX 1032  4590.00        6.531427E+13   7.9847E-07   9.5269E-07   0.83812
FLUX 1033  4610.00        6.503091E+13   8.1013E-07   9.4529E-07   0.85702
FLUX 1034  4630.00        6.475000E+13   8.0241E-07   9.3798E-07   0.85546
FLUX 1035  4650.00        6.447151E+13   8.0682E-07   9.3075E-07   0.86685
FLUX 1036  4670.00        6.419540E+13   8.0848E-07   9.2360E-07   0.87536
FLUX 1037  4690.00        6.392164E+13   8.0095E-07   9.1654E-07   0.87389
FLUX 1038  4710.00        6.365021E+13   7.9314E-07   9.0955E-07   0.87201
FLUX 1039  4730.00        6.338108E+13   8.0428E-07   9.0264E-07   0.89103
FLUX 1040  4750.00        6.311421E+13   7.8944E-07   8.9581E-07   0.88125
FLUX 1041  4770.00        6.284958E+13   7.8666E-07   8.8906E-07   0.88482
FLUX 1042  4790.00        6.258716E+13   7.8637E-07   8.8237E-07   0.89120
FLUX 1043  4810.00        6.232692E+13   7.7007E-07   8.7577E-07   0.87931
FLUX 1044  4830.00        6.206884E+13   7.8246E-07   8.6923E-07   0.90018
FLUX 1045  4850.00        6.181289E+13   7.7548E-07   8.6277E-07   0.89882
FLUX 1046  4870.00        6.155903E+13   7.6243E-07   8.5638E-07   0.89030
FLUX 1047  4890.00        6.130726E+13   7.5818E-07   8.5005E-07   0.89191
FLUX 1048  4910.00        6.105754E+13   7.5763E-07   8.4380E-07   0.89788
FLUX 1049  4930.00        6.080984E+13   7.4919E-07   8.3761E-07   0.89443
FLUX 1050  4950.00        6.056414E+13   7.4217E-07   8.3149E-07   0.89257
FLUX 1051  4970.00        6.032042E+13   7.4244E-07   8.2544E-07   0.89946
FLUX 1052  4990.00        6.007866E+13   7.3770E-07   8.1945E-07   0.90023
FLUX 1053  5010.00        5.983882E+13   7.3479E-07   8.1353E-07   0.90321
FLUX 1054  5030.00        5.960089E+13   7.3227E-07   8.0766E-07   0.90666
FLUX 1055  5050.00        5.936485E+13   7.1961E-07   8.0187E-07   0.89742
FLUX 1056  5070.00        5.913067E+13   7.2055E-07   7.9613E-07   0.90506
FLUX 1057  5090.00        5.889833E+13   7.1952E-07   7.9045E-07   0.91026
FLUX 1058  5110.00        5.866781E+13   7.0892E-07   7.8484E-07   0.90327
FLUX 1059  5130.00        5.843908E+13   7.1371E-07   7.7928E-07   0.91586
FLUX 1060  5150.00        5.821214E+13   7.0384E-07   7.7379E-07   0.90960
FLUX 1061  5170.00        5.798694E+13   7.0826E-07   7.6835E-07   0.92179
FLUX 1062  5190.00        5.776349E+13   6.9787E-07   7.6296E-07   0.91468
FLUX 1063  5210.00        5.754175E+13   6.9746E-07   7.5764E-07   0.92057
FLUX 1064  5230.00        5.732170E+13   6.8998E-07   7.5236E-07   0.91708
FLUX 1065  5250.00        5.710333E+13   6.9140E-07   7.4715E-07   0.92539
FLUX 1066  5270.00        5.688662E+13   6.9160E-07   7.4198E-07   0.93210
FLUX 1067  5290.00        5.667155E+13   6.7913E-07   7.3687E-07   0.92165
FLUX 1068  5310.00        5.645810E+13   6.7784E-07   7.3181E-07   0.92625
FLUX 1069  5330.00        5.624625E+13   6.7621E-07   7.2680E-07   0.93040
FLUX 1070  5350.00        5.603598E+13   6.7379E-07   7.2184E-07   0.93344
FLUX 1071  5370.00        5.582728E+13   6.7169E-07   7.1693E-07   0.93690
FLUX 1072  5390.00        5.562013E+13   6.6914E-07   7.1207E-07   0.93971
FLUX 1073  5410.00        5.541451E+13   6.6550E-07   7.0726E-07   0.94096
FLUX 1074  5430.00        5.521041E+13   6.5576E-07   7.0250E-07   0.93347
FLUX 1075  5450.00        5.500780E+13   6.5913E-07   6.9778E-07   0.94461
FLUX 1076  5470.00        5.480667E+13   6.5536E-07   6.9311E-07   0.94553
FLUX 1077  5490.00        5.460701E+13   6.5070E-07   6.8849E-07   0.94511
FLUX 1078  5510.00        5.440880E+13   6.4839E-07   6.8391E-07   0.94806
FLUX 1079  5530.00        5.421203E+13   6.5268E-07   6.7938E-07   0.96069
FLUX 1080  5550.00        5.401667E+13   6.3967E-07   6.7490E-07   0.94781
FLUX 1081  5570.00        5.382271E+13   6.4384E-07   6.7045E-07   0.96031
FLUX 1082  5590.00        5.363014E+13   6.3728E-07   6.6605E-07   0.95681
FLUX 1083  5610.00        5.343895E+13   6.3463E-07   6.6169E-07   0.95909
FLUX 1084  5630.00        5.324911E+13   6.2928E-07   6.5738E-07   0.95726
FLUX 1085  5650.00        5.306062E+13   6.2999E-07   6.5311E-07   0.96461
FLUX 1086  5670.00        5.287346E+13   6.2688E-07   6.4887E-07   0.96610
FLUX 1087  5690.00        5.268761E+13   6.2003E-07   6.4468E-07   0.96176
FLUX 1088  5710.00        5.250306E+13   6.2124E-07   6.4053E-07   0.96988
FLUX 1089  5730.00        5.231981E+13   6.1696E-07   6.3642E-07   0.96942
FLUX 1090  5750.00        5.213783E+13   6.1417E-07   6.3234E-07   0.97126
FLUX 1091  5770.00        5.195711E+13   6.0995E-07   6.2831E-07   0.97078
FLUX 1092  5790.00        5.177763E+13   6.0947E-07   6.2431E-07   0.97623
FLUX 1093  5810.00        5.159940E+13   6.0373E-07   6.2035E-07   0.97320
FLUX 1094  5830.00        5.142238E+13   6.0124E-07   6.1643E-07   0.97535
FLUX 1095  5850.00        5.124658E+13   5.9899E-07   6.1254E-07   0.97787
FLUX 1096  5870.00        5.107198E+13   5.9355E-07   6.0870E-07   0.97511
FLUX 1097  5890.00        5.089856E+13   5.9071E-07   6.0488E-07   0.97656
FLUX 1098  5910.00        5.072631E+13   5.8929E-07   6.0111E-07   0.98035
FLUX 1099  5930.00        5.055523E+13   5.8584E-07   5.9736E-07   0.98071
FLUX 1100  5950.00        5.038529E+13   5.8233E-07   5.9365E-07   0.98093
FLUX 1101  5970.00        5.021650E+13   5.8067E-07   5.8998E-07   0.98423
FLUX 1102  5990.00        5.004883E+13   5.7729E-07   5.8634E-07   0.98456
FLUX 1103  6010.00        4.988228E+13   5.7443E-07   5.8273E-07   0.98576
FLUX 1104  6030.00        4.971683E+13   5.7097E-07   5.7915E-07   0.98586
FLUX 1105  6050.00        4.955248E+13   5.6660E-07   5.7561E-07   0.98435
FLUX 1106  6070.00        4.938921E+13   5.6375E-07   5.7210E-07   0.98541
FLUX 1107  6090.00        4.922701E+13   5.6107E-07   5.6862E-07   0.98673
FLUX 1108  6110.00        4.906588E+13   5.5722E-07   5.6517E-07   0.98593
FLUX 1109  6130.00        4.890579E+13   5.5517E-07   5.6176E-07   0.98828
FLUX 1110  6150.00        4.874675E+13   5.5235E-07   5.5837E-07   0.98922
FLUX 1111  6170.00        4.858874E+13   5.4942E-07   5.5502E-07   0.98992
FLUX 1112  6190.00        4.843174E+13   5.4681E-07   5.5169E-07   0.99116
FLUX 1113  6210.00        4.827576E+13   5.4409E-07   5.4840E-07   0.99215
FLUX 1114  6230.00        4.812079E+13   5.4053E-07   5.4513E-07   0.99156
FLUX 1115  6250.00        4.796680E+13   5.3695E-07   5.4189E-07   0.99088
FLUX 1116  6270.00        4.781380E+13   5.3346E-07   5.3868E-07   0.99030
FLUX 1117  6290.00        4.766176E+13   5.3169E-07   5.3550E-07   0.99288
FLUX 1118  6310.00        4.751070E+13   5.2832E-07   5.3235E-07   0.99243
FLUX 1119  6330.00        4.736058E+13   5.2662E-07   5.2923E-07   0.99508
FLUX 1120  6350.00        4.721142E+13   5.2298E-07   5.2613E-07   0.99402
FLUX 1121  6370.00        4.706319E+13   5.2095E-07   5.2306E-07   0.99597
FLUX 1122  6390.00        4.691588E+13   5.1735E-07   5.2001E-07   0.99489
FLUX 1123  6420.00        4.669665E+13   5.1336E-07   5.1549E-07   0.99587
FLUX 1124  6460.00        4.640751E+13   5.0756E-07   5.0956E-07   0.99607
FLUX 1125  6500.00        4.612192E+13   5.0201E-07   5.0372E-07   0.99661
FLUX 1126  6540.00        4.583983E+13   4.9665E-07   4.9799E-07   0.99732
FLUX 1127  6580.00        4.556117E+13   4.9137E-07   4.9235E-07   0.99803
FLUX 1128  6620.00        4.528588E+13   4.8588E-07   4.8680E-07   0.99811
FLUX 1129  6660.00        4.501389E+13   4.8059E-07   4.8135E-07   0.99844
FLUX 1130  6700.00        4.474515E+13   4.7536E-07   4.7598E-07   0.99870
FLUX 1131  6740.00        4.447960E+13   4.7009E-07   4.7071E-07   0.99869
FLUX 1132  6780.00        4.421718E+13   4.6500E-07   4.6552E-07   0.99889
FLUX 1133  6820.00        4.395784E+13   4.5985E-07   4.6041E-07   0.99877
FLUX 1134  6860.00        4.370153E+13   4.5506E-07   4.5539E-07   0.99927
FLUX 1135  6900.00        4.344819E+13   4.5016E-07   4.5045E-07   0.99935
FLUX 1136  6940.00        4.319777E+13   4.4533E-07   4.4559E-07   0.99941
FLUX 1137  6980.00        4.295021E+13   4.4065E-07   4.4081E-07   0.99965
FLUX 1138  7020.00        4.270548E+13   4.3578E-07   4.3610E-07   0.99925
FLUX 1139  7060.00        4.246353E+13   4.3130E-07   4.3147E-07   0.99960
FLUX 1140  7100.00        4.222430E+13   4.2681E-07   4.2691E-07   0.99974
FLUX 1141  7140.00        4.198775E+13   4.2233E-07   4.2243E-07   0.99978
FLUX 1142  7180.00        4.175383E+13   4.1789E-07   4.1801E-07   0.99970
FLUX 1143  7220.00        4.152251E+13   4.1361E-07   4.1366E-07   0.99989
FLUX 1144  7260.00        4.129373E+13   4.0933E-07   4.0938E-07   0.99988
FLUX 1145  7300.00        4.106747E+13   4.0512E-07   4.0516E-07   0.99992
FLUX 1146  7340.00        4.084366E+13   4.0083E-07   4.0100E-07   0.99957
FLUX 1147  7380.00        4.062229E+13   3.9683E-07   3.9691E-07   0.99980
FLUX 1148  7420.00        4.040330E+13   3.9243E-07   3.9288E-07   0.99885
FLUX 1149  7460.00        4.018666E+13   3.8858E-07   3.8891E-07   0.99914
FLUX 1150  7500.00        3.997233E+13   3.8466E-07   3.8500E-07   0.99910
FLUX 1151  7540.00        3.976028E+13   3.8060E-07   3.8115E-07   0.99856
FLUX 1152  7580.00        3.955046E+13   3.7735E-07   3.7736E-07   0.99998
FLUX 1153  7620.00        3.934285E+13   3.7360E-07   3.7362E-07   0.99994
FLUX 1154  7660.00        3.913740E+13   3.6992E-07   3.6994E-07   0.99995
FLUX 1155  7700.00        3.893409E+13   3.6622E-07   3.6631E-07   0.99977
FLUX 1156  7740.00        3.873288E+13   3.6271E-07   3.6273E-07   0.99994
FLUX 1157  7780.00        3.853374E+13   3.5920E-07   3.5920E-07   0.99998
FLUX 1158  7820.00        3.833664E+13   3.5572E-07   3.5573E-07   0.99998
FLUX 1159  7860.00        3.814154E+13   3.5229E-07   3.5230E-07   0.99995
FLUX 1160  7900.00        3.794842E+13   3.4890E-07   3.4893E-07   0.99991
FLUX 1161  7940.00        3.775724E+13   3.4559E-07   3.4560E-07   0.99997
FLUX 1162  7980.00        3.756798E+13   3.4231E-07   3.4232E-07   0.99999
FLUX 1163  8020.00        3.738061E+13   3.3884E-07   3.3908E-07   0.99928
FLUX 1164  8060.00        3.719510E+13   3.3578E-07   3.3589E-07   0.99966
FLUX 1165  8100.00        3.701142E+13   3.3268E-07   3.3274E-07   0.99980
FLUX 1166  8140.00        3.682955E+13   3.2956E-07   3.2964E-07   0.99974
FLUX 1167  8180.00        3.664945E+13   3.2658E-07   3.2658E-07   0.99998
FLUX 1168  8220.00        3.647111E+13   3.2356E-07   3.2356E-07   0.99998
FLUX 1169  8260.00        3.629449E+13   3.2057E-07   3.2059E-07   0.99994
FLUX 1170  8300.00        3.611958E+13   3.1763E-07   3.1765E-07   0.99992
FLUX 1171  8340.00        3.594634E+13   3.1460E-07   3.1476E-07   0.99950
FLUX 1172  8380.00        3.577476E+13   3.1166E-07   3.1190E-07   0.99923
FLUX 1173  8420.00        3.560481E+13   3.0901E-07   3.0909E-07   0.99974
FLUX 1174  8460.00        3.543647E+13   3.0618E-07   3.0631E-07   0.99958
FLUX 1175  8500.00        3.526971E+13   3.0348E-07   3.0356E-07   0.99974
FLUX 1176  8540.00        3.510451E+13   3.0082E-07   3.0086E-07   0.99987
FLUX 1177  8580.00        3.494085E+13   2.9817E-07   2.9819E-07   0.99995
FLUX 1178  8620.00        3.477871E+13   2.9554E-07   2.9555E-07   0.99995
FLUX 1179  8660.00        3.461807E+13   2.9295E-07   2.9295E-07   0.99999
FLUX 1180  8700.00        3.445891E+13   2.9035E-07   2.9038E-07   0.99988
FLUX 1181  8740.00        3.430120E+13   2.8785E-07   2.8785E-07   0.99999
FLUX 1182  8780.00        3.414493E+13   2.8533E-07   2.8535E-07   0.99995
FLUX 1183  8820.00        3.399008E+13   2.8283E-07   2.8288E-07   0.99982
FLUX 1184  8860.00        3.383663E+13   2.8040E-07   2.8044E-07   0.99987
FLUX 1185  8900.00        3.368455E+13   2.7796E-07   2.7803E-07   0.99974
FLUX 1186  8940.00        3.353384E+13   2.7564E-07   2.7566E-07   0.99995
FLUX 1187  8980.00        3.338447E+13   2.7312E-07   2.7331E-07   0.99931
FLUX 1188  9020.00        3.323642E+13   2.7097E-07   2.7099E-07   0.99993
FLUX 1189  9060.00        3.308968E+13   2.6870E-07   2.6871E-07   0.99997
FLUX 1190  9100.00        3.294423E+13   2.6616E-07   2.6645E-07   0.99893
FLUX 1191  9140.00        3.280005E+13   2.6414E-07   2.6421E-07   0.99973
FLUX 1192  9180.00        3.265714E+13   2.6186E-07   2.6201E-07   0.99945
FLUX 1193  9220.00        3.251546E+13   2.5983E-07   2.5983E-07   1.00000
FLUX 1194  9260.00        3.237500E+13   2.5767E-07   2.5768E-07   0.99997
FLUX 1195  9300.00        3.223575E+13   2.5555E-07   2.5555E-07   0.99999
FLUX 1196  9340.00        3.209770E+13   2.5344E-07   2.5345E-07   0.99997
FLUX 1197  9380.00        3.196082E+13   2.5138E-07   2.5138E-07   0.99999
FLUX 1198  9420.00        3.182511E+13   2.4933E-07   2.4933E-07   1.00000
FLUX 1199  9460.00        3.169054E+13   2.4729E-07   2.4731E-07   0.99993
FLUX 1200  9500.00        3.155711E+13   2.4529E-07   2.4531E-07   0.99995
FLUX 1201  9540.00        3.142479E+13   2.4332E-07   2.4333E-07   0.99994
FLUX 1202  9580.00        3.129358E+13   2.4138E-07   2.4138E-07   1.00000
FLUX 1203  9620.00        3.116346E+13   2.3945E-07   2.3945E-07   0.99999
FLUX 1204  9660.00        3.103442E+13   2.3754E-07   2.3755E-07   0.99998
FLUX 1205  9700.00        3.090644E+13   2.3566E-07   2.3566E-07   0.99999
FLUX 1206  9740.00        3.077952E+13   2.3364E-07   2.3380E-07   0.99929
FLUX 1207  9780.00        3.065363E+13   2.3193E-07   2.3196E-07   0.99987
FLUX 1208  9820.00        3.052877E+13   2.3014E-07   2.3015E-07   0.99998
FLUX 1209  9860.00        3.040492E+13   2.2835E-07   2.2835E-07   0.99998
FLUX 1210  9900.00        3.028207E+13   2.2657E-07   2.2658E-07   1.00000
FLUX 1211  9940.00        3.016021E+13   2.2481E-07   2.2482E-07   0.99998
FLUX 1212  9980.00        3.003933E+13   2.2308E-07   2.2309E-07   0.99999
FLUX 1213 10020.00        2.991941E+13   2.2137E-07   2.2137E-07   0.99999
FLUX 1214 20000.00        1.498963E+13   5.7178E-08   5.7178E-08   1.00000
FLUX 1215 40000.00        7.494813E+12   1.4395E-08   1.4395E-08   1.00000
FLUX 1216 60000.00        4.996542E+12   6.3938E-09   6.3938E-09   1.00000
FLUX 1217 80000.00        3.747406E+12   3.5867E-09   3.5867E-09   1.00000
FLUX 1218100000.00        2.997925E+12   2.2876E-09   2.2876E-09   1.00000
FLUX 1219120000.00        2.498271E+12   1.5829E-09   1.5829E-09   1.00000
FLUX 1220140000.00        2.141375E+12   1.1588E-09   1.1588E-09   1.00000
FLUX 1221160000.00        1.873703E+12   8.8420E-10   8.8420E-10   1.00000
FLUX
