TEFF  50000.  GRAVITY 5.00000 LTE 
TITLE TEST MODEL WITH SDSC OPACITY  VTURB 2 KM/S                                
 OPACITY IFOP
FLUX    1     9.09        3.298047E+16   2.6535E-18   2.6607E-18   0.99730
FLUX    2     9.35        3.206337E+16   7.0853E-18   7.0854E-18   0.99998
FLUX    3     9.61        3.119589E+16   1.7629E-17   1.7950E-17   0.98207
FLUX    4     9.77        3.068501E+16   3.1057E-17   3.1076E-17   0.99938
FLUX    5     9.96        3.009965E+16   5.8350E-17   5.8358E-17   0.99985
FLUX    6    10.20        2.939142E+16   1.2532E-16   1.2532E-16   0.99997
FLUX    7    10.38        2.888174E+16   2.1760E-16   2.1761E-16   0.99998
FLUX    8    10.56        2.838944E+16   3.7116E-16   3.7117E-16   0.99997
FLUX    9    10.77        2.783589E+16   6.7715E-16   6.7732E-16   0.99976
FLUX   10    11.04        2.715512E+16   1.4214E-15   1.4216E-15   0.99986
FLUX   11    11.40        2.629759E+16   3.6248E-15   3.6258E-15   0.99973
FLUX   12    11.78        2.544928E+16   9.1328E-15   9.1876E-15   0.99403
FLUX   13    12.13        2.471496E+16   2.0582E-14   2.0584E-14   0.99986
FLUX   14    12.48        2.402183E+16   4.3955E-14   4.4137E-14   0.99588
FLUX   15    12.71        2.358714E+16   7.1233E-14   7.1255E-14   0.99969
FLUX   16    12.84        2.334833E+16   9.7254E-14   9.7304E-14   0.99949
FLUX   17    13.05        2.297261E+16   1.4723E-13   1.4855E-13   0.99107
FLUX   18    13.24        2.264294E+16   2.1153E-13   2.1343E-13   0.99108
FLUX   19    13.39        2.238928E+16   2.8102E-13   2.8243E-13   0.99500
FLUX   20    13.66        2.194674E+16   4.5736E-13   4.6378E-13   0.98616
FLUX   21    13.98        2.144438E+16   8.0160E-13   8.0788E-13   0.99222
FLUX   22    14.33        2.092062E+16   1.4224E-12   1.4381E-12   0.98905
FLUX   23    14.72        2.036634E+16   2.5150E-12   2.6476E-12   0.94990
FLUX   24    15.10        1.985381E+16   4.6054E-12   4.6542E-12   0.98952
FLUX   25    15.52        1.931653E+16   8.3618E-12   8.4045E-12   0.99492
FLUX   26    15.88        1.887862E+16   1.3963E-11   1.4153E-11   0.98658
FLUX   27    16.20        1.850571E+16   2.6810E-11   2.7562E-11   0.97271
FLUX   28    16.60        1.805979E+16   4.4578E-11   4.4847E-11   0.99401
FLUX   29    17.03        1.760379E+16   7.0990E-11   7.3735E-11   0.96277
FLUX   30    17.34        1.728907E+16   9.8980E-11   1.0411E-10   0.95069
FLUX   31    17.68        1.695659E+16   1.4471E-10   1.5279E-10   0.94714
FLUX   32    18.02        1.663665E+16   2.1048E-10   2.1783E-10   0.96623
FLUX   33    18.17        1.649931E+16   2.2766E-10   2.6164E-10   0.87010
FLUX   34    18.61        1.610922E+16   3.7746E-10   3.9993E-10   0.94382
FLUX   35    19.10        1.569594E+16   5.7930E-10   6.2951E-10   0.92023
FLUX   36    19.39        1.546119E+16   8.0452E-10   8.3958E-10   0.95824
FLUX   37    19.84        1.511051E+16   1.1905E-09   1.2459E-09   0.95559
FLUX   38    20.18        1.485592E+16   1.4575E-09   1.6336E-09   0.89224
FLUX   39    20.50        1.462402E+16   2.0131E-09   2.0892E-09   0.96360
FLUX   40    21.05        1.424192E+16   3.0371E-09   3.1322E-09   0.96964
FLUX   41    21.62        1.386644E+16   4.5337E-09   4.6569E-09   0.97353
FLUX   42    21.98        1.363933E+16   5.9095E-09   5.9388E-09   0.99508
FLUX   43    22.30        1.344361E+16   7.0498E-09   7.3068E-09   0.96484
FLUX   44    22.68        1.321836E+16   8.8601E-09   9.4832E-09   0.93430
FLUX   45    23.00        1.303446E+16   3.7388E-07   3.2173E-04   0.00116
FLUX   46    23.40        1.281165E+16   3.0383E-06   3.3234E-04   0.00914
FLUX   47    24.00        1.249135E+16   5.7438E-06   3.3227E-04   0.01729
FLUX   48    24.65        1.216197E+16   1.1679E-05   3.2924E-04   0.03547
FLUX   49    25.24        1.187767E+16   4.5305E-05   6.2785E-04   0.07216
FLUX   50    25.68        1.167416E+16   9.5317E-05   9.3130E-04   0.10235
FLUX   51    26.00        1.153048E+16   8.1948E-05   9.8619E-04   0.08310
FLUX   52    26.40        1.135578E+16   2.6766E-04   1.6315E-03   0.16405
FLUX   53    26.85        1.116546E+16   3.1738E-04   1.6630E-03   0.19084
FLUX   54    27.35        1.096133E+16   3.6972E-04   1.6963E-03   0.21796
FLUX   55    27.85        1.076454E+16   2.6132E-04   1.7269E-03   0.15132
FLUX   56    28.40        1.055607E+16   4.5320E-04   1.7735E-03   0.25555
FLUX   57    29.00        1.033767E+16   5.4309E-04   1.9569E-03   0.27753
FLUX   58    29.60        1.012813E+16   4.8870E-04   1.9911E-03   0.24544
FLUX   59    30.10        9.959884E+15   4.1060E-04   2.5751E-03   0.15945
FLUX   60    30.80        9.733523E+15   4.3938E-04   2.6859E-03   0.16359
FLUX   61    31.80        9.427437E+15   4.2793E-04   2.7897E-03   0.15339
FLUX   62    32.80        9.140015E+15   4.8848E-04   2.8860E-03   0.16926
FLUX   63    33.80        8.869601E+15   4.4263E-04   2.9752E-03   0.14877
FLUX   64    34.80        8.614727E+15   4.2762E-04   3.0575E-03   0.13986
FLUX   65    35.70        8.397549E+15   6.9011E-04   3.1773E-03   0.21720
FLUX   66    36.60        8.191052E+15   1.2174E-03   3.2504E-03   0.37452
FLUX   67    37.50        7.994467E+15   1.2796E-03   3.3135E-03   0.38618
FLUX   68    38.50        7.786818E+15   9.8129E-04   3.3795E-03   0.29037
FLUX   69    39.50        7.589684E+15   1.6112E-03   3.4437E-03   0.46787
FLUX   70    40.50        7.402284E+15   2.1176E-03   3.4986E-03   0.60527
FLUX   71    41.40        7.241365E+15   2.1794E-03   3.5467E-03   0.61450
FLUX   72    42.20        7.104088E+15   2.0218E-03   3.5855E-03   0.56388
FLUX   73    43.00        6.971919E+15   2.0073E-03   3.6217E-03   0.55425
FLUX   74    44.10        6.798016E+15   2.5034E-03   3.6678E-03   0.68253
FLUX   75    45.10        6.647284E+15   2.6185E-03   3.7063E-03   0.70650
FLUX   76    46.00        6.517228E+15   2.3778E-03   3.7391E-03   0.63593
FLUX   77    47.00        6.378564E+15   2.5069E-03   3.7735E-03   0.66435
FLUX   78    48.00        6.245677E+15   2.8793E-03   3.8054E-03   0.75662
FLUX   79    49.00        6.118214E+15   2.6499E-03   3.8353E-03   0.69094
FLUX   80    50.00        5.995850E+15   3.3103E-03   3.8627E-03   0.85698
FLUX   81    50.60        5.924753E+15   2.8406E-03   3.9793E-03   0.71385
FLUX   82    51.20        5.855322E+15   3.3776E-03   3.9946E-03   0.84554
FLUX   83    52.00        5.765240E+15   3.3063E-03   4.0139E-03   0.82372
FLUX   84    53.00        5.656462E+15   3.1900E-03   4.0363E-03   0.79032
FLUX   85    54.00        5.551713E+15   2.5333E-03   4.0573E-03   0.62439
FLUX   86    55.00        5.450773E+15   2.3578E-03   4.0778E-03   0.57820
FLUX   87    56.00        5.353438E+15   3.0861E-03   4.0968E-03   0.75329
FLUX   88    57.00        5.259518E+15   3.5060E-03   4.1143E-03   0.85215
FLUX   89    58.00        5.168836E+15   3.6117E-03   4.1305E-03   0.87440
FLUX   90    59.00        5.081229E+15   3.6718E-03   4.1453E-03   0.88577
FLUX   91    60.00        4.996542E+15   3.3540E-03   4.1590E-03   0.80644
FLUX   92    61.00        4.914631E+15   2.8342E-03   4.1716E-03   0.67940
FLUX   93    62.00        4.835363E+15   3.5931E-03   4.1830E-03   0.85896
FLUX   94    63.00        4.758611E+15   3.2372E-03   4.1934E-03   0.77196
FLUX   95    64.00        4.684258E+15   3.8529E-03   4.2039E-03   0.91650
FLUX   96    65.00        4.612192E+15   3.7169E-03   4.2134E-03   0.88216
FLUX   97    65.80        4.556117E+15   3.4934E-03   4.2204E-03   0.82776
FLUX   98    66.50        4.508158E+15   3.9187E-03   4.2259E-03   0.92729
FLUX   99    67.50        4.441370E+15   3.9813E-03   4.2331E-03   0.94050
FLUX  100    68.50        4.376533E+15   3.6864E-03   4.2394E-03   0.86955
FLUX  101    69.50        4.313561E+15   4.0188E-03   4.2449E-03   0.94675
FLUX  102    70.50        4.252376E+15   3.6065E-03   4.2495E-03   0.84870
FLUX  103    71.60        4.187046E+15   4.0086E-03   4.2536E-03   0.94238
FLUX  104    72.60        4.129373E+15   4.1472E-03   4.2566E-03   0.97429
FLUX  105    73.50        4.078810E+15   4.1311E-03   4.2591E-03   0.96995
FLUX  106    74.50        4.024060E+15   4.0299E-03   4.2613E-03   0.94570
FLUX  107    75.50        3.970762E+15   3.9597E-03   4.2627E-03   0.92894
FLUX  108    76.50        3.918856E+15   3.5065E-03   4.2633E-03   0.82248
FLUX  109    77.50        3.868290E+15   3.9853E-03   4.2633E-03   0.93478
FLUX  110    78.50        3.819013E+15   3.4610E-03   4.2626E-03   0.81195
FLUX  111    79.50        3.770975E+15   3.8146E-03   4.2613E-03   0.89517
FLUX  112    80.50        3.724130E+15   4.0928E-03   4.2593E-03   0.96091
FLUX  113    81.50        3.678436E+15   4.1053E-03   4.2567E-03   0.96443
FLUX  114    82.50        3.633848E+15   4.1179E-03   4.2537E-03   0.96806
FLUX  115    83.50        3.590329E+15   3.7351E-03   4.2503E-03   0.87878
FLUX  116    84.50        3.547840E+15   4.1078E-03   4.2463E-03   0.96737
FLUX  117    85.50        3.506345E+15   3.9862E-03   4.2417E-03   0.93976
FLUX  118    86.50        3.465809E+15   4.1267E-03   4.2366E-03   0.97407
FLUX  119    87.50        3.426200E+15   4.1489E-03   4.2309E-03   0.98062
FLUX  120    88.50        3.387486E+15   4.0912E-03   4.2247E-03   0.96840
FLUX  121    89.50        3.349637E+15   4.0792E-03   4.2181E-03   0.96706
FLUX  122    90.50        3.312624E+15   4.0394E-03   4.2110E-03   0.95925
FLUX  123    91.50        3.276421E+15   3.4536E-03   9.4170E-03   0.36675
FLUX  124    92.50        3.241000E+15   4.5022E-03   9.3346E-03   0.48232
FLUX  125    93.50        3.206337E+15   5.6665E-03   9.2524E-03   0.61244
FLUX  126    94.50        3.172407E+15   6.4919E-03   9.1705E-03   0.70791
FLUX  127    95.50        3.139188E+15   7.3732E-03   9.0889E-03   0.81123
FLUX  128    96.50        3.106658E+15   7.8243E-03   9.0077E-03   0.86863
FLUX  129    97.50        3.074795E+15   6.2462E-03   8.9270E-03   0.69970
FLUX  130    98.50        3.043579E+15   7.2909E-03   8.8466E-03   0.82415
FLUX  131    99.50        3.012990E+15   6.6866E-03   8.7666E-03   0.76273
FLUX  132   100.50        2.983010E+15   6.8863E-03   8.6871E-03   0.79270
FLUX  133   101.50        2.953621E+15   7.0699E-03   8.6081E-03   0.82131
FLUX  134   102.50        2.924805E+15   6.4103E-03   8.5295E-03   0.75154
FLUX  135   103.50        2.896546E+15   7.2748E-03   8.4517E-03   0.86076
FLUX  136   104.50        2.868828E+15   7.5586E-03   8.3744E-03   0.90258
FLUX  137   105.50        2.841635E+15   7.4791E-03   8.2977E-03   0.90134
FLUX  138   106.50        2.814953E+15   7.1540E-03   8.2217E-03   0.87014
FLUX  139   107.50        2.788767E+15   7.4318E-03   8.1463E-03   0.91229
FLUX  140   108.50        2.763065E+15   6.9088E-03   8.0714E-03   0.85595
FLUX  141   109.50        2.737831E+15   7.3093E-03   7.9972E-03   0.91398
FLUX  142   110.50        2.713054E+15   7.2144E-03   7.9237E-03   0.91047
FLUX  143   111.50        2.688722E+15   7.1691E-03   7.8509E-03   0.91316
FLUX  144   112.50        2.664822E+15   7.0258E-03   7.7787E-03   0.90321
FLUX  145   113.50        2.641344E+15   7.1516E-03   7.7071E-03   0.92793
FLUX  146   114.50        2.618275E+15   7.2016E-03   7.6363E-03   0.94307
FLUX  147   115.50        2.595606E+15   6.9484E-03   7.5661E-03   0.91836
FLUX  148   116.50        2.573326E+15   6.6438E-03   7.4965E-03   0.88625
FLUX  149   117.50        2.551426E+15   6.3191E-03   7.4277E-03   0.85074
FLUX  150   118.50        2.529895E+15   6.6593E-03   7.3595E-03   0.90486
FLUX  151   119.50        2.508724E+15   6.3892E-03   7.2920E-03   0.87620
FLUX  152   120.50        2.487905E+15   6.4033E-03   7.2252E-03   0.88624
FLUX  153   121.50        2.467428E+15   5.5181E-03   7.1591E-03   0.77077
FLUX  154   122.50        2.447286E+15   6.2006E-03   7.0938E-03   0.87409
FLUX  155   123.50        2.427470E+15   5.8923E-03   7.0291E-03   0.83827
FLUX  156   124.50        2.407972E+15   5.7682E-03   6.9650E-03   0.82816
FLUX  157   125.50        2.388785E+15   6.1246E-03   6.9017E-03   0.88741
FLUX  158   126.50        2.369901E+15   6.1331E-03   6.8389E-03   0.89679
FLUX  159   127.50        2.351314E+15   6.0887E-03   6.7769E-03   0.89844
FLUX  160   128.50        2.333016E+15   6.0996E-03   6.7156E-03   0.90828
FLUX  161   129.50        2.315000E+15   6.1335E-03   6.6549E-03   0.92165
FLUX  162   130.50        2.297261E+15   5.9706E-03   6.5949E-03   0.90534
FLUX  163   131.50        2.279791E+15   5.9736E-03   6.5356E-03   0.91400
FLUX  164   132.50        2.262585E+15   5.9189E-03   6.4771E-03   0.91383
FLUX  165   133.50        2.245637E+15   5.9001E-03   6.4192E-03   0.91914
FLUX  166   134.50        2.228941E+15   5.8649E-03   6.3619E-03   0.92189
FLUX  167   135.50        2.212491E+15   5.6966E-03   6.3052E-03   0.90347
FLUX  168   136.50        2.196282E+15   5.5187E-03   6.2493E-03   0.88310
FLUX  169   137.50        2.180309E+15   5.3233E-03   6.1939E-03   0.85944
FLUX  170   138.50        2.164567E+15   5.4489E-03   6.1391E-03   0.88757
FLUX  171   139.50        2.149050E+15   4.4883E-03   6.0850E-03   0.73760
FLUX  172   140.50        2.133754E+15   3.5946E-03   6.0315E-03   0.59598
FLUX  173   141.50        2.118675E+15   5.4948E-03   5.9786E-03   0.91907
FLUX  174   142.50        2.103807E+15   5.3307E-03   5.9264E-03   0.89949
FLUX  175   143.50        2.089146E+15   5.4928E-03   5.8747E-03   0.93500
FLUX  176   144.20        2.079005E+15   5.2781E-03   5.8388E-03   0.90397
FLUX  177   144.70        2.071821E+15   5.2849E-03   5.8134E-03   0.90910
FLUX  178   145.50        2.060430E+15   5.2276E-03   5.7730E-03   0.90552
FLUX  179   146.50        2.046365E+15   5.2363E-03   5.7231E-03   0.91495
FLUX  180   147.50        2.032492E+15   5.2320E-03   5.6737E-03   0.92216
FLUX  181   148.50        2.018805E+15   5.2963E-03   5.6249E-03   0.94158
FLUX  182   149.50        2.005301E+15   5.2219E-03   5.5766E-03   0.93639
FLUX  183   150.50        1.991977E+15   5.1913E-03   5.5289E-03   0.93895
FLUX  184   151.20        1.982755E+15   5.2009E-03   5.4958E-03   0.94635
FLUX  185   151.70        1.976220E+15   5.0894E-03   5.4724E-03   0.93003
FLUX  186   152.50        1.965852E+15   5.1495E-03   5.4351E-03   0.94745
FLUX  187   153.50        1.953046E+15   4.9134E-03   5.3890E-03   0.91174
FLUX  188   154.50        1.940405E+15   4.1463E-03   5.3434E-03   0.77597
FLUX  189   155.50        1.927926E+15   4.3098E-03   5.2984E-03   0.81341
FLUX  190   156.50        1.915607E+15   4.7695E-03   5.2538E-03   0.90781
FLUX  191   157.50        1.903444E+15   4.8431E-03   5.2098E-03   0.92961
FLUX  192   158.50        1.891435E+15   4.7450E-03   5.1663E-03   0.91845
FLUX  193   159.50        1.879577E+15   4.7812E-03   5.1233E-03   0.93321
FLUX  194   160.50        1.867866E+15   4.6558E-03   5.0808E-03   0.91634
FLUX  195   161.50        1.856300E+15   4.5974E-03   5.0388E-03   0.91239
FLUX  196   162.50        1.844877E+15   4.6181E-03   4.9973E-03   0.92412
FLUX  197   163.50        1.833593E+15   4.6103E-03   4.9562E-03   0.93020
FLUX  198   164.50        1.822447E+15   4.4249E-03   4.9156E-03   0.90018
FLUX  199   165.50        1.811435E+15   4.6045E-03   4.8755E-03   0.94442
FLUX  200   166.50        1.800556E+15   4.5893E-03   4.8358E-03   0.94901
FLUX  201   167.20        1.793017E+15   4.4455E-03   4.8083E-03   0.92455
FLUX  202   167.70        1.787671E+15   4.6241E-03   4.7888E-03   0.96562
FLUX  203   168.50        1.779184E+15   4.6018E-03   4.7578E-03   0.96722
FLUX  204   169.50        1.768687E+15   4.5975E-03   4.7195E-03   0.97416
FLUX  205   170.50        1.758314E+15   4.5060E-03   4.6815E-03   0.96250
FLUX  206   171.50        1.748061E+15   4.3844E-03   4.6440E-03   0.94408
FLUX  207   172.50        1.737928E+15   4.3567E-03   4.6070E-03   0.94568
FLUX  208   173.50        1.727911E+15   4.4615E-03   4.5703E-03   0.97619
FLUX  209   174.50        1.718009E+15   4.4205E-03   4.5341E-03   0.97496
FLUX  210   175.50        1.708219E+15   4.3764E-03   4.4982E-03   0.97293
FLUX  211   176.50        1.698541E+15   4.3418E-03   4.4627E-03   0.97290
FLUX  212   177.50        1.688972E+15   4.3088E-03   4.4277E-03   0.97314
FLUX  213   178.50        1.679510E+15   4.3160E-03   4.3930E-03   0.98248
FLUX  214   179.50        1.670153E+15   4.2489E-03   4.3587E-03   0.97480
FLUX  215   180.50        1.660900E+15   4.2151E-03   4.3248E-03   0.97462
FLUX  216   181.50        1.651749E+15   4.1833E-03   4.2913E-03   0.97485
FLUX  217   182.50        1.642699E+15   4.1579E-03   4.2581E-03   0.97647
FLUX  218   183.50        1.633747E+15   4.1321E-03   4.2253E-03   0.97794
FLUX  219   184.50        1.624892E+15   4.1104E-03   4.1929E-03   0.98033
FLUX  220   185.50        1.616132E+15   4.0794E-03   4.1608E-03   0.98043
FLUX  221   186.50        1.607466E+15   4.0661E-03   4.1291E-03   0.98474
FLUX  222   187.50        1.598893E+15   4.0171E-03   4.0977E-03   0.98032
FLUX  223   188.50        1.590411E+15   3.9765E-03   4.0666E-03   0.97783
FLUX  224   189.50        1.582018E+15   3.9927E-03   4.0359E-03   0.98929
FLUX  225   190.50        1.573714E+15   3.9623E-03   4.0056E-03   0.98919
FLUX  226   191.50        1.565496E+15   3.9345E-03   3.9756E-03   0.98967
FLUX  227   192.50        1.557364E+15   3.8266E-03   3.9458E-03   0.96979
FLUX  228   193.50        1.549315E+15   3.8849E-03   3.9165E-03   0.99195
FLUX  229   194.50        1.541350E+15   3.8641E-03   3.8874E-03   0.99401
FLUX  230   195.50        1.533465E+15   3.8134E-03   3.8586E-03   0.98828
FLUX  231   196.70        1.524110E+15   3.7974E-03   3.8245E-03   0.99293
FLUX  232   197.60        1.517169E+15   3.7553E-03   3.7992E-03   0.98845
FLUX  233   198.40        1.511051E+15   3.7603E-03   3.7769E-03   0.99559
FLUX  234   199.50        1.502719E+15   3.7221E-03   3.7466E-03   0.99347
FLUX  235   200.50        1.495224E+15   3.7075E-03   3.7193E-03   0.99683
FLUX  236   201.50        1.487804E+15   3.6816E-03   3.6923E-03   0.99710
FLUX  237   202.50        1.480457E+15   3.6581E-03   3.6656E-03   0.99795
FLUX  238   203.50        1.473182E+15   3.6174E-03   3.6392E-03   0.99402
FLUX  239   204.50        1.465978E+15   3.5743E-03   3.6131E-03   0.98927
FLUX  240   205.50        1.458844E+15   2.7537E-03   3.7033E-03   0.74358
FLUX  241   206.50        1.451780E+15   2.9659E-03   3.6765E-03   0.80672
FLUX  242   207.40        1.445480E+15   3.5046E-03   3.6527E-03   0.95946
FLUX  243   207.80        1.442697E+15   3.5413E-03   3.6422E-03   0.97231
FLUX  244   208.50        1.437854E+15   3.5321E-03   3.6239E-03   0.97469
FLUX  245   209.50        1.430990E+15   3.5215E-03   3.5979E-03   0.97875
FLUX  246   210.50        1.424192E+15   3.4680E-03   3.5723E-03   0.97081
FLUX  247   211.50        1.417459E+15   3.4958E-03   3.5469E-03   0.98560
FLUX  248   212.50        1.410788E+15   3.4568E-03   3.5218E-03   0.98154
FLUX  249   213.50        1.404180E+15   3.4505E-03   3.4969E-03   0.98673
FLUX  250   214.50        1.397634E+15   3.4145E-03   3.4723E-03   0.98336
FLUX  251   215.50        1.391148E+15   3.4197E-03   3.4479E-03   0.99182
FLUX  252   216.50        1.384723E+15   3.3012E-03   3.4238E-03   0.96418
FLUX  253   217.50        1.378356E+15   3.3738E-03   3.4000E-03   0.99231
FLUX  254   218.50        1.372048E+15   3.2998E-03   3.3763E-03   0.97733
FLUX  255   219.50        1.365797E+15   3.3398E-03   3.3530E-03   0.99606
FLUX  256   220.50        1.359603E+15   3.3104E-03   3.3298E-03   0.99417
FLUX  257   221.50        1.353465E+15   3.2220E-03   3.3069E-03   0.97434
FLUX  258   222.50        1.347382E+15   3.2687E-03   3.2842E-03   0.99528
FLUX  259   223.50        1.341353E+15   3.2494E-03   3.2617E-03   0.99622
FLUX  260   224.50        1.335379E+15   3.2272E-03   3.2395E-03   0.99622
FLUX  261   225.50        1.329457E+15   3.1452E-03   3.2175E-03   0.97755
FLUX  262   226.50        1.323587E+15   3.1791E-03   3.1957E-03   0.99483
FLUX  263   227.50        1.317769E+15   3.1686E-03   3.1741E-03   0.99826
FLUX  264   228.50        1.312002E+15   3.1248E-03   3.1527E-03   0.99115
FLUX  265   229.50        1.306285E+15   3.0939E-03   3.1315E-03   0.98800
FLUX  266   230.50        1.300618E+15   3.0293E-03   3.1106E-03   0.97388
FLUX  267   231.50        1.295000E+15   3.0595E-03   3.0898E-03   0.99019
FLUX  268   232.50        1.289430E+15   3.0613E-03   3.0693E-03   0.99739
FLUX  269   233.50        1.283908E+15   3.0426E-03   3.0489E-03   0.99792
FLUX  270   234.50        1.278433E+15   3.0115E-03   3.0288E-03   0.99430
FLUX  271   235.50        1.273004E+15   2.9833E-03   3.0088E-03   0.99151
FLUX  272   236.50        1.267622E+15   2.9617E-03   2.9890E-03   0.99087
FLUX  273   237.50        1.262284E+15   2.9330E-03   2.9694E-03   0.98771
FLUX  274   238.50        1.256992E+15   2.8161E-03   2.9500E-03   0.95459
FLUX  275   239.50        1.251743E+15   2.8845E-03   2.9308E-03   0.98418
FLUX  276   240.50        1.246538E+15   2.8536E-03   2.9118E-03   0.98001
FLUX  277   241.50        1.241377E+15   2.8483E-03   2.8929E-03   0.98456
FLUX  278   242.50        1.236258E+15   2.8547E-03   2.8742E-03   0.99320
FLUX  279   243.50        1.231181E+15   2.8252E-03   2.8557E-03   0.98929
FLUX  280   244.50        1.226145E+15   2.8135E-03   2.8374E-03   0.99158
FLUX  281   245.50        1.221151E+15   2.7720E-03   2.8193E-03   0.98323
FLUX  282   246.50        1.216197E+15   2.7741E-03   2.8013E-03   0.99030
FLUX  283   247.50        1.211283E+15   2.7721E-03   2.7834E-03   0.99594
FLUX  284   248.50        1.206408E+15   2.7373E-03   2.7658E-03   0.98969
FLUX  285   249.50        1.201573E+15   2.6100E-03   2.7483E-03   0.94968
FLUX  286   250.50        1.196776E+15   2.7051E-03   2.7310E-03   0.99052
FLUX  287   251.30        1.192967E+15   2.5147E-03   2.7172E-03   0.92547
FLUX  288   251.80        1.190598E+15   2.6430E-03   2.7087E-03   0.97575
FLUX  289   252.50        1.187297E+15   2.6452E-03   2.6968E-03   0.98084
FLUX  290   253.50        1.182613E+15   2.6627E-03   2.6800E-03   0.99353
FLUX  291   254.50        1.177967E+15   2.6531E-03   2.6633E-03   0.99615
FLUX  292   255.50        1.173356E+15   2.6347E-03   2.6468E-03   0.99543
FLUX  293   256.50        1.168782E+15   2.6221E-03   2.6304E-03   0.99684
FLUX  294   257.50        1.164243E+15   2.6019E-03   2.6142E-03   0.99529
FLUX  295   258.50        1.159739E+15   2.5865E-03   2.5981E-03   0.99554
FLUX  296   259.50        1.155270E+15   2.5318E-03   2.5822E-03   0.98048
FLUX  297   260.50        1.150835E+15   2.5578E-03   2.5665E-03   0.99661
FLUX  298   261.50        1.146434E+15   2.5195E-03   2.5508E-03   0.98771
FLUX  299   262.50        1.142067E+15   2.5284E-03   2.5353E-03   0.99728
FLUX  300   263.50        1.137732E+15   2.5154E-03   2.5200E-03   0.99818
FLUX  301   264.50        1.133431E+15   2.4925E-03   2.5047E-03   0.99510
FLUX  302   265.50        1.129162E+15   2.4833E-03   2.4896E-03   0.99744
FLUX  303   266.50        1.124925E+15   2.4674E-03   2.4747E-03   0.99708
FLUX  304   267.50        1.120720E+15   2.4329E-03   2.4598E-03   0.98906
FLUX  305   268.50        1.116546E+15   2.4328E-03   2.4451E-03   0.99495
FLUX  306   269.50        1.112403E+15   2.4109E-03   2.4306E-03   0.99192
FLUX  307   270.50        1.108290E+15   2.4141E-03   2.4161E-03   0.99916
FLUX  308   271.50        1.104208E+15   2.3965E-03   2.4018E-03   0.99777
FLUX  309   272.50        1.100156E+15   2.3812E-03   2.3876E-03   0.99731
FLUX  310   273.50        1.096133E+15   2.2896E-03   2.3736E-03   0.96462
FLUX  311   274.50        1.092140E+15   2.3573E-03   2.3596E-03   0.99902
FLUX  312   275.50        1.088176E+15   2.3381E-03   2.3458E-03   0.99669
FLUX  313   276.50        1.084241E+15   2.3282E-03   2.3321E-03   0.99832
FLUX  314   277.50        1.080333E+15   2.3112E-03   2.3185E-03   0.99686
FLUX  315   278.50        1.076454E+15   2.2868E-03   2.3051E-03   0.99210
FLUX  316   279.50        1.072603E+15   2.2756E-03   2.2917E-03   0.99295
FLUX  317   280.50        1.068779E+15   2.2706E-03   2.2785E-03   0.99655
FLUX  318   281.50        1.064982E+15   2.2571E-03   2.2653E-03   0.99637
FLUX  319   282.50        1.061212E+15   2.2387E-03   2.2523E-03   0.99393
FLUX  320   283.50        1.057469E+15   2.2339E-03   2.2394E-03   0.99754
FLUX  321   284.50        1.053752E+15   2.2231E-03   2.2266E-03   0.99844
FLUX  322   285.50        1.050061E+15   2.2093E-03   2.2139E-03   0.99790
FLUX  323   286.50        1.046396E+15   2.1852E-03   2.2013E-03   0.99266
FLUX  324   287.50        1.042757E+15   2.1696E-03   2.1889E-03   0.99119
FLUX  325   288.50        1.039142E+15   2.1683E-03   2.1765E-03   0.99624
FLUX  326   289.50        1.035553E+15   2.1544E-03   2.1642E-03   0.99549
FLUX  327   291.00        1.030215E+15   2.1396E-03   2.1460E-03   0.99703
FLUX  328   293.00        1.023183E+15   2.1193E-03   2.1220E-03   0.99869
FLUX  329   295.00        1.016246E+15   2.0952E-03   2.0985E-03   0.99842
FLUX  330   297.00        1.009402E+15   2.0669E-03   2.0753E-03   0.99596
FLUX  331   299.00        1.002651E+15   2.0394E-03   2.0526E-03   0.99358
FLUX  332   301.00        9.959884E+14   2.0191E-03   2.0301E-03   0.99454
FLUX  333   303.00        9.894142E+14   1.9884E-03   2.0081E-03   0.99018
FLUX  334   305.00        9.829262E+14   1.9743E-03   1.9864E-03   0.99390
FLUX  335   307.00        9.765228E+14   1.9430E-03   1.9651E-03   0.98878
FLUX  336   309.00        9.702023E+14   1.9369E-03   1.9440E-03   0.99630
FLUX  337   311.00        9.639630E+14   1.9157E-03   1.9234E-03   0.99603
FLUX  338   313.00        9.578035E+14   1.8934E-03   1.9030E-03   0.99491
FLUX  339   315.00        9.517222E+14   1.8782E-03   1.8830E-03   0.99743
FLUX  340   317.00        9.457177E+14   1.8572E-03   1.8633E-03   0.99672
FLUX  341   319.00        9.397884E+14   1.8406E-03   1.8439E-03   0.99824
FLUX  342   321.00        9.339330E+14   1.7875E-03   1.8248E-03   0.97958
FLUX  343   323.00        9.281502E+14   1.8045E-03   1.8060E-03   0.99917
FLUX  344   325.00        9.224385E+14   1.7863E-03   1.7874E-03   0.99938
FLUX  345   327.00        9.167966E+14   1.7536E-03   1.7692E-03   0.99119
FLUX  346   329.00        9.112234E+14   1.7465E-03   1.7512E-03   0.99729
FLUX  347   331.00        9.057175E+14   1.7285E-03   1.7335E-03   0.99711
FLUX  348   333.00        9.002778E+14   1.7104E-03   1.7161E-03   0.99667
FLUX  349   335.00        8.949030E+14   1.6836E-03   1.6989E-03   0.99096
FLUX  350   337.00        8.895920E+14   1.6740E-03   1.6820E-03   0.99526
FLUX  351   339.00        8.843437E+14   1.6536E-03   1.6653E-03   0.99294
FLUX  352   341.00        8.791569E+14   1.6360E-03   1.6489E-03   0.99216
FLUX  353   343.00        8.740306E+14   1.6293E-03   1.6328E-03   0.99785
FLUX  354   345.00        8.689638E+14   1.6053E-03   1.6168E-03   0.99286
FLUX  355   347.00        8.639553E+14   1.5946E-03   1.6011E-03   0.99593
FLUX  356   349.00        8.590043E+14   1.5802E-03   1.5856E-03   0.99656
FLUX  357   351.00        8.541097E+14   1.5693E-03   1.5703E-03   0.99932
FLUX  358   353.00        8.492705E+14   1.5511E-03   1.5553E-03   0.99733
FLUX  359   355.00        8.444859E+14   1.5376E-03   1.5404E-03   0.99818
FLUX  360   357.00        8.397549E+14   1.5222E-03   1.5258E-03   0.99763
FLUX  361   359.00        8.350766E+14   1.5088E-03   1.5114E-03   0.99833
FLUX  362   361.00        8.304501E+14   1.4940E-03   1.4971E-03   0.99790
FLUX  363   363.00        8.258747E+14   1.4780E-03   1.4831E-03   0.99655
FLUX  364   364.00        8.236058E+14   1.4422E-03   1.4762E-03   0.97701
FLUX  365   365.00        8.213493E+14   1.4723E-03   1.5404E-03   0.95578
FLUX  366   367.00        8.168733E+14   1.4554E-03   1.5258E-03   0.95387
FLUX  367   369.00        8.124458E+14   1.4389E-03   1.5115E-03   0.95197
FLUX  368   371.00        8.080660E+14   1.4098E-03   1.4973E-03   0.94155
FLUX  369   373.00        8.037332E+14   1.3911E-03   1.4833E-03   0.93781
FLUX  370   375.00        7.994467E+14   1.3758E-03   1.4696E-03   0.93623
FLUX  371   377.00        7.952056E+14   1.3603E-03   1.4560E-03   0.93430
FLUX  372   379.00        7.910092E+14   1.3623E-03   1.4425E-03   0.94436
FLUX  373   381.00        7.868570E+14   1.3759E-03   1.4293E-03   0.96260
FLUX  374   383.00        7.827480E+14   1.3230E-03   1.4163E-03   0.93416
FLUX  375   385.00        7.786818E+14   1.3694E-03   1.4034E-03   0.97578
FLUX  376   387.00        7.746576E+14   1.3761E-03   1.3907E-03   0.98948
FLUX  377   389.00        7.706748E+14   1.2698E-03   1.3782E-03   0.92138
FLUX  378   391.00        7.667327E+14   1.3557E-03   1.3658E-03   0.99262
FLUX  379   393.00        7.628308E+14   1.3400E-03   1.3536E-03   0.98997
FLUX  380   395.00        7.589684E+14   1.3297E-03   1.3416E-03   0.99120
FLUX  381   397.00        7.551448E+14   1.2181E-03   1.3297E-03   0.91607
FLUX  382   399.00        7.513596E+14   1.3066E-03   1.3179E-03   0.99141
FLUX  383   401.00        7.476122E+14   1.3027E-03   1.3064E-03   0.99716
FLUX  384   403.00        7.439020E+14   1.2818E-03   1.2950E-03   0.98983
FLUX  385   405.00        7.402284E+14   1.2803E-03   1.2837E-03   0.99735
FLUX  386   407.00        7.365909E+14   1.2680E-03   1.2726E-03   0.99642
FLUX  387   409.00        7.329890E+14   1.2257E-03   1.2616E-03   0.97152
FLUX  388   411.00        7.294221E+14   1.1630E-03   1.2507E-03   0.92987
FLUX  389   413.00        7.258898E+14   1.2341E-03   1.2401E-03   0.99520
FLUX  390   415.00        7.223916E+14   1.2266E-03   1.2295E-03   0.99766
FLUX  391   417.00        7.189269E+14   1.2169E-03   1.2191E-03   0.99823
FLUX  392   419.00        7.154952E+14   1.2067E-03   1.2088E-03   0.99826
FLUX  393   421.00        7.120962E+14   1.1864E-03   1.1986E-03   0.98986
FLUX  394   423.00        7.087293E+14   1.1881E-03   1.1886E-03   0.99965
FLUX  395   425.00        7.053941E+14   1.1778E-03   1.1786E-03   0.99930
FLUX  396   427.00        7.020902E+14   1.1682E-03   1.1688E-03   0.99947
FLUX  397   429.00        6.988170E+14   1.1585E-03   1.1592E-03   0.99945
FLUX  398   431.00        6.955742E+14   1.1464E-03   1.1496E-03   0.99716
FLUX  399   433.00        6.923614E+14   1.1030E-03   1.1402E-03   0.96736
FLUX  400   435.00        6.891782E+14   1.0612E-03   1.1309E-03   0.93838
FLUX  401   437.00        6.860240E+14   1.1160E-03   1.1216E-03   0.99495
FLUX  402   439.00        6.828986E+14   1.1060E-03   1.1125E-03   0.99409
FLUX  403   441.00        6.798016E+14   1.0976E-03   1.1035E-03   0.99464
FLUX  404   443.00        6.767325E+14   1.0920E-03   1.0947E-03   0.99755
FLUX  405   445.00        6.736910E+14   1.0814E-03   1.0859E-03   0.99584
FLUX  406   447.00        6.706767E+14   1.0718E-03   1.0772E-03   0.99494
FLUX  407   449.00        6.676893E+14   1.0665E-03   1.0686E-03   0.99804
FLUX  408   451.00        6.647284E+14   1.0559E-03   1.0602E-03   0.99596
FLUX  409   453.00        6.617936E+14   1.0476E-03   1.0518E-03   0.99604
FLUX  410   455.00        6.588846E+14   1.0266E-03   1.0435E-03   0.98381
FLUX  411   457.00        6.560011E+14   1.0324E-03   1.0353E-03   0.99713
FLUX  412   459.00        6.531427E+14   1.0243E-03   1.0273E-03   0.99714
FLUX  413   461.00        6.503091E+14   1.0172E-03   1.0193E-03   0.99791
FLUX  414   463.00        6.475000E+14   1.0049E-03   1.0114E-03   0.99363
FLUX  415   465.00        6.447151E+14   9.8806E-04   1.0036E-03   0.98453
FLUX  416   467.00        6.419540E+14   9.9120E-04   9.9587E-04   0.99531
FLUX  417   469.00        6.392164E+14   9.5009E-04   9.8824E-04   0.96140
FLUX  418   471.00        6.365021E+14   9.7970E-04   9.8070E-04   0.99898
FLUX  419   473.00        6.338108E+14   9.7299E-04   9.7325E-04   0.99973
FLUX  420   475.00        6.311421E+14   9.6577E-04   9.6588E-04   0.99989
FLUX  421   477.00        6.284958E+14   9.5819E-04   9.5859E-04   0.99958
FLUX  422   479.00        6.258716E+14   9.4938E-04   9.5139E-04   0.99788
FLUX  423   481.00        6.232692E+14   9.4362E-04   9.4427E-04   0.99931
FLUX  424   483.00        6.206884E+14   9.3552E-04   9.3723E-04   0.99818
FLUX  425   485.00        6.181289E+14   9.0877E-04   9.3026E-04   0.97690
FLUX  426   487.00        6.155903E+14   8.6199E-04   9.2337E-04   0.93352
FLUX  427   489.00        6.130726E+14   9.1362E-04   9.1656E-04   0.99679
FLUX  428   491.00        6.105754E+14   9.0890E-04   9.0982E-04   0.99898
FLUX  429   493.00        6.080984E+14   9.0177E-04   9.0316E-04   0.99846
FLUX  430   495.00        6.056414E+14   8.9624E-04   8.9657E-04   0.99963
FLUX  431   497.00        6.032042E+14   8.8956E-04   8.9005E-04   0.99944
FLUX  432   499.00        6.007866E+14   8.8347E-04   8.8361E-04   0.99985
FLUX  433   501.00        5.983882E+14   8.7558E-04   8.7723E-04   0.99811
FLUX  434   503.00        5.960089E+14   8.7048E-04   8.7092E-04   0.99949
FLUX  435   505.00        5.936485E+14   8.6384E-04   8.6468E-04   0.99903
FLUX  436   507.00        5.913067E+14   8.5784E-04   8.5850E-04   0.99922
FLUX  437   509.00        5.889833E+14   8.5222E-04   8.5239E-04   0.99980
FLUX  438   511.00        5.866781E+14   8.4598E-04   8.4635E-04   0.99956
FLUX  439   513.00        5.843908E+14   8.3979E-04   8.4037E-04   0.99931
FLUX  440   515.00        5.821214E+14   8.3402E-04   8.3445E-04   0.99948
FLUX  441   517.00        5.798694E+14   8.2853E-04   8.2859E-04   0.99993
FLUX  442   519.00        5.776349E+14   8.2267E-04   8.2279E-04   0.99985
FLUX  443   521.00        5.754175E+14   8.1638E-04   8.1706E-04   0.99917
FLUX  444   523.00        5.732170E+14   8.1129E-04   8.1138E-04   0.99988
FLUX  445   525.00        5.710333E+14   8.0499E-04   8.0576E-04   0.99904
FLUX  446   527.00        5.688662E+14   7.9904E-04   8.0020E-04   0.99855
FLUX  447   529.00        5.667155E+14   7.9461E-04   7.9470E-04   0.99989
FLUX  448   531.00        5.645810E+14   7.8914E-04   7.8925E-04   0.99986
FLUX  449   533.00        5.624625E+14   7.8356E-04   7.8386E-04   0.99962
FLUX  450   535.00        5.603598E+14   7.7851E-04   7.7852E-04   0.99998
FLUX  451   537.00        5.582728E+14   7.7310E-04   7.7324E-04   0.99982
FLUX  452   539.00        5.562013E+14   7.6788E-04   7.6801E-04   0.99983
FLUX  453   541.00        5.541451E+14   7.4820E-04   7.6283E-04   0.98082
FLUX  454   543.00        5.521041E+14   7.5768E-04   7.5771E-04   0.99997
FLUX  455   545.00        5.500780E+14   7.5262E-04   7.5263E-04   0.99998
FLUX  456   547.00        5.480667E+14   7.4739E-04   7.4761E-04   0.99971
FLUX  457   549.00        5.460701E+14   7.4258E-04   7.4263E-04   0.99993
FLUX  458   551.00        5.440880E+14   7.3704E-04   7.3771E-04   0.99910
FLUX  459   553.00        5.421203E+14   7.3280E-04   7.3283E-04   0.99995
FLUX  460   555.00        5.401667E+14   7.2800E-04   7.2801E-04   0.99999
FLUX  461   557.00        5.382271E+14   7.2272E-04   7.2323E-04   0.99930
FLUX  462   559.00        5.363014E+14   7.1647E-04   7.1849E-04   0.99718
FLUX  463   561.00        5.343895E+14   7.1379E-04   7.1380E-04   0.99998
FLUX  464   563.00        5.324911E+14   7.0912E-04   7.0916E-04   0.99994
FLUX  465   565.00        5.306062E+14   7.0451E-04   7.0456E-04   0.99993
FLUX  466   567.00        5.287346E+14   6.9994E-04   7.0001E-04   0.99990
FLUX  467   569.00        5.268761E+14   6.8462E-04   6.9550E-04   0.98435
FLUX  468   571.00        5.250306E+14   6.8769E-04   6.9321E-04   0.99204
FLUX  469   573.00        5.231981E+14   6.8676E-04   6.8876E-04   0.99710
FLUX  470   575.00        5.213783E+14   6.8204E-04   6.8436E-04   0.99661
FLUX  471   577.00        5.195711E+14   6.7823E-04   6.8000E-04   0.99739
FLUX  472   579.00        5.177763E+14   6.7407E-04   6.7569E-04   0.99761
FLUX  473   581.00        5.159940E+14   6.6339E-04   6.7141E-04   0.98805
FLUX  474   583.00        5.142238E+14   6.6466E-04   6.6718E-04   0.99622
FLUX  475   585.00        5.124658E+14   6.6138E-04   6.6298E-04   0.99759
FLUX  476   587.00        5.107198E+14   6.5413E-04   6.5883E-04   0.99287
FLUX  477   589.00        5.089856E+14   6.5267E-04   6.5471E-04   0.99689
FLUX  478   591.00        5.072631E+14   6.4938E-04   6.5063E-04   0.99807
FLUX  479   593.00        5.055523E+14   6.4522E-04   6.4659E-04   0.99788
FLUX  480   595.00        5.038529E+14   6.4119E-04   6.4258E-04   0.99784
FLUX  481   597.00        5.021650E+14   6.3716E-04   6.3862E-04   0.99772
FLUX  482   599.00        5.004883E+14   6.3467E-04   6.3469E-04   0.99997
FLUX  483   601.00        4.988228E+14   6.2921E-04   6.3079E-04   0.99749
FLUX  484   603.00        4.971683E+14   6.2519E-04   6.2694E-04   0.99722
FLUX  485   605.00        4.955248E+14   6.2284E-04   6.2311E-04   0.99957
FLUX  486   607.00        4.938921E+14   6.1738E-04   6.1933E-04   0.99686
FLUX  487   609.00        4.922701E+14   6.1552E-04   6.1557E-04   0.99991
FLUX  488   611.00        4.906588E+14   6.1063E-04   6.1185E-04   0.99800
FLUX  489   613.00        4.890579E+14   6.0713E-04   6.0817E-04   0.99829
FLUX  490   615.00        4.874675E+14   6.0444E-04   6.0452E-04   0.99988
FLUX  491   617.00        4.858874E+14   5.9861E-04   6.0090E-04   0.99620
FLUX  492   619.00        4.843174E+14   5.9730E-04   5.9731E-04   0.99999
FLUX  493   621.00        4.827576E+14   5.9374E-04   5.9375E-04   0.99997
FLUX  494   623.00        4.812079E+14   5.8774E-04   5.9023E-04   0.99579
FLUX  495   625.00        4.796680E+14   5.8669E-04   5.8674E-04   0.99993
FLUX  496   627.00        4.781380E+14   5.8320E-04   5.8327E-04   0.99987
FLUX  497   629.00        4.766176E+14   5.7984E-04   5.7984E-04   0.99999
FLUX  498   631.00        4.751070E+14   5.7373E-04   5.7644E-04   0.99529
FLUX  499   633.00        4.736058E+14   5.7306E-04   5.7307E-04   0.99999
FLUX  500   635.00        4.721142E+14   5.6967E-04   5.6972E-04   0.99991
FLUX  501   637.00        4.706319E+14   5.6638E-04   5.6641E-04   0.99995
FLUX  502   639.00        4.691588E+14   5.6277E-04   5.6313E-04   0.99937
FLUX  503   641.00        4.676950E+14   5.5697E-04   5.5987E-04   0.99482
FLUX  504   643.00        4.662403E+14   5.5664E-04   5.5664E-04   0.99999
FLUX  505   645.00        4.647946E+14   5.5322E-04   5.5344E-04   0.99960
FLUX  506   647.00        4.633578E+14   5.4998E-04   5.5027E-04   0.99947
FLUX  507   649.00        4.619299E+14   5.4700E-04   5.4712E-04   0.99978
FLUX  508   651.00        4.605108E+14   5.4373E-04   5.4400E-04   0.99950
FLUX  509   653.00        4.591003E+14   5.3740E-04   5.4091E-04   0.99352
FLUX  510   655.00        4.576985E+14   5.3069E-04   5.3784E-04   0.98670
FLUX  511   657.00        4.563052E+14   4.9704E-04   5.3480E-04   0.92940
FLUX  512   659.00        4.549203E+14   5.3047E-04   5.3178E-04   0.99752
FLUX  513   661.00        4.535439E+14   5.2878E-04   5.2879E-04   0.99998
FLUX  514   663.00        4.521757E+14   5.2582E-04   5.2583E-04   0.99999
FLUX  515   665.00        4.508158E+14   5.2288E-04   5.2289E-04   0.99999
FLUX  516   667.00        4.494640E+14   5.1875E-04   5.1997E-04   0.99765
FLUX  517   669.00        4.481203E+14   5.1263E-04   5.1708E-04   0.99140
FLUX  518   671.00        4.467846E+14   5.1368E-04   5.1421E-04   0.99896
FLUX  519   673.00        4.454569E+14   5.1122E-04   5.1137E-04   0.99972
FLUX  520   675.00        4.441370E+14   5.0836E-04   5.0855E-04   0.99963
FLUX  521   677.00        4.428250E+14   5.0567E-04   5.0575E-04   0.99986
FLUX  522   679.00        4.415206E+14   5.0297E-04   5.0297E-04   0.99999
FLUX  523   681.00        4.402239E+14   5.0021E-04   5.0022E-04   0.99998
FLUX  524   683.00        4.389348E+14   4.9749E-04   4.9749E-04   0.99999
FLUX  525   685.00        4.376533E+14   4.9477E-04   4.9478E-04   0.99997
FLUX  526   687.00        4.363792E+14   4.9206E-04   4.9210E-04   0.99992
FLUX  527   689.00        4.351125E+14   4.8564E-04   4.8943E-04   0.99225
FLUX  528   691.00        4.338531E+14   4.8678E-04   4.8679E-04   0.99998
FLUX  529   693.00        4.326010E+14   4.8416E-04   4.8417E-04   0.99999
FLUX  530   695.00        4.313561E+14   4.8156E-04   4.8157E-04   0.99998
FLUX  531   697.00        4.301184E+14   4.7897E-04   4.7899E-04   0.99997
FLUX  532   699.00        4.288877E+14   4.7642E-04   4.7643E-04   0.99997
FLUX  533   701.00        4.276641E+14   4.7389E-04   4.7389E-04   0.99999
FLUX  534   703.00        4.264474E+14   4.7090E-04   4.7137E-04   0.99900
FLUX  535   705.00        4.252376E+14   4.6856E-04   4.6888E-04   0.99932
FLUX  536   707.00        4.240347E+14   4.6558E-04   4.6640E-04   0.99825
FLUX  537   709.00        4.228385E+14   4.6393E-04   4.6394E-04   0.99999
FLUX  538   711.00        4.216491E+14   4.6106E-04   4.6150E-04   0.99905
FLUX  539   713.00        4.204663E+14   4.5864E-04   4.5908E-04   0.99904
FLUX  540   715.00        4.192902E+14   4.5667E-04   4.5668E-04   0.99999
FLUX  541   717.00        4.181206E+14   4.5110E-04   4.5429E-04   0.99298
FLUX  542   719.00        4.169576E+14   4.5099E-04   4.5193E-04   0.99791
FLUX  543   721.00        4.158010E+14   4.4957E-04   4.4958E-04   0.99997
FLUX  544   723.00        4.146508E+14   4.4725E-04   4.4726E-04   0.99999
FLUX  545   725.00        4.135069E+14   4.4494E-04   4.4495E-04   0.99999
FLUX  546   727.00        4.123693E+14   4.4265E-04   4.4266E-04   0.99999
FLUX  547   729.00        4.112380E+14   4.4022E-04   4.4038E-04   0.99962
FLUX  548   731.00        4.101129E+14   4.3785E-04   4.3813E-04   0.99937
FLUX  549   733.00        4.089939E+14   4.3588E-04   4.3589E-04   0.99999
FLUX  550   735.00        4.078810E+14   4.3366E-04   4.3366E-04   0.99999
FLUX  551   737.00        4.067741E+14   4.3133E-04   4.3146E-04   0.99969
FLUX  552   739.00        4.056732E+14   4.2894E-04   4.2927E-04   0.99923
FLUX  553   741.00        4.045783E+14   4.2695E-04   4.2710E-04   0.99966
FLUX  554   743.00        4.034892E+14   4.2494E-04   4.2494E-04   0.99999
FLUX  555   745.00        4.024060E+14   4.2246E-04   4.2280E-04   0.99918
FLUX  556   747.00        4.013286E+14   4.2067E-04   4.2068E-04   0.99997
FLUX  557   749.00        4.002570E+14   4.1821E-04   4.1857E-04   0.99914
FLUX  558   751.00        3.991911E+14   4.1633E-04   4.1648E-04   0.99964
FLUX  559   753.00        3.981308E+14   4.1439E-04   4.1440E-04   0.99998
FLUX  560   755.00        3.970762E+14   4.1231E-04   4.1234E-04   0.99991
FLUX  561   757.00        3.960271E+14   4.1026E-04   4.1030E-04   0.99991
FLUX  562   759.00        3.949835E+14   4.0374E-04   4.0827E-04   0.98892
FLUX  563   761.00        3.939455E+14   4.0610E-04   4.0625E-04   0.99963
FLUX  564   763.00        3.929128E+14   4.0421E-04   4.0425E-04   0.99989
FLUX  565   765.00        3.918856E+14   4.0220E-04   4.0227E-04   0.99985
FLUX  566   767.00        3.908638E+14   4.0016E-04   4.0029E-04   0.99965
FLUX  567   769.00        3.898472E+14   3.9794E-04   3.9834E-04   0.99901
FLUX  568   771.00        3.888359E+14   3.9605E-04   3.9640E-04   0.99913
FLUX  569   773.00        3.878299E+14   3.9405E-04   3.9447E-04   0.99894
FLUX  570   775.00        3.868290E+14   3.9238E-04   3.9255E-04   0.99957
FLUX  571   777.00        3.858333E+14   3.9065E-04   3.9065E-04   0.99998
FLUX  572   779.00        3.848427E+14   3.8875E-04   3.8876E-04   0.99997
FLUX  573   781.00        3.838572E+14   3.8688E-04   3.8689E-04   0.99997
FLUX  574   783.00        3.828768E+14   3.8499E-04   3.8503E-04   0.99988
FLUX  575   785.00        3.819013E+14   3.8276E-04   3.8319E-04   0.99889
FLUX  576   787.00        3.809307E+14   3.8117E-04   3.8136E-04   0.99951
FLUX  577   789.00        3.799651E+14   3.7946E-04   3.7954E-04   0.99980
FLUX  578   791.00        3.790044E+14   3.7771E-04   3.7773E-04   0.99994
FLUX  579   793.00        3.780485E+14   3.7593E-04   3.7593E-04   1.00000
FLUX  580   795.00        3.770975E+14   3.7407E-04   3.7415E-04   0.99977
FLUX  581   797.00        3.761512E+14   3.7208E-04   3.7238E-04   0.99918
FLUX  582   799.00        3.752096E+14   3.7062E-04   3.7062E-04   0.99999
FLUX  583   801.00        3.742728E+14   3.6887E-04   3.6888E-04   0.99997
FLUX  584   803.00        3.733406E+14   3.6697E-04   3.6715E-04   0.99952
FLUX  585   805.00        3.724130E+14   3.6542E-04   3.6543E-04   0.99998
FLUX  586   807.00        3.714901E+14   3.6372E-04   3.6372E-04   0.99999
FLUX  587   809.00        3.705717E+14   3.6201E-04   3.6202E-04   0.99998
FLUX  588   811.00        3.696578E+14   3.6033E-04   3.6034E-04   0.99998
FLUX  589   813.00        3.687485E+14   3.5866E-04   3.5866E-04   1.00000
FLUX  590   815.00        3.678436E+14   3.5699E-04   3.5700E-04   0.99998
FLUX  591   817.00        3.669431E+14   3.5505E-04   3.5535E-04   0.99915
FLUX  592   819.00        3.660470E+14   3.5195E-04   3.5371E-04   0.99500
FLUX  593   821.00        3.651553E+14   3.3476E-04   3.5512E-04   0.94267
FLUX  594   823.00        3.642679E+14   3.3124E-04   3.5349E-04   0.93706
FLUX  595   825.00        3.633848E+14   3.3156E-04   3.5186E-04   0.94230
FLUX  596   827.00        3.625060E+14   3.3031E-04   3.5025E-04   0.94305
FLUX  597   829.00        3.616315E+14   3.2896E-04   3.4865E-04   0.94352
FLUX  598   831.00        3.607611E+14   3.2765E-04   3.4706E-04   0.94409
FLUX  599   833.00        3.598950E+14   3.2667E-04   3.4548E-04   0.94555
FLUX  600   835.00        3.590329E+14   3.2549E-04   3.4391E-04   0.94645
FLUX  601   837.00        3.581750E+14   3.2716E-04   3.4235E-04   0.95561
FLUX  602   839.00        3.573212E+14   3.2570E-04   3.4080E-04   0.95567
FLUX  603   841.00        3.564715E+14   3.2816E-04   3.3927E-04   0.96726
FLUX  604   843.00        3.556257E+14   3.2989E-04   3.3774E-04   0.97675
FLUX  605   845.00        3.547840E+14   3.2834E-04   3.3622E-04   0.97656
FLUX  606   847.00        3.539463E+14   3.2811E-04   3.3471E-04   0.98026
FLUX  607   849.00        3.531125E+14   3.2990E-04   3.3322E-04   0.99004
FLUX  608   851.00        3.522826E+14   3.2810E-04   3.3173E-04   0.98904
FLUX  609   853.00        3.514566E+14   3.2672E-04   3.3025E-04   0.98930
FLUX  610   855.00        3.506345E+14   3.2487E-04   3.2879E-04   0.98809
FLUX  611   857.00        3.498162E+14   3.2403E-04   3.2733E-04   0.98993
FLUX  612   859.00        3.490017E+14   3.2177E-04   3.2588E-04   0.98737
FLUX  613   861.00        3.481911E+14   3.2083E-04   3.2444E-04   0.98887
FLUX  614   863.00        3.473841E+14   3.2028E-04   3.2301E-04   0.99154
FLUX  615   865.00        3.465809E+14   3.1822E-04   3.2159E-04   0.98951
FLUX  616   867.00        3.457814E+14   3.1420E-04   3.2018E-04   0.98132
FLUX  617   869.00        3.449856E+14   3.1633E-04   3.1878E-04   0.99230
FLUX  618   871.00        3.441935E+14   3.1523E-04   3.1739E-04   0.99320
FLUX  619   873.00        3.434049E+14   3.1315E-04   3.1601E-04   0.99095
FLUX  620   875.00        3.426200E+14   3.0716E-04   3.1463E-04   0.97624
FLUX  621   877.00        3.418387E+14   3.0961E-04   3.1327E-04   0.98833
FLUX  622   879.00        3.410609E+14   3.1057E-04   3.1191E-04   0.99571
FLUX  623   881.00        3.402866E+14   3.0895E-04   3.1056E-04   0.99481
FLUX  624   883.00        3.395159E+14   3.0767E-04   3.0922E-04   0.99497
FLUX  625   885.00        3.387486E+14   3.0290E-04   3.0789E-04   0.98380
FLUX  626   887.00        3.379848E+14   2.9713E-04   3.0657E-04   0.96922
FLUX  627   889.00        3.372244E+14   3.0273E-04   3.0526E-04   0.99173
FLUX  628   891.00        3.364675E+14   3.0304E-04   3.0395E-04   0.99700
FLUX  629   893.00        3.357139E+14   3.0141E-04   3.0266E-04   0.99589
FLUX  630   895.00        3.349637E+14   3.0117E-04   3.0137E-04   0.99936
FLUX  631   897.00        3.342168E+14   2.9933E-04   3.0009E-04   0.99749
FLUX  632   899.00        3.334733E+14   2.9636E-04   2.9881E-04   0.99179
FLUX  633   901.00        3.327331E+14   2.8651E-04   2.9755E-04   0.96290
FLUX  634   903.00        3.319961E+14   2.8933E-04   2.9629E-04   0.97648
FLUX  635   905.00        3.312624E+14   2.9345E-04   2.9505E-04   0.99459
FLUX  636   907.00        3.305320E+14   2.9338E-04   2.9381E-04   0.99854
FLUX  637   909.00        3.298047E+14   2.9254E-04   2.9257E-04   0.99989
FLUX  638   911.00        3.290807E+14   2.9026E-04   2.9135E-04   0.99625
FLUX  639   913.00        3.283598E+14   2.9011E-04   2.9013E-04   0.99992
FLUX  640   915.00        3.276421E+14   2.8892E-04   2.8892E-04   0.99998
FLUX  641   917.00        3.269275E+14   2.8753E-04   2.8772E-04   0.99935
FLUX  642   919.00        3.262160E+14   2.8553E-04   2.8652E-04   0.99653
FLUX  643   921.00        3.255076E+14   2.8154E-04   2.8534E-04   0.98669
FLUX  644   923.00        3.248023E+14   2.6880E-04   2.8416E-04   0.94597
FLUX  645   925.00        3.241000E+14   2.7831E-04   2.8298E-04   0.98349
FLUX  646   927.00        3.234008E+14   2.8070E-04   2.8182E-04   0.99604
FLUX  647   929.00        3.227045E+14   2.8054E-04   2.8066E-04   0.99957
FLUX  648   931.00        3.220113E+14   2.7946E-04   2.7951E-04   0.99981
FLUX  649   933.00        3.213210E+14   2.7830E-04   2.7837E-04   0.99978
FLUX  650   935.00        3.206337E+14   2.7179E-04   2.7723E-04   0.98040
FLUX  651   937.00        3.199493E+14   2.7481E-04   2.7610E-04   0.99532
FLUX  652   939.00        3.192678E+14   2.7495E-04   2.7497E-04   0.99989
FLUX  653   941.00        3.185893E+14   2.7375E-04   2.7386E-04   0.99960
FLUX  654   943.00        3.179136E+14   2.7270E-04   2.7275E-04   0.99981
FLUX  655   945.00        3.172407E+14   2.7160E-04   2.7165E-04   0.99983
FLUX  656   947.00        3.165707E+14   2.7049E-04   2.7055E-04   0.99977
FLUX  657   949.00        3.159036E+14   2.6923E-04   2.6946E-04   0.99916
FLUX  658   951.00        3.152392E+14   2.6719E-04   2.6838E-04   0.99558
FLUX  659   953.00        3.145776E+14   2.6247E-04   2.6730E-04   0.98193
FLUX  660   955.00        3.139188E+14   2.4934E-04   2.6623E-04   0.93655
FLUX  661   957.00        3.132628E+14   2.6152E-04   2.6517E-04   0.98624
FLUX  662   959.00        3.126095E+14   2.6323E-04   2.6411E-04   0.99669
FLUX  663   961.00        3.119589E+14   2.6300E-04   2.6306E-04   0.99978
FLUX  664   963.00        3.113110E+14   2.6190E-04   2.6201E-04   0.99958
FLUX  665   965.00        3.106658E+14   2.6097E-04   2.6097E-04   0.99998
FLUX  666   967.00        3.100233E+14   2.5994E-04   2.5994E-04   0.99999
FLUX  667   969.00        3.093834E+14   2.5891E-04   2.5891E-04   0.99999
FLUX  668   971.00        3.087461E+14   2.5730E-04   2.5789E-04   0.99770
FLUX  669   973.00        3.081115E+14   2.5679E-04   2.5688E-04   0.99967
FLUX  670   975.00        3.074795E+14   2.5587E-04   2.5587E-04   0.99999
FLUX  671   977.00        3.068501E+14   2.5339E-04   2.5487E-04   0.99420
FLUX  672   979.00        3.062232E+14   2.5387E-04   2.5387E-04   0.99999
FLUX  673   981.00        3.055989E+14   2.5288E-04   2.5288E-04   0.99999
FLUX  674   983.00        3.049771E+14   2.5180E-04   2.5189E-04   0.99963
FLUX  675   985.00        3.043579E+14   2.5091E-04   2.5091E-04   0.99999
FLUX  676   987.00        3.037411E+14   2.4994E-04   2.4994E-04   1.00000
FLUX  677   989.00        3.031269E+14   2.4897E-04   2.4897E-04   0.99999
FLUX  678   991.00        3.025151E+14   2.4798E-04   2.4801E-04   0.99988
FLUX  679   993.00        3.019058E+14   2.4705E-04   2.4705E-04   0.99999
FLUX  680   995.00        3.012990E+14   2.4610E-04   2.4610E-04   0.99999
FLUX  681   997.00        3.006946E+14   2.4515E-04   2.4515E-04   0.99998
FLUX  682   999.00        3.000926E+14   2.4421E-04   2.4421E-04   0.99997
FLUX  683  1002.50        2.990449E+14   2.3831E-04   2.4258E-04   0.98239
FLUX  684  1007.50        2.975608E+14   2.3394E-04   2.4027E-04   0.97363
FLUX  685  1012.50        2.960914E+14   2.3378E-04   2.3800E-04   0.98228
FLUX  686  1017.50        2.946364E+14   2.3576E-04   2.3576E-04   0.99999
FLUX  687  1022.50        2.931956E+14   2.3354E-04   2.3355E-04   0.99994
FLUX  688  1027.50        2.917689E+14   2.3128E-04   2.3137E-04   0.99961
FLUX  689  1032.50        2.903559E+14   2.2908E-04   2.2923E-04   0.99938
FLUX  690  1037.50        2.889566E+14   2.2709E-04   2.2711E-04   0.99991
FLUX  691  1042.50        2.875707E+14   2.2433E-04   2.2502E-04   0.99694
FLUX  692  1047.50        2.861981E+14   2.2295E-04   2.2295E-04   1.00000
FLUX  693  1052.50        2.848385E+14   2.2091E-04   2.2092E-04   0.99997
FLUX  694  1057.50        2.834917E+14   2.1891E-04   2.1891E-04   0.99999
FLUX  695  1062.50        2.821576E+14   2.1693E-04   2.1694E-04   0.99999
FLUX  696  1067.50        2.808361E+14   2.1498E-04   2.1498E-04   0.99997
FLUX  697  1072.50        2.795268E+14   2.1305E-04   2.1306E-04   0.99999
FLUX  698  1077.50        2.782297E+14   2.1115E-04   2.1115E-04   0.99999
FLUX  699  1082.50        2.769446E+14   2.0902E-04   2.0928E-04   0.99875
FLUX  700  1087.50        2.756713E+14   2.0722E-04   2.0743E-04   0.99901
FLUX  701  1092.50        2.744096E+14   1.9770E-04   2.0560E-04   0.96160
FLUX  702  1097.50        2.731595E+14   2.0177E-04   2.0380E-04   0.99006
FLUX  703  1102.50        2.719206E+14   2.0198E-04   2.0202E-04   0.99980
FLUX  704  1107.50        2.706930E+14   2.0026E-04   2.0026E-04   0.99999
FLUX  705  1112.50        2.694764E+14   1.9853E-04   1.9853E-04   0.99999
FLUX  706  1117.50        2.682707E+14   1.9696E-04   1.9696E-04   1.00000
FLUX  707  1122.50        2.670757E+14   1.9525E-04   1.9527E-04   0.99991
FLUX  708  1127.50        2.658914E+14   1.9357E-04   1.9360E-04   0.99983
FLUX  709  1132.50        2.647174E+14   1.9190E-04   1.9195E-04   0.99977
FLUX  710  1137.50        2.635538E+14   1.9031E-04   1.9032E-04   0.99995
FLUX  711  1142.50        2.624004E+14   1.8871E-04   1.8871E-04   0.99998
FLUX  712  1147.50        2.612571E+14   1.8713E-04   1.8713E-04   0.99999
FLUX  713  1152.50        2.601236E+14   1.8556E-04   1.8556E-04   1.00000
FLUX  714  1157.50        2.590000E+14   1.8399E-04   1.8401E-04   0.99990
FLUX  715  1162.50        2.578860E+14   1.8045E-04   1.8248E-04   0.98886
FLUX  716  1167.50        2.567816E+14   1.8015E-04   1.8097E-04   0.99547
FLUX  717  1172.50        2.556866E+14   1.7948E-04   1.7948E-04   0.99998
FLUX  718  1177.50        2.546008E+14   1.7801E-04   1.7801E-04   1.00000
FLUX  719  1182.50        2.535243E+14   1.7652E-04   1.7655E-04   0.99983
FLUX  720  1187.50        2.524568E+14   1.7511E-04   1.7512E-04   0.99994
FLUX  721  1192.50        2.513983E+14   1.7369E-04   1.7370E-04   0.99997
FLUX  722  1197.50        2.503486E+14   1.7217E-04   1.7229E-04   0.99925
FLUX  723  1202.50        2.493077E+14   1.7091E-04   1.7091E-04   1.00000
FLUX  724  1207.50        2.482754E+14   1.6952E-04   1.6954E-04   0.99991
FLUX  725  1212.50        2.472515E+14   1.6816E-04   1.6819E-04   0.99983
FLUX  726  1217.50        2.462361E+14   1.6685E-04   1.6685E-04   0.99999
FLUX  727  1222.50        2.452290E+14   1.6553E-04   1.6553E-04   0.99998
FLUX  728  1227.50        2.442301E+14   1.6422E-04   1.6422E-04   1.00000
FLUX  729  1232.50        2.432394E+14   1.6293E-04   1.6293E-04   0.99998
FLUX  730  1237.50        2.422566E+14   1.6166E-04   1.6166E-04   1.00000
FLUX  731  1242.50        2.412817E+14   1.6040E-04   1.6040E-04   0.99999
FLUX  732  1247.50        2.403146E+14   1.5915E-04   1.5915E-04   1.00000
FLUX  733  1252.50        2.393553E+14   1.5791E-04   1.5792E-04   0.99994
FLUX  734  1257.50        2.384036E+14   1.5670E-04   1.5670E-04   0.99998
FLUX  735  1262.50        2.374594E+14   1.5550E-04   1.5550E-04   0.99999
FLUX  736  1267.50        2.365227E+14   1.5431E-04   1.5431E-04   0.99999
FLUX  737  1272.50        2.355933E+14   1.5313E-04   1.5313E-04   0.99997
FLUX  738  1277.50        2.346712E+14   1.5124E-04   1.5197E-04   0.99519
FLUX  739  1282.50        2.337563E+14   1.4415E-04   1.5082E-04   0.95575
FLUX  740  1287.50        2.328485E+14   1.4934E-04   1.4968E-04   0.99767
FLUX  741  1292.50        2.319478E+14   1.4856E-04   1.4856E-04   0.99998
FLUX  742  1297.50        2.310539E+14   1.4743E-04   1.4745E-04   0.99985
FLUX  743  1302.50        2.301670E+14   1.4635E-04   1.4635E-04   0.99999
FLUX  744  1307.50        2.292868E+14   1.4526E-04   1.4526E-04   1.00000
FLUX  745  1312.50        2.284133E+14   1.4419E-04   1.4419E-04   0.99999
FLUX  746  1317.50        2.275465E+14   1.4312E-04   1.4312E-04   0.99998
FLUX  747  1322.50        2.266862E+14   1.4207E-04   1.4207E-04   1.00000
FLUX  748  1327.50        2.258324E+14   1.4103E-04   1.4103E-04   1.00000
FLUX  749  1332.50        2.249850E+14   1.4000E-04   1.4000E-04   1.00000
FLUX  750  1337.50        2.241439E+14   1.3899E-04   1.3899E-04   0.99999
FLUX  751  1342.50        2.233091E+14   1.3798E-04   1.3798E-04   0.99997
FLUX  752  1347.50        2.224805E+14   1.3698E-04   1.3698E-04   1.00000
FLUX  753  1352.50        2.216580E+14   1.3600E-04   1.3600E-04   1.00000
FLUX  754  1357.50        2.208416E+14   1.3502E-04   1.3502E-04   1.00000
FLUX  755  1362.50        2.200312E+14   1.3406E-04   1.3406E-04   1.00000
FLUX  756  1367.50        2.192267E+14   1.3311E-04   1.3311E-04   0.99999
FLUX  757  1372.50        2.184281E+14   1.3216E-04   1.3216E-04   0.99998
FLUX  758  1377.50        2.176352E+14   1.3123E-04   1.3123E-04   0.99998
FLUX  759  1382.50        2.168481E+14   1.3030E-04   1.3030E-04   1.00000
FLUX  760  1387.50        2.160667E+14   1.2939E-04   1.2939E-04   0.99999
FLUX  761  1392.50        2.152908E+14   1.2848E-04   1.2849E-04   0.99999
FLUX  762  1397.50        2.145206E+14   1.2759E-04   1.2759E-04   1.00000
FLUX  763  1402.50        2.137558E+14   1.2670E-04   1.2670E-04   0.99999
FLUX  764  1407.50        2.129964E+14   1.2583E-04   1.2583E-04   1.00000
FLUX  765  1412.50        2.122425E+14   1.2496E-04   1.2496E-04   1.00000
FLUX  766  1417.50        2.114938E+14   1.2409E-04   1.2410E-04   0.99990
FLUX  767  1422.50        2.107504E+14   1.2325E-04   1.2325E-04   1.00000
FLUX  768  1427.50        2.100123E+14   1.2241E-04   1.2241E-04   1.00000
FLUX  769  1432.50        2.092792E+14   1.2153E-04   1.2157E-04   0.99966
FLUX  770  1437.50        2.085513E+14   1.2073E-04   1.2075E-04   0.99981
FLUX  771  1442.50        2.078284E+14   1.1993E-04   1.1993E-04   1.00000
FLUX  772  1447.50        2.071105E+14   1.1913E-04   1.1913E-04   1.00000
FLUX  773  1452.50        2.063976E+14   1.1833E-04   1.1833E-04   1.00000
FLUX  774  1457.00        2.057601E+14   1.1761E-04   1.1761E-04   1.00000
FLUX  775  1462.00        2.050564E+14   1.1698E-04   1.1713E-04   0.99869
FLUX  776  1467.50        2.042879E+14   1.1627E-04   1.1627E-04   1.00000
FLUX  777  1472.50        2.035942E+14   1.1550E-04   1.1550E-04   0.99998
FLUX  778  1477.50        2.029052E+14   1.1383E-04   1.1474E-04   0.99206
FLUX  779  1482.50        2.022209E+14   1.1398E-04   1.1398E-04   0.99999
FLUX  780  1487.50        2.015412E+14   1.1323E-04   1.1323E-04   0.99999
FLUX  781  1492.50        2.008660E+14   1.1249E-04   1.1249E-04   0.99998
FLUX  782  1497.50        2.001953E+14   1.1176E-04   1.1176E-04   0.99998
FLUX  783  1502.50        1.995291E+14   1.1103E-04   1.1103E-04   0.99997
FLUX  784  1507.50        1.988673E+14   1.1029E-04   1.1031E-04   0.99978
FLUX  785  1512.50        1.982099E+14   1.0959E-04   1.0960E-04   0.99990
FLUX  786  1517.50        1.975568E+14   1.0878E-04   1.0889E-04   0.99895
FLUX  787  1522.50        1.969080E+14   1.0805E-04   1.0819E-04   0.99871
FLUX  788  1527.50        1.962635E+14   1.0727E-04   1.0750E-04   0.99783
FLUX  789  1532.50        1.956232E+14   1.0653E-04   1.0681E-04   0.99730
FLUX  790  1537.50        1.949870E+14   1.0587E-04   1.0613E-04   0.99748
FLUX  791  1542.50        1.943549E+14   1.0514E-04   1.0546E-04   0.99698
FLUX  792  1547.50        1.937270E+14   1.0452E-04   1.0479E-04   0.99737
FLUX  793  1552.50        1.931031E+14   1.0381E-04   1.0413E-04   0.99690
FLUX  794  1557.50        1.924831E+14   1.0313E-04   1.0348E-04   0.99663
FLUX  795  1562.50        1.918672E+14   1.0258E-04   1.0283E-04   0.99758
FLUX  796  1567.50        1.912552E+14   1.0182E-04   1.0219E-04   0.99637
FLUX  797  1572.50        1.906471E+14   1.0116E-04   1.0155E-04   0.99618
FLUX  798  1577.50        1.900428E+14   1.0081E-04   1.0092E-04   0.99889
FLUX  799  1582.50        1.894423E+14   1.0007E-04   1.0030E-04   0.99770
FLUX  800  1587.50        1.888457E+14   9.9128E-05   9.9679E-05   0.99447
FLUX  801  1592.50        1.882527E+14   9.8781E-05   9.9066E-05   0.99712
FLUX  802  1597.50        1.876635E+14   9.8455E-05   9.8458E-05   0.99997
FLUX  803  1605.00        1.867866E+14   9.7338E-05   9.7557E-05   0.99776
FLUX  804  1615.00        1.856300E+14   9.5914E-05   9.6375E-05   0.99522
FLUX  805  1625.00        1.844877E+14   9.5212E-05   9.5214E-05   0.99998
FLUX  806  1635.00        1.833593E+14   9.3772E-05   9.4074E-05   0.99679
FLUX  807  1645.00        1.822447E+14   9.2356E-05   9.2954E-05   0.99357
FLUX  808  1655.00        1.811435E+14   9.1844E-05   9.1853E-05   0.99990
FLUX  809  1665.00        1.800556E+14   9.0764E-05   9.0772E-05   0.99991
FLUX  810  1675.00        1.789806E+14   8.9343E-05   8.9710E-05   0.99591
FLUX  811  1685.00        1.779184E+14   8.7902E-05   8.8666E-05   0.99137
FLUX  812  1695.00        1.768687E+14   8.7638E-05   8.7641E-05   0.99997
FLUX  813  1705.00        1.758314E+14   8.6589E-05   8.6632E-05   0.99951
FLUX  814  1715.00        1.748061E+14   8.5640E-05   8.5641E-05   0.99999
FLUX  815  1725.00        1.737928E+14   8.4633E-05   8.4667E-05   0.99960
FLUX  816  1735.00        1.727911E+14   8.2493E-05   8.3709E-05   0.98547
FLUX  817  1745.00        1.718009E+14   8.2609E-05   8.2767E-05   0.99808
FLUX  818  1755.00        1.708219E+14   8.1840E-05   8.1841E-05   0.99999
FLUX  819  1765.00        1.698541E+14   8.0930E-05   8.0930E-05   1.00000
FLUX  820  1775.00        1.688972E+14   8.0033E-05   8.0035E-05   0.99999
FLUX  821  1785.00        1.679510E+14   7.9153E-05   7.9154E-05   1.00000
FLUX  822  1795.00        1.670153E+14   7.8287E-05   7.8287E-05   1.00000
FLUX  823  1805.00        1.660900E+14   7.7432E-05   7.7435E-05   0.99997
FLUX  824  1815.00        1.651749E+14   7.5252E-05   7.6596E-05   0.98246
FLUX  825  1825.00        1.642699E+14   7.5482E-05   7.5771E-05   0.99619
FLUX  826  1835.00        1.633747E+14   7.4958E-05   7.4959E-05   0.99999
FLUX  827  1845.00        1.624892E+14   7.4159E-05   7.4159E-05   1.00000
FLUX  828  1855.00        1.616132E+14   7.3388E-05   7.3392E-05   0.99995
FLUX  829  1865.00        1.607466E+14   7.1722E-05   7.2617E-05   0.98767
FLUX  830  1875.00        1.598893E+14   6.9912E-05   7.1855E-05   0.97295
FLUX  831  1885.00        1.590411E+14   7.1089E-05   7.1105E-05   0.99978
FLUX  832  1895.00        1.582018E+14   7.0365E-05   7.0366E-05   0.99999
FLUX  833  1905.00        1.573714E+14   6.9625E-05   6.9638E-05   0.99981
FLUX  834  1915.00        1.565496E+14   6.8922E-05   6.8922E-05   0.99999
FLUX  835  1925.00        1.557364E+14   6.8216E-05   6.8217E-05   0.99999
FLUX  836  1935.00        1.549315E+14   6.7444E-05   6.7522E-05   0.99885
FLUX  837  1945.00        1.541350E+14   6.5242E-05   6.6838E-05   0.97611
FLUX  838  1955.00        1.533465E+14   6.6084E-05   6.6164E-05   0.99878
FLUX  839  1965.00        1.525662E+14   6.5500E-05   6.5501E-05   0.99999
FLUX  840  1975.00        1.517937E+14   6.4847E-05   6.4847E-05   1.00000
FLUX  841  1985.00        1.510290E+14   6.4202E-05   6.4203E-05   0.99999
FLUX  842  1995.00        1.502719E+14   6.3567E-05   6.3568E-05   0.99997
FLUX  843  2005.00        1.495224E+14   6.2943E-05   6.2943E-05   1.00000
FLUX  844  2015.00        1.487804E+14   6.2327E-05   6.2327E-05   1.00000
FLUX  845  2025.00        1.480457E+14   6.1719E-05   6.1719E-05   1.00000
FLUX  846  2035.00        1.473182E+14   6.1121E-05   6.1121E-05   1.00000
FLUX  847  2045.00        1.465978E+14   6.0530E-05   6.0531E-05   0.99998
FLUX  848  2055.00        1.458844E+14   5.9944E-05   5.9949E-05   0.99991
FLUX  849  2065.00        1.451780E+14   5.9376E-05   5.9376E-05   1.00000
FLUX  850  2075.00        1.444783E+14   5.8770E-05   5.8811E-05   0.99930
FLUX  851  2085.00        1.437854E+14   5.8249E-05   5.8254E-05   0.99992
FLUX  852  2095.00        1.430990E+14   5.7704E-05   5.7704E-05   1.00000
FLUX  853  2105.00        1.424192E+14   5.7163E-05   5.7163E-05   1.00000
FLUX  854  2115.00        1.417459E+14   5.6620E-05   5.6629E-05   0.99985
FLUX  855  2125.00        1.410788E+14   5.6102E-05   5.6102E-05   1.00000
FLUX  856  2135.00        1.404180E+14   5.5582E-05   5.5582E-05   0.99999
FLUX  857  2145.00        1.397634E+14   5.5069E-05   5.5070E-05   0.99999
FLUX  858  2155.00        1.391148E+14   5.4521E-05   5.4565E-05   0.99920
FLUX  859  2165.00        1.384723E+14   5.2548E-05   5.4066E-05   0.97193
FLUX  860  2175.00        1.378356E+14   5.3451E-05   5.3574E-05   0.99769
FLUX  861  2185.00        1.372048E+14   5.3088E-05   5.3089E-05   0.99998
FLUX  862  2195.00        1.365797E+14   5.2611E-05   5.2611E-05   1.00000
FLUX  863  2205.00        1.359603E+14   5.2139E-05   5.2139E-05   1.00000
FLUX  864  2215.00        1.353465E+14   5.1673E-05   5.1673E-05   1.00000
FLUX  865  2225.00        1.347382E+14   5.1213E-05   5.1213E-05   1.00000
FLUX  866  2235.00        1.341353E+14   5.0759E-05   5.0759E-05   1.00000
FLUX  867  2245.00        1.335379E+14   5.0311E-05   5.0312E-05   0.99999
FLUX  868  2255.00        1.329457E+14   4.9870E-05   4.9870E-05   0.99999
FLUX  869  2265.00        1.323587E+14   4.9434E-05   4.9434E-05   1.00000
FLUX  870  2275.00        1.317769E+14   4.9003E-05   4.9003E-05   1.00000
FLUX  871  2285.00        1.312002E+14   4.8623E-05   4.8624E-05   0.99998
FLUX  872  2295.00        1.306285E+14   4.8204E-05   4.8204E-05   1.00000
FLUX  873  2305.00        1.300618E+14   4.7789E-05   4.7790E-05   0.99999
FLUX  874  2315.00        1.295000E+14   4.7380E-05   4.7381E-05   0.99999
FLUX  875  2325.00        1.289430E+14   4.6977E-05   4.6977E-05   1.00000
FLUX  876  2335.00        1.283908E+14   4.6578E-05   4.6578E-05   1.00000
FLUX  877  2345.00        1.278433E+14   4.6184E-05   4.6184E-05   0.99999
FLUX  878  2355.00        1.273004E+14   4.5795E-05   4.5796E-05   0.99999
FLUX  879  2365.00        1.267622E+14   4.5411E-05   4.5412E-05   0.99999
FLUX  880  2375.00        1.262284E+14   4.5032E-05   4.5033E-05   0.99999
FLUX  881  2385.00        1.256992E+14   4.4658E-05   4.4658E-05   0.99999
FLUX  882  2395.00        1.251743E+14   4.4288E-05   4.4288E-05   0.99998
FLUX  883  2405.00        1.246538E+14   4.3922E-05   4.3923E-05   0.99998
FLUX  884  2415.00        1.241377E+14   4.3562E-05   4.3562E-05   0.99998
FLUX  885  2425.00        1.236258E+14   4.3202E-05   4.3206E-05   0.99990
FLUX  886  2435.00        1.231181E+14   4.2853E-05   4.2854E-05   0.99998
FLUX  887  2445.00        1.226145E+14   4.2505E-05   4.2506E-05   0.99998
FLUX  888  2455.00        1.221151E+14   4.2162E-05   4.2163E-05   0.99998
FLUX  889  2465.00        1.216197E+14   4.1822E-05   4.1823E-05   0.99997
FLUX  890  2475.00        1.211283E+14   4.1478E-05   4.1488E-05   0.99977
FLUX  891  2485.00        1.206408E+14   4.1155E-05   4.1156E-05   0.99998
FLUX  892  2495.00        1.201573E+14   4.0825E-05   4.0829E-05   0.99991
FLUX  893  2505.00        1.196776E+14   4.0505E-05   4.0505E-05   0.99999
FLUX  894  2515.00        1.192018E+14   4.0184E-05   4.0185E-05   0.99998
FLUX  895  2525.00        1.187297E+14   3.9826E-05   3.9869E-05   0.99892
FLUX  896  2535.00        1.182613E+14   3.9556E-05   3.9557E-05   0.99997
FLUX  897  2545.00        1.177967E+14   3.9248E-05   3.9248E-05   0.99999
FLUX  898  2555.00        1.173356E+14   3.8927E-05   3.8943E-05   0.99960
FLUX  899  2565.00        1.168782E+14   3.8538E-05   3.8641E-05   0.99733
FLUX  900  2575.00        1.164243E+14   3.8342E-05   3.8343E-05   0.99997
FLUX  901  2585.00        1.159739E+14   3.8048E-05   3.8048E-05   0.99999
FLUX  902  2595.00        1.155270E+14   3.7756E-05   3.7757E-05   0.99998
FLUX  903  2605.00        1.150835E+14   3.7405E-05   3.7469E-05   0.99831
FLUX  904  2615.00        1.146434E+14   3.6983E-05   3.7184E-05   0.99459
FLUX  905  2625.00        1.142067E+14   3.5674E-05   3.6902E-05   0.96671
FLUX  906  2635.00        1.137732E+14   3.6520E-05   3.6623E-05   0.99718
FLUX  907  2645.00        1.133431E+14   3.6347E-05   3.6348E-05   0.99997
FLUX  908  2655.00        1.129162E+14   3.6075E-05   3.6076E-05   0.99997
FLUX  909  2665.00        1.124925E+14   3.5771E-05   3.5806E-05   0.99900
FLUX  910  2675.00        1.120720E+14   3.5351E-05   3.5540E-05   0.99469
FLUX  911  2685.00        1.116546E+14   3.5241E-05   3.5277E-05   0.99900
FLUX  912  2695.00        1.112403E+14   3.5016E-05   3.5016E-05   0.99999
FLUX  913  2705.00        1.108290E+14   3.4758E-05   3.4758E-05   1.00000
FLUX  914  2715.00        1.104208E+14   3.4504E-05   3.4504E-05   1.00000
FLUX  915  2725.00        1.100156E+14   3.4251E-05   3.4252E-05   1.00000
FLUX  916  2735.00        1.096133E+14   3.4002E-05   3.4002E-05   0.99999
FLUX  917  2745.00        1.092140E+14   3.3741E-05   3.3756E-05   0.99958
FLUX  918  2755.00        1.088176E+14   3.3284E-05   3.3512E-05   0.99320
FLUX  919  2765.00        1.084241E+14   3.3152E-05   3.3270E-05   0.99645
FLUX  920  2775.00        1.080333E+14   3.3031E-05   3.3031E-05   0.99998
FLUX  921  2785.00        1.076454E+14   3.2795E-05   3.2795E-05   0.99999
FLUX  922  2795.00        1.072603E+14   3.2561E-05   3.2561E-05   1.00000
FLUX  923  2805.00        1.068779E+14   3.2330E-05   3.2330E-05   0.99999
FLUX  924  2815.00        1.064982E+14   3.2101E-05   3.2101E-05   1.00000
FLUX  925  2825.00        1.061212E+14   3.1875E-05   3.1875E-05   1.00000
FLUX  926  2835.00        1.057469E+14   3.1651E-05   3.1651E-05   1.00000
FLUX  927  2845.00        1.053752E+14   3.1429E-05   3.1429E-05   0.99999
FLUX  928  2855.00        1.050061E+14   3.1209E-05   3.1210E-05   0.99998
FLUX  929  2865.00        1.046396E+14   3.0879E-05   3.0992E-05   0.99636
FLUX  930  2875.00        1.042757E+14   3.0444E-05   3.0778E-05   0.98917
FLUX  931  2885.00        1.039142E+14   3.0533E-05   3.0565E-05   0.99897
FLUX  932  2895.00        1.035553E+14   3.0354E-05   3.0354E-05   0.99999
FLUX  933  2905.00        1.031988E+14   3.0146E-05   3.0146E-05   1.00000
FLUX  934  2915.00        1.028448E+14   2.9940E-05   2.9940E-05   1.00000
FLUX  935  2925.00        1.024932E+14   2.9736E-05   2.9736E-05   1.00000
FLUX  936  2935.00        1.021440E+14   2.9533E-05   2.9534E-05   1.00000
FLUX  937  2945.00        1.017971E+14   2.9333E-05   2.9333E-05   1.00000
FLUX  938  2955.00        1.014526E+14   2.9135E-05   2.9135E-05   1.00000
FLUX  939  2965.00        1.011105E+14   2.8939E-05   2.8939E-05   1.00000
FLUX  940  2975.00        1.007706E+14   2.8745E-05   2.8745E-05   1.00000
FLUX  941  2985.00        1.004330E+14   2.8553E-05   2.8553E-05   1.00000
FLUX  942  2995.00        1.000977E+14   2.8363E-05   2.8363E-05   1.00000
FLUX  943  3005.00        9.976456E+13   2.8175E-05   2.8175E-05   1.00000
FLUX  944  3015.00        9.943367E+13   2.7988E-05   2.7988E-05   0.99999
FLUX  945  3025.00        9.910496E+13   2.7785E-05   2.7804E-05   0.99932
FLUX  946  3035.00        9.877842E+13   2.7268E-05   2.7621E-05   0.98722
FLUX  947  3045.00        9.845402E+13   2.7217E-05   2.7440E-05   0.99187
FLUX  948  3055.00        9.813175E+13   2.7255E-05   2.7260E-05   0.99980
FLUX  949  3065.00        9.781158E+13   2.7082E-05   2.7083E-05   0.99999
FLUX  950  3075.00        9.749350E+13   2.6907E-05   2.6907E-05   1.00000
FLUX  951  3085.00        9.717747E+13   2.6732E-05   2.6733E-05   0.99998
FLUX  952  3095.00        9.686349E+13   2.6560E-05   2.6560E-05   1.00000
FLUX  953  3105.00        9.655153E+13   2.6389E-05   2.6389E-05   1.00000
FLUX  954  3115.00        9.624157E+13   2.6220E-05   2.6220E-05   1.00000
FLUX  955  3125.00        9.593360E+13   2.6052E-05   2.6052E-05   1.00000
FLUX  956  3135.00        9.562759E+13   2.5886E-05   2.5886E-05   1.00000
FLUX  957  3145.00        9.532353E+13   2.5722E-05   2.5722E-05   1.00000
FLUX  958  3155.00        9.502139E+13   2.5559E-05   2.5559E-05   1.00000
FLUX  959  3165.00        9.472117E+13   2.5398E-05   2.5398E-05   1.00000
FLUX  960  3175.00        9.442283E+13   2.5238E-05   2.5238E-05   1.00000
FLUX  961  3185.00        9.412637E+13   2.5080E-05   2.5080E-05   1.00000
FLUX  962  3195.00        9.383177E+13   2.4923E-05   2.4923E-05   1.00000
FLUX  963  3210.00        9.339330E+13   2.4690E-05   2.4690E-05   1.00000
FLUX  964  3230.00        9.281502E+13   2.4385E-05   2.4385E-05   1.00000
FLUX  965  3250.00        9.224385E+13   2.4085E-05   2.4085E-05   1.00000
FLUX  966  3270.00        9.167966E+13   2.3791E-05   2.3791E-05   0.99998
FLUX  967  3290.00        9.112234E+13   2.3174E-05   2.3514E-05   0.98554
FLUX  968  3310.00        9.057175E+13   2.3160E-05   2.3230E-05   0.99697
FLUX  969  3330.00        9.002778E+13   2.2951E-05   2.2951E-05   0.99999
FLUX  970  3350.00        8.949030E+13   2.2678E-05   2.2678E-05   1.00000
FLUX  971  3370.00        8.895920E+13   2.2409E-05   2.2409E-05   1.00000
FLUX  972  3390.00        8.843437E+13   2.2144E-05   2.2144E-05   1.00000
FLUX  973  3410.00        8.791569E+13   2.1885E-05   2.1885E-05   1.00000
FLUX  974  3430.00        8.740306E+13   2.1629E-05   2.1630E-05   1.00000
FLUX  975  3450.00        8.689638E+13   2.1379E-05   2.1379E-05   0.99999
FLUX  976  3470.00        8.639553E+13   2.1132E-05   2.1132E-05   0.99999
FLUX  977  3490.00        8.590043E+13   2.0890E-05   2.0890E-05   0.99999
FLUX  978  3510.00        8.541097E+13   2.0652E-05   2.0652E-05   0.99999
FLUX  979  3530.00        8.492705E+13   2.0418E-05   2.0418E-05   0.99999
FLUX  980  3550.00        8.444859E+13   2.0187E-05   2.0188E-05   0.99999
FLUX  981  3570.00        8.397549E+13   1.9961E-05   1.9961E-05   0.99999
FLUX  982  3590.00        8.350766E+13   1.9739E-05   1.9739E-05   0.99999
FLUX  983  3610.00        8.304501E+13   1.9520E-05   1.9520E-05   0.99999
FLUX  984  3630.00        8.258747E+13   1.9304E-05   1.9304E-05   0.99999
FLUX  985  3650.00        8.213493E+13   1.9092E-05   1.9093E-05   0.99998
FLUX  986  3670.00        8.168733E+13   1.8884E-05   1.8884E-05   0.99999
FLUX  987  3690.00        8.124458E+13   1.8679E-05   1.8679E-05   0.99998
FLUX  988  3710.00        8.080660E+13   1.8475E-05   1.8478E-05   0.99986
FLUX  989  3730.00        8.037332E+13   1.8123E-05   1.8279E-05   0.99148
FLUX  990  3750.00        7.994467E+13   1.7847E-05   1.8084E-05   0.98688
FLUX  991  3770.00        7.952056E+13   1.7891E-05   1.7891E-05   0.99997
FLUX  992  3790.00        7.910092E+13   1.7702E-05   1.7702E-05   0.99999
FLUX  993  3810.00        7.868570E+13   1.7515E-05   1.7516E-05   0.99997
FLUX  994  3830.00        7.827480E+13   1.7332E-05   1.7332E-05   0.99997
FLUX  995  3850.00        7.786818E+13   1.7152E-05   1.7152E-05   0.99999
FLUX  996  3870.00        7.746576E+13   1.6974E-05   1.6974E-05   0.99999
FLUX  997  3890.00        7.706748E+13   1.6799E-05   1.6799E-05   0.99998
FLUX  998  3910.00        7.667327E+13   1.6608E-05   1.6627E-05   0.99886
FLUX  999  3930.00        7.628308E+13   1.6457E-05   1.6457E-05   0.99998
FLUX 1000  3950.00        7.589684E+13   1.6290E-05   1.6290E-05   1.00000
FLUX 1001  3970.00        7.551448E+13   1.6125E-05   1.6125E-05   1.00000
FLUX 1002  3990.00        7.513596E+13   1.5963E-05   1.5963E-05   1.00000
FLUX 1003  4010.00        7.476122E+13   1.5783E-05   1.5803E-05   0.99872
FLUX 1004  4030.00        7.439020E+13   1.5614E-05   1.5646E-05   0.99798
FLUX 1005  4050.00        7.402284E+13   1.5188E-05   1.5490E-05   0.98048
FLUX 1006  4070.00        7.365909E+13   1.5334E-05   1.5338E-05   0.99978
FLUX 1007  4090.00        7.329890E+13   1.5187E-05   1.5187E-05   1.00000
FLUX 1008  4110.00        7.294221E+13   1.5039E-05   1.5039E-05   1.00000
FLUX 1009  4130.00        7.258898E+13   1.4892E-05   1.4892E-05   0.99995
FLUX 1010  4150.00        7.223916E+13   1.4748E-05   1.4748E-05   0.99997
FLUX 1011  4170.00        7.189269E+13   1.4548E-05   1.4606E-05   0.99603
FLUX 1012  4190.00        7.154952E+13   1.4463E-05   1.4466E-05   0.99979
FLUX 1013  4210.00        7.120962E+13   1.4328E-05   1.4328E-05   0.99999
FLUX 1014  4230.00        7.087293E+13   1.4192E-05   1.4192E-05   1.00000
FLUX 1015  4250.00        7.053941E+13   1.4057E-05   1.4057E-05   0.99999
FLUX 1016  4270.00        7.020902E+13   1.3925E-05   1.3925E-05   1.00000
FLUX 1017  4290.00        6.988170E+13   1.3793E-05   1.3794E-05   0.99993
FLUX 1018  4310.00        6.955742E+13   1.3666E-05   1.3666E-05   1.00000
FLUX 1019  4330.00        6.923614E+13   1.3539E-05   1.3539E-05   0.99999
FLUX 1020  4350.00        6.891782E+13   1.3413E-05   1.3414E-05   0.99998
FLUX 1021  4370.00        6.860240E+13   1.3223E-05   1.3290E-05   0.99497
FLUX 1022  4390.00        6.828986E+13   1.3143E-05   1.3168E-05   0.99805
FLUX 1023  4410.00        6.798016E+13   1.3048E-05   1.3048E-05   0.99999
FLUX 1024  4430.00        6.767325E+13   1.2930E-05   1.2930E-05   1.00000
FLUX 1025  4450.00        6.736910E+13   1.2813E-05   1.2813E-05   1.00000
FLUX 1026  4470.00        6.706767E+13   1.2701E-05   1.2701E-05   1.00000
FLUX 1027  4490.00        6.676893E+13   1.2587E-05   1.2587E-05   1.00000
FLUX 1028  4510.00        6.647284E+13   1.2475E-05   1.2475E-05   1.00000
FLUX 1029  4530.00        6.617936E+13   1.2364E-05   1.2364E-05   1.00000
FLUX 1030  4550.00        6.588846E+13   1.2255E-05   1.2255E-05   1.00000
FLUX 1031  4570.00        6.560011E+13   1.2147E-05   1.2147E-05   1.00000
FLUX 1032  4590.00        6.531427E+13   1.2040E-05   1.2040E-05   1.00000
FLUX 1033  4610.00        6.503091E+13   1.1935E-05   1.1935E-05   0.99999
FLUX 1034  4630.00        6.475000E+13   1.1826E-05   1.1831E-05   0.99960
FLUX 1035  4650.00        6.447151E+13   1.1443E-05   1.1729E-05   0.97567
FLUX 1036  4670.00        6.419540E+13   1.1500E-05   1.1627E-05   0.98900
FLUX 1037  4690.00        6.392164E+13   1.1509E-05   1.1528E-05   0.99839
FLUX 1038  4710.00        6.365021E+13   1.1429E-05   1.1429E-05   0.99999
FLUX 1039  4730.00        6.338108E+13   1.1332E-05   1.1332E-05   1.00000
FLUX 1040  4750.00        6.311421E+13   1.1236E-05   1.1236E-05   0.99999
FLUX 1041  4770.00        6.284958E+13   1.1141E-05   1.1141E-05   1.00000
FLUX 1042  4790.00        6.258716E+13   1.1047E-05   1.1047E-05   1.00000
FLUX 1043  4810.00        6.232692E+13   1.0954E-05   1.0954E-05   1.00000
FLUX 1044  4830.00        6.206884E+13   1.0863E-05   1.0863E-05   1.00000
FLUX 1045  4850.00        6.181289E+13   1.0773E-05   1.0773E-05   1.00000
FLUX 1046  4870.00        6.155903E+13   1.0684E-05   1.0684E-05   1.00000
FLUX 1047  4890.00        6.130726E+13   1.0596E-05   1.0596E-05   1.00000
FLUX 1048  4910.00        6.105754E+13   1.0509E-05   1.0509E-05   1.00000
FLUX 1049  4930.00        6.080984E+13   1.0423E-05   1.0423E-05   0.99999
FLUX 1050  4950.00        6.056414E+13   1.0338E-05   1.0338E-05   1.00000
FLUX 1051  4970.00        6.032042E+13   1.0254E-05   1.0254E-05   0.99999
FLUX 1052  4990.00        6.007866E+13   1.0171E-05   1.0171E-05   1.00000
FLUX 1053  5010.00        5.983882E+13   1.0089E-05   1.0089E-05   1.00000
FLUX 1054  5030.00        5.960089E+13   1.0008E-05   1.0008E-05   1.00000
FLUX 1055  5050.00        5.936485E+13   9.9283E-06   9.9284E-06   1.00000
FLUX 1056  5070.00        5.913067E+13   9.8493E-06   9.8494E-06   1.00000
FLUX 1057  5090.00        5.889833E+13   9.7712E-06   9.7713E-06   0.99999
FLUX 1058  5110.00        5.866781E+13   9.6786E-06   9.6942E-06   0.99839
FLUX 1059  5130.00        5.843908E+13   9.4880E-06   9.6180E-06   0.98649
FLUX 1060  5150.00        5.821214E+13   9.5331E-06   9.5426E-06   0.99901
FLUX 1061  5170.00        5.798694E+13   9.4681E-06   9.4681E-06   0.99999
FLUX 1062  5190.00        5.776349E+13   9.3945E-06   9.3945E-06   1.00000
FLUX 1063  5210.00        5.754175E+13   9.3218E-06   9.3218E-06   1.00000
FLUX 1064  5230.00        5.732170E+13   9.2498E-06   9.2498E-06   1.00000
FLUX 1065  5250.00        5.710333E+13   9.1787E-06   9.1787E-06   1.00000
FLUX 1066  5270.00        5.688662E+13   9.1084E-06   9.1084E-06   1.00000
FLUX 1067  5290.00        5.667155E+13   9.0389E-06   9.0389E-06   1.00000
FLUX 1068  5310.00        5.645810E+13   8.9702E-06   8.9702E-06   1.00000
FLUX 1069  5330.00        5.624625E+13   8.9022E-06   8.9022E-06   1.00000
FLUX 1070  5350.00        5.603598E+13   8.8350E-06   8.8350E-06   1.00000
FLUX 1071  5370.00        5.582728E+13   8.7686E-06   8.7686E-06   1.00000
FLUX 1072  5390.00        5.562013E+13   8.7029E-06   8.7029E-06   1.00000
FLUX 1073  5410.00        5.541451E+13   8.6379E-06   8.6379E-06   1.00000
FLUX 1074  5430.00        5.521041E+13   8.5737E-06   8.5737E-06   1.00000
FLUX 1075  5450.00        5.500780E+13   8.5102E-06   8.5102E-06   1.00000
FLUX 1076  5470.00        5.480667E+13   8.4473E-06   8.4473E-06   1.00000
FLUX 1077  5490.00        5.460701E+13   8.3852E-06   8.3852E-06   1.00000
FLUX 1078  5510.00        5.440880E+13   8.3237E-06   8.3237E-06   1.00000
FLUX 1079  5530.00        5.421203E+13   8.2629E-06   8.2629E-06   1.00000
FLUX 1080  5550.00        5.401667E+13   8.2028E-06   8.2028E-06   1.00000
FLUX 1081  5570.00        5.382271E+13   8.1433E-06   8.1433E-06   1.00000
FLUX 1082  5590.00        5.363014E+13   8.0844E-06   8.0844E-06   1.00000
FLUX 1083  5610.00        5.343895E+13   8.0262E-06   8.0262E-06   1.00000
FLUX 1084  5630.00        5.324911E+13   7.9686E-06   7.9686E-06   1.00000
FLUX 1085  5650.00        5.306062E+13   7.9116E-06   7.9116E-06   1.00000
FLUX 1086  5670.00        5.287346E+13   7.8552E-06   7.8552E-06   1.00000
FLUX 1087  5690.00        5.268761E+13   7.7994E-06   7.7994E-06   1.00000
FLUX 1088  5710.00        5.250306E+13   7.7442E-06   7.7442E-06   1.00000
FLUX 1089  5730.00        5.231981E+13   7.6895E-06   7.6895E-06   1.00000
FLUX 1090  5750.00        5.213783E+13   7.6355E-06   7.6355E-06   1.00000
FLUX 1091  5770.00        5.195711E+13   7.5820E-06   7.5820E-06   1.00000
FLUX 1092  5790.00        5.177763E+13   7.5290E-06   7.5290E-06   1.00000
FLUX 1093  5810.00        5.159940E+13   7.4767E-06   7.4767E-06   1.00000
FLUX 1094  5830.00        5.142238E+13   7.4248E-06   7.4248E-06   1.00000
FLUX 1095  5850.00        5.124658E+13   7.3748E-06   7.3749E-06   1.00000
FLUX 1096  5870.00        5.107198E+13   7.3240E-06   7.3241E-06   0.99999
FLUX 1097  5890.00        5.089856E+13   7.2558E-06   7.2738E-06   0.99753
FLUX 1098  5910.00        5.072631E+13   7.0789E-06   7.2240E-06   0.97991
FLUX 1099  5930.00        5.055523E+13   7.1648E-06   7.1748E-06   0.99861
FLUX 1100  5950.00        5.038529E+13   7.1259E-06   7.1260E-06   0.99999
FLUX 1101  5970.00        5.021650E+13   7.0777E-06   7.0777E-06   1.00000
FLUX 1102  5990.00        5.004883E+13   7.0299E-06   7.0299E-06   1.00000
FLUX 1103  6010.00        4.988228E+13   6.9826E-06   6.9826E-06   1.00000
FLUX 1104  6030.00        4.971683E+13   6.9358E-06   6.9358E-06   1.00000
FLUX 1105  6050.00        4.955248E+13   6.8894E-06   6.8894E-06   1.00000
FLUX 1106  6070.00        4.938921E+13   6.8435E-06   6.8435E-06   1.00000
FLUX 1107  6090.00        4.922701E+13   6.7980E-06   6.7980E-06   1.00000
FLUX 1108  6110.00        4.906588E+13   6.7530E-06   6.7530E-06   1.00000
FLUX 1109  6130.00        4.890579E+13   6.7085E-06   6.7085E-06   1.00000
FLUX 1110  6150.00        4.874675E+13   6.6643E-06   6.6643E-06   1.00000
FLUX 1111  6170.00        4.858874E+13   6.6206E-06   6.6206E-06   1.00000
FLUX 1112  6190.00        4.843174E+13   6.5774E-06   6.5774E-06   1.00000
FLUX 1113  6210.00        4.827576E+13   6.5345E-06   6.5345E-06   1.00000
FLUX 1114  6230.00        4.812079E+13   6.4920E-06   6.4921E-06   1.00000
FLUX 1115  6250.00        4.796680E+13   6.4500E-06   6.4500E-06   1.00000
FLUX 1116  6270.00        4.781380E+13   6.4084E-06   6.4084E-06   1.00000
FLUX 1117  6290.00        4.766176E+13   6.3671E-06   6.3671E-06   1.00000
FLUX 1118  6310.00        4.751070E+13   6.3263E-06   6.3263E-06   1.00000
FLUX 1119  6330.00        4.736058E+13   6.2858E-06   6.2859E-06   1.00000
FLUX 1120  6350.00        4.721142E+13   6.2458E-06   6.2458E-06   1.00000
FLUX 1121  6370.00        4.706319E+13   6.2061E-06   6.2061E-06   1.00000
FLUX 1122  6390.00        4.691588E+13   6.1668E-06   6.1668E-06   1.00000
FLUX 1123  6420.00        4.669665E+13   6.1085E-06   6.1085E-06   1.00000
FLUX 1124  6460.00        4.640751E+13   6.0320E-06   6.0321E-06   1.00000
FLUX 1125  6500.00        4.612192E+13   5.9570E-06   5.9570E-06   1.00000
FLUX 1126  6540.00        4.583983E+13   5.8833E-06   5.8834E-06   1.00000
FLUX 1127  6580.00        4.556117E+13   5.8110E-06   5.8110E-06   1.00000
FLUX 1128  6620.00        4.528588E+13   5.7400E-06   5.7400E-06   1.00000
FLUX 1129  6660.00        4.501389E+13   5.6703E-06   5.6703E-06   1.00000
FLUX 1130  6700.00        4.474515E+13   5.6019E-06   5.6019E-06   1.00000
FLUX 1131  6740.00        4.447960E+13   5.5346E-06   5.5346E-06   1.00000
FLUX 1132  6780.00        4.421718E+13   5.4686E-06   5.4686E-06   1.00000
FLUX 1133  6820.00        4.395784E+13   5.4037E-06   5.4037E-06   1.00000
FLUX 1134  6860.00        4.370153E+13   5.3399E-06   5.3400E-06   1.00000
FLUX 1135  6900.00        4.344819E+13   5.2773E-06   5.2773E-06   1.00000
FLUX 1136  6940.00        4.319777E+13   5.2158E-06   5.2158E-06   1.00000
FLUX 1137  6980.00        4.295021E+13   5.1553E-06   5.1553E-06   1.00000
FLUX 1138  7020.00        4.270548E+13   5.0958E-06   5.0958E-06   1.00000
FLUX 1139  7060.00        4.246353E+13   5.0374E-06   5.0374E-06   1.00000
FLUX 1140  7100.00        4.222430E+13   4.9799E-06   4.9799E-06   1.00000
FLUX 1141  7140.00        4.198775E+13   4.9234E-06   4.9235E-06   1.00000
FLUX 1142  7180.00        4.175383E+13   4.8679E-06   4.8679E-06   1.00000
FLUX 1143  7220.00        4.152251E+13   4.8133E-06   4.8133E-06   1.00000
FLUX 1144  7260.00        4.129373E+13   4.7596E-06   4.7596E-06   1.00000
FLUX 1145  7300.00        4.106747E+13   4.7068E-06   4.7068E-06   1.00000
FLUX 1146  7340.00        4.084366E+13   4.6549E-06   4.6549E-06   1.00000
FLUX 1147  7380.00        4.062229E+13   4.6038E-06   4.6038E-06   1.00000
FLUX 1148  7420.00        4.040330E+13   4.5525E-06   4.5535E-06   0.99977
FLUX 1149  7460.00        4.018666E+13   4.4240E-06   4.5041E-06   0.98221
FLUX 1150  7500.00        3.997233E+13   4.3786E-06   4.4555E-06   0.98274
FLUX 1151  7540.00        3.976028E+13   4.4056E-06   4.4076E-06   0.99954
FLUX 1152  7580.00        3.955046E+13   4.3605E-06   4.3605E-06   1.00000
FLUX 1153  7620.00        3.934285E+13   4.3141E-06   4.3141E-06   1.00000
FLUX 1154  7660.00        3.913740E+13   4.2685E-06   4.2685E-06   1.00000
FLUX 1155  7700.00        3.893409E+13   4.2236E-06   4.2236E-06   1.00000
FLUX 1156  7740.00        3.873288E+13   4.1794E-06   4.1794E-06   1.00000
FLUX 1157  7780.00        3.853374E+13   4.1358E-06   4.1358E-06   1.00000
FLUX 1158  7820.00        3.833664E+13   4.0930E-06   4.0930E-06   1.00000
FLUX 1159  7860.00        3.814154E+13   4.0507E-06   4.0507E-06   1.00000
FLUX 1160  7900.00        3.794842E+13   4.0092E-06   4.0092E-06   1.00000
FLUX 1161  7940.00        3.775724E+13   3.9682E-06   3.9683E-06   1.00000
FLUX 1162  7980.00        3.756798E+13   3.9279E-06   3.9279E-06   1.00000
FLUX 1163  8020.00        3.738061E+13   3.8882E-06   3.8882E-06   1.00000
FLUX 1164  8060.00        3.719510E+13   3.8491E-06   3.8491E-06   1.00000
FLUX 1165  8100.00        3.701142E+13   3.8106E-06   3.8106E-06   1.00000
FLUX 1166  8140.00        3.682955E+13   3.7726E-06   3.7726E-06   1.00000
FLUX 1167  8180.00        3.664945E+13   3.7352E-06   3.7352E-06   1.00000
FLUX 1168  8220.00        3.647111E+13   3.6984E-06   3.6984E-06   1.00000
FLUX 1169  8260.00        3.629449E+13   3.6621E-06   3.6621E-06   1.00000
FLUX 1170  8300.00        3.611958E+13   3.6263E-06   3.6263E-06   1.00000
FLUX 1171  8340.00        3.594634E+13   3.5910E-06   3.5910E-06   1.00000
FLUX 1172  8380.00        3.577476E+13   3.5563E-06   3.5563E-06   1.00000
FLUX 1173  8420.00        3.560481E+13   3.5220E-06   3.5220E-06   1.00000
FLUX 1174  8460.00        3.543647E+13   3.4882E-06   3.4882E-06   1.00000
FLUX 1175  8500.00        3.526971E+13   3.4549E-06   3.4549E-06   1.00000
FLUX 1176  8540.00        3.510451E+13   3.4221E-06   3.4221E-06   1.00000
FLUX 1177  8580.00        3.494085E+13   3.3897E-06   3.3897E-06   1.00000
FLUX 1178  8620.00        3.477871E+13   3.3578E-06   3.3578E-06   1.00000
FLUX 1179  8660.00        3.461807E+13   3.3264E-06   3.3264E-06   1.00000
FLUX 1180  8700.00        3.445891E+13   3.2953E-06   3.2953E-06   1.00000
FLUX 1181  8740.00        3.430120E+13   3.2647E-06   3.2647E-06   1.00000
FLUX 1182  8780.00        3.414493E+13   3.2345E-06   3.2345E-06   1.00000
FLUX 1183  8820.00        3.399008E+13   3.2048E-06   3.2048E-06   1.00000
FLUX 1184  8860.00        3.383663E+13   3.1754E-06   3.1754E-06   1.00000
FLUX 1185  8900.00        3.368455E+13   3.1464E-06   3.1464E-06   1.00000
FLUX 1186  8940.00        3.353384E+13   3.1179E-06   3.1179E-06   1.00000
FLUX 1187  8980.00        3.338447E+13   3.0897E-06   3.0897E-06   1.00000
FLUX 1188  9020.00        3.323642E+13   3.0619E-06   3.0619E-06   1.00000
FLUX 1189  9060.00        3.308968E+13   3.0344E-06   3.0344E-06   1.00000
FLUX 1190  9100.00        3.294423E+13   3.0073E-06   3.0073E-06   1.00000
FLUX 1191  9140.00        3.280005E+13   2.9806E-06   2.9806E-06   1.00000
FLUX 1192  9180.00        3.265714E+13   2.9543E-06   2.9543E-06   1.00000
FLUX 1193  9220.00        3.251546E+13   2.9282E-06   2.9282E-06   1.00000
FLUX 1194  9260.00        3.237500E+13   2.9026E-06   2.9026E-06   1.00000
FLUX 1195  9300.00        3.223575E+13   2.8772E-06   2.8772E-06   1.00000
FLUX 1196  9340.00        3.209770E+13   2.8522E-06   2.8522E-06   1.00000
FLUX 1197  9380.00        3.196082E+13   2.8275E-06   2.8275E-06   1.00000
FLUX 1198  9420.00        3.182511E+13   2.8031E-06   2.8031E-06   1.00000
FLUX 1199  9460.00        3.169054E+13   2.7790E-06   2.7790E-06   1.00000
FLUX 1200  9500.00        3.155711E+13   2.7553E-06   2.7553E-06   1.00000
FLUX 1201  9540.00        3.142479E+13   2.7318E-06   2.7318E-06   1.00000
FLUX 1202  9580.00        3.129358E+13   2.7086E-06   2.7086E-06   1.00000
FLUX 1203  9620.00        3.116346E+13   2.6858E-06   2.6858E-06   1.00000
FLUX 1204  9660.00        3.103442E+13   2.6632E-06   2.6632E-06   1.00000
FLUX 1205  9700.00        3.090644E+13   2.6409E-06   2.6409E-06   1.00000
FLUX 1206  9740.00        3.077952E+13   2.6188E-06   2.6188E-06   1.00000
FLUX 1207  9780.00        3.065363E+13   2.5971E-06   2.5971E-06   1.00000
FLUX 1208  9820.00        3.052877E+13   2.5756E-06   2.5756E-06   1.00000
FLUX 1209  9860.00        3.040492E+13   2.5544E-06   2.5544E-06   1.00000
FLUX 1210  9900.00        3.028207E+13   2.5334E-06   2.5334E-06   1.00000
FLUX 1211  9940.00        3.016021E+13   2.5127E-06   2.5127E-06   1.00000
FLUX 1212  9980.00        3.003933E+13   2.4922E-06   2.4922E-06   1.00000
FLUX 1213 10020.00        2.991941E+13   2.4720E-06   2.4720E-06   1.00000
FLUX 1214 20000.00        1.498963E+13   6.0310E-07   6.0310E-07   1.00000
FLUX 1215 40000.00        7.494813E+12   1.4608E-07   1.4608E-07   1.00000
FLUX 1216 60000.00        4.996542E+12   6.3685E-08   6.3685E-08   1.00000
FLUX 1217 80000.00        3.747406E+12   3.5322E-08   3.5322E-08   1.00000
FLUX 1218100000.00        2.997925E+12   2.2355E-08   2.2355E-08   1.00000
FLUX 1219120000.00        2.498271E+12   1.5380E-08   1.5380E-08   1.00000
FLUX 1220140000.00        2.141375E+12   1.1209E-08   1.1209E-08   1.00000
FLUX 1221160000.00        1.873703E+12   8.5204E-09   8.5204E-09   1.00000
FLUX
