TEFF  25000.  GRAVITY 3.00000 LTE 
TITLE TEST MODEL WITH SDSC OPACITY  VTURB 2 KM/S                                
 OPACITY IFOP
FLUX   45    23.00        1.303446E+16   1.1979E-17   1.6206E-17   0.73917
FLUX   46    23.40        1.281165E+16   2.8317E-17   2.9577E-17   0.95738
FLUX   47    24.00        1.249135E+16   6.5758E-17   7.0357E-17   0.93463
FLUX   48    24.65        1.216197E+16   1.6236E-16   1.7190E-16   0.94452
FLUX   49    25.24        1.187767E+16   3.5513E-16   3.7264E-16   0.95301
FLUX   50    25.68        1.167416E+16   5.8376E-16   6.4961E-16   0.89862
FLUX   51    26.00        1.153048E+16   1.0172E-15   1.0745E-15   0.94665
FLUX   52    26.40        1.135578E+16   1.6733E-15   1.8494E-15   0.90479
FLUX   53    26.85        1.116546E+16   2.8838E-15   3.0911E-15   0.93293
FLUX   54    27.35        1.096133E+16   5.0402E-15   5.3673E-15   0.93907
FLUX   55    27.85        1.076454E+16   8.5074E-15   9.1456E-15   0.93022
FLUX   56    28.40        1.055607E+16   1.7413E-14   1.7829E-14   0.97666
FLUX   57    29.00        1.033767E+16   3.1362E-14   3.2160E-14   0.97519
FLUX   58    29.60        1.012813E+16   5.5049E-14   5.6706E-14   0.97077
FLUX   59    30.10        9.959884E+15   8.4955E-14   9.0717E-14   0.93649
FLUX   60    30.80        9.733523E+15   1.6584E-13   1.9547E-13   0.84840
FLUX   61    31.80        9.427437E+15   4.2891E-13   4.4608E-13   0.96150
FLUX   62    32.80        9.140015E+15   9.0772E-13   9.7167E-13   0.93419
FLUX   63    33.80        8.869601E+15   1.9876E-12   2.0288E-12   0.97968
FLUX   64    34.80        8.614727E+15   4.0309E-12   4.0768E-12   0.98873
FLUX   65    35.70        8.397549E+15   2.3414E-11   2.6669E-11   0.87794
FLUX   66    36.60        8.191052E+15   5.8107E-11   6.4084E-11   0.90674
FLUX   67    37.50        7.994467E+15   8.7849E-11   1.0352E-10   0.84861
FLUX   68    38.50        7.786818E+15   1.5584E-10   1.7946E-10   0.86836
FLUX   69    39.50        7.589684E+15   3.9059E-10   4.5666E-10   0.85533
FLUX   70    40.50        7.402284E+15   5.9285E-10   7.0299E-10   0.84332
FLUX   71    41.40        7.241365E+15   9.4527E-10   1.1218E-09   0.84265
FLUX   72    42.20        7.104088E+15   1.2921E-09   1.6716E-09   0.77298
FLUX   73    43.00        6.971919E+15   1.8608E-09   2.2467E-09   0.82822
FLUX   74    44.10        6.798016E+15   2.8607E-09   3.3154E-09   0.86285
FLUX   75    45.10        6.647284E+15   3.8229E-09   4.6926E-09   0.81465
FLUX   76    46.00        6.517228E+15   5.0062E-09   6.2678E-09   0.79871
FLUX   77    47.00        6.378564E+15   7.2514E-09   8.5335E-09   0.84976
FLUX   78    48.00        6.245677E+15   1.0058E-08   1.1458E-08   0.87783
FLUX   79    49.00        6.118214E+15   1.3689E-08   1.5222E-08   0.89929
FLUX   80    50.00        5.995850E+15   1.8110E-08   1.9941E-08   0.90819
FLUX   81    50.60        5.924753E+15   8.7535E-08   5.0530E-07   0.17324
FLUX   82    51.20        5.855322E+15   7.2727E-07   2.2855E-06   0.31822
FLUX   83    52.00        5.765240E+15   7.7103E-07   2.3841E-06   0.32340
FLUX   84    53.00        5.656462E+15   8.0906E-07   2.5269E-06   0.32019
FLUX   85    54.00        5.551713E+15   7.4568E-07   2.6920E-06   0.27700
FLUX   86    55.00        5.450773E+15   1.3178E-06   2.8824E-06   0.45718
FLUX   87    56.00        5.353438E+15   1.7076E-06   3.0971E-06   0.55137
FLUX   88    57.00        5.259518E+15   1.9631E-06   3.3368E-06   0.58832
FLUX   89    58.00        5.168836E+15   1.8065E-06   3.7012E-06   0.48808
FLUX   90    59.00        5.081229E+15   2.3854E-06   3.9951E-06   0.59708
FLUX   91    60.00        4.996542E+15   2.3650E-06   4.3171E-06   0.54781
FLUX   92    61.00        4.914631E+15   3.1184E-06   4.6680E-06   0.66804
FLUX   93    62.00        4.835363E+15   3.6924E-06   5.0484E-06   0.73140
FLUX   94    63.00        4.758611E+15   4.0912E-06   5.4592E-06   0.74942
FLUX   95    64.00        4.684258E+15   4.0931E-06   5.9044E-06   0.69323
FLUX   96    65.00        4.612192E+15   4.8834E-06   6.3824E-06   0.76513
FLUX   97    65.80        4.556117E+15   5.0794E-06   6.7894E-06   0.74814
FLUX   98    66.50        4.508158E+15   5.4963E-06   7.1623E-06   0.76740
FLUX   99    67.50        4.441370E+15   5.5794E-06   7.7239E-06   0.72236
FLUX  100    68.50        4.376533E+15   5.0905E-06   8.3201E-06   0.61183
FLUX  101    69.50        4.313561E+15   7.4428E-06   8.9513E-06   0.83148
FLUX  102    70.50        4.252376E+15   6.2935E-06   9.6178E-06   0.65436
FLUX  103    71.60        4.187046E+15   8.7347E-06   1.0393E-05   0.84047
FLUX  104    72.60        4.129373E+15   8.9917E-06   1.1137E-05   0.80734
FLUX  105    73.50        4.078810E+15   9.4691E-06   1.1839E-05   0.79981
FLUX  106    74.50        4.024060E+15   1.0888E-05   1.2656E-05   0.86032
FLUX  107    75.50        3.970762E+15   1.1586E-05   1.3509E-05   0.85765
FLUX  108    76.50        3.918856E+15   1.2146E-05   1.4401E-05   0.84346
FLUX  109    77.50        3.868290E+15   1.3647E-05   1.5329E-05   0.89026
FLUX  110    78.50        3.819013E+15   1.4945E-05   1.6295E-05   0.91716
FLUX  111    79.50        3.770975E+15   1.5556E-05   1.7298E-05   0.89931
FLUX  112    80.50        3.724130E+15   1.6064E-05   1.8338E-05   0.87598
FLUX  113    81.50        3.678436E+15   1.6492E-05   1.9415E-05   0.84946
FLUX  114    82.50        3.633848E+15   1.8428E-05   2.0529E-05   0.89766
FLUX  115    83.50        3.590329E+15   1.3001E-05   2.1682E-05   0.59962
FLUX  116    84.50        3.547840E+15   1.9109E-05   2.2870E-05   0.83552
FLUX  117    85.50        3.506345E+15   1.9589E-05   2.4095E-05   0.81299
FLUX  118    86.50        3.465809E+15   2.1225E-05   2.5354E-05   0.83716
FLUX  119    87.50        3.426200E+15   2.2879E-05   2.6648E-05   0.85856
FLUX  120    88.50        3.387486E+15   2.5127E-05   2.7977E-05   0.89814
FLUX  121    89.50        3.349637E+15   2.6591E-05   2.9340E-05   0.90632
FLUX  122    90.50        3.312624E+15   2.6646E-05   3.0735E-05   0.86695
FLUX  123    91.50        3.276421E+15   5.7543E-05   8.6868E-04   0.06624
FLUX  124    92.50        3.241000E+15   3.1620E-04   8.7513E-04   0.36131
FLUX  125    93.50        3.206337E+15   4.8048E-04   8.8135E-04   0.54516
FLUX  126    94.50        3.172407E+15   5.5110E-04   8.8732E-04   0.62109
FLUX  127    95.50        3.139188E+15   5.7232E-04   8.9305E-04   0.64086
FLUX  128    96.50        3.106658E+15   5.5171E-04   8.9856E-04   0.61400
FLUX  129    97.50        3.074795E+15   1.2697E-04   9.0384E-04   0.14048
FLUX  130    98.50        3.043579E+15   3.2325E-04   9.0890E-04   0.35565
FLUX  131    99.50        3.012990E+15   3.9411E-04   9.1374E-04   0.43131
FLUX  132   100.50        2.983010E+15   5.7755E-04   9.1836E-04   0.62889
FLUX  133   101.50        2.953621E+15   6.2339E-04   9.2277E-04   0.67557
FLUX  134   102.50        2.924805E+15   5.6292E-04   9.2696E-04   0.60728
FLUX  135   103.50        2.896546E+15   5.6973E-04   9.3095E-04   0.61198
FLUX  136   104.50        2.868828E+15   7.6858E-04   9.3474E-04   0.82223
FLUX  137   105.50        2.841635E+15   7.2471E-04   9.3834E-04   0.77233
FLUX  138   106.50        2.814953E+15   6.0397E-04   9.4173E-04   0.64134
FLUX  139   107.50        2.788767E+15   6.6795E-04   9.4494E-04   0.70687
FLUX  140   108.50        2.763065E+15   6.4269E-04   9.4797E-04   0.67796
FLUX  141   109.50        2.737831E+15   7.4007E-04   9.5082E-04   0.77835
FLUX  142   110.50        2.713054E+15   7.1341E-04   9.5350E-04   0.74820
FLUX  143   111.50        2.688722E+15   7.1497E-04   9.5599E-04   0.74789
FLUX  144   112.50        2.664822E+15   5.8607E-04   9.5831E-04   0.61157
FLUX  145   113.50        2.641344E+15   7.4000E-04   9.6047E-04   0.77045
FLUX  146   114.50        2.618275E+15   7.1406E-04   9.6247E-04   0.74191
FLUX  147   115.50        2.595606E+15   7.1919E-04   9.6430E-04   0.74581
FLUX  148   116.50        2.573326E+15   7.0351E-04   9.6597E-04   0.72829
FLUX  149   117.50        2.551426E+15   3.7531E-04   9.6754E-04   0.38790
FLUX  150   118.50        2.529895E+15   6.7578E-04   9.6892E-04   0.69745
FLUX  151   119.50        2.508724E+15   6.7366E-04   9.7016E-04   0.69438
FLUX  152   120.50        2.487905E+15   5.8507E-04   9.7125E-04   0.60239
FLUX  153   121.50        2.467428E+15   5.9995E-04   9.7220E-04   0.61710
FLUX  154   122.50        2.447286E+15   6.9615E-04   9.7311E-04   0.71539
FLUX  155   123.50        2.427470E+15   7.5774E-04   9.7381E-04   0.77812
FLUX  156   124.50        2.407972E+15   7.5697E-04   9.7438E-04   0.77687
FLUX  157   125.50        2.388785E+15   7.4861E-04   9.7482E-04   0.76795
FLUX  158   126.50        2.369901E+15   7.8016E-04   9.7515E-04   0.80004
FLUX  159   127.50        2.351314E+15   8.1776E-04   9.7536E-04   0.83842
FLUX  160   128.50        2.333016E+15   8.2499E-04   9.7545E-04   0.84575
FLUX  161   129.50        2.315000E+15   7.4206E-04   9.7542E-04   0.76076
FLUX  162   130.50        2.297261E+15   7.7651E-04   9.7529E-04   0.79618
FLUX  163   131.50        2.279791E+15   8.5508E-04   9.7506E-04   0.87695
FLUX  164   132.50        2.262585E+15   8.2429E-04   9.7473E-04   0.84566
FLUX  165   133.50        2.245637E+15   8.1061E-04   9.7431E-04   0.83199
FLUX  166   134.50        2.228941E+15   8.3406E-04   9.7378E-04   0.85652
FLUX  167   135.50        2.212491E+15   8.3346E-04   9.7317E-04   0.85644
FLUX  168   136.50        2.196282E+15   8.0418E-04   9.7246E-04   0.82696
FLUX  169   137.50        2.180309E+15   7.8739E-04   9.7166E-04   0.81036
FLUX  170   138.50        2.164567E+15   7.6112E-04   9.7078E-04   0.78403
FLUX  171   139.50        2.149050E+15   4.6281E-04   9.6982E-04   0.47721
FLUX  172   140.50        2.133754E+15   5.0324E-04   9.6877E-04   0.51946
FLUX  173   141.50        2.118675E+15   7.4506E-04   9.6766E-04   0.76996
FLUX  174   142.50        2.103807E+15   7.1844E-04   9.6647E-04   0.74337
FLUX  175   143.50        2.089146E+15   7.6920E-04   9.6520E-04   0.79693
FLUX  176   144.20        2.079005E+15   7.8380E-04   9.6427E-04   0.81284
FLUX  177   144.70        2.071821E+15   7.7849E-04   9.6358E-04   0.80791
FLUX  178   145.50        2.060430E+15   7.5751E-04   9.6244E-04   0.78707
FLUX  179   146.50        2.046365E+15   7.2086E-04   9.6096E-04   0.75014
FLUX  180   147.50        2.032492E+15   7.4995E-04   9.5942E-04   0.78167
FLUX  181   148.50        2.018805E+15   7.5683E-04   9.5781E-04   0.79016
FLUX  182   149.50        2.005301E+15   7.4821E-04   9.5614E-04   0.78253
FLUX  183   150.50        1.991977E+15   7.0974E-04   9.5442E-04   0.74364
FLUX  184   151.20        1.982755E+15   6.4934E-04   9.5317E-04   0.68125
FLUX  185   151.70        1.976220E+15   6.7456E-04   9.5227E-04   0.70837
FLUX  186   152.50        1.965852E+15   6.8145E-04   9.5080E-04   0.71671
FLUX  187   153.50        1.953046E+15   5.7430E-04   9.4891E-04   0.60522
FLUX  188   154.50        1.940405E+15   5.0586E-04   9.4697E-04   0.53419
FLUX  189   155.50        1.927926E+15   5.1394E-04   9.4498E-04   0.54386
FLUX  190   156.50        1.915607E+15   6.1030E-04   9.4294E-04   0.64723
FLUX  191   157.50        1.903444E+15   6.7066E-04   9.4086E-04   0.71282
FLUX  192   158.50        1.891435E+15   6.8596E-04   9.3873E-04   0.73074
FLUX  193   159.50        1.879577E+15   6.8722E-04   9.3656E-04   0.73377
FLUX  194   160.50        1.867866E+15   6.8115E-04   9.3435E-04   0.72901
FLUX  195   161.50        1.856300E+15   6.6820E-04   9.3209E-04   0.71688
FLUX  196   162.50        1.844877E+15   6.7850E-04   9.2980E-04   0.72973
FLUX  197   163.50        1.833593E+15   7.2128E-04   9.2748E-04   0.77768
FLUX  198   164.50        1.822447E+15   7.3592E-04   9.2511E-04   0.79549
FLUX  199   165.50        1.811435E+15   7.3567E-04   9.2271E-04   0.79729
FLUX  200   166.50        1.800556E+15   7.4396E-04   9.2029E-04   0.80840
FLUX  201   167.20        1.793017E+15   7.0269E-04   9.1857E-04   0.76498
FLUX  202   167.70        1.787671E+15   8.1139E-04   9.1733E-04   0.88451
FLUX  203   168.50        1.779184E+15   7.7807E-04   9.1534E-04   0.85003
FLUX  204   169.50        1.768687E+15   7.4744E-04   9.1282E-04   0.81882
FLUX  205   170.50        1.758314E+15   7.4886E-04   9.1028E-04   0.82267
FLUX  206   171.50        1.748061E+15   7.1224E-04   9.0771E-04   0.78466
FLUX  207   172.50        1.737928E+15   7.1025E-04   9.0511E-04   0.78471
FLUX  208   173.50        1.727911E+15   7.4417E-04   9.0249E-04   0.82458
FLUX  209   174.50        1.718009E+15   7.3972E-04   8.9985E-04   0.82205
FLUX  210   175.50        1.708219E+15   7.5114E-04   8.9718E-04   0.83723
FLUX  211   176.50        1.698541E+15   7.5739E-04   8.9449E-04   0.84673
FLUX  212   177.50        1.688972E+15   7.1903E-04   8.9178E-04   0.80629
FLUX  213   178.50        1.679510E+15   7.4339E-04   8.8905E-04   0.83617
FLUX  214   179.50        1.670153E+15   7.5522E-04   8.8630E-04   0.85211
FLUX  215   180.50        1.660900E+15   7.7101E-04   8.8353E-04   0.87265
FLUX  216   181.50        1.651749E+15   7.1044E-04   8.8075E-04   0.80664
FLUX  217   182.50        1.642699E+15   7.4011E-04   8.7795E-04   0.84300
FLUX  218   183.50        1.633747E+15   7.3611E-04   8.7514E-04   0.84113
FLUX  219   184.50        1.624892E+15   6.7825E-04   8.7232E-04   0.77752
FLUX  220   185.50        1.616132E+15   7.0631E-04   8.6949E-04   0.81233
FLUX  221   186.50        1.607466E+15   7.2359E-04   8.6665E-04   0.83493
FLUX  222   187.50        1.598893E+15   7.4146E-04   8.6380E-04   0.85838
FLUX  223   188.50        1.590411E+15   6.7698E-04   8.6093E-04   0.78633
FLUX  224   189.50        1.582018E+15   6.3880E-04   8.5806E-04   0.74447
FLUX  225   190.50        1.573714E+15   6.9931E-04   8.5517E-04   0.81774
FLUX  226   191.50        1.565496E+15   6.7100E-04   8.5228E-04   0.78730
FLUX  227   192.50        1.557364E+15   6.3891E-04   8.4938E-04   0.75222
FLUX  228   193.50        1.549315E+15   6.9207E-04   8.4647E-04   0.81759
FLUX  229   194.50        1.541350E+15   7.1802E-04   8.4355E-04   0.85119
FLUX  230   195.50        1.533465E+15   6.4566E-04   8.4063E-04   0.76807
FLUX  231   196.70        1.524110E+15   7.0949E-04   8.3715E-04   0.84751
FLUX  232   197.60        1.517169E+15   7.4850E-04   8.3453E-04   0.89691
FLUX  233   198.40        1.511051E+15   7.0449E-04   8.3220E-04   0.84654
FLUX  234   199.50        1.502719E+15   6.9906E-04   8.2899E-04   0.84327
FLUX  235   200.50        1.495224E+15   7.3026E-04   8.2607E-04   0.88401
FLUX  236   201.50        1.487804E+15   7.3517E-04   8.2315E-04   0.89312
FLUX  237   202.50        1.480457E+15   7.5828E-04   8.2022E-04   0.92448
FLUX  238   203.50        1.473182E+15   7.0126E-04   8.1730E-04   0.85802
FLUX  239   204.50        1.465978E+15   7.1618E-04   8.1437E-04   0.87943
FLUX  240   205.50        1.458844E+15   6.6835E-04   8.1680E-04   0.81825
FLUX  241   206.50        1.451780E+15   7.1590E-04   8.1382E-04   0.87968
FLUX  242   207.40        1.445480E+15   7.7025E-04   8.1112E-04   0.94960
FLUX  243   207.80        1.442697E+15   6.9700E-04   8.0993E-04   0.86057
FLUX  244   208.50        1.437854E+15   7.2900E-04   8.0784E-04   0.90241
FLUX  245   209.50        1.430990E+15   6.9222E-04   8.0485E-04   0.86007
FLUX  246   210.50        1.424192E+15   7.2512E-04   8.0186E-04   0.90430
FLUX  247   211.50        1.417459E+15   7.3638E-04   7.9887E-04   0.92178
FLUX  248   212.50        1.410788E+15   7.4740E-04   7.9589E-04   0.93908
FLUX  249   213.50        1.404180E+15   7.4265E-04   7.9290E-04   0.93662
FLUX  250   214.50        1.397634E+15   7.1200E-04   7.8992E-04   0.90135
FLUX  251   215.50        1.391148E+15   7.4662E-04   7.8694E-04   0.94876
FLUX  252   216.50        1.384723E+15   7.4692E-04   7.8397E-04   0.95275
FLUX  253   217.50        1.378356E+15   7.4347E-04   7.8100E-04   0.95195
FLUX  254   218.50        1.372048E+15   7.3282E-04   7.7803E-04   0.94189
FLUX  255   219.50        1.365797E+15   7.4731E-04   7.7507E-04   0.96418
FLUX  256   220.50        1.359603E+15   7.5046E-04   7.7210E-04   0.97197
FLUX  257   221.50        1.353465E+15   7.4490E-04   7.6915E-04   0.96848
FLUX  258   222.50        1.347382E+15   7.3419E-04   7.6619E-04   0.95823
FLUX  259   223.50        1.341353E+15   7.2597E-04   7.6324E-04   0.95116
FLUX  260   224.50        1.335379E+15   7.3686E-04   7.6030E-04   0.96918
FLUX  261   225.50        1.329457E+15   7.2830E-04   7.5736E-04   0.96163
FLUX  262   226.50        1.323587E+15   7.3531E-04   7.5443E-04   0.97465
FLUX  263   227.50        1.317769E+15   7.3354E-04   7.5151E-04   0.97610
FLUX  264   228.50        1.312002E+15   7.3330E-04   7.4859E-04   0.97958
FLUX  265   229.50        1.306285E+15   6.8002E-04   7.4567E-04   0.91195
FLUX  266   230.50        1.300618E+15   7.2262E-04   7.4277E-04   0.97287
FLUX  267   231.50        1.295000E+15   7.1018E-04   7.3987E-04   0.95987
FLUX  268   232.50        1.289430E+15   6.5085E-04   7.3698E-04   0.88312
FLUX  269   233.50        1.283908E+15   6.9778E-04   7.3410E-04   0.95053
FLUX  270   234.50        1.278433E+15   7.1317E-04   7.3123E-04   0.97531
FLUX  271   235.50        1.273004E+15   7.0896E-04   7.2836E-04   0.97336
FLUX  272   236.50        1.267622E+15   7.0890E-04   7.2550E-04   0.97711
FLUX  273   237.50        1.262284E+15   6.9820E-04   7.2266E-04   0.96615
FLUX  274   238.50        1.256992E+15   6.9724E-04   7.1982E-04   0.96863
FLUX  275   239.50        1.251743E+15   6.9483E-04   7.1699E-04   0.96910
FLUX  276   240.50        1.246538E+15   6.9347E-04   7.1417E-04   0.97102
FLUX  277   241.50        1.241377E+15   6.9122E-04   7.1135E-04   0.97170
FLUX  278   242.50        1.236258E+15   6.9306E-04   7.0855E-04   0.97814
FLUX  279   243.50        1.231181E+15   6.8315E-04   7.0576E-04   0.96797
FLUX  280   244.50        1.226145E+15   6.8683E-04   7.0297E-04   0.97704
FLUX  281   245.50        1.221151E+15   6.8931E-04   7.0020E-04   0.98444
FLUX  282   246.50        1.216197E+15   6.8362E-04   6.9743E-04   0.98019
FLUX  283   247.50        1.211283E+15   6.7710E-04   6.9468E-04   0.97470
FLUX  284   248.50        1.206408E+15   6.5834E-04   6.9193E-04   0.95146
FLUX  285   249.50        1.201573E+15   4.8141E-04   6.8919E-04   0.69852
FLUX  286   250.50        1.196776E+15   6.3404E-04   6.8646E-04   0.92363
FLUX  287   251.30        1.192967E+15   6.3667E-04   6.8429E-04   0.93042
FLUX  288   251.80        1.190598E+15   6.5818E-04   6.8293E-04   0.96376
FLUX  289   252.50        1.187297E+15   6.6450E-04   6.8103E-04   0.97572
FLUX  290   253.50        1.182613E+15   6.6675E-04   6.7834E-04   0.98291
FLUX  291   254.50        1.177967E+15   6.5263E-04   6.7566E-04   0.96592
FLUX  292   255.50        1.173356E+15   6.5706E-04   6.7299E-04   0.97633
FLUX  293   256.50        1.168782E+15   6.5781E-04   6.7033E-04   0.98132
FLUX  294   257.50        1.164243E+15   6.5742E-04   6.6769E-04   0.98462
FLUX  295   258.50        1.159739E+15   6.5370E-04   6.6505E-04   0.98294
FLUX  296   259.50        1.155270E+15   6.5128E-04   6.6242E-04   0.98319
FLUX  297   260.50        1.150835E+15   6.5100E-04   6.6197E-04   0.98343
FLUX  298   261.50        1.146434E+15   6.4413E-04   6.5934E-04   0.97694
FLUX  299   262.50        1.142067E+15   6.4465E-04   6.5672E-04   0.98162
FLUX  300   263.50        1.137732E+15   6.4457E-04   6.5411E-04   0.98542
FLUX  301   264.50        1.133431E+15   6.4043E-04   6.5151E-04   0.98299
FLUX  302   265.50        1.129162E+15   6.4039E-04   6.4892E-04   0.98684
FLUX  303   266.50        1.124925E+15   6.2537E-04   6.4635E-04   0.96754
FLUX  304   267.50        1.120720E+15   6.2638E-04   6.4378E-04   0.97297
FLUX  305   268.50        1.116546E+15   6.3208E-04   6.4123E-04   0.98573
FLUX  306   269.50        1.112403E+15   6.1624E-04   6.3869E-04   0.96486
FLUX  307   270.50        1.108290E+15   6.1099E-04   6.3616E-04   0.96044
FLUX  308   271.50        1.104208E+15   6.1440E-04   6.3363E-04   0.96964
FLUX  309   272.50        1.100156E+15   6.1789E-04   6.3113E-04   0.97902
FLUX  310   273.50        1.096133E+15   6.1446E-04   6.2863E-04   0.97746
FLUX  311   274.50        1.092140E+15   6.1231E-04   6.2614E-04   0.97792
FLUX  312   275.50        1.088176E+15   6.1260E-04   6.2366E-04   0.98226
FLUX  313   276.50        1.084241E+15   6.0791E-04   6.2120E-04   0.97860
FLUX  314   277.50        1.080333E+15   6.1271E-04   6.1874E-04   0.99024
FLUX  315   278.50        1.076454E+15   6.0705E-04   6.1630E-04   0.98498
FLUX  316   279.50        1.072603E+15   5.9217E-04   6.1387E-04   0.96465
FLUX  317   280.50        1.068779E+15   5.9987E-04   6.1145E-04   0.98107
FLUX  318   281.50        1.064982E+15   6.0329E-04   6.0904E-04   0.99056
FLUX  319   282.50        1.061212E+15   6.0044E-04   6.0664E-04   0.98979
FLUX  320   283.50        1.057469E+15   5.8745E-04   6.0425E-04   0.97219
FLUX  321   284.50        1.053752E+15   5.9485E-04   6.0187E-04   0.98833
FLUX  322   285.50        1.050061E+15   5.8833E-04   5.9950E-04   0.98135
FLUX  323   286.50        1.046396E+15   5.8965E-04   5.9715E-04   0.98745
FLUX  324   287.50        1.042757E+15   5.8786E-04   5.9480E-04   0.98833
FLUX  325   288.50        1.039142E+15   5.8596E-04   5.9247E-04   0.98902
FLUX  326   289.50        1.035553E+15   5.8180E-04   5.9015E-04   0.98585
FLUX  327   291.00        1.030215E+15   5.7522E-04   5.8668E-04   0.98046
FLUX  328   293.00        1.023183E+15   5.7660E-04   5.8210E-04   0.99054
FLUX  329   295.00        1.016246E+15   5.6772E-04   5.7756E-04   0.98296
FLUX  330   297.00        1.009402E+15   5.6592E-04   5.7307E-04   0.98753
FLUX  331   299.00        1.002651E+15   5.6076E-04   5.6862E-04   0.98618
FLUX  332   301.00        9.959884E+14   5.4763E-04   5.6421E-04   0.97062
FLUX  333   303.00        9.894142E+14   5.5048E-04   5.5984E-04   0.98328
FLUX  334   305.00        9.829262E+14   5.4994E-04   5.5551E-04   0.98997
FLUX  335   307.00        9.765228E+14   5.4833E-04   5.5123E-04   0.99474
FLUX  336   309.00        9.702023E+14   5.3509E-04   5.4699E-04   0.97825
FLUX  337   311.00        9.639630E+14   5.3959E-04   5.4279E-04   0.99411
FLUX  338   313.00        9.578035E+14   5.3215E-04   5.3900E-04   0.98728
FLUX  339   315.00        9.517222E+14   5.3079E-04   5.3488E-04   0.99235
FLUX  340   317.00        9.457177E+14   5.2469E-04   5.3081E-04   0.98848
FLUX  341   319.00        9.397884E+14   5.2115E-04   5.2677E-04   0.98934
FLUX  342   321.00        9.339330E+14   5.1875E-04   5.2278E-04   0.99229
FLUX  343   323.00        9.281502E+14   5.1302E-04   5.1883E-04   0.98880
FLUX  344   325.00        9.224385E+14   5.1237E-04   5.1491E-04   0.99505
FLUX  345   327.00        9.167966E+14   5.0562E-04   5.1104E-04   0.98940
FLUX  346   329.00        9.112234E+14   5.0241E-04   5.0720E-04   0.99055
FLUX  347   331.00        9.057175E+14   4.9907E-04   5.0340E-04   0.99139
FLUX  348   333.00        9.002778E+14   4.9418E-04   4.9964E-04   0.98907
FLUX  349   335.00        8.949030E+14   4.9091E-04   4.9592E-04   0.98991
FLUX  350   337.00        8.895920E+14   4.8753E-04   4.9223E-04   0.99044
FLUX  351   339.00        8.843437E+14   4.8622E-04   4.8858E-04   0.99515
FLUX  352   341.00        8.791569E+14   4.8278E-04   4.8497E-04   0.99548
FLUX  353   343.00        8.740306E+14   4.7896E-04   4.8355E-04   0.99050
FLUX  354   345.00        8.689638E+14   4.7443E-04   4.7998E-04   0.98845
FLUX  355   347.00        8.639553E+14   4.7140E-04   4.7644E-04   0.98941
FLUX  356   349.00        8.590043E+14   4.6773E-04   4.7294E-04   0.98898
FLUX  357   351.00        8.541097E+14   4.6474E-04   4.6947E-04   0.98992
FLUX  358   353.00        8.492705E+14   4.6356E-04   4.6604E-04   0.99468
FLUX  359   355.00        8.444859E+14   4.5984E-04   4.6265E-04   0.99394
FLUX  360   357.00        8.397549E+14   4.5726E-04   4.5928E-04   0.99559
FLUX  361   359.00        8.350766E+14   4.5056E-04   4.5596E-04   0.98816
FLUX  362   361.00        8.304501E+14   4.4745E-04   4.5266E-04   0.98849
FLUX  363   363.00        8.258747E+14   4.4575E-04   4.4940E-04   0.99189
FLUX  364   364.00        8.236058E+14   4.4599E-04   4.4778E-04   0.99600
FLUX  365   365.00        8.213493E+14   4.4308E-04   5.0270E-04   0.88141
FLUX  366   367.00        8.168733E+14   4.3830E-04   4.9911E-04   0.87816
FLUX  367   369.00        8.124458E+14   4.2119E-04   4.9682E-04   0.84777
FLUX  368   371.00        8.080660E+14   4.2889E-04   4.9330E-04   0.86945
FLUX  369   373.00        8.037332E+14   4.2733E-04   4.8980E-04   0.87245
FLUX  370   375.00        7.994467E+14   4.4846E-04   4.8634E-04   0.92210
FLUX  371   377.00        7.952056E+14   4.4504E-04   4.8291E-04   0.92158
FLUX  372   379.00        7.910092E+14   4.5009E-04   4.7951E-04   0.93864
FLUX  373   381.00        7.868570E+14   4.6253E-04   4.7614E-04   0.97141
FLUX  374   383.00        7.827480E+14   4.3409E-04   4.7281E-04   0.91811
FLUX  375   385.00        7.786818E+14   4.6267E-04   4.6950E-04   0.98544
FLUX  376   387.00        7.746576E+14   4.5303E-04   4.6623E-04   0.97171
FLUX  377   389.00        7.706748E+14   4.2812E-04   4.6298E-04   0.92471
FLUX  378   391.00        7.667327E+14   4.5625E-04   4.5976E-04   0.99236
FLUX  379   393.00        7.628308E+14   4.4592E-04   4.5657E-04   0.97667
FLUX  380   395.00        7.589684E+14   4.4582E-04   4.5342E-04   0.98326
FLUX  381   397.00        7.551448E+14   4.1280E-04   4.5029E-04   0.91675
FLUX  382   399.00        7.513596E+14   4.4235E-04   4.4719E-04   0.98918
FLUX  383   401.00        7.476122E+14   4.3927E-04   4.4411E-04   0.98908
FLUX  384   403.00        7.439020E+14   4.3139E-04   4.4107E-04   0.97804
FLUX  385   405.00        7.402284E+14   4.3334E-04   4.3805E-04   0.98924
FLUX  386   407.00        7.365909E+14   4.2192E-04   4.3507E-04   0.96977
FLUX  387   409.00        7.329890E+14   4.1369E-04   4.3211E-04   0.95738
FLUX  388   411.00        7.294221E+14   3.9457E-04   4.2917E-04   0.91937
FLUX  389   413.00        7.258898E+14   4.1548E-04   4.2627E-04   0.97470
FLUX  390   415.00        7.223916E+14   4.1532E-04   4.2339E-04   0.98095
FLUX  391   417.00        7.189269E+14   4.1572E-04   4.2053E-04   0.98855
FLUX  392   419.00        7.154952E+14   4.1355E-04   4.1771E-04   0.99004
FLUX  393   421.00        7.120962E+14   4.1257E-04   4.1490E-04   0.99438
FLUX  394   423.00        7.087293E+14   4.0888E-04   4.1213E-04   0.99212
FLUX  395   425.00        7.053941E+14   4.0325E-04   4.0937E-04   0.98504
FLUX  396   427.00        7.020902E+14   3.9691E-04   4.0665E-04   0.97606
FLUX  397   429.00        6.988170E+14   3.9597E-04   4.0394E-04   0.98025
FLUX  398   431.00        6.955742E+14   3.8992E-04   4.0126E-04   0.97172
FLUX  399   433.00        6.923614E+14   3.8237E-04   3.9861E-04   0.95925
FLUX  400   435.00        6.891782E+14   3.6359E-04   3.9598E-04   0.91821
FLUX  401   437.00        6.860240E+14   3.8332E-04   3.9337E-04   0.97445
FLUX  402   439.00        6.828986E+14   3.8366E-04   3.9079E-04   0.98176
FLUX  403   441.00        6.798016E+14   3.8182E-04   3.8823E-04   0.98349
FLUX  404   443.00        6.767325E+14   3.8142E-04   3.8569E-04   0.98891
FLUX  405   445.00        6.736910E+14   3.7789E-04   3.8318E-04   0.98618
FLUX  406   447.00        6.706767E+14   3.7187E-04   3.8069E-04   0.97683
FLUX  407   449.00        6.676893E+14   3.7430E-04   3.7822E-04   0.98962
FLUX  408   451.00        6.647284E+14   3.7203E-04   3.7577E-04   0.99005
FLUX  409   453.00        6.617936E+14   3.7056E-04   3.7335E-04   0.99253
FLUX  410   455.00        6.588846E+14   3.6748E-04   3.7095E-04   0.99064
FLUX  411   457.00        6.560011E+14   3.6560E-04   3.6856E-04   0.99195
FLUX  412   459.00        6.531427E+14   3.6223E-04   3.6620E-04   0.98915
FLUX  413   461.00        6.503091E+14   3.5879E-04   3.6386E-04   0.98604
FLUX  414   463.00        6.475000E+14   3.5676E-04   3.6154E-04   0.98677
FLUX  415   465.00        6.447151E+14   3.4632E-04   3.5925E-04   0.96403
FLUX  416   467.00        6.419540E+14   3.5162E-04   3.5697E-04   0.98502
FLUX  417   469.00        6.392164E+14   3.5082E-04   3.5471E-04   0.98905
FLUX  418   471.00        6.365021E+14   3.4411E-04   3.5247E-04   0.97628
FLUX  419   473.00        6.338108E+14   3.4754E-04   3.5025E-04   0.99227
FLUX  420   475.00        6.311421E+14   3.4468E-04   3.4805E-04   0.99031
FLUX  421   477.00        6.284958E+14   3.4572E-04   3.4587E-04   0.99958
FLUX  422   479.00        6.258716E+14   3.4313E-04   3.4371E-04   0.99831
FLUX  423   481.00        6.232692E+14   3.4027E-04   3.4156E-04   0.99621
FLUX  424   483.00        6.206884E+14   3.3749E-04   3.3944E-04   0.99426
FLUX  425   485.00        6.181289E+14   3.3292E-04   3.3733E-04   0.98693
FLUX  426   487.00        6.155903E+14   3.1253E-04   3.3525E-04   0.93223
FLUX  427   489.00        6.130726E+14   3.3208E-04   3.3318E-04   0.99670
FLUX  428   491.00        6.105754E+14   3.2983E-04   3.3112E-04   0.99608
FLUX  429   493.00        6.080984E+14   3.2435E-04   3.2909E-04   0.98561
FLUX  430   495.00        6.056414E+14   3.2442E-04   3.2708E-04   0.99188
FLUX  431   497.00        6.032042E+14   3.2493E-04   3.2508E-04   0.99956
FLUX  432   499.00        6.007866E+14   3.2255E-04   3.2309E-04   0.99832
FLUX  433   501.00        5.983882E+14   3.1431E-04   3.2113E-04   0.97875
FLUX  434   503.00        5.960089E+14   3.1820E-04   3.1918E-04   0.99691
FLUX  435   505.00        5.936485E+14   3.1509E-04   3.1725E-04   0.99320
FLUX  436   507.00        5.913067E+14   3.1490E-04   3.1534E-04   0.99861
FLUX  437   509.00        5.889833E+14   3.1273E-04   3.1344E-04   0.99774
FLUX  438   511.00        5.866781E+14   3.1061E-04   3.1155E-04   0.99696
FLUX  439   513.00        5.843908E+14   3.0757E-04   3.0969E-04   0.99316
FLUX  440   515.00        5.821214E+14   3.0614E-04   3.0784E-04   0.99448
FLUX  441   517.00        5.798694E+14   3.0497E-04   3.0600E-04   0.99662
FLUX  442   519.00        5.776349E+14   3.0347E-04   3.0418E-04   0.99766
FLUX  443   521.00        5.754175E+14   3.0182E-04   3.0238E-04   0.99815
FLUX  444   523.00        5.732170E+14   2.9991E-04   3.0059E-04   0.99774
FLUX  445   525.00        5.710333E+14   2.9796E-04   2.9882E-04   0.99711
FLUX  446   527.00        5.688662E+14   2.9580E-04   2.9706E-04   0.99574
FLUX  447   529.00        5.667155E+14   2.9472E-04   2.9532E-04   0.99796
FLUX  448   531.00        5.645810E+14   2.9272E-04   2.9359E-04   0.99704
FLUX  449   533.00        5.624625E+14   2.9141E-04   2.9188E-04   0.99842
FLUX  450   535.00        5.603598E+14   2.8961E-04   2.9018E-04   0.99806
FLUX  451   537.00        5.582728E+14   2.8801E-04   2.8849E-04   0.99833
FLUX  452   539.00        5.562013E+14   2.8599E-04   2.8682E-04   0.99711
FLUX  453   541.00        5.541451E+14   2.8438E-04   2.8516E-04   0.99728
FLUX  454   543.00        5.521041E+14   2.8312E-04   2.8352E-04   0.99862
FLUX  455   545.00        5.500780E+14   2.8140E-04   2.8188E-04   0.99827
FLUX  456   547.00        5.480667E+14   2.7971E-04   2.8027E-04   0.99801
FLUX  457   549.00        5.460701E+14   2.7805E-04   2.7866E-04   0.99779
FLUX  458   551.00        5.440880E+14   2.7680E-04   2.7707E-04   0.99901
FLUX  459   553.00        5.421203E+14   2.7489E-04   2.7550E-04   0.99779
FLUX  460   555.00        5.401667E+14   2.7375E-04   2.7393E-04   0.99934
FLUX  461   557.00        5.382271E+14   2.7198E-04   2.7238E-04   0.99852
FLUX  462   559.00        5.363014E+14   2.7046E-04   2.7084E-04   0.99858
FLUX  463   561.00        5.343895E+14   2.6913E-04   2.6931E-04   0.99932
FLUX  464   563.00        5.324911E+14   2.6769E-04   2.6780E-04   0.99958
FLUX  465   565.00        5.306062E+14   2.6582E-04   2.6630E-04   0.99823
FLUX  466   567.00        5.287346E+14   2.6326E-04   2.6481E-04   0.99415
FLUX  467   569.00        5.268761E+14   2.6049E-04   2.6333E-04   0.98921
FLUX  468   571.00        5.250306E+14   2.6097E-04   2.6189E-04   0.99649
FLUX  469   573.00        5.231981E+14   2.5982E-04   2.6044E-04   0.99763
FLUX  470   575.00        5.213783E+14   2.5747E-04   2.5899E-04   0.99410
FLUX  471   577.00        5.195711E+14   2.5733E-04   2.5756E-04   0.99910
FLUX  472   579.00        5.177763E+14   2.5573E-04   2.5614E-04   0.99840
FLUX  473   581.00        5.159940E+14   2.5428E-04   2.5473E-04   0.99821
FLUX  474   583.00        5.142238E+14   2.5236E-04   2.5334E-04   0.99614
FLUX  475   585.00        5.124658E+14   2.5147E-04   2.5195E-04   0.99810
FLUX  476   587.00        5.107198E+14   2.4566E-04   2.5057E-04   0.98038
FLUX  477   589.00        5.089856E+14   2.4749E-04   2.4921E-04   0.99312
FLUX  478   591.00        5.072631E+14   2.4692E-04   2.4785E-04   0.99622
FLUX  479   593.00        5.055523E+14   2.4514E-04   2.4651E-04   0.99443
FLUX  480   595.00        5.038529E+14   2.4383E-04   2.4518E-04   0.99449
FLUX  481   597.00        5.021650E+14   2.4366E-04   2.4386E-04   0.99919
FLUX  482   599.00        5.004883E+14   2.4145E-04   2.4254E-04   0.99549
FLUX  483   601.00        4.988228E+14   2.4074E-04   2.4124E-04   0.99791
FLUX  484   603.00        4.971683E+14   2.3903E-04   2.3995E-04   0.99618
FLUX  485   605.00        4.955248E+14   2.3795E-04   2.3867E-04   0.99700
FLUX  486   607.00        4.938921E+14   2.3706E-04   2.3740E-04   0.99856
FLUX  487   609.00        4.922701E+14   2.3591E-04   2.3614E-04   0.99903
FLUX  488   611.00        4.906588E+14   2.3458E-04   2.3488E-04   0.99869
FLUX  489   613.00        4.890579E+14   2.3345E-04   2.3364E-04   0.99920
FLUX  490   615.00        4.874675E+14   2.3155E-04   2.3241E-04   0.99632
FLUX  491   617.00        4.858874E+14   2.3049E-04   2.3118E-04   0.99699
FLUX  492   619.00        4.843174E+14   2.2962E-04   2.2997E-04   0.99846
FLUX  493   621.00        4.827576E+14   2.2861E-04   2.2877E-04   0.99933
FLUX  494   623.00        4.812079E+14   2.2742E-04   2.2757E-04   0.99933
FLUX  495   625.00        4.796680E+14   2.2601E-04   2.2638E-04   0.99836
FLUX  496   627.00        4.781380E+14   2.2495E-04   2.2521E-04   0.99886
FLUX  497   629.00        4.766176E+14   2.2392E-04   2.2404E-04   0.99946
FLUX  498   631.00        4.751070E+14   2.2258E-04   2.2288E-04   0.99866
FLUX  499   633.00        4.736058E+14   2.2166E-04   2.2173E-04   0.99972
FLUX  500   635.00        4.721142E+14   2.2026E-04   2.2058E-04   0.99856
FLUX  501   637.00        4.706319E+14   2.1941E-04   2.1945E-04   0.99981
FLUX  502   639.00        4.691588E+14   2.1817E-04   2.1832E-04   0.99929
FLUX  503   641.00        4.676950E+14   2.1707E-04   2.1721E-04   0.99938
FLUX  504   643.00        4.662403E+14   2.1608E-04   2.1610E-04   0.99990
FLUX  505   645.00        4.647946E+14   2.1491E-04   2.1500E-04   0.99962
FLUX  506   647.00        4.633578E+14   2.1330E-04   2.1390E-04   0.99719
FLUX  507   649.00        4.619299E+14   2.1208E-04   2.1282E-04   0.99654
FLUX  508   651.00        4.605108E+14   2.1153E-04   2.1174E-04   0.99900
FLUX  509   653.00        4.591003E+14   2.1034E-04   2.1067E-04   0.99842
FLUX  510   655.00        4.576985E+14   2.0817E-04   2.0961E-04   0.99310
FLUX  511   657.00        4.563052E+14   1.9306E-04   2.0856E-04   0.92568
FLUX  512   659.00        4.549203E+14   2.0612E-04   2.0752E-04   0.99330
FLUX  513   661.00        4.535439E+14   2.0605E-04   2.0648E-04   0.99790
FLUX  514   663.00        4.521757E+14   2.0532E-04   2.0545E-04   0.99939
FLUX  515   665.00        4.508158E+14   2.0406E-04   2.0451E-04   0.99782
FLUX  516   667.00        4.494640E+14   2.0207E-04   2.0349E-04   0.99301
FLUX  517   669.00        4.481203E+14   2.0112E-04   2.0248E-04   0.99330
FLUX  518   671.00        4.467846E+14   2.0129E-04   2.0148E-04   0.99904
FLUX  519   673.00        4.454569E+14   1.9973E-04   2.0049E-04   0.99621
FLUX  520   675.00        4.441370E+14   1.9931E-04   1.9950E-04   0.99904
FLUX  521   677.00        4.428250E+14   1.9849E-04   1.9852E-04   0.99983
FLUX  522   679.00        4.415206E+14   1.9660E-04   1.9755E-04   0.99519
FLUX  523   681.00        4.402239E+14   1.9638E-04   1.9658E-04   0.99894
FLUX  524   683.00        4.389348E+14   1.9540E-04   1.9563E-04   0.99884
FLUX  525   685.00        4.376533E+14   1.9458E-04   1.9467E-04   0.99954
FLUX  526   687.00        4.363792E+14   1.9361E-04   1.9373E-04   0.99940
FLUX  527   689.00        4.351125E+14   1.9235E-04   1.9279E-04   0.99771
FLUX  528   691.00        4.338531E+14   1.9127E-04   1.9186E-04   0.99690
FLUX  529   693.00        4.326010E+14   1.9090E-04   1.9094E-04   0.99981
FLUX  530   695.00        4.313561E+14   1.8999E-04   1.9002E-04   0.99987
FLUX  531   697.00        4.301184E+14   1.8909E-04   1.8911E-04   0.99992
FLUX  532   699.00        4.288877E+14   1.8815E-04   1.8820E-04   0.99976
FLUX  533   701.00        4.276641E+14   1.8728E-04   1.8730E-04   0.99989
FLUX  534   703.00        4.264474E+14   1.8627E-04   1.8641E-04   0.99922
FLUX  535   705.00        4.252376E+14   1.8544E-04   1.8552E-04   0.99955
FLUX  536   707.00        4.240347E+14   1.8234E-04   1.8464E-04   0.98753
FLUX  537   709.00        4.228385E+14   1.8374E-04   1.8377E-04   0.99985
FLUX  538   711.00        4.216491E+14   1.8213E-04   1.8290E-04   0.99577
FLUX  539   713.00        4.204663E+14   1.8142E-04   1.8204E-04   0.99662
FLUX  540   715.00        4.192902E+14   1.8117E-04   1.8119E-04   0.99992
FLUX  541   717.00        4.181206E+14   1.8026E-04   1.8034E-04   0.99959
FLUX  542   719.00        4.169576E+14   1.7949E-04   1.7949E-04   0.99998
FLUX  543   721.00        4.158010E+14   1.7865E-04   1.7865E-04   0.99998
FLUX  544   723.00        4.146508E+14   1.7591E-04   1.7782E-04   0.98925
FLUX  545   725.00        4.135069E+14   1.7659E-04   1.7699E-04   0.99771
FLUX  546   727.00        4.123693E+14   1.7615E-04   1.7617E-04   0.99986
FLUX  547   729.00        4.112380E+14   1.7414E-04   1.7536E-04   0.99308
FLUX  548   731.00        4.101129E+14   1.7449E-04   1.7455E-04   0.99968
FLUX  549   733.00        4.089939E+14   1.7365E-04   1.7374E-04   0.99943
FLUX  550   735.00        4.078810E+14   1.7291E-04   1.7294E-04   0.99982
FLUX  551   737.00        4.067741E+14   1.7215E-04   1.7215E-04   0.99998
FLUX  552   739.00        4.056732E+14   1.7136E-04   1.7136E-04   0.99999
FLUX  553   741.00        4.045783E+14   1.7058E-04   1.7058E-04   0.99998
FLUX  554   743.00        4.034892E+14   1.6979E-04   1.6980E-04   0.99993
FLUX  555   745.00        4.024060E+14   1.6902E-04   1.6905E-04   0.99983
FLUX  556   747.00        4.013286E+14   1.6772E-04   1.6828E-04   0.99665
FLUX  557   749.00        4.002570E+14   1.6736E-04   1.6752E-04   0.99908
FLUX  558   751.00        3.991911E+14   1.6668E-04   1.6676E-04   0.99954
FLUX  559   753.00        3.981308E+14   1.6587E-04   1.6601E-04   0.99917
FLUX  560   755.00        3.970762E+14   1.6526E-04   1.6526E-04   0.99997
FLUX  561   757.00        3.960271E+14   1.6450E-04   1.6452E-04   0.99988
FLUX  562   759.00        3.949835E+14   1.6368E-04   1.6378E-04   0.99936
FLUX  563   761.00        3.939455E+14   1.6278E-04   1.6305E-04   0.99831
FLUX  564   763.00        3.929128E+14   1.6226E-04   1.6232E-04   0.99963
FLUX  565   765.00        3.918856E+14   1.6154E-04   1.6160E-04   0.99964
FLUX  566   767.00        3.908638E+14   1.6087E-04   1.6088E-04   0.99990
FLUX  567   769.00        3.898472E+14   1.6009E-04   1.6017E-04   0.99948
FLUX  568   771.00        3.888359E+14   1.5936E-04   1.5946E-04   0.99934
FLUX  569   773.00        3.878299E+14   1.5863E-04   1.5876E-04   0.99916
FLUX  570   775.00        3.868290E+14   1.5802E-04   1.5806E-04   0.99976
FLUX  571   777.00        3.858333E+14   1.5720E-04   1.5737E-04   0.99892
FLUX  572   779.00        3.848427E+14   1.5667E-04   1.5668E-04   0.99998
FLUX  573   781.00        3.838572E+14   1.5590E-04   1.5599E-04   0.99940
FLUX  574   783.00        3.828768E+14   1.5530E-04   1.5531E-04   0.99997
FLUX  575   785.00        3.819013E+14   1.5470E-04   1.5474E-04   0.99974
FLUX  576   787.00        3.809307E+14   1.5372E-04   1.5407E-04   0.99771
FLUX  577   789.00        3.799651E+14   1.5286E-04   1.5340E-04   0.99649
FLUX  578   791.00        3.790044E+14   1.5245E-04   1.5274E-04   0.99813
FLUX  579   793.00        3.780485E+14   1.5167E-04   1.5208E-04   0.99734
FLUX  580   795.00        3.770975E+14   1.5120E-04   1.5142E-04   0.99854
FLUX  581   797.00        3.761512E+14   1.5048E-04   1.5077E-04   0.99809
FLUX  582   799.00        3.752096E+14   1.4995E-04   1.5012E-04   0.99889
FLUX  583   801.00        3.742728E+14   1.4913E-04   1.4948E-04   0.99768
FLUX  584   803.00        3.733406E+14   1.4859E-04   1.4884E-04   0.99831
FLUX  585   805.00        3.724130E+14   1.4804E-04   1.4820E-04   0.99892
FLUX  586   807.00        3.714901E+14   1.4749E-04   1.4757E-04   0.99945
FLUX  587   809.00        3.705717E+14   1.4666E-04   1.4694E-04   0.99810
FLUX  588   811.00        3.696578E+14   1.4541E-04   1.4632E-04   0.99380
FLUX  589   813.00        3.687485E+14   1.4565E-04   1.4570E-04   0.99967
FLUX  590   815.00        3.678436E+14   1.4481E-04   1.4508E-04   0.99812
FLUX  591   817.00        3.669431E+14   1.4442E-04   1.4447E-04   0.99968
FLUX  592   819.00        3.660470E+14   1.4334E-04   1.4386E-04   0.99640
FLUX  593   821.00        3.651553E+14   1.4228E-04   1.4702E-04   0.96775
FLUX  594   823.00        3.642679E+14   1.4154E-04   1.4640E-04   0.96683
FLUX  595   825.00        3.633848E+14   1.4159E-04   1.4578E-04   0.97124
FLUX  596   827.00        3.625060E+14   1.4007E-04   1.4521E-04   0.96463
FLUX  597   829.00        3.616315E+14   1.4032E-04   1.4460E-04   0.97038
FLUX  598   831.00        3.607611E+14   1.3979E-04   1.4400E-04   0.97078
FLUX  599   833.00        3.598950E+14   1.3896E-04   1.4340E-04   0.96903
FLUX  600   835.00        3.590329E+14   1.3785E-04   1.4280E-04   0.96535
FLUX  601   837.00        3.581750E+14   1.3686E-04   1.4221E-04   0.96237
FLUX  602   839.00        3.573212E+14   1.3646E-04   1.4162E-04   0.96358
FLUX  603   841.00        3.564715E+14   1.3568E-04   1.4103E-04   0.96205
FLUX  604   843.00        3.556257E+14   1.3548E-04   1.4045E-04   0.96463
FLUX  605   845.00        3.547840E+14   1.3472E-04   1.3987E-04   0.96318
FLUX  606   847.00        3.539463E+14   1.3285E-04   1.3929E-04   0.95373
FLUX  607   849.00        3.531125E+14   1.3548E-04   1.3872E-04   0.97660
FLUX  608   851.00        3.522826E+14   1.3137E-04   1.3815E-04   0.95086
FLUX  609   853.00        3.514566E+14   1.3517E-04   1.3759E-04   0.98245
FLUX  610   855.00        3.506345E+14   1.2906E-04   1.3703E-04   0.94184
FLUX  611   857.00        3.498162E+14   1.3537E-04   1.3647E-04   0.99193
FLUX  612   859.00        3.490017E+14   1.3020E-04   1.3591E-04   0.95794
FLUX  613   861.00        3.481911E+14   1.2933E-04   1.3536E-04   0.95548
FLUX  614   863.00        3.473841E+14   1.3421E-04   1.3481E-04   0.99553
FLUX  615   865.00        3.465809E+14   1.3205E-04   1.3427E-04   0.98347
FLUX  616   867.00        3.457814E+14   1.2438E-04   1.3373E-04   0.93009
FLUX  617   869.00        3.449856E+14   1.3245E-04   1.3319E-04   0.99445
FLUX  618   871.00        3.441935E+14   1.3242E-04   1.3265E-04   0.99824
FLUX  619   873.00        3.434049E+14   1.3045E-04   1.3212E-04   0.98739
FLUX  620   875.00        3.426200E+14   1.2191E-04   1.3159E-04   0.92644
FLUX  621   877.00        3.418387E+14   1.2894E-04   1.3106E-04   0.98377
FLUX  622   879.00        3.410609E+14   1.3033E-04   1.3054E-04   0.99838
FLUX  623   881.00        3.402866E+14   1.2978E-04   1.3002E-04   0.99817
FLUX  624   883.00        3.395159E+14   1.2916E-04   1.2951E-04   0.99736
FLUX  625   885.00        3.387486E+14   1.2588E-04   1.2899E-04   0.97589
FLUX  626   887.00        3.379848E+14   1.1915E-04   1.2848E-04   0.92738
FLUX  627   889.00        3.372244E+14   1.2754E-04   1.2797E-04   0.99658
FLUX  628   891.00        3.364675E+14   1.2726E-04   1.2747E-04   0.99837
FLUX  629   893.00        3.357139E+14   1.2665E-04   1.2697E-04   0.99747
FLUX  630   895.00        3.349637E+14   1.2634E-04   1.2647E-04   0.99897
FLUX  631   897.00        3.342168E+14   1.2591E-04   1.2597E-04   0.99947
FLUX  632   899.00        3.334733E+14   1.2391E-04   1.2548E-04   0.98749
FLUX  633   901.00        3.327331E+14   1.1641E-04   1.2499E-04   0.93137
FLUX  634   903.00        3.319961E+14   1.2143E-04   1.2450E-04   0.97533
FLUX  635   905.00        3.312624E+14   1.2389E-04   1.2402E-04   0.99894
FLUX  636   907.00        3.305320E+14   1.2270E-04   1.2354E-04   0.99320
FLUX  637   909.00        3.298047E+14   1.2267E-04   1.2306E-04   0.99685
FLUX  638   911.00        3.290807E+14   1.2250E-04   1.2258E-04   0.99937
FLUX  639   913.00        3.283598E+14   1.2208E-04   1.2211E-04   0.99973
FLUX  640   915.00        3.276421E+14   1.2162E-04   1.2164E-04   0.99983
FLUX  641   917.00        3.269275E+14   1.2092E-04   1.2117E-04   0.99797
FLUX  642   919.00        3.262160E+14   1.2063E-04   1.2070E-04   0.99939
FLUX  643   921.00        3.255076E+14   1.1836E-04   1.2024E-04   0.98436
FLUX  644   923.00        3.248023E+14   1.1000E-04   1.1978E-04   0.91831
FLUX  645   925.00        3.241000E+14   1.1804E-04   1.1932E-04   0.98928
FLUX  646   927.00        3.234008E+14   1.1861E-04   1.1887E-04   0.99786
FLUX  647   929.00        3.227045E+14   1.1833E-04   1.1842E-04   0.99928
FLUX  648   931.00        3.220113E+14   1.1753E-04   1.1797E-04   0.99631
FLUX  649   933.00        3.213210E+14   1.1710E-04   1.1752E-04   0.99647
FLUX  650   935.00        3.206337E+14   1.1689E-04   1.1707E-04   0.99843
FLUX  651   937.00        3.199493E+14   1.1654E-04   1.1663E-04   0.99919
FLUX  652   939.00        3.192678E+14   1.1614E-04   1.1619E-04   0.99958
FLUX  653   941.00        3.185893E+14   1.1565E-04   1.1575E-04   0.99909
FLUX  654   943.00        3.179136E+14   1.1523E-04   1.1532E-04   0.99922
FLUX  655   945.00        3.172407E+14   1.1477E-04   1.1489E-04   0.99902
FLUX  656   947.00        3.165707E+14   1.1396E-04   1.1446E-04   0.99563
FLUX  657   949.00        3.159036E+14   1.1389E-04   1.1403E-04   0.99882
FLUX  658   951.00        3.152392E+14   1.1272E-04   1.1360E-04   0.99221
FLUX  659   953.00        3.145776E+14   1.1111E-04   1.1318E-04   0.98175
FLUX  660   955.00        3.139188E+14   1.0368E-04   1.1276E-04   0.91945
FLUX  661   957.00        3.132628E+14   1.1163E-04   1.1234E-04   0.99363
FLUX  662   959.00        3.126095E+14   1.1190E-04   1.1192E-04   0.99979
FLUX  663   961.00        3.119589E+14   1.1114E-04   1.1151E-04   0.99670
FLUX  664   963.00        3.113110E+14   1.1054E-04   1.1110E-04   0.99497
FLUX  665   965.00        3.106658E+14   1.1068E-04   1.1069E-04   0.99991
FLUX  666   967.00        3.100233E+14   1.1027E-04   1.1028E-04   0.99992
FLUX  667   969.00        3.093834E+14   1.0978E-04   1.0988E-04   0.99913
FLUX  668   971.00        3.087461E+14   1.0871E-04   1.0947E-04   0.99305
FLUX  669   973.00        3.081115E+14   1.0897E-04   1.0907E-04   0.99908
FLUX  670   975.00        3.074795E+14   1.0864E-04   1.0868E-04   0.99966
FLUX  671   977.00        3.068501E+14   1.0827E-04   1.0828E-04   0.99987
FLUX  672   979.00        3.062232E+14   1.0785E-04   1.0789E-04   0.99970
FLUX  673   981.00        3.055989E+14   1.0736E-04   1.0749E-04   0.99879
FLUX  674   983.00        3.049771E+14   1.0709E-04   1.0710E-04   0.99985
FLUX  675   985.00        3.043579E+14   1.0665E-04   1.0672E-04   0.99938
FLUX  676   987.00        3.037411E+14   1.0621E-04   1.0633E-04   0.99892
FLUX  677   989.00        3.031269E+14   1.0572E-04   1.0595E-04   0.99787
FLUX  678   991.00        3.025151E+14   1.0506E-04   1.0556E-04   0.99518
FLUX  679   993.00        3.019058E+14   1.0515E-04   1.0518E-04   0.99971
FLUX  680   995.00        3.012990E+14   1.0477E-04   1.0481E-04   0.99968
FLUX  681   997.00        3.006946E+14   1.0433E-04   1.0443E-04   0.99899
FLUX  682   999.00        3.000926E+14   1.0403E-04   1.0406E-04   0.99974
FLUX  683  1002.50        2.990449E+14   1.0165E-04   1.0341E-04   0.98302
FLUX  684  1007.50        2.975608E+14   9.9660E-05   1.0249E-04   0.97237
FLUX  685  1012.50        2.960914E+14   1.0123E-04   1.0159E-04   0.99648
FLUX  686  1017.50        2.946364E+14   1.0069E-04   1.0069E-04   0.99997
FLUX  687  1022.50        2.931956E+14   9.9761E-05   9.9811E-05   0.99949
FLUX  688  1027.50        2.917689E+14   9.8926E-05   9.8941E-05   0.99985
FLUX  689  1032.50        2.903559E+14   9.7801E-05   9.8082E-05   0.99714
FLUX  690  1037.50        2.889566E+14   9.7231E-05   9.7233E-05   0.99998
FLUX  691  1042.50        2.875707E+14   9.6390E-05   9.6396E-05   0.99994
FLUX  692  1047.50        2.861981E+14   9.5567E-05   9.5569E-05   0.99998
FLUX  693  1052.50        2.848385E+14   9.4725E-05   9.4753E-05   0.99971
FLUX  694  1057.50        2.834917E+14   9.3942E-05   9.3947E-05   0.99994
FLUX  695  1062.50        2.821576E+14   9.3142E-05   9.3152E-05   0.99990
FLUX  696  1067.50        2.808361E+14   9.2241E-05   9.2366E-05   0.99865
FLUX  697  1072.50        2.795268E+14   9.1587E-05   9.1590E-05   0.99997
FLUX  698  1077.50        2.782297E+14   9.0815E-05   9.0823E-05   0.99990
FLUX  699  1082.50        2.769446E+14   8.9174E-05   9.0067E-05   0.99009
FLUX  700  1087.50        2.756713E+14   8.9305E-05   8.9319E-05   0.99984
FLUX  701  1092.50        2.744096E+14   8.4824E-05   8.8581E-05   0.95758
FLUX  702  1097.50        2.731595E+14   8.7384E-05   8.7852E-05   0.99467
FLUX  703  1102.50        2.719206E+14   8.6801E-05   8.7132E-05   0.99620
FLUX  704  1107.50        2.706930E+14   8.6413E-05   8.6420E-05   0.99992
FLUX  705  1112.50        2.694764E+14   8.5699E-05   8.5717E-05   0.99979
FLUX  706  1117.50        2.682707E+14   8.5020E-05   8.5023E-05   0.99997
FLUX  707  1122.50        2.670757E+14   8.4295E-05   8.4337E-05   0.99950
FLUX  708  1127.50        2.658914E+14   8.3636E-05   8.3659E-05   0.99972
FLUX  709  1132.50        2.647174E+14   8.2877E-05   8.2990E-05   0.99865
FLUX  710  1137.50        2.635538E+14   8.2287E-05   8.2328E-05   0.99950
FLUX  711  1142.50        2.624004E+14   8.1625E-05   8.1674E-05   0.99940
FLUX  712  1147.50        2.612571E+14   8.1011E-05   8.1028E-05   0.99979
FLUX  713  1152.50        2.601236E+14   8.0387E-05   8.0389E-05   0.99998
FLUX  714  1157.50        2.590000E+14   7.9712E-05   7.9758E-05   0.99942
FLUX  715  1162.50        2.578860E+14   7.9100E-05   7.9134E-05   0.99958
FLUX  716  1167.50        2.567816E+14   7.8419E-05   7.8517E-05   0.99875
FLUX  717  1172.50        2.556866E+14   7.7907E-05   7.7907E-05   0.99999
FLUX  718  1177.50        2.546008E+14   7.7290E-05   7.7305E-05   0.99981
FLUX  719  1182.50        2.535243E+14   7.6692E-05   7.6709E-05   0.99978
FLUX  720  1187.50        2.524568E+14   7.6115E-05   7.6120E-05   0.99993
FLUX  721  1192.50        2.513983E+14   7.5536E-05   7.5538E-05   0.99997
FLUX  722  1197.50        2.503486E+14   7.4556E-05   7.4963E-05   0.99458
FLUX  723  1202.50        2.493077E+14   7.4385E-05   7.4394E-05   0.99989
FLUX  724  1207.50        2.482754E+14   7.3830E-05   7.3831E-05   0.99998
FLUX  725  1212.50        2.472515E+14   7.3263E-05   7.3275E-05   0.99983
FLUX  726  1217.50        2.462361E+14   7.2718E-05   7.2725E-05   0.99990
FLUX  727  1222.50        2.452290E+14   7.2174E-05   7.2181E-05   0.99991
FLUX  728  1227.50        2.442301E+14   7.1641E-05   7.1643E-05   0.99997
FLUX  729  1232.50        2.432394E+14   7.1098E-05   7.1111E-05   0.99982
FLUX  730  1237.50        2.422566E+14   7.0570E-05   7.0585E-05   0.99978
FLUX  731  1242.50        2.412817E+14   7.0063E-05   7.0064E-05   0.99998
FLUX  732  1247.50        2.403146E+14   6.9452E-05   6.9550E-05   0.99859
FLUX  733  1252.50        2.393553E+14   6.8891E-05   6.9040E-05   0.99783
FLUX  734  1257.50        2.384036E+14   6.8500E-05   6.8537E-05   0.99946
FLUX  735  1262.50        2.374594E+14   6.8011E-05   6.8039E-05   0.99960
FLUX  736  1267.50        2.365227E+14   6.7544E-05   6.7546E-05   0.99998
FLUX  737  1272.50        2.355933E+14   6.7057E-05   6.7058E-05   0.99998
FLUX  738  1277.50        2.346712E+14   6.5944E-05   6.6576E-05   0.99051
FLUX  739  1282.50        2.337563E+14   6.3420E-05   6.6099E-05   0.95947
FLUX  740  1287.50        2.328485E+14   6.5581E-05   6.5627E-05   0.99931
FLUX  741  1292.50        2.319478E+14   6.5155E-05   6.5159E-05   0.99993
FLUX  742  1297.50        2.310539E+14   6.4400E-05   6.4697E-05   0.99541
FLUX  743  1302.50        2.301670E+14   6.4190E-05   6.4240E-05   0.99923
FLUX  744  1307.50        2.292868E+14   6.3786E-05   6.3787E-05   0.99998
FLUX  745  1312.50        2.284133E+14   6.3339E-05   6.3339E-05   1.00000
FLUX  746  1317.50        2.275465E+14   6.2892E-05   6.2896E-05   0.99994
FLUX  747  1322.50        2.266862E+14   6.2456E-05   6.2457E-05   0.99998
FLUX  748  1327.50        2.258324E+14   6.2022E-05   6.2023E-05   0.99998
FLUX  749  1332.50        2.249850E+14   6.1569E-05   6.1593E-05   0.99961
FLUX  750  1337.50        2.241439E+14   6.1135E-05   6.1168E-05   0.99946
FLUX  751  1342.50        2.233091E+14   6.0680E-05   6.0747E-05   0.99889
FLUX  752  1347.50        2.224805E+14   6.0318E-05   6.0331E-05   0.99979
FLUX  753  1352.50        2.216580E+14   5.9878E-05   5.9919E-05   0.99932
FLUX  754  1357.50        2.208416E+14   5.9499E-05   5.9510E-05   0.99981
FLUX  755  1362.50        2.200312E+14   5.9054E-05   5.9106E-05   0.99912
FLUX  756  1367.50        2.192267E+14   5.8695E-05   5.8706E-05   0.99981
FLUX  757  1372.50        2.184281E+14   5.8254E-05   5.8311E-05   0.99903
FLUX  758  1377.50        2.176352E+14   5.7916E-05   5.7919E-05   0.99995
FLUX  759  1382.50        2.168481E+14   5.7529E-05   5.7531E-05   0.99997
FLUX  760  1387.50        2.160667E+14   5.7138E-05   5.7146E-05   0.99985
FLUX  761  1392.50        2.152908E+14   5.6710E-05   5.6766E-05   0.99902
FLUX  762  1397.50        2.145206E+14   5.6368E-05   5.6389E-05   0.99962
FLUX  763  1402.50        2.137558E+14   5.5975E-05   5.6016E-05   0.99926
FLUX  764  1407.50        2.129964E+14   5.5646E-05   5.5647E-05   0.99997
FLUX  765  1412.50        2.122425E+14   5.5266E-05   5.5282E-05   0.99971
FLUX  766  1417.50        2.114938E+14   5.4912E-05   5.4919E-05   0.99986
FLUX  767  1422.50        2.107504E+14   5.4559E-05   5.4561E-05   0.99997
FLUX  768  1427.50        2.100123E+14   5.4196E-05   5.4206E-05   0.99981
FLUX  769  1432.50        2.092792E+14   5.3846E-05   5.3854E-05   0.99984
FLUX  770  1437.50        2.085513E+14   5.3494E-05   5.3506E-05   0.99977
FLUX  771  1442.50        2.078284E+14   5.3160E-05   5.3161E-05   0.99998
FLUX  772  1447.50        2.071105E+14   5.2819E-05   5.2820E-05   0.99999
FLUX  773  1452.50        2.063976E+14   5.2471E-05   5.2481E-05   0.99980
FLUX  774  1457.00        2.057601E+14   5.2176E-05   5.2179E-05   0.99994
FLUX  775  1462.00        2.050564E+14   5.2021E-05   5.2274E-05   0.99516
FLUX  776  1467.50        2.042879E+14   5.1908E-05   5.1909E-05   0.99998
FLUX  777  1472.50        2.035942E+14   5.1505E-05   5.1580E-05   0.99855
FLUX  778  1477.50        2.029052E+14   5.1046E-05   5.1254E-05   0.99594
FLUX  779  1482.50        2.022209E+14   5.0651E-05   5.0932E-05   0.99448
FLUX  780  1487.50        2.015412E+14   5.0264E-05   5.0612E-05   0.99313
FLUX  781  1492.50        2.008660E+14   4.9861E-05   5.0295E-05   0.99136
FLUX  782  1497.50        2.001953E+14   4.9487E-05   4.9982E-05   0.99009
FLUX  783  1502.50        1.995291E+14   4.9112E-05   4.9671E-05   0.98875
FLUX  784  1507.50        1.988673E+14   4.8713E-05   4.9363E-05   0.98682
FLUX  785  1512.50        1.982099E+14   4.8454E-05   4.9058E-05   0.98769
FLUX  786  1517.50        1.975568E+14   4.8163E-05   4.8756E-05   0.98785
FLUX  787  1522.50        1.969080E+14   4.7991E-05   4.8456E-05   0.99040
FLUX  788  1527.50        1.962635E+14   4.7473E-05   4.8159E-05   0.98575
FLUX  789  1532.50        1.956232E+14   4.7217E-05   4.7865E-05   0.98645
FLUX  790  1537.50        1.949870E+14   4.7166E-05   4.7574E-05   0.99142
FLUX  791  1542.50        1.943549E+14   4.6486E-05   4.7285E-05   0.98311
FLUX  792  1547.50        1.937270E+14   4.6645E-05   4.6999E-05   0.99246
FLUX  793  1552.50        1.931031E+14   4.6416E-05   4.6715E-05   0.99360
FLUX  794  1557.50        1.924831E+14   4.5437E-05   4.6434E-05   0.97853
FLUX  795  1562.50        1.918672E+14   4.6125E-05   4.6156E-05   0.99934
FLUX  796  1567.50        1.912552E+14   4.5407E-05   4.5880E-05   0.98970
FLUX  797  1572.50        1.906471E+14   4.4628E-05   4.5606E-05   0.97856
FLUX  798  1577.50        1.900428E+14   4.5326E-05   4.5335E-05   0.99980
FLUX  799  1582.50        1.894423E+14   4.5022E-05   4.5066E-05   0.99902
FLUX  800  1587.50        1.888457E+14   4.3422E-05   4.4799E-05   0.96925
FLUX  801  1592.50        1.882527E+14   4.4343E-05   4.4535E-05   0.99569
FLUX  802  1597.50        1.876635E+14   4.4273E-05   4.4273E-05   0.99999
FLUX  803  1605.00        1.867866E+14   4.3771E-05   4.3885E-05   0.99740
FLUX  804  1615.00        1.856300E+14   4.2626E-05   4.3375E-05   0.98273
FLUX  805  1625.00        1.844877E+14   4.2869E-05   4.2874E-05   0.99990
FLUX  806  1635.00        1.833593E+14   4.2240E-05   4.2381E-05   0.99666
FLUX  807  1645.00        1.822447E+14   4.1133E-05   4.1897E-05   0.98176
FLUX  808  1655.00        1.811435E+14   4.1420E-05   4.1421E-05   0.99998
FLUX  809  1665.00        1.800556E+14   4.0952E-05   4.0953E-05   0.99998
FLUX  810  1675.00        1.789806E+14   4.0339E-05   4.0493E-05   0.99620
FLUX  811  1685.00        1.779184E+14   3.9274E-05   4.0040E-05   0.98087
FLUX  812  1695.00        1.768687E+14   3.9592E-05   3.9595E-05   0.99994
FLUX  813  1705.00        1.758314E+14   3.9003E-05   3.9157E-05   0.99606
FLUX  814  1715.00        1.748061E+14   3.8724E-05   3.8726E-05   0.99994
FLUX  815  1725.00        1.737928E+14   3.8302E-05   3.8303E-05   0.99999
FLUX  816  1735.00        1.727911E+14   3.7017E-05   3.7886E-05   0.97707
FLUX  817  1745.00        1.718009E+14   3.7449E-05   3.7476E-05   0.99930
FLUX  818  1755.00        1.708219E+14   3.7072E-05   3.7072E-05   0.99999
FLUX  819  1765.00        1.698541E+14   3.6675E-05   3.6675E-05   1.00000
FLUX  820  1775.00        1.688972E+14   3.6282E-05   3.6285E-05   0.99993
FLUX  821  1785.00        1.679510E+14   3.5868E-05   3.5900E-05   0.99911
FLUX  822  1795.00        1.670153E+14   3.5522E-05   3.5522E-05   1.00000
FLUX  823  1805.00        1.660900E+14   3.5143E-05   3.5149E-05   0.99984
FLUX  824  1815.00        1.651749E+14   3.3999E-05   3.4782E-05   0.97748
FLUX  825  1825.00        1.642699E+14   3.4346E-05   3.4421E-05   0.99782
FLUX  826  1835.00        1.633747E+14   3.4063E-05   3.4066E-05   0.99992
FLUX  827  1845.00        1.624892E+14   3.3710E-05   3.3715E-05   0.99984
FLUX  828  1855.00        1.616132E+14   3.3330E-05   3.3370E-05   0.99878
FLUX  829  1865.00        1.607466E+14   3.2866E-05   3.3031E-05   0.99501
FLUX  830  1875.00        1.598893E+14   3.1894E-05   3.2696E-05   0.97547
FLUX  831  1885.00        1.590411E+14   3.2366E-05   3.2367E-05   0.99997
FLUX  832  1895.00        1.582018E+14   3.2023E-05   3.2042E-05   0.99940
FLUX  833  1905.00        1.573714E+14   3.1632E-05   3.1722E-05   0.99715
FLUX  834  1915.00        1.565496E+14   3.1405E-05   3.1407E-05   0.99994
FLUX  835  1925.00        1.557364E+14   3.1096E-05   3.1097E-05   1.00000
FLUX  836  1935.00        1.549315E+14   3.0790E-05   3.0791E-05   0.99997
FLUX  837  1945.00        1.541350E+14   2.9692E-05   3.0489E-05   0.97386
FLUX  838  1955.00        1.533465E+14   3.0154E-05   3.0192E-05   0.99875
FLUX  839  1965.00        1.525662E+14   2.9899E-05   2.9899E-05   0.99999
FLUX  840  1975.00        1.517937E+14   2.9611E-05   2.9611E-05   1.00000
FLUX  841  1985.00        1.510290E+14   2.9326E-05   2.9326E-05   1.00000
FLUX  842  1995.00        1.502719E+14   2.9046E-05   2.9046E-05   0.99999
FLUX  843  2005.00        1.495224E+14   2.8769E-05   2.8770E-05   0.99997
FLUX  844  2015.00        1.487804E+14   2.8497E-05   2.8497E-05   0.99999
FLUX  845  2025.00        1.480457E+14   2.8228E-05   2.8228E-05   1.00000
FLUX  846  2035.00        1.473182E+14   2.7963E-05   2.7963E-05   1.00000
FLUX  847  2045.00        1.465978E+14   2.7692E-05   2.7702E-05   0.99964
FLUX  848  2055.00        1.458844E+14   2.7384E-05   2.7445E-05   0.99779
FLUX  849  2065.00        1.451780E+14   2.7190E-05   2.7191E-05   0.99999
FLUX  850  2075.00        1.444783E+14   2.6937E-05   2.6940E-05   0.99987
FLUX  851  2085.00        1.437854E+14   2.6692E-05   2.6693E-05   0.99998
FLUX  852  2095.00        1.430990E+14   2.6445E-05   2.6449E-05   0.99984
FLUX  853  2105.00        1.424192E+14   2.6204E-05   2.6208E-05   0.99983
FLUX  854  2115.00        1.417459E+14   2.5873E-05   2.5971E-05   0.99624
FLUX  855  2125.00        1.410788E+14   2.5737E-05   2.5737E-05   0.99999
FLUX  856  2135.00        1.404180E+14   2.5505E-05   2.5506E-05   0.99998
FLUX  857  2145.00        1.397634E+14   2.5270E-05   2.5278E-05   0.99967
FLUX  858  2155.00        1.391148E+14   2.5050E-05   2.5053E-05   0.99986
FLUX  859  2165.00        1.384723E+14   2.4138E-05   2.4831E-05   0.97208
FLUX  860  2175.00        1.378356E+14   2.4596E-05   2.4612E-05   0.99935
FLUX  861  2185.00        1.372048E+14   2.4382E-05   2.4396E-05   0.99940
FLUX  862  2195.00        1.365797E+14   2.4182E-05   2.4183E-05   0.99999
FLUX  863  2205.00        1.359603E+14   2.3972E-05   2.3972E-05   1.00000
FLUX  864  2215.00        1.353465E+14   2.3764E-05   2.3764E-05   1.00000
FLUX  865  2225.00        1.347382E+14   2.3552E-05   2.3559E-05   0.99972
FLUX  866  2235.00        1.341353E+14   2.3357E-05   2.3357E-05   1.00000
FLUX  867  2245.00        1.335379E+14   2.3157E-05   2.3157E-05   1.00000
FLUX  868  2255.00        1.329457E+14   2.2959E-05   2.2959E-05   0.99999
FLUX  869  2265.00        1.323587E+14   2.2764E-05   2.2764E-05   1.00000
FLUX  870  2275.00        1.317769E+14   2.2572E-05   2.2572E-05   1.00000
FLUX  871  2285.00        1.312002E+14   2.2398E-05   2.2460E-05   0.99724
FLUX  872  2295.00        1.306285E+14   2.2271E-05   2.2271E-05   1.00000
FLUX  873  2305.00        1.300618E+14   2.2079E-05   2.2085E-05   0.99971
FLUX  874  2315.00        1.295000E+14   2.1899E-05   2.1901E-05   0.99990
FLUX  875  2325.00        1.289430E+14   2.1696E-05   2.1720E-05   0.99893
FLUX  876  2335.00        1.283908E+14   2.1486E-05   2.1540E-05   0.99749
FLUX  877  2345.00        1.278433E+14   2.1295E-05   2.1363E-05   0.99682
FLUX  878  2355.00        1.273004E+14   2.1112E-05   2.1188E-05   0.99641
FLUX  879  2365.00        1.267622E+14   2.0924E-05   2.1015E-05   0.99563
FLUX  880  2375.00        1.262284E+14   2.0747E-05   2.0845E-05   0.99532
FLUX  881  2385.00        1.256992E+14   2.0576E-05   2.0676E-05   0.99518
FLUX  882  2395.00        1.251743E+14   2.0406E-05   2.0509E-05   0.99495
FLUX  883  2405.00        1.246538E+14   2.0234E-05   2.0344E-05   0.99458
FLUX  884  2415.00        1.241377E+14   2.0059E-05   2.0182E-05   0.99392
FLUX  885  2425.00        1.236258E+14   1.9940E-05   2.0021E-05   0.99598
FLUX  886  2435.00        1.231181E+14   1.9748E-05   1.9862E-05   0.99429
FLUX  887  2445.00        1.226145E+14   1.9577E-05   1.9705E-05   0.99353
FLUX  888  2455.00        1.221151E+14   1.9485E-05   1.9550E-05   0.99672
FLUX  889  2465.00        1.216197E+14   1.9287E-05   1.9396E-05   0.99437
FLUX  890  2475.00        1.211283E+14   1.9111E-05   1.9244E-05   0.99306
FLUX  891  2485.00        1.206408E+14   1.9082E-05   1.9095E-05   0.99936
FLUX  892  2495.00        1.201573E+14   1.8725E-05   1.8946E-05   0.98831
FLUX  893  2505.00        1.196776E+14   1.8800E-05   1.8800E-05   1.00000
FLUX  894  2515.00        1.192018E+14   1.8651E-05   1.8655E-05   0.99979
FLUX  895  2525.00        1.187297E+14   1.8254E-05   1.8512E-05   0.98608
FLUX  896  2535.00        1.182613E+14   1.8349E-05   1.8371E-05   0.99885
FLUX  897  2545.00        1.177967E+14   1.8231E-05   1.8231E-05   0.99999
FLUX  898  2555.00        1.173356E+14   1.8076E-05   1.8092E-05   0.99909
FLUX  899  2565.00        1.168782E+14   1.7654E-05   1.7956E-05   0.98319
FLUX  900  2575.00        1.164243E+14   1.7813E-05   1.7820E-05   0.99958
FLUX  901  2585.00        1.159739E+14   1.7686E-05   1.7687E-05   0.99999
FLUX  902  2595.00        1.155270E+14   1.7554E-05   1.7554E-05   0.99999
FLUX  903  2605.00        1.150835E+14   1.7381E-05   1.7424E-05   0.99756
FLUX  904  2615.00        1.146434E+14   1.6922E-05   1.7294E-05   0.97849
FLUX  905  2625.00        1.142067E+14   1.6658E-05   1.7166E-05   0.97036
FLUX  906  2635.00        1.137732E+14   1.7026E-05   1.7040E-05   0.99922
FLUX  907  2645.00        1.133431E+14   1.6915E-05   1.6915E-05   0.99999
FLUX  908  2655.00        1.129162E+14   1.6775E-05   1.6791E-05   0.99908
FLUX  909  2665.00        1.124925E+14   1.6650E-05   1.6669E-05   0.99888
FLUX  910  2675.00        1.120720E+14   1.6175E-05   1.6547E-05   0.97748
FLUX  911  2685.00        1.116546E+14   1.6404E-05   1.6428E-05   0.99858
FLUX  912  2695.00        1.112403E+14   1.6309E-05   1.6309E-05   1.00000
FLUX  913  2705.00        1.108290E+14   1.6192E-05   1.6192E-05   1.00000
FLUX  914  2715.00        1.104208E+14   1.6076E-05   1.6076E-05   1.00000
FLUX  915  2725.00        1.100156E+14   1.5961E-05   1.5961E-05   1.00000
FLUX  916  2735.00        1.096133E+14   1.5848E-05   1.5848E-05   1.00000
FLUX  917  2745.00        1.092140E+14   1.5735E-05   1.5735E-05   0.99998
FLUX  918  2755.00        1.088176E+14   1.5279E-05   1.5624E-05   0.97790
FLUX  919  2765.00        1.084241E+14   1.5444E-05   1.5514E-05   0.99546
FLUX  920  2775.00        1.080333E+14   1.5405E-05   1.5405E-05   0.99999
FLUX  921  2785.00        1.076454E+14   1.5297E-05   1.5298E-05   1.00000
FLUX  922  2795.00        1.072603E+14   1.5191E-05   1.5191E-05   1.00000
FLUX  923  2805.00        1.068779E+14   1.5083E-05   1.5085E-05   0.99982
FLUX  924  2815.00        1.064982E+14   1.4981E-05   1.4981E-05   0.99998
FLUX  925  2825.00        1.061212E+14   1.4878E-05   1.4878E-05   0.99998
FLUX  926  2835.00        1.057469E+14   1.4775E-05   1.4776E-05   0.99999
FLUX  927  2845.00        1.053752E+14   1.4674E-05   1.4674E-05   1.00000
FLUX  928  2855.00        1.050061E+14   1.4568E-05   1.4574E-05   0.99958
FLUX  929  2865.00        1.046396E+14   1.4442E-05   1.4475E-05   0.99773
FLUX  930  2875.00        1.042757E+14   1.4004E-05   1.4377E-05   0.97404
FLUX  931  2885.00        1.039142E+14   1.4279E-05   1.4280E-05   0.99997
FLUX  932  2895.00        1.035553E+14   1.4183E-05   1.4183E-05   0.99998
FLUX  933  2905.00        1.031988E+14   1.4088E-05   1.4088E-05   1.00000
FLUX  934  2915.00        1.028448E+14   1.3994E-05   1.3994E-05   1.00000
FLUX  935  2925.00        1.024932E+14   1.3900E-05   1.3901E-05   0.99999
FLUX  936  2935.00        1.021440E+14   1.3808E-05   1.3808E-05   0.99998
FLUX  937  2945.00        1.017971E+14   1.3716E-05   1.3717E-05   0.99996
FLUX  938  2955.00        1.014526E+14   1.3626E-05   1.3626E-05   0.99999
FLUX  939  2965.00        1.011105E+14   1.3536E-05   1.3536E-05   0.99999
FLUX  940  2975.00        1.007706E+14   1.3447E-05   1.3447E-05   1.00000
FLUX  941  2985.00        1.004330E+14   1.3359E-05   1.3359E-05   1.00000
FLUX  942  2995.00        1.000977E+14   1.3271E-05   1.3272E-05   0.99993
FLUX  943  3005.00        9.976456E+13   1.3186E-05   1.3186E-05   1.00000
FLUX  944  3015.00        9.943367E+13   1.3096E-05   1.3101E-05   0.99962
FLUX  945  3025.00        9.910496E+13   1.3016E-05   1.3016E-05   0.99998
FLUX  946  3035.00        9.877842E+13   1.2651E-05   1.2932E-05   0.97824
FLUX  947  3045.00        9.845402E+13   1.2742E-05   1.2849E-05   0.99167
FLUX  948  3055.00        9.813175E+13   1.2766E-05   1.2767E-05   0.99992
FLUX  949  3065.00        9.781158E+13   1.2684E-05   1.2685E-05   0.99985
FLUX  950  3075.00        9.749350E+13   1.2597E-05   1.2605E-05   0.99936
FLUX  951  3085.00        9.717747E+13   1.2520E-05   1.2525E-05   0.99963
FLUX  952  3095.00        9.686349E+13   1.2446E-05   1.2446E-05   1.00000
FLUX  953  3105.00        9.655153E+13   1.2367E-05   1.2367E-05   0.99994
FLUX  954  3115.00        9.624157E+13   1.2288E-05   1.2290E-05   0.99986
FLUX  955  3125.00        9.593360E+13   1.2209E-05   1.2213E-05   0.99973
FLUX  956  3135.00        9.562759E+13   1.2136E-05   1.2136E-05   0.99998
FLUX  957  3145.00        9.532353E+13   1.2060E-05   1.2061E-05   0.99992
FLUX  958  3155.00        9.502139E+13   1.1986E-05   1.1986E-05   1.00000
FLUX  959  3165.00        9.472117E+13   1.1912E-05   1.1912E-05   0.99998
FLUX  960  3175.00        9.442283E+13   1.1838E-05   1.1838E-05   1.00000
FLUX  961  3185.00        9.412637E+13   1.1766E-05   1.1766E-05   1.00000
FLUX  962  3195.00        9.383177E+13   1.1693E-05   1.1693E-05   1.00000
FLUX  963  3210.00        9.339330E+13   1.1586E-05   1.1587E-05   1.00000
FLUX  964  3230.00        9.281502E+13   1.1446E-05   1.1446E-05   1.00000
FLUX  965  3250.00        9.224385E+13   1.1308E-05   1.1308E-05   1.00000
FLUX  966  3270.00        9.167966E+13   1.1173E-05   1.1173E-05   0.99999
FLUX  967  3290.00        9.112234E+13   1.0860E-05   1.1059E-05   0.98194
FLUX  968  3310.00        9.057175E+13   1.0913E-05   1.0928E-05   0.99860
FLUX  969  3330.00        9.002778E+13   1.0797E-05   1.0800E-05   0.99978
FLUX  970  3350.00        8.949030E+13   1.0673E-05   1.0673E-05   0.99999
FLUX  971  3370.00        8.895920E+13   1.0549E-05   1.0549E-05   0.99998
FLUX  972  3390.00        8.843437E+13   1.0427E-05   1.0427E-05   0.99997
FLUX  973  3410.00        8.791569E+13   1.0301E-05   1.0307E-05   0.99940
FLUX  974  3430.00        8.740306E+13   1.0176E-05   1.0189E-05   0.99871
FLUX  975  3450.00        8.689638E+13   1.0057E-05   1.0073E-05   0.99838
FLUX  976  3470.00        8.639553E+13   9.9345E-06   9.9590E-06   0.99754
FLUX  977  3490.00        8.590043E+13   9.8232E-06   9.8469E-06   0.99759
FLUX  978  3510.00        8.541097E+13   9.7152E-06   9.7367E-06   0.99780
FLUX  979  3530.00        8.492705E+13   9.6107E-06   9.6283E-06   0.99818
FLUX  980  3550.00        8.444859E+13   9.4966E-06   9.5216E-06   0.99737
FLUX  981  3570.00        8.397549E+13   9.3879E-06   9.4168E-06   0.99693
FLUX  982  3590.00        8.350766E+13   9.3097E-06   9.3136E-06   0.99957
FLUX  983  3610.00        8.304501E+13   9.1783E-06   9.2121E-06   0.99633
FLUX  984  3630.00        8.258747E+13   9.1083E-06   9.1123E-06   0.99956
FLUX  985  3650.00        8.213493E+13   8.9749E-06   9.0141E-06   0.99565
FLUX  986  3670.00        8.168733E+13   8.9173E-06   8.9174E-06   0.99998
FLUX  987  3690.00        8.124458E+13   8.7727E-06   8.8223E-06   0.99438
FLUX  988  3710.00        8.080660E+13   8.7149E-06   8.7287E-06   0.99841
FLUX  989  3730.00        8.037332E+13   8.5777E-06   8.6366E-06   0.99319
FLUX  990  3750.00        7.994467E+13   8.4017E-06   8.5459E-06   0.98313
FLUX  991  3770.00        7.952056E+13   8.4563E-06   8.4566E-06   0.99997
FLUX  992  3790.00        7.910092E+13   8.3686E-06   8.3686E-06   0.99999
FLUX  993  3810.00        7.868570E+13   8.2396E-06   8.2821E-06   0.99487
FLUX  994  3830.00        7.827480E+13   8.1677E-06   8.1968E-06   0.99644
FLUX  995  3850.00        7.786818E+13   8.1129E-06   8.1129E-06   1.00000
FLUX  996  3870.00        7.746576E+13   8.0302E-06   8.0302E-06   1.00000
FLUX  997  3890.00        7.706748E+13   7.9456E-06   7.9488E-06   0.99959
FLUX  998  3910.00        7.667327E+13   7.7890E-06   7.8687E-06   0.98987
FLUX  999  3930.00        7.628308E+13   7.7896E-06   7.7897E-06   0.99998
FLUX 1000  3950.00        7.589684E+13   7.7117E-06   7.7119E-06   0.99998
FLUX 1001  3970.00        7.551448E+13   7.6352E-06   7.6352E-06   0.99999
FLUX 1002  3990.00        7.513596E+13   7.5597E-06   7.5597E-06   1.00000
FLUX 1003  4010.00        7.476122E+13   7.4520E-06   7.4853E-06   0.99555
FLUX 1004  4030.00        7.439020E+13   7.3363E-06   7.4120E-06   0.98979
FLUX 1005  4050.00        7.402284E+13   7.2179E-06   7.3397E-06   0.98340
FLUX 1006  4070.00        7.365909E+13   7.2684E-06   7.2685E-06   0.99998
FLUX 1007  4090.00        7.329890E+13   7.1983E-06   7.1983E-06   1.00000
FLUX 1008  4110.00        7.294221E+13   7.1291E-06   7.1291E-06   1.00000
FLUX 1009  4130.00        7.258898E+13   7.0546E-06   7.0609E-06   0.99911
FLUX 1010  4150.00        7.223916E+13   6.9935E-06   6.9937E-06   0.99997
FLUX 1011  4170.00        7.189269E+13   6.8277E-06   6.9274E-06   0.98561
FLUX 1012  4190.00        7.154952E+13   6.8613E-06   6.8620E-06   0.99990
FLUX 1013  4210.00        7.120962E+13   6.7976E-06   6.7976E-06   1.00000
FLUX 1014  4230.00        7.087293E+13   6.7340E-06   6.7340E-06   1.00000
FLUX 1015  4250.00        7.053941E+13   6.6677E-06   6.6713E-06   0.99945
FLUX 1016  4270.00        7.020902E+13   6.6095E-06   6.6095E-06   1.00000
FLUX 1017  4290.00        6.988170E+13   6.5363E-06   6.5486E-06   0.99813
FLUX 1018  4310.00        6.955742E+13   6.4884E-06   6.4884E-06   1.00000
FLUX 1019  4330.00        6.923614E+13   6.4291E-06   6.4291E-06   1.00000
FLUX 1020  4350.00        6.891782E+13   6.3706E-06   6.3706E-06   0.99999
FLUX 1021  4370.00        6.860240E+13   6.2202E-06   6.3129E-06   0.98531
FLUX 1022  4390.00        6.828986E+13   6.2439E-06   6.2559E-06   0.99807
FLUX 1023  4410.00        6.798016E+13   6.1997E-06   6.1997E-06   1.00000
FLUX 1024  4430.00        6.767325E+13   6.1443E-06   6.1443E-06   1.00000
FLUX 1025  4450.00        6.736910E+13   6.0896E-06   6.0896E-06   1.00000
FLUX 1026  4470.00        6.706767E+13   6.0417E-06   6.0417E-06   1.00000
FLUX 1027  4490.00        6.676893E+13   5.9883E-06   5.9883E-06   1.00000
FLUX 1028  4510.00        6.647284E+13   5.9357E-06   5.9357E-06   1.00000
FLUX 1029  4530.00        6.617936E+13   5.8837E-06   5.8837E-06   0.99999
FLUX 1030  4550.00        6.588846E+13   5.8325E-06   5.8325E-06   1.00000
FLUX 1031  4570.00        6.560011E+13   5.7818E-06   5.7819E-06   1.00000
FLUX 1032  4590.00        6.531427E+13   5.7319E-06   5.7319E-06   1.00000
FLUX 1033  4610.00        6.503091E+13   5.6805E-06   5.6826E-06   0.99964
FLUX 1034  4630.00        6.475000E+13   5.6338E-06   5.6339E-06   0.99999
FLUX 1035  4650.00        6.447151E+13   5.4822E-06   5.5858E-06   0.98145
FLUX 1036  4670.00        6.419540E+13   5.4351E-06   5.5384E-06   0.98136
FLUX 1037  4690.00        6.392164E+13   5.4829E-06   5.4915E-06   0.99844
FLUX 1038  4710.00        6.365021E+13   5.4452E-06   5.4452E-06   0.99999
FLUX 1039  4730.00        6.338108E+13   5.3995E-06   5.3995E-06   1.00000
FLUX 1040  4750.00        6.311421E+13   5.3542E-06   5.3544E-06   0.99997
FLUX 1041  4770.00        6.284958E+13   5.3098E-06   5.3098E-06   0.99999
FLUX 1042  4790.00        6.258716E+13   5.2658E-06   5.2658E-06   1.00000
FLUX 1043  4810.00        6.232692E+13   5.2223E-06   5.2223E-06   1.00000
FLUX 1044  4830.00        6.206884E+13   5.1794E-06   5.1794E-06   1.00000
FLUX 1045  4850.00        6.181289E+13   5.1370E-06   5.1370E-06   1.00000
FLUX 1046  4870.00        6.155903E+13   5.0950E-06   5.0951E-06   1.00000
FLUX 1047  4890.00        6.130726E+13   5.0537E-06   5.0537E-06   1.00000
FLUX 1048  4910.00        6.105754E+13   5.0128E-06   5.0128E-06   1.00000
FLUX 1049  4930.00        6.080984E+13   4.9723E-06   4.9723E-06   1.00000
FLUX 1050  4950.00        6.056414E+13   4.9324E-06   4.9324E-06   1.00000
FLUX 1051  4970.00        6.032042E+13   4.8930E-06   4.8930E-06   1.00000
FLUX 1052  4990.00        6.007866E+13   4.8540E-06   4.8540E-06   1.00000
FLUX 1053  5010.00        5.983882E+13   4.8155E-06   4.8155E-06   1.00000
FLUX 1054  5030.00        5.960089E+13   4.7774E-06   4.7774E-06   0.99999
FLUX 1055  5050.00        5.936485E+13   4.7398E-06   4.7398E-06   1.00000
FLUX 1056  5070.00        5.913067E+13   4.7026E-06   4.7026E-06   1.00000
FLUX 1057  5090.00        5.889833E+13   4.6659E-06   4.6659E-06   1.00000
FLUX 1058  5110.00        5.866781E+13   4.6276E-06   4.6296E-06   0.99957
FLUX 1059  5130.00        5.843908E+13   4.5042E-06   4.5937E-06   0.98052
FLUX 1060  5150.00        5.821214E+13   4.5578E-06   4.5582E-06   0.99991
FLUX 1061  5170.00        5.798694E+13   4.5231E-06   4.5231E-06   1.00000
FLUX 1062  5190.00        5.776349E+13   4.4885E-06   4.4885E-06   1.00000
FLUX 1063  5210.00        5.754175E+13   4.4542E-06   4.4542E-06   1.00000
FLUX 1064  5230.00        5.732170E+13   4.4203E-06   4.4203E-06   1.00000
FLUX 1065  5250.00        5.710333E+13   4.3868E-06   4.3868E-06   1.00000
FLUX 1066  5270.00        5.688662E+13   4.3536E-06   4.3536E-06   1.00000
FLUX 1067  5290.00        5.667155E+13   4.3209E-06   4.3209E-06   1.00000
FLUX 1068  5310.00        5.645810E+13   4.2885E-06   4.2885E-06   1.00000
FLUX 1069  5330.00        5.624625E+13   4.2564E-06   4.2564E-06   1.00000
FLUX 1070  5350.00        5.603598E+13   4.2248E-06   4.2248E-06   1.00000
FLUX 1071  5370.00        5.582728E+13   4.1934E-06   4.1934E-06   1.00000
FLUX 1072  5390.00        5.562013E+13   4.1624E-06   4.1624E-06   1.00000
FLUX 1073  5410.00        5.541451E+13   4.1318E-06   4.1318E-06   1.00000
FLUX 1074  5430.00        5.521041E+13   4.1015E-06   4.1015E-06   1.00000
FLUX 1075  5450.00        5.500780E+13   4.0715E-06   4.0715E-06   1.00000
FLUX 1076  5470.00        5.480667E+13   4.0418E-06   4.0418E-06   1.00000
FLUX 1077  5490.00        5.460701E+13   4.0125E-06   4.0125E-06   1.00000
FLUX 1078  5510.00        5.440880E+13   3.9835E-06   3.9835E-06   1.00000
FLUX 1079  5530.00        5.421203E+13   3.9548E-06   3.9548E-06   1.00000
FLUX 1080  5550.00        5.401667E+13   3.9264E-06   3.9264E-06   1.00000
FLUX 1081  5570.00        5.382271E+13   3.8983E-06   3.8983E-06   1.00000
FLUX 1082  5590.00        5.363014E+13   3.8705E-06   3.8705E-06   1.00000
FLUX 1083  5610.00        5.343895E+13   3.8430E-06   3.8430E-06   1.00000
FLUX 1084  5630.00        5.324911E+13   3.8158E-06   3.8158E-06   1.00000
FLUX 1085  5650.00        5.306062E+13   3.7888E-06   3.7888E-06   1.00000
FLUX 1086  5670.00        5.287346E+13   3.7622E-06   3.7622E-06   1.00000
FLUX 1087  5690.00        5.268761E+13   3.7358E-06   3.7358E-06   1.00000
FLUX 1088  5710.00        5.250306E+13   3.7097E-06   3.7097E-06   1.00000
FLUX 1089  5730.00        5.231981E+13   3.6839E-06   3.6839E-06   1.00000
FLUX 1090  5750.00        5.213783E+13   3.6583E-06   3.6583E-06   1.00000
FLUX 1091  5770.00        5.195711E+13   3.6330E-06   3.6330E-06   1.00000
FLUX 1092  5790.00        5.177763E+13   3.6078E-06   3.6080E-06   0.99996
FLUX 1093  5810.00        5.159940E+13   3.5832E-06   3.5832E-06   1.00000
FLUX 1094  5830.00        5.142238E+13   3.5587E-06   3.5587E-06   1.00000
FLUX 1095  5850.00        5.124658E+13   3.5365E-06   3.5365E-06   1.00000
FLUX 1096  5870.00        5.107198E+13   3.5125E-06   3.5125E-06   1.00000
FLUX 1097  5890.00        5.089856E+13   3.4862E-06   3.4887E-06   0.99929
FLUX 1098  5910.00        5.072631E+13   3.3915E-06   3.4651E-06   0.97875
FLUX 1099  5930.00        5.055523E+13   3.4417E-06   3.4418E-06   0.99997
FLUX 1100  5950.00        5.038529E+13   3.4187E-06   3.4187E-06   1.00000
FLUX 1101  5970.00        5.021650E+13   3.3958E-06   3.3958E-06   1.00000
FLUX 1102  5990.00        5.004883E+13   3.3732E-06   3.3732E-06   1.00000
FLUX 1103  6010.00        4.988228E+13   3.3508E-06   3.3508E-06   1.00000
FLUX 1104  6030.00        4.971683E+13   3.3286E-06   3.3286E-06   1.00000
FLUX 1105  6050.00        4.955248E+13   3.3066E-06   3.3066E-06   1.00000
FLUX 1106  6070.00        4.938921E+13   3.2848E-06   3.2848E-06   1.00000
FLUX 1107  6090.00        4.922701E+13   3.2633E-06   3.2633E-06   1.00000
FLUX 1108  6110.00        4.906588E+13   3.2419E-06   3.2419E-06   1.00000
FLUX 1109  6130.00        4.890579E+13   3.2208E-06   3.2208E-06   1.00000
FLUX 1110  6150.00        4.874675E+13   3.1999E-06   3.1999E-06   1.00000
FLUX 1111  6170.00        4.858874E+13   3.1791E-06   3.1791E-06   1.00000
FLUX 1112  6190.00        4.843174E+13   3.1586E-06   3.1586E-06   1.00000
FLUX 1113  6210.00        4.827576E+13   3.1383E-06   3.1383E-06   1.00000
FLUX 1114  6230.00        4.812079E+13   3.1181E-06   3.1181E-06   1.00000
FLUX 1115  6250.00        4.796680E+13   3.0982E-06   3.0982E-06   1.00000
FLUX 1116  6270.00        4.781380E+13   3.0784E-06   3.0784E-06   1.00000
FLUX 1117  6290.00        4.766176E+13   3.0589E-06   3.0589E-06   1.00000
FLUX 1118  6310.00        4.751070E+13   3.0395E-06   3.0395E-06   1.00000
FLUX 1119  6330.00        4.736058E+13   3.0203E-06   3.0203E-06   1.00000
FLUX 1120  6350.00        4.721142E+13   3.0013E-06   3.0013E-06   1.00000
FLUX 1121  6370.00        4.706319E+13   2.9824E-06   2.9824E-06   1.00000
FLUX 1122  6390.00        4.691588E+13   2.9638E-06   2.9638E-06   1.00000
FLUX 1123  6420.00        4.669665E+13   2.9361E-06   2.9361E-06   1.00000
FLUX 1124  6460.00        4.640751E+13   2.8998E-06   2.8998E-06   1.00000
FLUX 1125  6500.00        4.612192E+13   2.8641E-06   2.8641E-06   1.00000
FLUX 1126  6540.00        4.583983E+13   2.8292E-06   2.8292E-06   1.00000
FLUX 1127  6580.00        4.556117E+13   2.7948E-06   2.7948E-06   1.00000
FLUX 1128  6620.00        4.528588E+13   2.7611E-06   2.7611E-06   1.00000
FLUX 1129  6660.00        4.501389E+13   2.7279E-06   2.7279E-06   1.00000
FLUX 1130  6700.00        4.474515E+13   2.6954E-06   2.6954E-06   1.00000
FLUX 1131  6740.00        4.447960E+13   2.6634E-06   2.6634E-06   1.00000
FLUX 1132  6780.00        4.421718E+13   2.6320E-06   2.6320E-06   1.00000
FLUX 1133  6820.00        4.395784E+13   2.6011E-06   2.6011E-06   1.00000
FLUX 1134  6860.00        4.370153E+13   2.5708E-06   2.5708E-06   1.00000
FLUX 1135  6900.00        4.344819E+13   2.5410E-06   2.5410E-06   1.00000
FLUX 1136  6940.00        4.319777E+13   2.5117E-06   2.5117E-06   0.99999
FLUX 1137  6980.00        4.295021E+13   2.4829E-06   2.4829E-06   1.00000
FLUX 1138  7020.00        4.270548E+13   2.4546E-06   2.4546E-06   1.00000
FLUX 1139  7060.00        4.246353E+13   2.4268E-06   2.4268E-06   1.00000
FLUX 1140  7100.00        4.222430E+13   2.3995E-06   2.3995E-06   1.00000
FLUX 1141  7140.00        4.198775E+13   2.3726E-06   2.3726E-06   1.00000
FLUX 1142  7180.00        4.175383E+13   2.3461E-06   2.3461E-06   1.00000
FLUX 1143  7220.00        4.152251E+13   2.3201E-06   2.3201E-06   1.00000
FLUX 1144  7260.00        4.129373E+13   2.2945E-06   2.2945E-06   1.00000
FLUX 1145  7300.00        4.106747E+13   2.2693E-06   2.2693E-06   1.00000
FLUX 1146  7340.00        4.084366E+13   2.2446E-06   2.2446E-06   1.00000
FLUX 1147  7380.00        4.062229E+13   2.2202E-06   2.2202E-06   1.00000
FLUX 1148  7420.00        4.040330E+13   2.1928E-06   2.1963E-06   0.99843
FLUX 1149  7460.00        4.018666E+13   2.1628E-06   2.1727E-06   0.99543
FLUX 1150  7500.00        3.997233E+13   2.1218E-06   2.1495E-06   0.98711
FLUX 1151  7540.00        3.976028E+13   2.1266E-06   2.1267E-06   0.99998
FLUX 1152  7580.00        3.955046E+13   2.1042E-06   2.1042E-06   1.00000
FLUX 1153  7620.00        3.934285E+13   2.0821E-06   2.0821E-06   1.00000
FLUX 1154  7660.00        3.913740E+13   2.0603E-06   2.0603E-06   1.00000
FLUX 1155  7700.00        3.893409E+13   2.0389E-06   2.0389E-06   1.00000
FLUX 1156  7740.00        3.873288E+13   2.0178E-06   2.0178E-06   1.00000
FLUX 1157  7780.00        3.853374E+13   1.9970E-06   1.9970E-06   1.00000
FLUX 1158  7820.00        3.833664E+13   1.9765E-06   1.9765E-06   1.00000
FLUX 1159  7860.00        3.814154E+13   1.9563E-06   1.9563E-06   1.00000
FLUX 1160  7900.00        3.794842E+13   1.9365E-06   1.9365E-06   1.00000
FLUX 1161  7940.00        3.775724E+13   1.9169E-06   1.9169E-06   1.00000
FLUX 1162  7980.00        3.756798E+13   1.8977E-06   1.8977E-06   1.00000
FLUX 1163  8020.00        3.738061E+13   1.8787E-06   1.8787E-06   1.00000
FLUX 1164  8060.00        3.719510E+13   1.8600E-06   1.8600E-06   1.00000
FLUX 1165  8100.00        3.701142E+13   1.8416E-06   1.8416E-06   1.00000
FLUX 1166  8140.00        3.682955E+13   1.8234E-06   1.8234E-06   1.00000
FLUX 1167  8180.00        3.664945E+13   1.8055E-06   1.8055E-06   1.00000
FLUX 1168  8220.00        3.647111E+13   1.7879E-06   1.7879E-06   1.00000
FLUX 1169  8260.00        3.629449E+13   1.7705E-06   1.7705E-06   1.00000
FLUX 1170  8300.00        3.611958E+13   1.7534E-06   1.7534E-06   1.00000
FLUX 1171  8340.00        3.594634E+13   1.7365E-06   1.7365E-06   1.00000
FLUX 1172  8380.00        3.577476E+13   1.7199E-06   1.7199E-06   1.00000
FLUX 1173  8420.00        3.560481E+13   1.7035E-06   1.7035E-06   1.00000
FLUX 1174  8460.00        3.543647E+13   1.6873E-06   1.6873E-06   1.00000
FLUX 1175  8500.00        3.526971E+13   1.6714E-06   1.6714E-06   1.00000
FLUX 1176  8540.00        3.510451E+13   1.6557E-06   1.6557E-06   1.00000
FLUX 1177  8580.00        3.494085E+13   1.6402E-06   1.6402E-06   1.00000
FLUX 1178  8620.00        3.477871E+13   1.6249E-06   1.6249E-06   1.00000
FLUX 1179  8660.00        3.461807E+13   1.6098E-06   1.6098E-06   1.00000
FLUX 1180  8700.00        3.445891E+13   1.5949E-06   1.5949E-06   1.00000
FLUX 1181  8740.00        3.430120E+13   1.5803E-06   1.5803E-06   1.00000
FLUX 1182  8780.00        3.414493E+13   1.5658E-06   1.5658E-06   1.00000
FLUX 1183  8820.00        3.399008E+13   1.5515E-06   1.5515E-06   1.00000
FLUX 1184  8860.00        3.383663E+13   1.5375E-06   1.5375E-06   1.00000
FLUX 1185  8900.00        3.368455E+13   1.5236E-06   1.5236E-06   1.00000
FLUX 1186  8940.00        3.353384E+13   1.5099E-06   1.5099E-06   1.00000
FLUX 1187  8980.00        3.338447E+13   1.4964E-06   1.4964E-06   1.00000
FLUX 1188  9020.00        3.323642E+13   1.4830E-06   1.4830E-06   1.00000
FLUX 1189  9060.00        3.308968E+13   1.4699E-06   1.4699E-06   1.00000
FLUX 1190  9100.00        3.294423E+13   1.4569E-06   1.4569E-06   1.00000
FLUX 1191  9140.00        3.280005E+13   1.4441E-06   1.4441E-06   1.00000
FLUX 1192  9180.00        3.265714E+13   1.4314E-06   1.4314E-06   1.00000
FLUX 1193  9220.00        3.251546E+13   1.4189E-06   1.4189E-06   1.00000
FLUX 1194  9260.00        3.237500E+13   1.4066E-06   1.4066E-06   0.99999
FLUX 1195  9300.00        3.223575E+13   1.3944E-06   1.3944E-06   1.00000
FLUX 1196  9340.00        3.209770E+13   1.3824E-06   1.3824E-06   1.00000
FLUX 1197  9380.00        3.196082E+13   1.3706E-06   1.3706E-06   1.00000
FLUX 1198  9420.00        3.182511E+13   1.3589E-06   1.3589E-06   1.00000
FLUX 1199  9460.00        3.169054E+13   1.3473E-06   1.3473E-06   1.00000
FLUX 1200  9500.00        3.155711E+13   1.3359E-06   1.3359E-06   1.00000
FLUX 1201  9540.00        3.142479E+13   1.3246E-06   1.3246E-06   1.00000
FLUX 1202  9580.00        3.129358E+13   1.3135E-06   1.3135E-06   1.00000
FLUX 1203  9620.00        3.116346E+13   1.3025E-06   1.3025E-06   1.00000
FLUX 1204  9660.00        3.103442E+13   1.2917E-06   1.2917E-06   1.00000
FLUX 1205  9700.00        3.090644E+13   1.2809E-06   1.2809E-06   1.00000
FLUX 1206  9740.00        3.077952E+13   1.2704E-06   1.2704E-06   1.00000
FLUX 1207  9780.00        3.065363E+13   1.2599E-06   1.2599E-06   1.00000
FLUX 1208  9820.00        3.052877E+13   1.2496E-06   1.2496E-06   1.00000
FLUX 1209  9860.00        3.040492E+13   1.2394E-06   1.2394E-06   1.00000
FLUX 1210  9900.00        3.028207E+13   1.2293E-06   1.2293E-06   1.00000
FLUX 1211  9940.00        3.016021E+13   1.2193E-06   1.2193E-06   1.00000
FLUX 1212  9980.00        3.003933E+13   1.2095E-06   1.2095E-06   1.00000
FLUX 1213 10020.00        2.991941E+13   1.1998E-06   1.1998E-06   1.00000
FLUX 1214 20000.00        1.498963E+13   2.9594E-07   2.9594E-07   1.00000
FLUX 1215 40000.00        7.494813E+12   7.2236E-08   7.2236E-08   1.00000
FLUX 1216 60000.00        4.996542E+12   3.1617E-08   3.1617E-08   1.00000
FLUX 1217 80000.00        3.747406E+12   1.7586E-08   1.7586E-08   1.00000
FLUX 1218100000.00        2.997925E+12   1.1155E-08   1.1155E-08   1.00000
FLUX 1219120000.00        2.498271E+12   7.6892E-09   7.6892E-09   1.00000
FLUX 1220140000.00        2.141375E+12   5.6138E-09   5.6138E-09   1.00000
FLUX 1221160000.00        1.873703E+12   4.2749E-09   4.2749E-09   1.00000
FLUX
