TEFF   8250.  GRAVITY 4.00000 LTE 
TITLE TEST RUN WITH SDSC OPACITY  VTURB 2 KM/S    L/H 1.25                      
 OPACITY IFOP
FLUX   81    50.60        5.924753E+15   2.6298E-26   2.9746E-26   0.88406
FLUX   82    51.20        5.855322E+15   5.0848E-26   5.1629E-26   0.98487
FLUX   83    52.00        5.765240E+15   1.0447E-25   1.0543E-25   0.99089
FLUX   84    53.00        5.656462E+15   2.4949E-25   2.4952E-25   0.99991
FLUX   85    54.00        5.551713E+15   5.6984E-25   5.7184E-25   0.99650
FLUX   86    55.00        5.450773E+15   1.2717E-24   1.2723E-24   0.99957
FLUX   87    56.00        5.353438E+15   2.7517E-24   2.7517E-24   0.99999
FLUX   88    57.00        5.259518E+15   5.7964E-24   5.7965E-24   0.99999
FLUX   89    58.00        5.168836E+15   1.1842E-23   1.1917E-23   0.99372
FLUX   90    59.00        5.081229E+15   2.3921E-23   2.3932E-23   0.99953
FLUX   91    60.00        4.996542E+15   4.7011E-23   4.7044E-23   0.99931
FLUX   92    61.00        4.914631E+15   9.0642E-23   9.0642E-23   0.99999
FLUX   93    62.00        4.835363E+15   1.7142E-22   1.7142E-22   0.99998
FLUX   94    63.00        4.758611E+15   3.1860E-22   3.1860E-22   0.99999
FLUX   95    64.00        4.684258E+15   5.8270E-22   5.8286E-22   0.99972
FLUX   96    65.00        4.612192E+15   1.0503E-21   1.0503E-21   0.99998
FLUX   97    65.80        4.556117E+15   1.6650E-21   1.6651E-21   0.99998
FLUX   98    66.50        4.508158E+15   2.4720E-21   2.4742E-21   0.99912
FLUX   99    67.50        4.441370E+15   4.3061E-21   4.3091E-21   0.99931
FLUX  100    68.50        4.376533E+15   7.4123E-21   7.4131E-21   0.99990
FLUX  101    69.50        4.313561E+15   1.2605E-20   1.2605E-20   0.99999
FLUX  102    70.50        4.252376E+15   2.1148E-20   2.1194E-20   0.99782
FLUX  103    71.60        4.187046E+15   3.7077E-20   3.7078E-20   0.99998
FLUX  104    72.60        4.129373E+15   6.0986E-20   6.0987E-20   0.99999
FLUX  105    73.50        4.078810E+15   9.4641E-20   9.4643E-20   0.99998
FLUX  106    74.50        4.024060E+15   1.5276E-19   1.5282E-19   0.99961
FLUX  107    75.50        3.970762E+15   2.4431E-19   2.4440E-19   0.99960
FLUX  108    76.50        3.918856E+15   3.8715E-19   3.8726E-19   0.99971
FLUX  109    77.50        3.868290E+15   6.0787E-19   6.0804E-19   0.99972
FLUX  110    78.50        3.819013E+15   9.4613E-19   9.4613E-19   1.00000
FLUX  111    79.50        3.770975E+15   1.4547E-18   1.4593E-18   0.99686
FLUX  112    80.50        3.724130E+15   2.2286E-18   2.2313E-18   0.99879
FLUX  113    81.50        3.678436E+15   3.3821E-18   3.3827E-18   0.99983
FLUX  114    82.50        3.633848E+15   5.0851E-18   5.0854E-18   0.99994
FLUX  115    83.50        3.590329E+15   7.5821E-18   7.5825E-18   0.99995
FLUX  116    84.50        3.547840E+15   1.1214E-17   1.1214E-17   0.99999
FLUX  117    85.50        3.506345E+15   1.6453E-17   1.6454E-17   0.99999
FLUX  118    86.50        3.465809E+15   2.3951E-17   2.3951E-17   0.99999
FLUX  119    87.50        3.426200E+15   3.4582E-17   3.4598E-17   0.99952
FLUX  120    88.50        3.387486E+15   4.9603E-17   4.9604E-17   0.99998
FLUX  121    89.50        3.349637E+15   7.0593E-17   7.0593E-17   1.00000
FLUX  122    90.50        3.312624E+15   9.9692E-17   9.9739E-17   0.99952
FLUX  123    91.50        3.276421E+15   1.2976E-14   4.2929E-14   0.30228
FLUX  124    92.50        3.241000E+15   4.3840E-14   5.6076E-14   0.78178
FLUX  125    93.50        3.206337E+15   5.8908E-14   7.2838E-14   0.80875
FLUX  126    94.50        3.172407E+15   7.7922E-14   9.4095E-14   0.82812
FLUX  127    95.50        3.139188E+15   1.1072E-13   1.2092E-13   0.91569
FLUX  128    96.50        3.106658E+15   1.4452E-13   1.5459E-13   0.93483
FLUX  129    97.50        3.074795E+15   1.7547E-13   1.9667E-13   0.89221
FLUX  130    98.50        3.043579E+15   2.3005E-13   2.4901E-13   0.92385
FLUX  131    99.50        3.012990E+15   2.7835E-13   3.1382E-13   0.88698
FLUX  132   100.50        2.983010E+15   3.7959E-13   3.9373E-13   0.96407
FLUX  133   101.50        2.953621E+15   4.7861E-13   4.9186E-13   0.97308
FLUX  134   102.50        2.924805E+15   5.0451E-13   6.1356E-13   0.82228
FLUX  135   103.50        2.896546E+15   7.3329E-13   7.6010E-13   0.96472
FLUX  136   104.50        2.868828E+15   9.2118E-13   9.3797E-13   0.98210
FLUX  137   105.50        2.841635E+15   1.1325E-12   1.1530E-12   0.98222
FLUX  138   106.50        2.814953E+15   1.3457E-12   1.4121E-12   0.95297
FLUX  139   107.50        2.788767E+15   1.6770E-12   1.7233E-12   0.97313
FLUX  140   108.50        2.763065E+15   2.0431E-12   2.0958E-12   0.97486
FLUX  141   109.50        2.737831E+15   2.3945E-12   2.5402E-12   0.94266
FLUX  142   110.50        2.713054E+15   1.3250E-11   3.7641E-11   0.35200
FLUX  143   111.50        2.688722E+15   2.4549E-11   4.4191E-11   0.55552
FLUX  144   112.50        2.664822E+15   3.3400E-11   5.1731E-11   0.64565
FLUX  145   113.50        2.641344E+15   4.2573E-11   6.0672E-11   0.70169
FLUX  146   114.50        2.618275E+15   5.2161E-11   7.0630E-11   0.73852
FLUX  147   115.50        2.595606E+15   5.5718E-11   8.2006E-11   0.67943
FLUX  148   116.50        2.573326E+15   7.3546E-11   9.4971E-11   0.77441
FLUX  149   117.50        2.551426E+15   8.5310E-11   1.0972E-10   0.77753
FLUX  150   118.50        2.529895E+15   8.5775E-11   1.2644E-10   0.67838
FLUX  151   119.50        2.508724E+15   5.3759E-11   1.4537E-10   0.36981
FLUX  152   120.50        2.487905E+15   5.5137E-11   1.6674E-10   0.33067
FLUX  153   121.50        2.467428E+15   1.1358E-11   1.9084E-10   0.05952
FLUX  154   122.50        2.447286E+15   6.6900E-11   2.2540E-10   0.29680
FLUX  155   123.50        2.427470E+15   1.4908E-10   2.5693E-10   0.58023
FLUX  156   124.50        2.407972E+15   3.7555E-10   3.6343E-08   0.01033
FLUX  157   125.50        2.388785E+15   6.1494E-10   3.5568E-08   0.01729
FLUX  158   126.50        2.369901E+15   6.1724E-10   3.4759E-08   0.01776
FLUX  159   127.50        2.351314E+15   9.6625E-10   3.4094E-08   0.02834
FLUX  160   128.50        2.333016E+15   1.3787E-09   3.3490E-08   0.04117
FLUX  161   129.50        2.315000E+15   1.7082E-09   3.2977E-08   0.05180
FLUX  162   130.50        2.297261E+15   1.4514E-09   3.2515E-08   0.04464
FLUX  163   131.50        2.279791E+15   2.4256E-09   3.2091E-08   0.07558
FLUX  164   132.50        2.262585E+15   3.0210E-09   3.1718E-08   0.09524
FLUX  165   133.50        2.245637E+15   3.4600E-09   3.1394E-08   0.11021
FLUX  166   134.50        2.228941E+15   4.9084E-09   3.1098E-08   0.15784
FLUX  167   135.50        2.212491E+15   5.0844E-09   3.0818E-08   0.16498
FLUX  168   136.50        2.196282E+15   5.7779E-09   3.0554E-08   0.18910
FLUX  169   137.50        2.180309E+15   6.6959E-09   3.0312E-08   0.22090
FLUX  170   138.50        2.164567E+15   6.8064E-09   3.0100E-08   0.22612
FLUX  171   139.50        2.149050E+15   8.1108E-09   2.9918E-08   0.27110
FLUX  172   140.50        2.133754E+15   9.3020E-09   3.0512E-08   0.30487
FLUX  173   141.50        2.118675E+15   1.0044E-08   3.1925E-08   0.31462
FLUX  174   142.50        2.103807E+15   1.1645E-08   3.4436E-08   0.33817
FLUX  175   143.50        2.089146E+15   1.1676E-08   3.6087E-08   0.32354
FLUX  176   144.20        2.079005E+15   1.5416E-08   3.7303E-08   0.41325
FLUX  177   144.70        2.071821E+15   2.0427E-08   7.6502E-08   0.26702
FLUX  178   145.50        2.060430E+15   2.5500E-08   7.8566E-08   0.32456
FLUX  179   146.50        2.046365E+15   2.2349E-08   8.1240E-08   0.27510
FLUX  180   147.50        2.032492E+15   2.5074E-08   8.4013E-08   0.29846
FLUX  181   148.50        2.018805E+15   3.0198E-08   8.6947E-08   0.34732
FLUX  182   149.50        2.005301E+15   3.6865E-08   8.9999E-08   0.40962
FLUX  183   150.50        1.991977E+15   4.2955E-08   9.3154E-08   0.46112
FLUX  184   151.20        1.982755E+15   3.9982E-08   9.5431E-08   0.41896
FLUX  185   151.70        1.976220E+15   3.7174E-08   9.7093E-08   0.38287
FLUX  186   152.50        1.965852E+15   1.4756E-07   1.6076E-06   0.09179
FLUX  187   153.50        1.953046E+15   1.9308E-07   1.6079E-06   0.12008
FLUX  188   154.50        1.940405E+15   3.2638E-07   1.6086E-06   0.20290
FLUX  189   155.50        1.927926E+15   2.7240E-07   1.6103E-06   0.16916
FLUX  190   156.50        1.915607E+15   2.3708E-07   1.6132E-06   0.14696
FLUX  191   157.50        1.903444E+15   4.5048E-07   1.7357E-06   0.25955
FLUX  192   158.50        1.891435E+15   5.2585E-07   1.7374E-06   0.30266
FLUX  193   159.50        1.879577E+15   6.6494E-07   1.7391E-06   0.38234
FLUX  194   160.50        1.867866E+15   6.0403E-07   1.7407E-06   0.34699
FLUX  195   161.50        1.856300E+15   5.5267E-07   1.7421E-06   0.31725
FLUX  196   162.50        1.844877E+15   4.0373E-07   1.7788E-06   0.22696
FLUX  197   163.50        1.833593E+15   5.3380E-07   1.7834E-06   0.29932
FLUX  198   164.50        1.822447E+15   7.7852E-07   1.7880E-06   0.43542
FLUX  199   165.50        1.811435E+15   4.0818E-07   1.7928E-06   0.22767
FLUX  200   166.50        1.800556E+15   7.9111E-07   1.7978E-06   0.44003
FLUX  201   167.20        1.793017E+15   3.6783E-07   1.8012E-06   0.20421
FLUX  202   167.70        1.787671E+15   1.4214E-06   3.3730E-06   0.42140
FLUX  203   168.50        1.779184E+15   1.5574E-06   3.3972E-06   0.45843
FLUX  204   169.50        1.768687E+15   1.1900E-06   3.4214E-06   0.34780
FLUX  205   170.50        1.758314E+15   1.2361E-06   3.4459E-06   0.35872
FLUX  206   171.50        1.748061E+15   1.5199E-06   3.5594E-06   0.42701
FLUX  207   172.50        1.737928E+15   1.5553E-06   3.5864E-06   0.43366
FLUX  208   173.50        1.727911E+15   1.8354E-06   3.6091E-06   0.50855
FLUX  209   174.50        1.718009E+15   1.7847E-06   3.6358E-06   0.49089
FLUX  210   175.50        1.708219E+15   2.1335E-06   3.6581E-06   0.58323
FLUX  211   176.50        1.698541E+15   1.5657E-06   3.6813E-06   0.42531
FLUX  212   177.50        1.688972E+15   2.0104E-06   3.7048E-06   0.54264
FLUX  213   178.50        1.679510E+15   1.9719E-06   3.7285E-06   0.52887
FLUX  214   179.50        1.670153E+15   2.5499E-06   3.7523E-06   0.67955
FLUX  215   180.50        1.660900E+15   2.3194E-06   3.7769E-06   0.61408
FLUX  216   181.50        1.651749E+15   2.4247E-06   3.8010E-06   0.63790
FLUX  217   182.50        1.642699E+15   2.2422E-06   3.8256E-06   0.58611
FLUX  218   183.50        1.633747E+15   2.0391E-06   3.8501E-06   0.52963
FLUX  219   184.50        1.624892E+15   1.7629E-06   3.8736E-06   0.45511
FLUX  220   185.50        1.616132E+15   2.0840E-06   3.8991E-06   0.53448
FLUX  221   186.50        1.607466E+15   2.3772E-06   3.9234E-06   0.60590
FLUX  222   187.50        1.598893E+15   2.2979E-06   3.9685E-06   0.57903
FLUX  223   188.50        1.590411E+15   2.3786E-06   3.9922E-06   0.59580
FLUX  224   189.50        1.582018E+15   2.6012E-06   4.0158E-06   0.64775
FLUX  225   190.50        1.573714E+15   2.3975E-06   4.0392E-06   0.59356
FLUX  226   191.50        1.565496E+15   2.6411E-06   4.0631E-06   0.65003
FLUX  227   192.50        1.557364E+15   2.6057E-06   4.0864E-06   0.63766
FLUX  228   193.50        1.549315E+15   1.9790E-06   4.1097E-06   0.48154
FLUX  229   194.50        1.541350E+15   2.8744E-06   4.1330E-06   0.69547
FLUX  230   195.50        1.533465E+15   2.9190E-06   4.1563E-06   0.70230
FLUX  231   196.70        1.524110E+15   3.2661E-06   4.1846E-06   0.78049
FLUX  232   197.60        1.517169E+15   3.2069E-06   4.2057E-06   0.76251
FLUX  233   198.40        1.511051E+15   3.1344E-06   4.3034E-06   0.72835
FLUX  234   199.50        1.502719E+15   3.0608E-06   4.3293E-06   0.70699
FLUX  235   200.50        1.495224E+15   2.8538E-06   4.3529E-06   0.65561
FLUX  236   201.50        1.487804E+15   2.8229E-06   4.3767E-06   0.64498
FLUX  237   202.50        1.480457E+15   2.6538E-06   4.4006E-06   0.60305
FLUX  238   203.50        1.473182E+15   3.0348E-06   4.4245E-06   0.68591
FLUX  239   204.50        1.465978E+15   3.3825E-06   4.4486E-06   0.76034
FLUX  240   205.50        1.458844E+15   3.2373E-06   4.4728E-06   0.72376
FLUX  241   206.50        1.451780E+15   3.1113E-06   4.4971E-06   0.69184
FLUX  242   207.40        1.445480E+15   3.6885E-06   4.5193E-06   0.81617
FLUX  243   207.80        1.442697E+15   3.8554E-06   4.8279E-06   0.79856
FLUX  244   208.50        1.437854E+15   3.7333E-06   4.8502E-06   0.76973
FLUX  245   209.50        1.430990E+15   3.5476E-06   4.8821E-06   0.72665
FLUX  246   210.50        1.424192E+15   3.2270E-06   4.9141E-06   0.65668
FLUX  247   211.50        1.417459E+15   3.3232E-06   4.9452E-06   0.67200
FLUX  248   212.50        1.410788E+15   3.5060E-06   4.9764E-06   0.70452
FLUX  249   213.50        1.404180E+15   2.7976E-06   5.0078E-06   0.55865
FLUX  250   214.50        1.397634E+15   3.3813E-06   5.0393E-06   0.67099
FLUX  251   215.50        1.391148E+15   3.4111E-06   5.0709E-06   0.67267
FLUX  252   216.50        1.384723E+15   3.1340E-06   5.1028E-06   0.61417
FLUX  253   217.50        1.378356E+15   3.1359E-06   5.1349E-06   0.61070
FLUX  254   218.50        1.372048E+15   3.3513E-06   5.1676E-06   0.64851
FLUX  255   219.50        1.365797E+15   3.6843E-06   5.2008E-06   0.70841
FLUX  256   220.50        1.359603E+15   3.5009E-06   5.2342E-06   0.66885
FLUX  257   221.50        1.353465E+15   3.1022E-06   5.2681E-06   0.58887
FLUX  258   222.50        1.347382E+15   3.0566E-06   5.3048E-06   0.57619
FLUX  259   223.50        1.341353E+15   3.7109E-06   5.3384E-06   0.69513
FLUX  260   224.50        1.335379E+15   3.3362E-06   5.3721E-06   0.62103
FLUX  261   225.50        1.329457E+15   3.0742E-06   5.4227E-06   0.56692
FLUX  262   226.50        1.323587E+15   3.1135E-06   5.4559E-06   0.57067
FLUX  263   227.50        1.317769E+15   3.3875E-06   5.4892E-06   0.61712
FLUX  264   228.50        1.312002E+15   3.6884E-06   5.5226E-06   0.66787
FLUX  265   229.50        1.306285E+15   3.3444E-06   5.5561E-06   0.60193
FLUX  266   230.50        1.300618E+15   3.5168E-06   5.5898E-06   0.62915
FLUX  267   231.50        1.295000E+15   3.3458E-06   5.6236E-06   0.59497
FLUX  268   232.50        1.289430E+15   2.1910E-06   5.6578E-06   0.38725
FLUX  269   233.50        1.283908E+15   2.8001E-06   5.6960E-06   0.49160
FLUX  270   234.50        1.278433E+15   2.3055E-06   5.7303E-06   0.40234
FLUX  271   235.50        1.273004E+15   3.3357E-06   5.7643E-06   0.57869
FLUX  272   236.50        1.267622E+15   2.4537E-06   5.7985E-06   0.42317
FLUX  273   237.50        1.262284E+15   2.9469E-06   5.8329E-06   0.50521
FLUX  274   238.50        1.256992E+15   2.1274E-06   5.8678E-06   0.36256
FLUX  275   239.50        1.251743E+15   2.5686E-06   5.9025E-06   0.43517
FLUX  276   240.50        1.246538E+15   2.5049E-06   5.9373E-06   0.42189
FLUX  277   241.50        1.241377E+15   2.6415E-06   5.9723E-06   0.44229
FLUX  278   242.50        1.236258E+15   3.3790E-06   6.0074E-06   0.56247
FLUX  279   243.50        1.231181E+15   3.2613E-06   6.0426E-06   0.53972
FLUX  280   244.50        1.226145E+15   3.6108E-06   6.0834E-06   0.59355
FLUX  281   245.50        1.221151E+15   3.5833E-06   6.1180E-06   0.58570
FLUX  282   246.50        1.216197E+15   3.6304E-06   6.1527E-06   0.59005
FLUX  283   247.50        1.211283E+15   3.3329E-06   6.1876E-06   0.53865
FLUX  284   248.50        1.206408E+15   3.4222E-06   6.2229E-06   0.54993
FLUX  285   249.50        1.201573E+15   3.2377E-06   6.2584E-06   0.51733
FLUX  286   250.50        1.196776E+15   4.1406E-06   6.2982E-06   0.65741
FLUX  287   251.30        1.192967E+15   3.1657E-06   6.3266E-06   0.50038
FLUX  288   251.80        1.190598E+15   2.9263E-06   6.4832E-06   0.45136
FLUX  289   252.50        1.187297E+15   2.7140E-06   6.5089E-06   0.41697
FLUX  290   253.50        1.182613E+15   2.8060E-06   6.5462E-06   0.42865
FLUX  291   254.50        1.177967E+15   2.9023E-06   6.5837E-06   0.44083
FLUX  292   255.50        1.173356E+15   3.4741E-06   6.6212E-06   0.52469
FLUX  293   256.50        1.168782E+15   3.3255E-06   6.6588E-06   0.49941
FLUX  294   257.50        1.164243E+15   3.8017E-06   6.6964E-06   0.56772
FLUX  295   258.50        1.159739E+15   3.8350E-06   6.7340E-06   0.56951
FLUX  296   259.50        1.155270E+15   3.6950E-06   6.7713E-06   0.54568
FLUX  297   260.50        1.150835E+15   3.4732E-06   6.8088E-06   0.51011
FLUX  298   261.50        1.146434E+15   3.2515E-06   6.8463E-06   0.47493
FLUX  299   262.50        1.142067E+15   4.0591E-06   6.8838E-06   0.58965
FLUX  300   263.50        1.137732E+15   4.2630E-06   6.9230E-06   0.61577
FLUX  301   264.50        1.133431E+15   5.2608E-06   6.9609E-06   0.75576
FLUX  302   265.50        1.129162E+15   5.4415E-06   6.9989E-06   0.77747
FLUX  303   266.50        1.124925E+15   4.5716E-06   7.0370E-06   0.64966
FLUX  304   267.50        1.120720E+15   5.0599E-06   7.0751E-06   0.71518
FLUX  305   268.50        1.116546E+15   5.0640E-06   7.1133E-06   0.71191
FLUX  306   269.50        1.112403E+15   4.6599E-06   7.1516E-06   0.65160
FLUX  307   270.50        1.108290E+15   4.9914E-06   7.1915E-06   0.69407
FLUX  308   271.50        1.104208E+15   4.5295E-06   7.2297E-06   0.62652
FLUX  309   272.50        1.100156E+15   4.6465E-06   7.2679E-06   0.63932
FLUX  310   273.50        1.096133E+15   5.1620E-06   7.3060E-06   0.70654
FLUX  311   274.50        1.092140E+15   3.7397E-06   7.3442E-06   0.50921
FLUX  312   275.50        1.088176E+15   4.0998E-06   7.3823E-06   0.55535
FLUX  313   276.50        1.084241E+15   4.4268E-06   7.4205E-06   0.59656
FLUX  314   277.50        1.080333E+15   4.9571E-06   7.4587E-06   0.66461
FLUX  315   278.50        1.076454E+15   4.1161E-06   7.4970E-06   0.54904
FLUX  316   279.50        1.072603E+15   1.9464E-06   7.5354E-06   0.25830
FLUX  317   280.50        1.068779E+15   2.4291E-06   7.5740E-06   0.32072
FLUX  318   281.50        1.064982E+15   5.0327E-06   7.6126E-06   0.66110
FLUX  319   282.50        1.061212E+15   5.8114E-06   7.6512E-06   0.75954
FLUX  320   283.50        1.057469E+15   5.6508E-06   7.6899E-06   0.73484
FLUX  321   284.50        1.053752E+15   5.4378E-06   7.7285E-06   0.70359
FLUX  322   285.50        1.050061E+15   5.1250E-06   7.7672E-06   0.65982
FLUX  323   286.50        1.046396E+15   5.9315E-06   7.8059E-06   0.75988
FLUX  324   287.50        1.042757E+15   5.8454E-06   7.8446E-06   0.74515
FLUX  325   288.50        1.039142E+15   5.9500E-06   7.8833E-06   0.75476
FLUX  326   289.50        1.035553E+15   5.6859E-06   7.9219E-06   0.71775
FLUX  327   291.00        1.030215E+15   6.6835E-06   7.9807E-06   0.83746
FLUX  328   293.00        1.023183E+15   6.4155E-06   8.0578E-06   0.79619
FLUX  329   295.00        1.016246E+15   6.4375E-06   8.1354E-06   0.79130
FLUX  330   297.00        1.009402E+15   6.7165E-06   8.2127E-06   0.81782
FLUX  331   299.00        1.002651E+15   6.9597E-06   8.2900E-06   0.83952
FLUX  332   301.00        9.959884E+14   7.1908E-06   8.3673E-06   0.85939
FLUX  333   303.00        9.894142E+14   7.1725E-06   8.4445E-06   0.84936
FLUX  334   305.00        9.829262E+14   7.2771E-06   8.5217E-06   0.85395
FLUX  335   307.00        9.765228E+14   7.4342E-06   8.5988E-06   0.86457
FLUX  336   309.00        9.702023E+14   7.6710E-06   8.6766E-06   0.88411
FLUX  337   311.00        9.639630E+14   7.5122E-06   8.7534E-06   0.85821
FLUX  338   313.00        9.578035E+14   7.5889E-06   8.8303E-06   0.85941
FLUX  339   315.00        9.517222E+14   7.8950E-06   8.9069E-06   0.88639
FLUX  340   317.00        9.457177E+14   7.9433E-06   8.9837E-06   0.88419
FLUX  341   319.00        9.397884E+14   7.5150E-06   9.0603E-06   0.82945
FLUX  342   321.00        9.339330E+14   7.9154E-06   9.1367E-06   0.86634
FLUX  343   323.00        9.281502E+14   7.6443E-06   9.2132E-06   0.82971
FLUX  344   325.00        9.224385E+14   8.0394E-06   9.2893E-06   0.86545
FLUX  345   327.00        9.167966E+14   8.3450E-06   9.3651E-06   0.89108
FLUX  346   329.00        9.112234E+14   8.4735E-06   9.4407E-06   0.89754
FLUX  347   331.00        9.057175E+14   8.7382E-06   9.5159E-06   0.91827
FLUX  348   333.00        9.002778E+14   8.6470E-06   9.5908E-06   0.90159
FLUX  349   335.00        8.949030E+14   8.6484E-06   9.6654E-06   0.89478
FLUX  350   337.00        8.895920E+14   8.6630E-06   9.7397E-06   0.88945
FLUX  351   339.00        8.843437E+14   8.7577E-06   9.8139E-06   0.89237
FLUX  352   341.00        8.791569E+14   8.9095E-06   9.8878E-06   0.90106
FLUX  353   343.00        8.740306E+14   9.0480E-06   9.9612E-06   0.90832
FLUX  354   345.00        8.689638E+14   9.0988E-06   1.0034E-05   0.90676
FLUX  355   347.00        8.639553E+14   9.0866E-06   1.0107E-05   0.89903
FLUX  356   349.00        8.590043E+14   9.1830E-06   1.0179E-05   0.90210
FLUX  357   351.00        8.541097E+14   9.4788E-06   1.0252E-05   0.92463
FLUX  358   353.00        8.492705E+14   9.5208E-06   1.0323E-05   0.92227
FLUX  359   355.00        8.444859E+14   9.8403E-06   1.0395E-05   0.94668
FLUX  360   357.00        8.397549E+14   9.5375E-06   1.0465E-05   0.91133
FLUX  361   359.00        8.350766E+14   9.5470E-06   1.0536E-05   0.90613
FLUX  362   361.00        8.304501E+14   9.6823E-06   1.0606E-05   0.91287
FLUX  363   363.00        8.258747E+14   9.8656E-06   1.0676E-05   0.92411
FLUX  364   364.00        8.236058E+14   9.8711E-06   1.0711E-05   0.92160
FLUX  365   365.00        8.213493E+14   1.0318E-05   4.0102E-05   0.25729
FLUX  366   367.00        8.168733E+14   9.9601E-06   3.9986E-05   0.24909
FLUX  367   369.00        8.124458E+14   9.1944E-06   3.9873E-05   0.23059
FLUX  368   371.00        8.080660E+14   1.0501E-05   3.9762E-05   0.26409
FLUX  369   373.00        8.037332E+14   1.0899E-05   3.9651E-05   0.27488
FLUX  370   375.00        7.994467E+14   1.3600E-05   3.9541E-05   0.34395
FLUX  371   377.00        7.952056E+14   1.4502E-05   3.9450E-05   0.36761
FLUX  372   379.00        7.910092E+14   1.7831E-05   3.9340E-05   0.45324
FLUX  373   381.00        7.868570E+14   2.1054E-05   3.9232E-05   0.53667
FLUX  374   383.00        7.827480E+14   1.6881E-05   3.9125E-05   0.43146
FLUX  375   385.00        7.786818E+14   2.3979E-05   3.9019E-05   0.61454
FLUX  376   387.00        7.746576E+14   2.7427E-05   3.8914E-05   0.70481
FLUX  377   389.00        7.706748E+14   1.5835E-05   3.8810E-05   0.40802
FLUX  378   391.00        7.667327E+14   2.7661E-05   3.8707E-05   0.71462
FLUX  379   393.00        7.628308E+14   2.0936E-05   3.8606E-05   0.54229
FLUX  380   395.00        7.589684E+14   2.6664E-05   3.8504E-05   0.69250
FLUX  381   397.00        7.551448E+14   1.4624E-05   3.8402E-05   0.38080
FLUX  382   399.00        7.513596E+14   2.8261E-05   3.8302E-05   0.73784
FLUX  383   401.00        7.476122E+14   3.3221E-05   3.8201E-05   0.86964
FLUX  384   403.00        7.439020E+14   3.3866E-05   3.8099E-05   0.88891
FLUX  385   405.00        7.402284E+14   3.3708E-05   3.7998E-05   0.88709
FLUX  386   407.00        7.365909E+14   3.1921E-05   3.7898E-05   0.84228
FLUX  387   409.00        7.329890E+14   2.4813E-05   3.7799E-05   0.65646
FLUX  388   411.00        7.294221E+14   1.9204E-05   3.7701E-05   0.50936
FLUX  389   413.00        7.258898E+14   3.1047E-05   3.7605E-05   0.82562
FLUX  390   415.00        7.223916E+14   3.3899E-05   3.7508E-05   0.90378
FLUX  391   417.00        7.189269E+14   3.4346E-05   3.7412E-05   0.91804
FLUX  392   419.00        7.154952E+14   3.4271E-05   3.7316E-05   0.91840
FLUX  393   421.00        7.120962E+14   3.4533E-05   3.7221E-05   0.92779
FLUX  394   423.00        7.087293E+14   3.3814E-05   3.7126E-05   0.91081
FLUX  395   425.00        7.053941E+14   3.4160E-05   3.7031E-05   0.92247
FLUX  396   427.00        7.020902E+14   3.3119E-05   3.6938E-05   0.89662
FLUX  397   429.00        6.988170E+14   3.3560E-05   3.6845E-05   0.91084
FLUX  398   431.00        6.955742E+14   3.0569E-05   3.6753E-05   0.83174
FLUX  399   433.00        6.923614E+14   2.3449E-05   3.6662E-05   0.63962
FLUX  400   435.00        6.891782E+14   2.0222E-05   3.6571E-05   0.55295
FLUX  401   437.00        6.860240E+14   3.1543E-05   3.6481E-05   0.86463
FLUX  402   439.00        6.828986E+14   3.3301E-05   3.6392E-05   0.91506
FLUX  403   441.00        6.798016E+14   3.3336E-05   3.6302E-05   0.91827
FLUX  404   443.00        6.767325E+14   3.3248E-05   3.6211E-05   0.91816
FLUX  405   445.00        6.736910E+14   3.3997E-05   3.6120E-05   0.94124
FLUX  406   447.00        6.706767E+14   3.4035E-05   3.6030E-05   0.94464
FLUX  407   449.00        6.676893E+14   3.3780E-05   3.5940E-05   0.93991
FLUX  408   451.00        6.647284E+14   3.4811E-05   3.5850E-05   0.97100
FLUX  409   453.00        6.617936E+14   3.3871E-05   3.5761E-05   0.94714
FLUX  410   455.00        6.588846E+14   3.3574E-05   3.5672E-05   0.94118
FLUX  411   457.00        6.560011E+14   3.4684E-05   3.5584E-05   0.97473
FLUX  412   459.00        6.531427E+14   3.3816E-05   3.5496E-05   0.95267
FLUX  413   461.00        6.503091E+14   3.4475E-05   3.5408E-05   0.97365
FLUX  414   463.00        6.475000E+14   3.3765E-05   3.5321E-05   0.95597
FLUX  415   465.00        6.447151E+14   3.4181E-05   3.5234E-05   0.97012
FLUX  416   467.00        6.419540E+14   3.4268E-05   3.5147E-05   0.97499
FLUX  417   469.00        6.392164E+14   3.3475E-05   3.5061E-05   0.95478
FLUX  418   471.00        6.365021E+14   3.2337E-05   3.4975E-05   0.92457
FLUX  419   473.00        6.338108E+14   3.3873E-05   3.4890E-05   0.97086
FLUX  420   475.00        6.311421E+14   3.3950E-05   3.4805E-05   0.97544
FLUX  421   477.00        6.284958E+14   3.3645E-05   3.4720E-05   0.96902
FLUX  422   479.00        6.258716E+14   3.3414E-05   3.4637E-05   0.96471
FLUX  423   481.00        6.232692E+14   3.2727E-05   3.4553E-05   0.94714
FLUX  424   483.00        6.206884E+14   3.1059E-05   3.4470E-05   0.90105
FLUX  425   485.00        6.181289E+14   2.3938E-05   3.4386E-05   0.69616
FLUX  426   487.00        6.155903E+14   1.9402E-05   3.4301E-05   0.56563
FLUX  427   489.00        6.130726E+14   2.9619E-05   3.4217E-05   0.86561
FLUX  428   491.00        6.105754E+14   3.1976E-05   3.4134E-05   0.93679
FLUX  429   493.00        6.080984E+14   3.2096E-05   3.4051E-05   0.94259
FLUX  430   495.00        6.056414E+14   3.2806E-05   3.3968E-05   0.96579
FLUX  431   497.00        6.032042E+14   3.3195E-05   3.3885E-05   0.97964
FLUX  432   499.00        6.007866E+14   3.2367E-05   3.3803E-05   0.95754
FLUX  433   501.00        5.983882E+14   3.1659E-05   3.3721E-05   0.93887
FLUX  434   503.00        5.960089E+14   3.2507E-05   3.3639E-05   0.96635
FLUX  435   505.00        5.936485E+14   3.2112E-05   3.3557E-05   0.95694
FLUX  436   507.00        5.913067E+14   3.2712E-05   3.3476E-05   0.97717
FLUX  437   509.00        5.889833E+14   3.2533E-05   3.3395E-05   0.97419
FLUX  438   511.00        5.866781E+14   3.2647E-05   3.3314E-05   0.97997
FLUX  439   513.00        5.843908E+14   3.2266E-05   3.3233E-05   0.97090
FLUX  440   515.00        5.821214E+14   3.1797E-05   3.3153E-05   0.95909
FLUX  441   517.00        5.798694E+14   3.1372E-05   3.3073E-05   0.94856
FLUX  442   519.00        5.776349E+14   3.1311E-05   3.2994E-05   0.94899
FLUX  443   521.00        5.754175E+14   3.1602E-05   3.2914E-05   0.96014
FLUX  444   523.00        5.732170E+14   3.1416E-05   3.2833E-05   0.95685
FLUX  445   525.00        5.710333E+14   3.2073E-05   3.2753E-05   0.97925
FLUX  446   527.00        5.688662E+14   3.0684E-05   3.2673E-05   0.93911
FLUX  447   529.00        5.667155E+14   3.1775E-05   3.2594E-05   0.97488
FLUX  448   531.00        5.645810E+14   3.1541E-05   3.2515E-05   0.97005
FLUX  449   533.00        5.624625E+14   3.0878E-05   3.2436E-05   0.95199
FLUX  450   535.00        5.603598E+14   3.1621E-05   3.2357E-05   0.97724
FLUX  451   537.00        5.582728E+14   3.1350E-05   3.2279E-05   0.97123
FLUX  452   539.00        5.562013E+14   3.1288E-05   3.2205E-05   0.97152
FLUX  453   541.00        5.541451E+14   3.0889E-05   3.2127E-05   0.96146
FLUX  454   543.00        5.521041E+14   3.1142E-05   3.2049E-05   0.97170
FLUX  455   545.00        5.500780E+14   3.1349E-05   3.1972E-05   0.98049
FLUX  456   547.00        5.480667E+14   3.1185E-05   3.1895E-05   0.97773
FLUX  457   549.00        5.460701E+14   3.1316E-05   3.1819E-05   0.98420
FLUX  458   551.00        5.440880E+14   3.1259E-05   3.1742E-05   0.98478
FLUX  459   553.00        5.421203E+14   3.1019E-05   3.1666E-05   0.97956
FLUX  460   555.00        5.401667E+14   3.1162E-05   3.1590E-05   0.98645
FLUX  461   557.00        5.382271E+14   3.0846E-05   3.1515E-05   0.97878
FLUX  462   559.00        5.363014E+14   3.0814E-05   3.1439E-05   0.98011
FLUX  463   561.00        5.343895E+14   3.0888E-05   3.1363E-05   0.98484
FLUX  464   563.00        5.324911E+14   3.0952E-05   3.1292E-05   0.98912
FLUX  465   565.00        5.306062E+14   3.0852E-05   3.1216E-05   0.98834
FLUX  466   567.00        5.287346E+14   3.0597E-05   3.1141E-05   0.98255
FLUX  467   569.00        5.268761E+14   3.0726E-05   3.1065E-05   0.98907
FLUX  468   571.00        5.250306E+14   3.0622E-05   3.0990E-05   0.98814
FLUX  469   573.00        5.231981E+14   3.0843E-05   3.0915E-05   0.99768
FLUX  470   575.00        5.213783E+14   3.0568E-05   3.0840E-05   0.99118
FLUX  471   577.00        5.195711E+14   3.0586E-05   3.0765E-05   0.99419
FLUX  472   579.00        5.177763E+14   3.0466E-05   3.0691E-05   0.99269
FLUX  473   581.00        5.159940E+14   3.0441E-05   3.0616E-05   0.99427
FLUX  474   583.00        5.142238E+14   3.0423E-05   3.0542E-05   0.99609
FLUX  475   585.00        5.124658E+14   3.0302E-05   3.0468E-05   0.99452
FLUX  476   587.00        5.107198E+14   3.0210E-05   3.0395E-05   0.99393
FLUX  477   589.00        5.089856E+14   2.9790E-05   3.0321E-05   0.98248
FLUX  478   591.00        5.072631E+14   3.0071E-05   3.0248E-05   0.99414
FLUX  479   593.00        5.055523E+14   3.0020E-05   3.0175E-05   0.99485
FLUX  480   595.00        5.038529E+14   2.9935E-05   3.0103E-05   0.99442
FLUX  481   597.00        5.021650E+14   2.9897E-05   3.0030E-05   0.99557
FLUX  482   599.00        5.004883E+14   2.9720E-05   2.9958E-05   0.99207
FLUX  483   601.00        4.988228E+14   2.9525E-05   2.9886E-05   0.98792
FLUX  484   603.00        4.971683E+14   2.9587E-05   2.9814E-05   0.99238
FLUX  485   605.00        4.955248E+14   2.9586E-05   2.9742E-05   0.99473
FLUX  486   607.00        4.938921E+14   2.9606E-05   2.9670E-05   0.99782
FLUX  487   609.00        4.922701E+14   2.9433E-05   2.9599E-05   0.99440
FLUX  488   611.00        4.906588E+14   2.9312E-05   2.9528E-05   0.99268
FLUX  489   613.00        4.890579E+14   2.9019E-05   2.9457E-05   0.98513
FLUX  490   615.00        4.874675E+14   2.8670E-05   2.9386E-05   0.97563
FLUX  491   617.00        4.858874E+14   2.8900E-05   2.9315E-05   0.98583
FLUX  492   619.00        4.843174E+14   2.9129E-05   2.9245E-05   0.99602
FLUX  493   621.00        4.827576E+14   2.9064E-05   2.9175E-05   0.99621
FLUX  494   623.00        4.812079E+14   2.8850E-05   2.9105E-05   0.99126
FLUX  495   625.00        4.796680E+14   2.8347E-05   2.9035E-05   0.97631
FLUX  496   627.00        4.781380E+14   2.8886E-05   2.8973E-05   0.99700
FLUX  497   629.00        4.766176E+14   2.8827E-05   2.8903E-05   0.99737
FLUX  498   631.00        4.751070E+14   2.8536E-05   2.8834E-05   0.98965
FLUX  499   633.00        4.736058E+14   2.8565E-05   2.8765E-05   0.99304
FLUX  500   635.00        4.721142E+14   2.8256E-05   2.8697E-05   0.98464
FLUX  501   637.00        4.706319E+14   2.8272E-05   2.8628E-05   0.98759
FLUX  502   639.00        4.691588E+14   2.8348E-05   2.8559E-05   0.99261
FLUX  503   641.00        4.676950E+14   2.8046E-05   2.8491E-05   0.98437
FLUX  504   643.00        4.662403E+14   2.8110E-05   2.8423E-05   0.98898
FLUX  505   645.00        4.647946E+14   2.7762E-05   2.8355E-05   0.97911
FLUX  506   647.00        4.633578E+14   2.7918E-05   2.8287E-05   0.98698
FLUX  507   649.00        4.619299E+14   2.7517E-05   2.8219E-05   0.97515
FLUX  508   651.00        4.605108E+14   2.7339E-05   2.8152E-05   0.97111
FLUX  509   653.00        4.591003E+14   2.6412E-05   2.8085E-05   0.94046
FLUX  510   655.00        4.576985E+14   2.2719E-05   2.8022E-05   0.81076
FLUX  511   657.00        4.563052E+14   1.8261E-05   2.7955E-05   0.65324
FLUX  512   659.00        4.549203E+14   2.5206E-05   2.7888E-05   0.90383
FLUX  513   661.00        4.535439E+14   2.6859E-05   2.7821E-05   0.96542
FLUX  514   663.00        4.521757E+14   2.7267E-05   2.7755E-05   0.98241
FLUX  515   665.00        4.508158E+14   2.7361E-05   2.7688E-05   0.98817
FLUX  516   667.00        4.494640E+14   2.7350E-05   2.7622E-05   0.99013
FLUX  517   669.00        4.481203E+14   2.7389E-05   2.7556E-05   0.99393
FLUX  518   671.00        4.467846E+14   2.7337E-05   2.7490E-05   0.99443
FLUX  519   673.00        4.454569E+14   2.7278E-05   2.7425E-05   0.99466
FLUX  520   675.00        4.441370E+14   2.7171E-05   2.7359E-05   0.99312
FLUX  521   677.00        4.428250E+14   2.7233E-05   2.7294E-05   0.99777
FLUX  522   679.00        4.415206E+14   2.7151E-05   2.7229E-05   0.99711
FLUX  523   681.00        4.402239E+14   2.7083E-05   2.7164E-05   0.99702
FLUX  524   683.00        4.389348E+14   2.6978E-05   2.7100E-05   0.99552
FLUX  525   685.00        4.376533E+14   2.6903E-05   2.7035E-05   0.99512
FLUX  526   687.00        4.363792E+14   2.6907E-05   2.6971E-05   0.99763
FLUX  527   689.00        4.351125E+14   2.6852E-05   2.6906E-05   0.99796
FLUX  528   691.00        4.338531E+14   2.6777E-05   2.6842E-05   0.99755
FLUX  529   693.00        4.326010E+14   2.6703E-05   2.6778E-05   0.99718
FLUX  530   695.00        4.313561E+14   2.6650E-05   2.6715E-05   0.99756
FLUX  531   697.00        4.301184E+14   2.6566E-05   2.6651E-05   0.99679
FLUX  532   699.00        4.288877E+14   2.6543E-05   2.6588E-05   0.99831
FLUX  533   701.00        4.276641E+14   2.6300E-05   2.6525E-05   0.99151
FLUX  534   703.00        4.264474E+14   2.6327E-05   2.6462E-05   0.99490
FLUX  535   705.00        4.252376E+14   2.6315E-05   2.6399E-05   0.99683
FLUX  536   707.00        4.240347E+14   2.6276E-05   2.6336E-05   0.99771
FLUX  537   709.00        4.228385E+14   2.6217E-05   2.6274E-05   0.99783
FLUX  538   711.00        4.216491E+14   2.5662E-05   2.6211E-05   0.97907
FLUX  539   713.00        4.204663E+14   2.5931E-05   2.6149E-05   0.99165
FLUX  540   715.00        4.192902E+14   2.5941E-05   2.6087E-05   0.99441
FLUX  541   717.00        4.181206E+14   2.5862E-05   2.6025E-05   0.99373
FLUX  542   719.00        4.169576E+14   2.5776E-05   2.5964E-05   0.99276
FLUX  543   721.00        4.158010E+14   2.5765E-05   2.5902E-05   0.99471
FLUX  544   723.00        4.146508E+14   2.5685E-05   2.5841E-05   0.99399
FLUX  545   725.00        4.135069E+14   2.5598E-05   2.5782E-05   0.99287
FLUX  546   727.00        4.123693E+14   2.5642E-05   2.5721E-05   0.99694
FLUX  547   729.00        4.112380E+14   2.5450E-05   2.5660E-05   0.99183
FLUX  548   731.00        4.101129E+14   2.5448E-05   2.5604E-05   0.99391
FLUX  549   733.00        4.089939E+14   2.5400E-05   2.5543E-05   0.99437
FLUX  550   735.00        4.078810E+14   2.5411E-05   2.5483E-05   0.99718
FLUX  551   737.00        4.067741E+14   2.5365E-05   2.5423E-05   0.99774
FLUX  552   739.00        4.056732E+14   2.5198E-05   2.5363E-05   0.99353
FLUX  553   741.00        4.045783E+14   2.4935E-05   2.5303E-05   0.98548
FLUX  554   743.00        4.034892E+14   2.4951E-05   2.5243E-05   0.98845
FLUX  555   745.00        4.024060E+14   2.4964E-05   2.5183E-05   0.99131
FLUX  556   747.00        4.013286E+14   2.4783E-05   2.5123E-05   0.98645
FLUX  557   749.00        4.002570E+14   2.4809E-05   2.5064E-05   0.98982
FLUX  558   751.00        3.991911E+14   2.4855E-05   2.5005E-05   0.99402
FLUX  559   753.00        3.981308E+14   2.4832E-05   2.4946E-05   0.99543
FLUX  560   755.00        3.970762E+14   2.4850E-05   2.4887E-05   0.99849
FLUX  561   757.00        3.960271E+14   2.4755E-05   2.4829E-05   0.99706
FLUX  562   759.00        3.949835E+14   2.4703E-05   2.4770E-05   0.99730
FLUX  563   761.00        3.939455E+14   2.4646E-05   2.4712E-05   0.99734
FLUX  564   763.00        3.929128E+14   2.4596E-05   2.4653E-05   0.99767
FLUX  565   765.00        3.918856E+14   2.4495E-05   2.4596E-05   0.99593
FLUX  566   767.00        3.908638E+14   2.4317E-05   2.4538E-05   0.99100
FLUX  567   769.00        3.898472E+14   2.4359E-05   2.4480E-05   0.99504
FLUX  568   771.00        3.888359E+14   2.4266E-05   2.4423E-05   0.99359
FLUX  569   773.00        3.878299E+14   2.4308E-05   2.4365E-05   0.99767
FLUX  570   775.00        3.868290E+14   2.4200E-05   2.4308E-05   0.99558
FLUX  571   777.00        3.858333E+14   2.3663E-05   2.4251E-05   0.97576
FLUX  572   779.00        3.848427E+14   2.4168E-05   2.4194E-05   0.99894
FLUX  573   781.00        3.838572E+14   2.4080E-05   2.4137E-05   0.99765
FLUX  574   783.00        3.828768E+14   2.3931E-05   2.4080E-05   0.99381
FLUX  575   785.00        3.819013E+14   2.3802E-05   2.4024E-05   0.99078
FLUX  576   787.00        3.809307E+14   2.3793E-05   2.3967E-05   0.99272
FLUX  577   789.00        3.799651E+14   2.3694E-05   2.3911E-05   0.99091
FLUX  578   791.00        3.790044E+14   2.3643E-05   2.3855E-05   0.99110
FLUX  579   793.00        3.780485E+14   2.3588E-05   2.3799E-05   0.99112
FLUX  580   795.00        3.770975E+14   2.3474E-05   2.3744E-05   0.98865
FLUX  581   797.00        3.761512E+14   2.3650E-05   2.3688E-05   0.99839
FLUX  582   799.00        3.752096E+14   2.3347E-05   2.3633E-05   0.98790
FLUX  583   801.00        3.742728E+14   2.3465E-05   2.3578E-05   0.99523
FLUX  584   803.00        3.733406E+14   2.3393E-05   2.3523E-05   0.99448
FLUX  585   805.00        3.724130E+14   2.3366E-05   2.3468E-05   0.99568
FLUX  586   807.00        3.714901E+14   2.3315E-05   2.3413E-05   0.99583
FLUX  587   809.00        3.705717E+14   2.3252E-05   2.3358E-05   0.99543
FLUX  588   811.00        3.696578E+14   2.3262E-05   2.3304E-05   0.99822
FLUX  589   813.00        3.687485E+14   2.3229E-05   2.3249E-05   0.99914
FLUX  590   815.00        3.678436E+14   2.3171E-05   2.3195E-05   0.99894
FLUX  591   817.00        3.669431E+14   2.3119E-05   2.3141E-05   0.99904
FLUX  592   819.00        3.660470E+14   2.2738E-05   2.3088E-05   0.98487
FLUX  593   821.00        3.651553E+14   2.2807E-05   2.7091E-05   0.84190
FLUX  594   823.00        3.642679E+14   2.2752E-05   2.7021E-05   0.84204
FLUX  595   825.00        3.633848E+14   2.2757E-05   2.6951E-05   0.84437
FLUX  596   827.00        3.625060E+14   2.2955E-05   2.6882E-05   0.85393
FLUX  597   829.00        3.616315E+14   2.2873E-05   2.6813E-05   0.85305
FLUX  598   831.00        3.607611E+14   2.2762E-05   2.6744E-05   0.85111
FLUX  599   833.00        3.598950E+14   2.2456E-05   2.6676E-05   0.84181
FLUX  600   835.00        3.590329E+14   2.2467E-05   2.6607E-05   0.84439
FLUX  601   837.00        3.581750E+14   2.2357E-05   2.6539E-05   0.84243
FLUX  602   839.00        3.573212E+14   2.2030E-05   2.6472E-05   0.83222
FLUX  603   841.00        3.564715E+14   2.1897E-05   2.6404E-05   0.82928
FLUX  604   843.00        3.556257E+14   2.1756E-05   2.6337E-05   0.82608
FLUX  605   845.00        3.547840E+14   2.1489E-05   2.6270E-05   0.81800
FLUX  606   847.00        3.539463E+14   2.1118E-05   2.6203E-05   0.80591
FLUX  607   849.00        3.531125E+14   2.1773E-05   2.6137E-05   0.83305
FLUX  608   851.00        3.522826E+14   2.0393E-05   2.6071E-05   0.78224
FLUX  609   853.00        3.514566E+14   2.2132E-05   2.6005E-05   0.85107
FLUX  610   855.00        3.506345E+14   1.9306E-05   2.5939E-05   0.74430
FLUX  611   857.00        3.498162E+14   2.2674E-05   2.5873E-05   0.87635
FLUX  612   859.00        3.490017E+14   2.0825E-05   2.5808E-05   0.80690
FLUX  613   861.00        3.481911E+14   2.0416E-05   2.5743E-05   0.79307
FLUX  614   863.00        3.473841E+14   2.3081E-05   2.5678E-05   0.89886
FLUX  615   865.00        3.465809E+14   2.1990E-05   2.5614E-05   0.85853
FLUX  616   867.00        3.457814E+14   1.8157E-05   2.5550E-05   0.71067
FLUX  617   869.00        3.449856E+14   2.2319E-05   2.5485E-05   0.87574
FLUX  618   871.00        3.441935E+14   2.3514E-05   2.5422E-05   0.92496
FLUX  619   873.00        3.434049E+14   2.2461E-05   2.5358E-05   0.88576
FLUX  620   875.00        3.426200E+14   1.8104E-05   2.5295E-05   0.71574
FLUX  621   877.00        3.418387E+14   2.1660E-05   2.5232E-05   0.85843
FLUX  622   879.00        3.410609E+14   2.3570E-05   2.5169E-05   0.93649
FLUX  623   881.00        3.402866E+14   2.3770E-05   2.5106E-05   0.94678
FLUX  624   883.00        3.395159E+14   2.2996E-05   2.5044E-05   0.91824
FLUX  625   885.00        3.387486E+14   2.0738E-05   2.4981E-05   0.83013
FLUX  626   887.00        3.379848E+14   1.7812E-05   2.4919E-05   0.71478
FLUX  627   889.00        3.372244E+14   2.2365E-05   2.4857E-05   0.89974
FLUX  628   891.00        3.364675E+14   2.3495E-05   2.4796E-05   0.94753
FLUX  629   893.00        3.357139E+14   2.3757E-05   2.4734E-05   0.96047
FLUX  630   895.00        3.349637E+14   2.3962E-05   2.4673E-05   0.97118
FLUX  631   897.00        3.342168E+14   2.3508E-05   2.4612E-05   0.95514
FLUX  632   899.00        3.334733E+14   2.2354E-05   2.4551E-05   0.91051
FLUX  633   901.00        3.327331E+14   1.7929E-05   2.4491E-05   0.73208
FLUX  634   903.00        3.319961E+14   1.9773E-05   2.4430E-05   0.80938
FLUX  635   905.00        3.312624E+14   2.2681E-05   2.4370E-05   0.93071
FLUX  636   907.00        3.305320E+14   2.2942E-05   2.4310E-05   0.94371
FLUX  637   909.00        3.298047E+14   2.2912E-05   2.4250E-05   0.94482
FLUX  638   911.00        3.290807E+14   2.3553E-05   2.4191E-05   0.97364
FLUX  639   913.00        3.283598E+14   2.3688E-05   2.4131E-05   0.98163
FLUX  640   915.00        3.276421E+14   2.3671E-05   2.4072E-05   0.98334
FLUX  641   917.00        3.269275E+14   2.3342E-05   2.4013E-05   0.97207
FLUX  642   919.00        3.262160E+14   2.2672E-05   2.3954E-05   0.94646
FLUX  643   921.00        3.255076E+14   2.0964E-05   2.3896E-05   0.87729
FLUX  644   923.00        3.248023E+14   1.6543E-05   2.3838E-05   0.69398
FLUX  645   925.00        3.241000E+14   2.0325E-05   2.3779E-05   0.85474
FLUX  646   927.00        3.234008E+14   2.1901E-05   2.3722E-05   0.92324
FLUX  647   929.00        3.227045E+14   2.3029E-05   2.3664E-05   0.97318
FLUX  648   931.00        3.220113E+14   2.3260E-05   2.3606E-05   0.98531
FLUX  649   933.00        3.213210E+14   2.3268E-05   2.3549E-05   0.98804
FLUX  650   935.00        3.206337E+14   2.3297E-05   2.3492E-05   0.99169
FLUX  651   937.00        3.199493E+14   2.3296E-05   2.3435E-05   0.99404
FLUX  652   939.00        3.192678E+14   2.3078E-05   2.3379E-05   0.98714
FLUX  653   941.00        3.185893E+14   2.2434E-05   2.3322E-05   0.96192
FLUX  654   943.00        3.179136E+14   2.2918E-05   2.3266E-05   0.98503
FLUX  655   945.00        3.172407E+14   2.2854E-05   2.3210E-05   0.98469
FLUX  656   947.00        3.165707E+14   2.2770E-05   2.3154E-05   0.98344
FLUX  657   949.00        3.159036E+14   2.2490E-05   2.3098E-05   0.97367
FLUX  658   951.00        3.152392E+14   2.1782E-05   2.3043E-05   0.94529
FLUX  659   953.00        3.145776E+14   1.9922E-05   2.2987E-05   0.86667
FLUX  660   955.00        3.139188E+14   1.6122E-05   2.2932E-05   0.70301
FLUX  661   957.00        3.132628E+14   2.0238E-05   2.2877E-05   0.88463
FLUX  662   959.00        3.126095E+14   2.1740E-05   2.2822E-05   0.95259
FLUX  663   961.00        3.119589E+14   2.2051E-05   2.2767E-05   0.96854
FLUX  664   963.00        3.113110E+14   2.1985E-05   2.2713E-05   0.96796
FLUX  665   965.00        3.106658E+14   2.2330E-05   2.2658E-05   0.98553
FLUX  666   967.00        3.100233E+14   2.2123E-05   2.2604E-05   0.97872
FLUX  667   969.00        3.093834E+14   2.2209E-05   2.2550E-05   0.98485
FLUX  668   971.00        3.087461E+14   2.2407E-05   2.2496E-05   0.99601
FLUX  669   973.00        3.081115E+14   2.2328E-05   2.2443E-05   0.99488
FLUX  670   975.00        3.074795E+14   2.2194E-05   2.2389E-05   0.99129
FLUX  671   977.00        3.068501E+14   2.2274E-05   2.2336E-05   0.99723
FLUX  672   979.00        3.062232E+14   2.2221E-05   2.2283E-05   0.99721
FLUX  673   981.00        3.055989E+14   2.2154E-05   2.2230E-05   0.99660
FLUX  674   983.00        3.049771E+14   2.2059E-05   2.2177E-05   0.99467
FLUX  675   985.00        3.043579E+14   2.1883E-05   2.2124E-05   0.98911
FLUX  676   987.00        3.037411E+14   2.1827E-05   2.2072E-05   0.98890
FLUX  677   989.00        3.031269E+14   2.1674E-05   2.2020E-05   0.98429
FLUX  678   991.00        3.025151E+14   2.1686E-05   2.1968E-05   0.98716
FLUX  679   993.00        3.019058E+14   2.1646E-05   2.1916E-05   0.98767
FLUX  680   995.00        3.012990E+14   2.1570E-05   2.1864E-05   0.98656
FLUX  681   997.00        3.006946E+14   2.1492E-05   2.1812E-05   0.98532
FLUX  682   999.00        3.000926E+14   2.1226E-05   2.1761E-05   0.97540
FLUX  683  1002.50        2.990449E+14   1.9234E-05   2.1672E-05   0.88754
FLUX  684  1007.50        2.975608E+14   1.8429E-05   2.1545E-05   0.85541
FLUX  685  1012.50        2.960914E+14   2.0812E-05   2.1419E-05   0.97166
FLUX  686  1017.50        2.946364E+14   2.1070E-05   2.1294E-05   0.98947
FLUX  687  1022.50        2.931956E+14   2.1093E-05   2.1170E-05   0.99638
FLUX  688  1027.50        2.917689E+14   2.1015E-05   2.1047E-05   0.99846
FLUX  689  1032.50        2.903559E+14   2.0845E-05   2.0925E-05   0.99617
FLUX  690  1037.50        2.889566E+14   2.0741E-05   2.0804E-05   0.99697
FLUX  691  1042.50        2.875707E+14   2.0612E-05   2.0684E-05   0.99654
FLUX  692  1047.50        2.861981E+14   2.0292E-05   2.0565E-05   0.98671
FLUX  693  1052.50        2.848385E+14   2.0249E-05   2.0447E-05   0.99034
FLUX  694  1057.50        2.834917E+14   2.0201E-05   2.0330E-05   0.99367
FLUX  695  1062.50        2.821576E+14   2.0082E-05   2.0213E-05   0.99351
FLUX  696  1067.50        2.808361E+14   1.9603E-05   2.0098E-05   0.97540
FLUX  697  1072.50        2.795268E+14   1.9717E-05   1.9983E-05   0.98670
FLUX  698  1077.50        2.782297E+14   1.9607E-05   1.9870E-05   0.98677
FLUX  699  1082.50        2.769446E+14   1.9433E-05   1.9757E-05   0.98358
FLUX  700  1087.50        2.756713E+14   1.8994E-05   1.9645E-05   0.96683
FLUX  701  1092.50        2.744096E+14   1.6078E-05   1.9534E-05   0.82305
FLUX  702  1097.50        2.731595E+14   1.7727E-05   1.9424E-05   0.91261
FLUX  703  1102.50        2.719206E+14   1.8979E-05   1.9315E-05   0.98262
FLUX  704  1107.50        2.706930E+14   1.9083E-05   1.9207E-05   0.99353
FLUX  705  1112.50        2.694764E+14   1.8983E-05   1.9099E-05   0.99389
FLUX  706  1117.50        2.682707E+14   1.8913E-05   1.8993E-05   0.99581
FLUX  707  1122.50        2.670757E+14   1.8846E-05   1.8887E-05   0.99784
FLUX  708  1127.50        2.658914E+14   1.8390E-05   1.8782E-05   0.97914
FLUX  709  1132.50        2.647174E+14   1.8318E-05   1.8677E-05   0.98077
FLUX  710  1137.50        2.635538E+14   1.8434E-05   1.8574E-05   0.99245
FLUX  711  1142.50        2.624004E+14   1.8240E-05   1.8471E-05   0.98747
FLUX  712  1147.50        2.612571E+14   1.8328E-05   1.8370E-05   0.99772
FLUX  713  1152.50        2.601236E+14   1.8244E-05   1.8269E-05   0.99866
FLUX  714  1157.50        2.590000E+14   1.8115E-05   1.8169E-05   0.99705
FLUX  715  1162.50        2.578860E+14   1.7812E-05   1.8069E-05   0.98575
FLUX  716  1167.50        2.567816E+14   1.7613E-05   1.7970E-05   0.98013
FLUX  717  1172.50        2.556866E+14   1.7839E-05   1.7872E-05   0.99816
FLUX  718  1177.50        2.546008E+14   1.7391E-05   1.7774E-05   0.97843
FLUX  719  1182.50        2.535243E+14   1.7458E-05   1.7678E-05   0.98761
FLUX  720  1187.50        2.524568E+14   1.7261E-05   1.7581E-05   0.98178
FLUX  721  1192.50        2.513983E+14   1.7479E-05   1.7486E-05   0.99959
FLUX  722  1197.50        2.503486E+14   1.7184E-05   1.7391E-05   0.98807
FLUX  723  1202.50        2.493077E+14   1.7215E-05   1.7297E-05   0.99527
FLUX  724  1207.50        2.482754E+14   1.7059E-05   1.7203E-05   0.99160
FLUX  725  1212.50        2.472515E+14   1.6996E-05   1.7110E-05   0.99335
FLUX  726  1217.50        2.462361E+14   1.6970E-05   1.7018E-05   0.99717
FLUX  727  1222.50        2.452290E+14   1.6848E-05   1.6926E-05   0.99537
FLUX  728  1227.50        2.442301E+14   1.6734E-05   1.6835E-05   0.99400
FLUX  729  1232.50        2.432394E+14   1.6652E-05   1.6745E-05   0.99445
FLUX  730  1237.50        2.422566E+14   1.6593E-05   1.6656E-05   0.99621
FLUX  731  1242.50        2.412817E+14   1.6546E-05   1.6567E-05   0.99871
FLUX  732  1247.50        2.403146E+14   1.6406E-05   1.6479E-05   0.99556
FLUX  733  1252.50        2.393553E+14   1.6319E-05   1.6391E-05   0.99555
FLUX  734  1257.50        2.384036E+14   1.6118E-05   1.6305E-05   0.98854
FLUX  735  1262.50        2.374594E+14   1.6077E-05   1.6218E-05   0.99127
FLUX  736  1267.50        2.365227E+14   1.6015E-05   1.6133E-05   0.99268
FLUX  737  1272.50        2.355933E+14   1.5830E-05   1.6048E-05   0.98643
FLUX  738  1277.50        2.346712E+14   1.5146E-05   1.5963E-05   0.94880
FLUX  739  1282.50        2.337563E+14   1.2951E-05   1.5879E-05   0.81556
FLUX  740  1287.50        2.328485E+14   1.5147E-05   1.5796E-05   0.95893
FLUX  741  1292.50        2.319478E+14   1.5513E-05   1.5713E-05   0.98724
FLUX  742  1297.50        2.310539E+14   1.5534E-05   1.5631E-05   0.99374
FLUX  743  1302.50        2.301670E+14   1.5496E-05   1.5550E-05   0.99653
FLUX  744  1307.50        2.292868E+14   1.5452E-05   1.5469E-05   0.99896
FLUX  745  1312.50        2.284133E+14   1.5347E-05   1.5388E-05   0.99736
FLUX  746  1317.50        2.275465E+14   1.5211E-05   1.5308E-05   0.99366
FLUX  747  1322.50        2.266862E+14   1.5211E-05   1.5229E-05   0.99888
FLUX  748  1327.50        2.258324E+14   1.5128E-05   1.5150E-05   0.99858
FLUX  749  1332.50        2.249850E+14   1.5059E-05   1.5071E-05   0.99918
FLUX  750  1337.50        2.241439E+14   1.4973E-05   1.4993E-05   0.99866
FLUX  751  1342.50        2.233091E+14   1.4896E-05   1.4916E-05   0.99867
FLUX  752  1347.50        2.224805E+14   1.4816E-05   1.4839E-05   0.99846
FLUX  753  1352.50        2.216580E+14   1.4701E-05   1.4763E-05   0.99580
FLUX  754  1357.50        2.208416E+14   1.4611E-05   1.4687E-05   0.99480
FLUX  755  1362.50        2.200312E+14   1.4583E-05   1.4612E-05   0.99805
FLUX  756  1367.50        2.192267E+14   1.4486E-05   1.4537E-05   0.99648
FLUX  757  1372.50        2.184281E+14   1.4291E-05   1.4463E-05   0.98815
FLUX  758  1377.50        2.176352E+14   1.4322E-05   1.4389E-05   0.99533
FLUX  759  1382.50        2.168481E+14   1.4260E-05   1.4316E-05   0.99607
FLUX  760  1387.50        2.160667E+14   1.4236E-05   1.4243E-05   0.99951
FLUX  761  1392.50        2.152908E+14   1.4097E-05   1.4171E-05   0.99477
FLUX  762  1397.50        2.145206E+14   1.4065E-05   1.4099E-05   0.99756
FLUX  763  1402.50        2.137558E+14   1.3998E-05   1.4028E-05   0.99784
FLUX  764  1407.50        2.129964E+14   1.3945E-05   1.3957E-05   0.99909
FLUX  765  1412.50        2.122425E+14   1.3841E-05   1.3887E-05   0.99670
FLUX  766  1417.50        2.114938E+14   1.3794E-05   1.3817E-05   0.99832
FLUX  767  1422.50        2.107504E+14   1.3703E-05   1.3748E-05   0.99676
FLUX  768  1427.50        2.100123E+14   1.3622E-05   1.3679E-05   0.99584
FLUX  769  1432.50        2.092792E+14   1.3577E-05   1.3610E-05   0.99760
FLUX  770  1437.50        2.085513E+14   1.3533E-05   1.3542E-05   0.99937
FLUX  771  1442.50        2.078284E+14   1.3199E-05   1.3474E-05   0.97958
FLUX  772  1447.50        2.071105E+14   1.3375E-05   1.3407E-05   0.99761
FLUX  773  1452.50        2.063976E+14   1.3173E-05   1.3340E-05   0.98751
FLUX  774  1457.00        2.057601E+14   1.3239E-05   1.3280E-05   0.99692
FLUX  775  1462.00        2.050564E+14   1.3446E-05   1.3959E-05   0.96325
FLUX  776  1467.50        2.042879E+14   1.3805E-05   1.3882E-05   0.99441
FLUX  777  1472.50        2.035942E+14   1.3623E-05   1.3813E-05   0.98624
FLUX  778  1477.50        2.029052E+14   1.3384E-05   1.3744E-05   0.97385
FLUX  779  1482.50        2.022209E+14   1.3260E-05   1.3675E-05   0.96967
FLUX  780  1487.50        2.015412E+14   1.3021E-05   1.3607E-05   0.95696
FLUX  781  1492.50        2.008660E+14   1.3006E-05   1.3539E-05   0.96066
FLUX  782  1497.50        2.001953E+14   1.2798E-05   1.3471E-05   0.95001
FLUX  783  1502.50        1.995291E+14   1.2645E-05   1.3404E-05   0.94335
FLUX  784  1507.50        1.988673E+14   1.2486E-05   1.3338E-05   0.93616
FLUX  785  1512.50        1.982099E+14   1.2445E-05   1.3271E-05   0.93778
FLUX  786  1517.50        1.975568E+14   1.2334E-05   1.3205E-05   0.93400
FLUX  787  1522.50        1.969080E+14   1.2253E-05   1.3140E-05   0.93252
FLUX  788  1527.50        1.962635E+14   1.2152E-05   1.3074E-05   0.92948
FLUX  789  1532.50        1.956232E+14   1.2036E-05   1.3009E-05   0.92518
FLUX  790  1537.50        1.949870E+14   1.2072E-05   1.2945E-05   0.93255
FLUX  791  1542.50        1.943549E+14   1.1794E-05   1.2881E-05   0.91564
FLUX  792  1547.50        1.937270E+14   1.1946E-05   1.2817E-05   0.93208
FLUX  793  1552.50        1.931031E+14   1.1870E-05   1.2753E-05   0.93074
FLUX  794  1557.50        1.924831E+14   1.1526E-05   1.2690E-05   0.90826
FLUX  795  1562.50        1.918672E+14   1.2034E-05   1.2628E-05   0.95301
FLUX  796  1567.50        1.912552E+14   1.1551E-05   1.2565E-05   0.91928
FLUX  797  1572.50        1.906471E+14   1.1292E-05   1.2503E-05   0.90314
FLUX  798  1577.50        1.900428E+14   1.1875E-05   1.2441E-05   0.95452
FLUX  799  1582.50        1.894423E+14   1.1798E-05   1.2379E-05   0.95302
FLUX  800  1587.50        1.888457E+14   1.0730E-05   1.2318E-05   0.87109
FLUX  801  1592.50        1.882527E+14   1.1479E-05   1.2257E-05   0.93654
FLUX  802  1597.50        1.876635E+14   1.1918E-05   1.2196E-05   0.97718
FLUX  803  1605.00        1.867866E+14   1.1487E-05   1.2106E-05   0.94891
FLUX  804  1615.00        1.856300E+14   1.0894E-05   1.1986E-05   0.90894
FLUX  805  1625.00        1.844877E+14   1.1660E-05   1.1866E-05   0.98256
FLUX  806  1635.00        1.833593E+14   1.1096E-05   1.1748E-05   0.94456
FLUX  807  1645.00        1.822447E+14   1.0497E-05   1.1629E-05   0.90265
FLUX  808  1655.00        1.811435E+14   1.1354E-05   1.1511E-05   0.98636
FLUX  809  1665.00        1.800556E+14   1.1271E-05   1.1395E-05   0.98913
FLUX  810  1675.00        1.789806E+14   1.0646E-05   1.1280E-05   0.94381
FLUX  811  1685.00        1.779184E+14   1.0037E-05   1.1167E-05   0.89876
FLUX  812  1695.00        1.768687E+14   1.0930E-05   1.1056E-05   0.98863
FLUX  813  1705.00        1.758314E+14   1.0845E-05   1.0946E-05   0.99074
FLUX  814  1715.00        1.748061E+14   1.0777E-05   1.0838E-05   0.99432
FLUX  815  1725.00        1.737928E+14   1.0493E-05   1.0732E-05   0.97771
FLUX  816  1735.00        1.727911E+14   9.2938E-06   1.0627E-05   0.87455
FLUX  817  1745.00        1.718009E+14   1.0123E-05   1.0523E-05   0.96197
FLUX  818  1755.00        1.708219E+14   1.0296E-05   1.0422E-05   0.98794
FLUX  819  1765.00        1.698541E+14   1.0224E-05   1.0321E-05   0.99057
FLUX  820  1775.00        1.688972E+14   1.0164E-05   1.0223E-05   0.99426
FLUX  821  1785.00        1.679510E+14   1.0056E-05   1.0125E-05   0.99318
FLUX  822  1795.00        1.670153E+14   9.9824E-06   1.0029E-05   0.99532
FLUX  823  1805.00        1.660900E+14   9.7581E-06   9.9347E-06   0.98223
FLUX  824  1815.00        1.651749E+14   8.7340E-06   9.8414E-06   0.88747
FLUX  825  1825.00        1.642699E+14   9.3151E-06   9.7494E-06   0.95545
FLUX  826  1835.00        1.633747E+14   9.5741E-06   9.6587E-06   0.99124
FLUX  827  1845.00        1.624892E+14   9.5086E-06   9.5693E-06   0.99366
FLUX  828  1855.00        1.616132E+14   9.3898E-06   9.4811E-06   0.99037
FLUX  829  1865.00        1.607466E+14   9.2080E-06   9.3941E-06   0.98019
FLUX  830  1875.00        1.598893E+14   8.1790E-06   9.3083E-06   0.87868
FLUX  831  1885.00        1.590411E+14   8.9855E-06   9.2237E-06   0.97418
FLUX  832  1895.00        1.582018E+14   9.0184E-06   9.1402E-06   0.98668
FLUX  833  1905.00        1.573714E+14   9.0301E-06   9.0579E-06   0.99693
FLUX  834  1915.00        1.565496E+14   8.9436E-06   8.9767E-06   0.99631
FLUX  835  1925.00        1.557364E+14   8.8395E-06   8.8966E-06   0.99359
FLUX  836  1935.00        1.549315E+14   8.6256E-06   8.8175E-06   0.97823
FLUX  837  1945.00        1.541350E+14   7.6849E-06   8.7395E-06   0.87933
FLUX  838  1955.00        1.533465E+14   8.4808E-06   8.6625E-06   0.97902
FLUX  839  1965.00        1.525662E+14   8.5395E-06   8.5865E-06   0.99452
FLUX  840  1975.00        1.517937E+14   8.4724E-06   8.5116E-06   0.99540
FLUX  841  1985.00        1.510290E+14   8.4248E-06   8.4376E-06   0.99848
FLUX  842  1995.00        1.502719E+14   8.3529E-06   8.3645E-06   0.99861
FLUX  843  2005.00        1.495224E+14   8.2849E-06   8.2924E-06   0.99910
FLUX  844  2015.00        1.487804E+14   8.2183E-06   8.2212E-06   0.99964
FLUX  845  2025.00        1.480457E+14   8.1389E-06   8.1509E-06   0.99853
FLUX  846  2035.00        1.473182E+14   8.0614E-06   8.0816E-06   0.99751
FLUX  847  2045.00        1.465978E+14   8.0108E-06   8.0131E-06   0.99972
FLUX  848  2055.00        1.458844E+14   7.9405E-06   7.9455E-06   0.99938
FLUX  849  2065.00        1.451780E+14   7.8596E-06   7.8787E-06   0.99758
FLUX  850  2075.00        1.444783E+14   7.7994E-06   7.8128E-06   0.99829
FLUX  851  2085.00        1.437854E+14   7.7383E-06   7.7477E-06   0.99879
FLUX  852  2095.00        1.430990E+14   7.6708E-06   7.6834E-06   0.99837
FLUX  853  2105.00        1.424192E+14   7.6081E-06   7.6199E-06   0.99844
FLUX  854  2115.00        1.417459E+14   7.5259E-06   7.5572E-06   0.99586
FLUX  855  2125.00        1.410788E+14   7.4652E-06   7.4953E-06   0.99599
FLUX  856  2135.00        1.404180E+14   7.4025E-06   7.4341E-06   0.99575
FLUX  857  2145.00        1.397634E+14   7.3396E-06   7.3737E-06   0.99538
FLUX  858  2155.00        1.391148E+14   7.1913E-06   7.3140E-06   0.98323
FLUX  859  2165.00        1.384723E+14   6.4438E-06   7.2550E-06   0.88819
FLUX  860  2175.00        1.378356E+14   7.0076E-06   7.1967E-06   0.97372
FLUX  861  2185.00        1.372048E+14   7.0924E-06   7.1392E-06   0.99344
FLUX  862  2195.00        1.365797E+14   7.0754E-06   7.0823E-06   0.99902
FLUX  863  2205.00        1.359603E+14   7.0082E-06   7.0262E-06   0.99745
FLUX  864  2215.00        1.353465E+14   6.9473E-06   6.9706E-06   0.99666
FLUX  865  2225.00        1.347382E+14   6.9136E-06   6.9158E-06   0.99968
FLUX  866  2235.00        1.341353E+14   6.8588E-06   6.8616E-06   0.99960
FLUX  867  2245.00        1.335379E+14   6.8053E-06   6.8080E-06   0.99960
FLUX  868  2255.00        1.329457E+14   6.7346E-06   6.7551E-06   0.99697
FLUX  869  2265.00        1.323587E+14   6.6960E-06   6.7028E-06   0.99900
FLUX  870  2275.00        1.317769E+14   6.6464E-06   6.6511E-06   0.99931
FLUX  871  2285.00        1.312002E+14   6.6201E-06   6.7272E-06   0.98407
FLUX  872  2295.00        1.306285E+14   6.6619E-06   6.6753E-06   0.99800
FLUX  873  2305.00        1.300618E+14   6.6153E-06   6.6239E-06   0.99871
FLUX  874  2315.00        1.295000E+14   6.5416E-06   6.5731E-06   0.99520
FLUX  875  2325.00        1.289430E+14   6.4801E-06   6.5230E-06   0.99344
FLUX  876  2335.00        1.283908E+14   6.4108E-06   6.4734E-06   0.99034
FLUX  877  2345.00        1.278433E+14   6.3496E-06   6.4243E-06   0.98838
FLUX  878  2355.00        1.273004E+14   6.2882E-06   6.3758E-06   0.98625
FLUX  879  2365.00        1.267622E+14   6.2319E-06   6.3279E-06   0.98484
FLUX  880  2375.00        1.262284E+14   6.1669E-06   6.2805E-06   0.98192
FLUX  881  2385.00        1.256992E+14   6.1110E-06   6.2336E-06   0.98033
FLUX  882  2395.00        1.251743E+14   6.0568E-06   6.1873E-06   0.97892
FLUX  883  2405.00        1.246538E+14   6.0042E-06   6.1415E-06   0.97766
FLUX  884  2415.00        1.241377E+14   5.9483E-06   6.0962E-06   0.97574
FLUX  885  2425.00        1.236258E+14   5.9037E-06   6.0513E-06   0.97561
FLUX  886  2435.00        1.231181E+14   5.8588E-06   6.0070E-06   0.97533
FLUX  887  2445.00        1.226145E+14   5.8008E-06   5.9632E-06   0.97277
FLUX  888  2455.00        1.221151E+14   5.7759E-06   5.9199E-06   0.97567
FLUX  889  2465.00        1.216197E+14   5.7129E-06   5.8770E-06   0.97208
FLUX  890  2475.00        1.211283E+14   5.6817E-06   5.8346E-06   0.97380
FLUX  891  2485.00        1.206408E+14   5.6677E-06   5.7926E-06   0.97844
FLUX  892  2495.00        1.201573E+14   5.5366E-06   5.7511E-06   0.96271
FLUX  893  2505.00        1.196776E+14   5.6790E-06   5.7101E-06   0.99457
FLUX  894  2515.00        1.192018E+14   5.5838E-06   5.6694E-06   0.98489
FLUX  895  2525.00        1.187297E+14   5.3861E-06   5.6292E-06   0.95681
FLUX  896  2535.00        1.182613E+14   5.4767E-06   5.5894E-06   0.97982
FLUX  897  2545.00        1.177967E+14   5.4880E-06   5.5501E-06   0.98881
FLUX  898  2555.00        1.173356E+14   5.3869E-06   5.5111E-06   0.97746
FLUX  899  2565.00        1.168782E+14   5.1754E-06   5.4726E-06   0.94570
FLUX  900  2575.00        1.164243E+14   5.3353E-06   5.4345E-06   0.98174
FLUX  901  2585.00        1.159739E+14   5.3368E-06   5.3968E-06   0.98889
FLUX  902  2595.00        1.155270E+14   5.3036E-06   5.3594E-06   0.98958
FLUX  903  2605.00        1.150835E+14   5.1568E-06   5.3225E-06   0.96888
FLUX  904  2615.00        1.146434E+14   4.9249E-06   5.2859E-06   0.93171
FLUX  905  2625.00        1.142067E+14   4.6597E-06   5.2497E-06   0.88761
FLUX  906  2635.00        1.137732E+14   5.0524E-06   5.2139E-06   0.96903
FLUX  907  2645.00        1.133431E+14   5.1252E-06   5.1784E-06   0.98972
FLUX  908  2655.00        1.129162E+14   5.0933E-06   5.1433E-06   0.99028
FLUX  909  2665.00        1.124925E+14   4.9901E-06   5.1086E-06   0.97680
FLUX  910  2675.00        1.120720E+14   4.6938E-06   5.0742E-06   0.92503
FLUX  911  2685.00        1.116546E+14   4.9329E-06   5.0401E-06   0.97873
FLUX  912  2695.00        1.112403E+14   4.9770E-06   5.0065E-06   0.99412
FLUX  913  2705.00        1.108290E+14   4.9559E-06   4.9731E-06   0.99655
FLUX  914  2715.00        1.104208E+14   4.9351E-06   4.9401E-06   0.99899
FLUX  915  2725.00        1.100156E+14   4.8963E-06   4.9074E-06   0.99775
FLUX  916  2735.00        1.096133E+14   4.8524E-06   4.8750E-06   0.99537
FLUX  917  2745.00        1.092140E+14   4.7804E-06   4.8429E-06   0.98709
FLUX  918  2755.00        1.088176E+14   4.4539E-06   4.8112E-06   0.92575
FLUX  919  2765.00        1.084241E+14   4.5884E-06   4.7797E-06   0.95997
FLUX  920  2775.00        1.080333E+14   4.7102E-06   4.7486E-06   0.99191
FLUX  921  2785.00        1.076454E+14   4.7044E-06   4.7178E-06   0.99717
FLUX  922  2795.00        1.072603E+14   4.6861E-06   4.6873E-06   0.99975
FLUX  923  2805.00        1.068779E+14   4.6557E-06   4.6570E-06   0.99972
FLUX  924  2815.00        1.064982E+14   4.6254E-06   4.6271E-06   0.99964
FLUX  925  2825.00        1.061212E+14   4.5956E-06   4.5975E-06   0.99960
FLUX  926  2835.00        1.057469E+14   4.5671E-06   4.5681E-06   0.99979
FLUX  927  2845.00        1.053752E+14   4.5210E-06   4.5390E-06   0.99602
FLUX  928  2855.00        1.050061E+14   4.4783E-06   4.5102E-06   0.99293
FLUX  929  2865.00        1.046396E+14   4.3379E-06   4.4817E-06   0.96791
FLUX  930  2875.00        1.042757E+14   4.0651E-06   4.4534E-06   0.91280
FLUX  931  2885.00        1.039142E+14   4.3548E-06   4.4254E-06   0.98403
FLUX  932  2895.00        1.035553E+14   4.3746E-06   4.3977E-06   0.99473
FLUX  933  2905.00        1.031988E+14   4.3669E-06   4.3703E-06   0.99922
FLUX  934  2915.00        1.028448E+14   4.3323E-06   4.3430E-06   0.99753
FLUX  935  2925.00        1.024932E+14   4.3134E-06   4.3161E-06   0.99938
FLUX  936  2935.00        1.021440E+14   4.2883E-06   4.2894E-06   0.99976
FLUX  937  2945.00        1.017971E+14   4.2615E-06   4.2629E-06   0.99967
FLUX  938  2955.00        1.014526E+14   4.2359E-06   4.2367E-06   0.99981
FLUX  939  2965.00        1.011105E+14   4.2102E-06   4.2107E-06   0.99987
FLUX  940  2975.00        1.007706E+14   4.1839E-06   4.1850E-06   0.99973
FLUX  941  2985.00        1.004330E+14   4.1590E-06   4.1595E-06   0.99988
FLUX  942  2995.00        1.000977E+14   4.1313E-06   4.1342E-06   0.99929
FLUX  943  3005.00        9.976456E+13   4.1047E-06   4.1093E-06   0.99889
FLUX  944  3015.00        9.943367E+13   4.0667E-06   4.0845E-06   0.99563
FLUX  945  3025.00        9.910496E+13   4.0119E-06   4.0600E-06   0.98816
FLUX  946  3035.00        9.877842E+13   3.7357E-06   4.0356E-06   0.92571
FLUX  947  3045.00        9.845402E+13   3.8059E-06   4.0114E-06   0.94876
FLUX  948  3055.00        9.813175E+13   3.9498E-06   3.9874E-06   0.99058
FLUX  949  3065.00        9.781158E+13   3.9499E-06   3.9636E-06   0.99654
FLUX  950  3075.00        9.749350E+13   3.9371E-06   3.9401E-06   0.99926
FLUX  951  3085.00        9.717747E+13   3.9077E-06   3.9167E-06   0.99771
FLUX  952  3095.00        9.686349E+13   3.8891E-06   3.8936E-06   0.99885
FLUX  953  3105.00        9.655153E+13   3.8654E-06   3.8706E-06   0.99864
FLUX  954  3115.00        9.624157E+13   3.8356E-06   3.8479E-06   0.99680
FLUX  955  3125.00        9.593360E+13   3.8179E-06   3.8254E-06   0.99804
FLUX  956  3135.00        9.562759E+13   3.7979E-06   3.8030E-06   0.99864
FLUX  957  3145.00        9.532353E+13   3.7738E-06   3.7809E-06   0.99813
FLUX  958  3155.00        9.502139E+13   3.7554E-06   3.7589E-06   0.99906
FLUX  959  3165.00        9.472117E+13   3.7363E-06   3.7371E-06   0.99977
FLUX  960  3175.00        9.442283E+13   3.7103E-06   3.7156E-06   0.99858
FLUX  961  3185.00        9.412637E+13   3.6935E-06   3.6942E-06   0.99982
FLUX  962  3195.00        9.383177E+13   3.6718E-06   3.6729E-06   0.99968
FLUX  963  3210.00        9.339330E+13   3.6394E-06   3.6415E-06   0.99944
FLUX  964  3230.00        9.281502E+13   3.5996E-06   3.6001E-06   0.99985
FLUX  965  3250.00        9.224385E+13   3.5584E-06   3.5595E-06   0.99968
FLUX  966  3270.00        9.167966E+13   3.5058E-06   3.5195E-06   0.99609
FLUX  967  3290.00        9.112234E+13   3.2713E-06   3.5067E-06   0.93288
FLUX  968  3310.00        9.057175E+13   3.3856E-06   3.4676E-06   0.97637
FLUX  969  3330.00        9.002778E+13   3.4144E-06   3.4291E-06   0.99570
FLUX  970  3350.00        8.949030E+13   3.3817E-06   3.3913E-06   0.99718
FLUX  971  3370.00        8.895920E+13   3.3343E-06   3.3541E-06   0.99408
FLUX  972  3390.00        8.843437E+13   3.2960E-06   3.3175E-06   0.99351
FLUX  973  3410.00        8.791569E+13   3.2589E-06   3.2815E-06   0.99310
FLUX  974  3430.00        8.740306E+13   3.2240E-06   3.2462E-06   0.99317
FLUX  975  3450.00        8.689638E+13   3.1906E-06   3.2113E-06   0.99355
FLUX  976  3470.00        8.639553E+13   3.1537E-06   3.1771E-06   0.99266
FLUX  977  3490.00        8.590043E+13   3.1170E-06   3.1434E-06   0.99160
FLUX  978  3510.00        8.541097E+13   3.0834E-06   3.1102E-06   0.99140
FLUX  979  3530.00        8.492705E+13   3.0488E-06   3.0775E-06   0.99065
FLUX  980  3550.00        8.444859E+13   3.0163E-06   3.0454E-06   0.99043
FLUX  981  3570.00        8.397549E+13   2.9805E-06   3.0137E-06   0.98896
FLUX  982  3590.00        8.350766E+13   2.9533E-06   2.9826E-06   0.99016
FLUX  983  3610.00        8.304501E+13   2.9174E-06   2.9519E-06   0.98832
FLUX  984  3630.00        8.258747E+13   2.8946E-06   2.9217E-06   0.99071
FLUX  985  3650.00        8.213493E+13   2.8542E-06   2.8920E-06   0.98694
FLUX  986  3670.00        8.168733E+13   2.8393E-06   2.8627E-06   0.99184
FLUX  987  3690.00        8.124458E+13   2.7832E-06   2.8338E-06   0.98211
FLUX  988  3710.00        8.080660E+13   2.7744E-06   2.8054E-06   0.98893
FLUX  989  3730.00        8.037332E+13   2.6727E-06   2.7774E-06   0.96230
FLUX  990  3750.00        7.994467E+13   2.6019E-06   2.7499E-06   0.94621
FLUX  991  3770.00        7.952056E+13   2.6964E-06   2.7227E-06   0.99034
FLUX  992  3790.00        7.910092E+13   2.6801E-06   2.6959E-06   0.99414
FLUX  993  3810.00        7.868570E+13   2.6225E-06   2.6696E-06   0.98236
FLUX  994  3830.00        7.827480E+13   2.6042E-06   2.6436E-06   0.98509
FLUX  995  3850.00        7.786818E+13   2.6087E-06   2.6180E-06   0.99644
FLUX  996  3870.00        7.746576E+13   2.5817E-06   2.5927E-06   0.99574
FLUX  997  3890.00        7.706748E+13   2.5424E-06   2.5679E-06   0.99009
FLUX  998  3910.00        7.667327E+13   2.4735E-06   2.5434E-06   0.97255
FLUX  999  3930.00        7.628308E+13   2.5057E-06   2.5192E-06   0.99463
FLUX 1000  3950.00        7.589684E+13   2.4921E-06   2.4954E-06   0.99869
FLUX 1001  3970.00        7.551448E+13   2.4706E-06   2.4719E-06   0.99948
FLUX 1002  3990.00        7.513596E+13   2.4421E-06   2.4487E-06   0.99731
FLUX 1003  4010.00        7.476122E+13   2.3746E-06   2.4259E-06   0.97885
FLUX 1004  4030.00        7.439020E+13   2.3393E-06   2.4034E-06   0.97333
FLUX 1005  4050.00        7.402284E+13   2.2534E-06   2.3812E-06   0.94633
FLUX 1006  4070.00        7.365909E+13   2.3403E-06   2.3593E-06   0.99197
FLUX 1007  4090.00        7.329890E+13   2.3320E-06   2.3377E-06   0.99759
FLUX 1008  4110.00        7.294221E+13   2.3156E-06   2.3164E-06   0.99965
FLUX 1009  4130.00        7.258898E+13   2.2928E-06   2.2954E-06   0.99889
FLUX 1010  4150.00        7.223916E+13   2.2573E-06   2.2747E-06   0.99238
FLUX 1011  4170.00        7.189269E+13   2.1635E-06   2.2542E-06   0.95976
FLUX 1012  4190.00        7.154952E+13   2.2144E-06   2.2340E-06   0.99121
FLUX 1013  4210.00        7.120962E+13   2.2082E-06   2.2141E-06   0.99732
FLUX 1014  4230.00        7.087293E+13   2.1943E-06   2.1945E-06   0.99989
FLUX 1015  4250.00        7.053941E+13   2.1744E-06   2.1751E-06   0.99968
FLUX 1016  4270.00        7.020902E+13   2.1558E-06   2.1560E-06   0.99992
FLUX 1017  4290.00        6.988170E+13   2.1370E-06   2.1371E-06   0.99993
FLUX 1018  4310.00        6.955742E+13   2.1182E-06   2.1185E-06   0.99985
FLUX 1019  4330.00        6.923614E+13   2.0989E-06   2.1001E-06   0.99943
FLUX 1020  4350.00        6.891782E+13   2.0729E-06   2.0820E-06   0.99565
FLUX 1021  4370.00        6.860240E+13   1.9807E-06   2.0640E-06   0.95962
FLUX 1022  4390.00        6.828986E+13   2.0118E-06   2.0464E-06   0.98309
FLUX 1023  4410.00        6.798016E+13   2.0239E-06   2.0289E-06   0.99752
FLUX 1024  4430.00        6.767325E+13   2.0108E-06   2.0117E-06   0.99958
FLUX 1025  4450.00        6.736910E+13   1.9937E-06   1.9947E-06   0.99952
FLUX 1026  4470.00        6.706767E+13   1.9842E-06   1.9846E-06   0.99979
FLUX 1027  4490.00        6.676893E+13   1.9671E-06   1.9679E-06   0.99957
FLUX 1028  4510.00        6.647284E+13   1.9514E-06   1.9515E-06   0.99998
FLUX 1029  4530.00        6.617936E+13   1.9349E-06   1.9352E-06   0.99983
FLUX 1030  4550.00        6.588846E+13   1.9190E-06   1.9192E-06   0.99992
FLUX 1031  4570.00        6.560011E+13   1.9024E-06   1.9033E-06   0.99953
FLUX 1032  4590.00        6.531427E+13   1.8865E-06   1.8876E-06   0.99940
FLUX 1033  4610.00        6.503091E+13   1.8694E-06   1.8722E-06   0.99855
FLUX 1034  4630.00        6.475000E+13   1.8439E-06   1.8569E-06   0.99302
FLUX 1035  4650.00        6.447151E+13   1.7345E-06   1.8418E-06   0.94175
FLUX 1036  4670.00        6.419540E+13   1.7248E-06   1.8269E-06   0.94413
FLUX 1037  4690.00        6.392164E+13   1.7892E-06   1.8122E-06   0.98732
FLUX 1038  4710.00        6.365021E+13   1.7933E-06   1.7976E-06   0.99759
FLUX 1039  4730.00        6.338108E+13   1.7830E-06   1.7832E-06   0.99988
FLUX 1040  4750.00        6.311421E+13   1.7679E-06   1.7690E-06   0.99939
FLUX 1041  4770.00        6.284958E+13   1.7544E-06   1.7550E-06   0.99967
FLUX 1042  4790.00        6.258716E+13   1.7411E-06   1.7411E-06   0.99997
FLUX 1043  4810.00        6.232692E+13   1.7273E-06   1.7274E-06   0.99991
FLUX 1044  4830.00        6.206884E+13   1.7137E-06   1.7139E-06   0.99990
FLUX 1045  4850.00        6.181289E+13   1.7003E-06   1.7005E-06   0.99990
FLUX 1046  4870.00        6.155903E+13   1.6871E-06   1.6872E-06   0.99993
FLUX 1047  4890.00        6.130726E+13   1.6740E-06   1.6742E-06   0.99993
FLUX 1048  4910.00        6.105754E+13   1.6606E-06   1.6612E-06   0.99965
FLUX 1049  4930.00        6.080984E+13   1.6483E-06   1.6485E-06   0.99988
FLUX 1050  4950.00        6.056414E+13   1.6356E-06   1.6358E-06   0.99985
FLUX 1051  4970.00        6.032042E+13   1.6231E-06   1.6233E-06   0.99987
FLUX 1052  4990.00        6.007866E+13   1.6106E-06   1.6110E-06   0.99972
FLUX 1053  5010.00        5.983882E+13   1.5985E-06   1.5988E-06   0.99982
FLUX 1054  5030.00        5.960089E+13   1.5863E-06   1.5867E-06   0.99971
FLUX 1055  5050.00        5.936485E+13   1.5746E-06   1.5748E-06   0.99985
FLUX 1056  5070.00        5.913067E+13   1.5629E-06   1.5630E-06   0.99992
FLUX 1057  5090.00        5.889833E+13   1.5492E-06   1.5513E-06   0.99860
FLUX 1058  5110.00        5.866781E+13   1.5234E-06   1.5398E-06   0.98936
FLUX 1059  5130.00        5.843908E+13   1.4452E-06   1.5284E-06   0.94559
FLUX 1060  5150.00        5.821214E+13   1.5055E-06   1.5171E-06   0.99234
FLUX 1061  5170.00        5.798694E+13   1.5049E-06   1.5060E-06   0.99927
FLUX 1062  5190.00        5.776349E+13   1.4948E-06   1.4949E-06   0.99993
FLUX 1063  5210.00        5.754175E+13   1.4837E-06   1.4840E-06   0.99982
FLUX 1064  5230.00        5.732170E+13   1.4731E-06   1.4732E-06   0.99989
FLUX 1065  5250.00        5.710333E+13   1.4625E-06   1.4625E-06   0.99995
FLUX 1066  5270.00        5.688662E+13   1.4519E-06   1.4520E-06   0.99993
FLUX 1067  5290.00        5.667155E+13   1.4415E-06   1.4415E-06   0.99998
FLUX 1068  5310.00        5.645810E+13   1.4311E-06   1.4312E-06   0.99994
FLUX 1069  5330.00        5.624625E+13   1.4209E-06   1.4210E-06   0.99995
FLUX 1070  5350.00        5.603598E+13   1.4108E-06   1.4109E-06   0.99993
FLUX 1071  5370.00        5.582728E+13   1.4004E-06   1.4009E-06   0.99968
FLUX 1072  5390.00        5.562013E+13   1.3908E-06   1.3910E-06   0.99989
FLUX 1073  5410.00        5.541451E+13   1.3811E-06   1.3812E-06   0.99998
FLUX 1074  5430.00        5.521041E+13   1.3711E-06   1.3715E-06   0.99976
FLUX 1075  5450.00        5.500780E+13   1.3616E-06   1.3619E-06   0.99981
FLUX 1076  5470.00        5.480667E+13   1.3517E-06   1.3524E-06   0.99949
FLUX 1077  5490.00        5.460701E+13   1.3428E-06   1.3430E-06   0.99989
FLUX 1078  5510.00        5.440880E+13   1.3336E-06   1.3337E-06   0.99995
FLUX 1079  5530.00        5.421203E+13   1.3243E-06   1.3245E-06   0.99985
FLUX 1080  5550.00        5.401667E+13   1.3153E-06   1.3154E-06   0.99990
FLUX 1081  5570.00        5.382271E+13   1.3059E-06   1.3064E-06   0.99960
FLUX 1082  5590.00        5.363014E+13   1.2964E-06   1.2975E-06   0.99916
FLUX 1083  5610.00        5.343895E+13   1.2883E-06   1.2886E-06   0.99977
FLUX 1084  5630.00        5.324911E+13   1.2797E-06   1.2799E-06   0.99985
FLUX 1085  5650.00        5.306062E+13   1.2712E-06   1.2712E-06   0.99994
FLUX 1086  5670.00        5.287346E+13   1.2625E-06   1.2627E-06   0.99989
FLUX 1087  5690.00        5.268761E+13   1.2541E-06   1.2542E-06   0.99991
FLUX 1088  5710.00        5.250306E+13   1.2458E-06   1.2458E-06   0.99998
FLUX 1089  5730.00        5.231981E+13   1.2374E-06   1.2375E-06   0.99989
FLUX 1090  5750.00        5.213783E+13   1.2293E-06   1.2293E-06   0.99998
FLUX 1091  5770.00        5.195711E+13   1.2210E-06   1.2211E-06   0.99990
FLUX 1092  5790.00        5.177763E+13   1.2128E-06   1.2131E-06   0.99977
FLUX 1093  5810.00        5.159940E+13   1.2050E-06   1.2051E-06   0.99992
FLUX 1094  5830.00        5.142238E+13   1.1972E-06   1.1972E-06   0.99998
FLUX 1095  5850.00        5.124658E+13   1.1913E-06   1.1914E-06   0.99992
FLUX 1096  5870.00        5.107198E+13   1.1815E-06   1.1836E-06   0.99818
FLUX 1097  5890.00        5.089856E+13   1.1617E-06   1.1759E-06   0.98787
FLUX 1098  5910.00        5.072631E+13   1.1036E-06   1.1683E-06   0.94461
FLUX 1099  5930.00        5.055523E+13   1.1515E-06   1.1608E-06   0.99201
FLUX 1100  5950.00        5.038529E+13   1.1508E-06   1.1533E-06   0.99786
FLUX 1101  5970.00        5.021650E+13   1.1458E-06   1.1459E-06   0.99989
FLUX 1102  5990.00        5.004883E+13   1.1384E-06   1.1386E-06   0.99984
FLUX 1103  6010.00        4.988228E+13   1.1310E-06   1.1313E-06   0.99974
FLUX 1104  6030.00        4.971683E+13   1.1241E-06   1.1241E-06   0.99998
FLUX 1105  6050.00        4.955248E+13   1.1170E-06   1.1170E-06   0.99998
FLUX 1106  6070.00        4.938921E+13   1.1098E-06   1.1099E-06   0.99990
FLUX 1107  6090.00        4.922701E+13   1.1027E-06   1.1029E-06   0.99975
FLUX 1108  6110.00        4.906588E+13   1.0953E-06   1.0960E-06   0.99932
FLUX 1109  6130.00        4.890579E+13   1.0891E-06   1.0891E-06   0.99993
FLUX 1110  6150.00        4.874675E+13   1.0822E-06   1.0824E-06   0.99990
FLUX 1111  6170.00        4.858874E+13   1.0756E-06   1.0756E-06   0.99997
FLUX 1112  6190.00        4.843174E+13   1.0688E-06   1.0690E-06   0.99988
FLUX 1113  6210.00        4.827576E+13   1.0623E-06   1.0623E-06   0.99997
FLUX 1114  6230.00        4.812079E+13   1.0553E-06   1.0558E-06   0.99949
FLUX 1115  6250.00        4.796680E+13   1.0491E-06   1.0493E-06   0.99982
FLUX 1116  6270.00        4.781380E+13   1.0425E-06   1.0429E-06   0.99968
FLUX 1117  6290.00        4.766176E+13   1.0364E-06   1.0365E-06   0.99993
FLUX 1118  6310.00        4.751070E+13   1.0298E-06   1.0302E-06   0.99960
FLUX 1119  6330.00        4.736058E+13   1.0237E-06   1.0239E-06   0.99971
FLUX 1120  6350.00        4.721142E+13   1.0175E-06   1.0178E-06   0.99979
FLUX 1121  6370.00        4.706319E+13   1.0115E-06   1.0116E-06   0.99992
FLUX 1122  6390.00        4.691588E+13   1.0054E-06   1.0055E-06   0.99984
FLUX 1123  6420.00        4.669665E+13   9.9647E-07   9.9650E-07   0.99997
FLUX 1124  6460.00        4.640751E+13   9.8452E-07   9.8465E-07   0.99986
FLUX 1125  6500.00        4.612192E+13   9.7284E-07   9.7301E-07   0.99982
FLUX 1126  6540.00        4.583983E+13   9.6156E-07   9.6158E-07   0.99998
FLUX 1127  6580.00        4.556117E+13   9.5026E-07   9.5035E-07   0.99991
FLUX 1128  6620.00        4.528588E+13   9.3913E-07   9.3931E-07   0.99981
FLUX 1129  6660.00        4.501389E+13   9.2834E-07   9.2846E-07   0.99986
FLUX 1130  6700.00        4.474515E+13   9.1772E-07   9.1780E-07   0.99990
FLUX 1131  6740.00        4.447960E+13   9.0720E-07   9.0733E-07   0.99986
FLUX 1132  6780.00        4.421718E+13   8.9695E-07   8.9703E-07   0.99991
FLUX 1133  6820.00        4.395784E+13   8.8682E-07   8.8690E-07   0.99991
FLUX 1134  6860.00        4.370153E+13   8.7680E-07   8.7694E-07   0.99984
FLUX 1135  6900.00        4.344819E+13   8.6677E-07   8.6715E-07   0.99956
FLUX 1136  6940.00        4.319777E+13   8.5717E-07   8.5752E-07   0.99958
FLUX 1137  6980.00        4.295021E+13   8.4774E-07   8.4805E-07   0.99963
FLUX 1138  7020.00        4.270548E+13   8.3846E-07   8.3874E-07   0.99966
FLUX 1139  7060.00        4.246353E+13   8.2927E-07   8.2958E-07   0.99963
FLUX 1140  7100.00        4.222430E+13   8.2051E-07   8.2057E-07   0.99993
FLUX 1141  7140.00        4.198775E+13   8.1150E-07   8.1170E-07   0.99975
FLUX 1142  7180.00        4.175383E+13   8.0278E-07   8.0297E-07   0.99976
FLUX 1143  7220.00        4.152251E+13   7.9375E-07   7.9439E-07   0.99919
FLUX 1144  7260.00        4.129373E+13   7.8566E-07   7.8594E-07   0.99964
FLUX 1145  7300.00        4.106747E+13   7.7754E-07   7.7763E-07   0.99988
FLUX 1146  7340.00        4.084366E+13   7.6926E-07   7.6945E-07   0.99975
FLUX 1147  7380.00        4.062229E+13   7.6126E-07   7.6139E-07   0.99983
FLUX 1148  7420.00        4.040330E+13   7.5142E-07   7.5348E-07   0.99727
FLUX 1149  7460.00        4.018666E+13   7.2160E-07   7.4569E-07   0.96769
FLUX 1150  7500.00        3.997233E+13   7.1257E-07   7.3802E-07   0.96551
FLUX 1151  7540.00        3.976028E+13   7.2800E-07   7.3047E-07   0.99661
FLUX 1152  7580.00        3.955046E+13   7.2286E-07   7.2304E-07   0.99976
FLUX 1153  7620.00        3.934285E+13   7.1564E-07   7.1571E-07   0.99989
FLUX 1154  7660.00        3.913740E+13   7.0843E-07   7.0850E-07   0.99989
FLUX 1155  7700.00        3.893409E+13   7.0133E-07   7.0139E-07   0.99990
FLUX 1156  7740.00        3.873288E+13   6.9438E-07   6.9440E-07   0.99997
FLUX 1157  7780.00        3.853374E+13   6.8749E-07   6.8750E-07   0.99999
FLUX 1158  7820.00        3.833664E+13   6.8070E-07   6.8071E-07   0.99999
FLUX 1159  7860.00        3.814154E+13   6.7401E-07   6.7401E-07   0.99999
FLUX 1160  7900.00        3.794842E+13   6.6741E-07   6.6742E-07   0.99999
FLUX 1161  7940.00        3.775724E+13   6.6090E-07   6.6092E-07   0.99998
FLUX 1162  7980.00        3.756798E+13   6.5449E-07   6.5451E-07   0.99997
FLUX 1163  8020.00        3.738061E+13   6.4814E-07   6.4820E-07   0.99991
FLUX 1164  8060.00        3.719510E+13   6.4192E-07   6.4197E-07   0.99992
FLUX 1165  8100.00        3.701142E+13   6.3583E-07   6.3584E-07   0.99998
FLUX 1166  8140.00        3.682955E+13   6.2971E-07   6.2979E-07   0.99987
FLUX 1167  8180.00        3.664945E+13   6.2376E-07   6.2383E-07   0.99990
FLUX 1168  8220.00        3.647111E+13   6.1794E-07   6.1795E-07   0.99998
FLUX 1169  8260.00        3.629449E+13   6.1214E-07   6.1215E-07   0.99997
FLUX 1170  8300.00        3.611958E+13   6.0640E-07   6.0644E-07   0.99995
FLUX 1171  8340.00        3.594634E+13   6.0057E-07   6.0080E-07   0.99963
FLUX 1172  8380.00        3.577476E+13   5.9493E-07   5.9524E-07   0.99947
FLUX 1173  8420.00        3.560481E+13   5.8958E-07   5.8976E-07   0.99970
FLUX 1174  8460.00        3.543647E+13   5.8431E-07   5.8435E-07   0.99993
FLUX 1175  8500.00        3.526971E+13   5.7901E-07   5.7902E-07   0.99999
FLUX 1176  8540.00        3.510451E+13   5.7371E-07   5.7376E-07   0.99991
FLUX 1177  8580.00        3.494085E+13   5.6852E-07   5.6857E-07   0.99992
FLUX 1178  8620.00        3.477871E+13   5.6338E-07   5.6345E-07   0.99989
FLUX 1179  8660.00        3.461807E+13   5.5839E-07   5.5840E-07   0.99999
FLUX 1180  8700.00        3.445891E+13   5.5341E-07   5.5342E-07   0.99999
FLUX 1181  8740.00        3.430120E+13   5.4847E-07   5.4850E-07   0.99995
FLUX 1182  8780.00        3.414493E+13   5.4364E-07   5.4365E-07   0.99999
FLUX 1183  8820.00        3.399008E+13   5.3878E-07   5.3886E-07   0.99986
FLUX 1184  8860.00        3.383663E+13   5.3407E-07   5.3413E-07   0.99988
FLUX 1185  8900.00        3.368455E+13   5.2941E-07   5.2947E-07   0.99989
FLUX 1186  8940.00        3.353384E+13   5.2484E-07   5.2487E-07   0.99995
FLUX 1187  8980.00        3.338447E+13   5.2025E-07   5.2032E-07   0.99987
FLUX 1188  9020.00        3.323642E+13   5.1580E-07   5.1584E-07   0.99992
FLUX 1189  9060.00        3.308968E+13   5.1140E-07   5.1141E-07   0.99998
FLUX 1190  9100.00        3.294423E+13   5.0697E-07   5.0704E-07   0.99987
FLUX 1191  9140.00        3.280005E+13   5.0268E-07   5.0273E-07   0.99992
FLUX 1192  9180.00        3.265714E+13   4.9846E-07   4.9847E-07   0.99998
FLUX 1193  9220.00        3.251546E+13   4.9425E-07   4.9426E-07   0.99998
FLUX 1194  9260.00        3.237500E+13   4.9010E-07   4.9010E-07   0.99998
FLUX 1195  9300.00        3.223575E+13   4.8599E-07   4.8600E-07   0.99998
FLUX 1196  9340.00        3.209770E+13   4.8194E-07   4.8195E-07   0.99998
FLUX 1197  9380.00        3.196082E+13   4.7794E-07   4.7795E-07   0.99998
FLUX 1198  9420.00        3.182511E+13   4.7399E-07   4.7400E-07   0.99998
FLUX 1199  9460.00        3.169054E+13   4.7008E-07   4.7010E-07   0.99997
FLUX 1200  9500.00        3.155711E+13   4.6623E-07   4.6624E-07   0.99997
FLUX 1201  9540.00        3.142479E+13   4.6236E-07   4.6243E-07   0.99983
FLUX 1202  9580.00        3.129358E+13   4.5867E-07   4.5867E-07   0.99999
FLUX 1203  9620.00        3.116346E+13   4.5492E-07   4.5495E-07   0.99994
FLUX 1204  9660.00        3.103442E+13   4.5128E-07   4.5128E-07   0.99999
FLUX 1205  9700.00        3.090644E+13   4.4765E-07   4.4765E-07   0.99999
FLUX 1206  9740.00        3.077952E+13   4.4402E-07   4.4407E-07   0.99988
FLUX 1207  9780.00        3.065363E+13   4.4050E-07   4.4053E-07   0.99994
FLUX 1208  9820.00        3.052877E+13   4.3699E-07   4.3703E-07   0.99991
FLUX 1209  9860.00        3.040492E+13   4.3356E-07   4.3357E-07   0.99997
FLUX 1210  9900.00        3.028207E+13   4.3015E-07   4.3015E-07   0.99999
FLUX 1211  9940.00        3.016021E+13   4.2676E-07   4.2678E-07   0.99997
FLUX 1212  9980.00        3.003933E+13   4.2340E-07   4.2344E-07   0.99990
FLUX 1213 10020.00        2.991941E+13   4.2010E-07   4.2014E-07   0.99990
FLUX 1214 20000.00        1.498963E+13   1.0722E-07   1.0723E-07   0.99999
FLUX 1215 40000.00        7.494813E+12   2.6695E-08   2.6695E-08   1.00000
FLUX 1216 60000.00        4.996542E+12   1.1765E-08   1.1765E-08   1.00000
FLUX 1217 80000.00        3.747406E+12   6.5665E-09   6.5665E-09   1.00000
FLUX 1218100000.00        2.997925E+12   4.1738E-09   4.1738E-09   1.00000
FLUX 1219120000.00        2.498271E+12   2.8812E-09   2.8812E-09   1.00000
FLUX 1220140000.00        2.141375E+12   2.1056E-09   2.1056E-09   1.00000
FLUX 1221160000.00        1.873703E+12   1.6045E-09   1.6045E-09   1.00000
FLUX
