TEFF   4750.  GRAVITY 3.50000 LTE 
TITLE TEST RUN WITH SDSC OPACITY  VTURB 2 KM/S    L/H 1.25                      
 OPACITY IFOP
FLUX  124    92.50        3.241000E+15   4.4013E-25   1.5082E-24   0.29183
FLUX  125    93.50        3.206337E+15   6.5909E-25   2.4076E-24   0.27376
FLUX  126    94.50        3.172407E+15   1.0481E-24   3.8292E-24   0.27372
FLUX  127    95.50        3.139188E+15   1.7404E-24   6.0677E-24   0.28682
FLUX  128    96.50        3.106658E+15   3.1480E-24   9.5460E-24   0.32977
FLUX  129    97.50        3.074795E+15   4.5757E-24   1.4912E-23   0.30685
FLUX  130    98.50        3.043579E+15   7.6464E-24   2.3083E-23   0.33126
FLUX  131    99.50        3.012990E+15   1.2439E-23   3.5407E-23   0.35132
FLUX  132   100.50        2.983010E+15   1.9101E-23   5.3833E-23   0.35481
FLUX  133   101.50        2.953621E+15   2.9627E-23   8.1154E-23   0.36507
FLUX  134   102.50        2.924805E+15   3.6586E-23   1.2137E-22   0.30145
FLUX  135   103.50        2.896546E+15   7.7866E-23   1.8013E-22   0.43228
FLUX  136   104.50        2.868828E+15   1.1947E-22   2.6562E-22   0.44979
FLUX  137   105.50        2.841635E+15   1.4751E-22   3.8885E-22   0.37934
FLUX  138   106.50        2.814953E+15   2.6132E-22   5.6525E-22   0.46232
FLUX  139   107.50        2.788767E+15   3.8076E-22   8.1595E-22   0.46665
FLUX  140   108.50        2.763065E+15   5.8383E-22   1.1698E-21   0.49911
FLUX  141   109.50        2.737831E+15   7.5644E-22   1.6655E-21   0.45418
FLUX  142   110.50        2.713054E+15   1.0153E-21   2.3582E-21   0.43053
FLUX  143   111.50        2.688722E+15   1.4457E-21   3.3128E-21   0.43639
FLUX  144   112.50        2.664822E+15   2.4008E-21   4.6237E-21   0.51923
FLUX  145   113.50        2.641344E+15   3.8697E-21   6.4145E-21   0.60328
FLUX  146   114.50        2.618275E+15   5.5479E-21   8.8453E-21   0.62722
FLUX  147   115.50        2.595606E+15   7.7985E-21   1.2124E-20   0.64324
FLUX  148   116.50        2.573326E+15   1.0456E-20   1.6520E-20   0.63296
FLUX  149   117.50        2.551426E+15   1.5423E-20   2.2380E-20   0.68914
FLUX  150   118.50        2.529895E+15   2.0273E-20   3.0151E-20   0.67238
FLUX  151   119.50        2.508724E+15   2.6077E-20   4.0399E-20   0.64549
FLUX  152   120.50        2.487905E+15   2.9593E-20   5.3842E-20   0.54963
FLUX  153   121.50        2.467428E+15   8.9667E-21   7.1386E-20   0.12561
FLUX  154   122.50        2.447286E+15   4.8485E-20   9.4202E-20   0.51469
FLUX  155   123.50        2.427470E+15   8.8184E-20   1.2365E-19   0.71316
FLUX  156   124.50        2.407972E+15   1.1995E-19   1.6155E-19   0.74250
FLUX  157   125.50        2.388785E+15   1.5271E-19   2.1007E-19   0.72694
FLUX  158   126.50        2.369901E+15   2.0049E-19   2.7188E-19   0.73743
FLUX  159   127.50        2.351314E+15   2.5671E-19   3.5025E-19   0.73293
FLUX  160   128.50        2.333016E+15   2.9504E-19   4.4916E-19   0.65687
FLUX  161   129.50        2.315000E+15   3.6948E-19   5.7337E-19   0.64440
FLUX  162   130.50        2.297261E+15   4.5936E-19   7.2860E-19   0.63048
FLUX  163   131.50        2.279791E+15   6.0848E-19   9.2163E-19   0.66022
FLUX  164   132.50        2.262585E+15   6.8946E-19   1.1604E-18   0.59415
FLUX  165   133.50        2.245637E+15   7.9113E-19   1.4544E-18   0.54396
FLUX  166   134.50        2.228941E+15   1.0305E-18   1.8144E-18   0.56798
FLUX  167   135.50        2.212491E+15   1.3727E-18   2.2532E-18   0.60923
FLUX  168   136.50        2.196282E+15   1.5311E-18   2.7858E-18   0.54963
FLUX  169   137.50        2.180309E+15   1.7720E-18   3.4301E-18   0.51659
FLUX  170   138.50        2.164567E+15   2.0098E-18   4.2082E-18   0.47759
FLUX  171   139.50        2.149050E+15   2.3700E-18   5.1471E-18   0.46045
FLUX  172   140.50        2.133754E+15   3.2735E-18   6.3386E-18   0.51644
FLUX  173   141.50        2.118675E+15   4.0391E-18   7.8610E-18   0.51382
FLUX  174   142.50        2.103807E+15   4.9573E-18   9.7300E-18   0.50948
FLUX  175   143.50        2.089146E+15   6.4427E-18   1.2021E-17   0.53595
FLUX  176   144.20        2.079005E+15   8.8513E-18   1.3923E-17   0.63571
FLUX  177   144.70        2.071821E+15   7.9267E-18   1.5454E-17   0.51291
FLUX  178   145.50        2.060430E+15   9.8448E-18   1.8241E-17   0.53971
FLUX  179   146.50        2.046365E+15   1.3848E-17   2.2393E-17   0.61842
FLUX  180   147.50        2.032492E+15   1.6557E-17   2.7419E-17   0.60387
FLUX  181   148.50        2.018805E+15   1.8629E-17   3.3480E-17   0.55641
FLUX  182   149.50        2.005301E+15   2.6923E-17   4.0764E-17   0.66046
FLUX  183   150.50        1.991977E+15   3.5884E-17   4.9490E-17   0.72507
FLUX  184   151.20        1.982755E+15   2.4955E-17   5.6589E-17   0.44098
FLUX  185   151.70        1.976220E+15   3.5855E-17   6.2224E-17   0.57623
FLUX  186   152.50        1.965852E+15   1.1850E-16   6.4857E-16   0.18271
FLUX  187   153.50        1.953046E+15   2.1138E-16   7.5478E-16   0.28005
FLUX  188   154.50        1.940405E+15   1.5924E-16   8.7729E-16   0.18151
FLUX  189   155.50        1.927926E+15   2.9815E-16   1.0250E-15   0.29087
FLUX  190   156.50        1.915607E+15   2.8947E-16   1.2071E-15   0.23981
FLUX  191   157.50        1.903444E+15   1.0323E-15   5.6188E-15   0.18372
FLUX  192   158.50        1.891435E+15   1.1360E-15   6.2734E-15   0.18108
FLUX  193   159.50        1.879577E+15   1.2070E-15   6.9889E-15   0.17270
FLUX  194   160.50        1.867866E+15   1.1881E-15   7.7658E-15   0.15300
FLUX  195   161.50        1.856300E+15   1.2537E-15   8.6044E-15   0.14571
FLUX  196   162.50        1.844877E+15   1.3507E-15   1.8890E-14   0.07150
FLUX  197   163.50        1.833593E+15   1.9715E-15   2.1619E-14   0.09119
FLUX  198   164.50        1.822447E+15   2.8805E-15   2.4712E-14   0.11657
FLUX  199   165.50        1.811435E+15   2.0190E-15   2.8196E-14   0.07161
FLUX  200   166.50        1.800556E+15   3.7283E-15   3.2137E-14   0.11601
FLUX  201   167.20        1.793017E+15   2.5080E-15   3.5185E-14   0.07128
FLUX  202   167.70        1.787671E+15   9.0102E-15   2.7349E-13   0.03295
FLUX  203   168.50        1.779184E+15   1.2054E-14   3.0463E-13   0.03957
FLUX  204   169.50        1.768687E+15   1.7278E-14   3.4718E-13   0.04977
FLUX  205   170.50        1.758314E+15   1.8839E-14   3.9629E-13   0.04754
FLUX  206   171.50        1.748061E+15   2.0297E-14   9.5033E-13   0.02136
FLUX  207   172.50        1.737928E+15   3.2252E-14   1.0602E-12   0.03042
FLUX  208   173.50        1.727911E+15   4.0564E-14   1.1763E-12   0.03448
FLUX  209   174.50        1.718009E+15   6.2925E-14   1.3021E-12   0.04833
FLUX  210   175.50        1.708219E+15   6.6081E-14   1.4352E-12   0.04604
FLUX  211   176.50        1.698541E+15   8.8789E-14   1.5776E-12   0.05628
FLUX  212   177.50        1.688972E+15   6.7997E-14   1.7294E-12   0.03932
FLUX  213   178.50        1.679510E+15   1.6154E-13   1.8908E-12   0.08544
FLUX  214   179.50        1.670153E+15   1.3762E-13   2.0630E-12   0.06671
FLUX  215   180.50        1.660900E+15   2.4872E-13   2.2465E-12   0.11071
FLUX  216   181.50        1.651749E+15   1.5567E-13   2.4415E-12   0.06376
FLUX  217   182.50        1.642699E+15   3.0386E-13   2.6494E-12   0.11469
FLUX  218   183.50        1.633747E+15   2.6188E-13   2.8707E-12   0.09123
FLUX  219   184.50        1.624892E+15   2.8238E-13   3.1065E-12   0.09090
FLUX  220   185.50        1.616132E+15   2.4137E-13   3.3587E-12   0.07186
FLUX  221   186.50        1.607466E+15   4.6517E-13   3.6266E-12   0.12827
FLUX  222   187.50        1.598893E+15   4.3363E-13   4.1330E-12   0.10492
FLUX  223   188.50        1.590411E+15   5.6087E-13   4.4368E-12   0.12641
FLUX  224   189.50        1.582018E+15   7.9272E-13   4.7572E-12   0.16664
FLUX  225   190.50        1.573714E+15   7.5590E-13   5.0942E-12   0.14838
FLUX  226   191.50        1.565496E+15   1.1443E-12   5.4496E-12   0.20999
FLUX  227   192.50        1.557364E+15   8.7930E-13   5.8235E-12   0.15099
FLUX  228   193.50        1.549315E+15   5.1355E-13   6.2164E-12   0.08261
FLUX  229   194.50        1.541350E+15   1.3266E-12   6.6297E-12   0.20009
FLUX  230   195.50        1.533465E+15   1.8874E-12   7.0638E-12   0.26720
FLUX  231   196.70        1.524110E+15   2.1921E-12   7.6133E-12   0.28793
FLUX  232   197.60        1.517169E+15   2.4926E-12   8.0475E-12   0.30973
FLUX  233   198.40        1.511051E+15   3.1615E-12   8.6429E-12   0.36579
FLUX  234   199.50        1.502719E+15   2.8027E-12   9.2275E-12   0.30373
FLUX  235   200.50        1.495224E+15   3.1339E-12   9.7863E-12   0.32023
FLUX  236   201.50        1.487804E+15   3.5561E-12   1.0372E-11   0.34286
FLUX  237   202.50        1.480457E+15   2.7648E-12   1.0984E-11   0.25170
FLUX  238   203.50        1.473182E+15   4.1077E-12   1.1625E-11   0.35335
FLUX  239   204.50        1.465978E+15   4.3969E-12   1.2294E-11   0.35764
FLUX  240   205.50        1.458844E+15   5.2978E-12   1.2993E-11   0.40774
FLUX  241   206.50        1.451780E+15   4.9021E-12   1.3722E-11   0.35723
FLUX  242   207.40        1.445480E+15   4.6134E-12   1.4406E-11   0.32024
FLUX  243   207.80        1.442697E+15   1.2401E-11   3.0822E-10   0.04023
FLUX  244   208.50        1.437854E+15   1.6734E-11   3.2370E-10   0.05170
FLUX  245   209.50        1.430990E+15   1.7276E-11   3.4626E-10   0.04989
FLUX  246   210.50        1.424192E+15   1.6123E-11   3.6904E-10   0.04369
FLUX  247   211.50        1.417459E+15   1.6735E-11   3.9195E-10   0.04270
FLUX  248   212.50        1.410788E+15   1.6400E-11   4.1560E-10   0.03946
FLUX  249   213.50        1.404180E+15   2.3360E-11   4.4013E-10   0.05307
FLUX  250   214.50        1.397634E+15   1.9239E-11   4.6540E-10   0.04134
FLUX  251   215.50        1.391148E+15   2.1343E-11   4.9179E-10   0.04340
FLUX  252   216.50        1.384723E+15   1.9943E-11   5.1960E-10   0.03838
FLUX  253   217.50        1.378356E+15   2.3046E-11   5.4904E-10   0.04197
FLUX  254   218.50        1.372048E+15   2.0105E-11   5.8066E-10   0.03462
FLUX  255   219.50        1.365797E+15   3.4511E-11   6.1439E-10   0.05617
FLUX  256   220.50        1.359603E+15   2.9214E-11   6.5043E-10   0.04492
FLUX  257   221.50        1.353465E+15   3.2350E-11   6.8907E-10   0.04695
FLUX  258   222.50        1.347382E+15   3.2305E-11   7.5594E-10   0.04273
FLUX  259   223.50        1.341353E+15   5.7133E-11   8.0076E-10   0.07135
FLUX  260   224.50        1.335379E+15   6.4793E-11   8.4856E-10   0.07636
FLUX  261   225.50        1.329457E+15   7.0836E-11   1.1725E-09   0.06041
FLUX  262   226.50        1.323587E+15   3.7295E-11   1.2216E-09   0.03053
FLUX  263   227.50        1.317769E+15   6.4933E-11   1.2723E-09   0.05104
FLUX  264   228.50        1.312002E+15   7.8557E-11   1.3248E-09   0.05930
FLUX  265   229.50        1.306285E+15   1.0345E-10   1.3793E-09   0.07500
FLUX  266   230.50        1.300618E+15   4.6935E-11   1.4354E-09   0.03270
FLUX  267   231.50        1.295000E+15   1.2189E-10   1.4938E-09   0.08159
FLUX  268   232.50        1.289430E+15   1.0504E-10   1.5546E-09   0.06757
FLUX  269   233.50        1.283908E+15   1.6150E-10   1.7004E-09   0.09498
FLUX  270   234.50        1.278433E+15   9.6903E-11   1.7624E-09   0.05498
FLUX  271   235.50        1.273004E+15   9.1508E-11   1.8269E-09   0.05009
FLUX  272   236.50        1.267622E+15   1.0896E-10   1.8941E-09   0.05753
FLUX  273   237.50        1.262284E+15   1.1864E-10   1.9640E-09   0.06041
FLUX  274   238.50        1.256992E+15   1.5321E-10   2.0374E-09   0.07520
FLUX  275   239.50        1.251743E+15   1.5706E-10   2.1137E-09   0.07431
FLUX  276   240.50        1.246538E+15   2.4471E-10   2.1931E-09   0.11158
FLUX  277   241.50        1.241377E+15   1.6506E-10   2.2759E-09   0.07252
FLUX  278   242.50        1.236258E+15   2.4425E-10   2.3620E-09   0.10341
FLUX  279   243.50        1.231181E+15   3.2942E-10   2.4517E-09   0.13437
FLUX  280   244.50        1.226145E+15   4.4601E-10   2.6597E-09   0.16769
FLUX  281   245.50        1.221151E+15   4.9914E-10   2.7507E-09   0.18146
FLUX  282   246.50        1.216197E+15   3.0691E-10   2.8449E-09   0.10788
FLUX  283   247.50        1.211283E+15   4.0344E-10   2.9424E-09   0.13711
FLUX  284   248.50        1.206408E+15   1.0743E-10   3.0434E-09   0.03530
FLUX  285   249.50        1.201573E+15   1.8295E-10   3.1478E-09   0.05812
FLUX  286   250.50        1.196776E+15   4.0338E-10   3.3443E-09   0.12062
FLUX  287   251.30        1.192967E+15   2.0844E-10   3.4292E-09   0.06078
FLUX  288   251.80        1.190598E+15   1.5467E-10   1.8984E-07   0.00081
FLUX  289   252.50        1.187297E+15   1.8021E-10   1.9282E-07   0.00093
FLUX  290   253.50        1.182613E+15   6.4159E-10   1.9709E-07   0.00326
FLUX  291   254.50        1.177967E+15   6.9332E-10   2.0139E-07   0.00344
FLUX  292   255.50        1.173356E+15   1.4155E-09   2.0579E-07   0.00688
FLUX  293   256.50        1.168782E+15   7.9721E-10   2.1032E-07   0.00379
FLUX  294   257.50        1.164243E+15   1.3547E-09   2.1498E-07   0.00630
FLUX  295   258.50        1.159739E+15   1.1187E-09   2.1976E-07   0.00509
FLUX  296   259.50        1.155270E+15   1.2796E-09   2.2468E-07   0.00570
FLUX  297   260.50        1.150835E+15   1.5690E-09   2.2976E-07   0.00683
FLUX  298   261.50        1.146434E+15   1.3929E-09   2.3504E-07   0.00593
FLUX  299   262.50        1.142067E+15   2.0876E-09   2.4049E-07   0.00868
FLUX  300   263.50        1.137732E+15   4.7646E-09   2.6163E-07   0.01821
FLUX  301   264.50        1.133431E+15   4.9795E-09   2.6694E-07   0.01865
FLUX  302   265.50        1.129162E+15   1.2049E-08   2.7242E-07   0.04423
FLUX  303   266.50        1.124925E+15   5.9266E-09   2.7804E-07   0.02132
FLUX  304   267.50        1.120720E+15   5.4576E-09   2.8380E-07   0.01923
FLUX  305   268.50        1.116546E+15   8.4294E-09   2.8969E-07   0.02910
FLUX  306   269.50        1.112403E+15   3.7010E-09   2.9571E-07   0.01252
FLUX  307   270.50        1.108290E+15   7.9594E-09   3.2059E-07   0.02483
FLUX  308   271.50        1.104208E+15   4.7933E-09   3.2602E-07   0.01470
FLUX  309   272.50        1.100156E+15   2.6012E-09   3.3153E-07   0.00785
FLUX  310   273.50        1.096133E+15   3.8269E-09   3.3712E-07   0.01135
FLUX  311   274.50        1.092140E+15   3.6828E-09   3.4279E-07   0.01074
FLUX  312   275.50        1.088176E+15   4.8631E-09   3.4854E-07   0.01395
FLUX  313   276.50        1.084241E+15   7.1376E-09   3.5429E-07   0.02015
FLUX  314   277.50        1.080333E+15   8.7869E-09   3.6015E-07   0.02440
FLUX  315   278.50        1.076454E+15   4.9006E-09   3.6611E-07   0.01339
FLUX  316   279.50        1.072603E+15   2.5390E-09   3.7220E-07   0.00682
FLUX  317   280.50        1.068779E+15   3.1422E-09   3.7840E-07   0.00830
FLUX  318   281.50        1.064982E+15   7.0726E-09   3.8472E-07   0.01838
FLUX  319   282.50        1.061212E+15   8.5268E-09   3.9122E-07   0.02180
FLUX  320   283.50        1.057469E+15   6.1055E-09   3.9787E-07   0.01535
FLUX  321   284.50        1.053752E+15   3.4052E-09   4.0464E-07   0.00842
FLUX  322   285.50        1.050061E+15   1.2405E-09   4.1152E-07   0.00301
FLUX  323   286.50        1.046396E+15   5.2055E-09   4.1852E-07   0.01244
FLUX  324   287.50        1.042757E+15   8.8220E-09   4.2564E-07   0.02073
FLUX  325   288.50        1.039142E+15   1.3599E-08   4.3283E-07   0.03142
FLUX  326   289.50        1.035553E+15   2.3801E-08   4.4004E-07   0.05409
FLUX  327   291.00        1.030215E+15   5.0017E-08   4.6393E-07   0.10781
FLUX  328   293.00        1.023183E+15   5.1275E-08   4.7766E-07   0.10735
FLUX  329   295.00        1.016246E+15   5.3836E-08   4.9422E-07   0.10893
FLUX  330   297.00        1.009402E+15   5.4760E-08   5.0812E-07   0.10777
FLUX  331   299.00        1.002651E+15   6.8039E-08   5.2236E-07   0.13025
FLUX  332   301.00        9.959884E+14   6.7482E-08   5.3697E-07   0.12567
FLUX  333   303.00        9.894142E+14   8.4604E-08   5.5183E-07   0.15332
FLUX  334   305.00        9.829262E+14   8.9159E-08   5.6668E-07   0.15734
FLUX  335   307.00        9.765228E+14   9.0902E-08   5.8164E-07   0.15628
FLUX  336   309.00        9.702023E+14   6.9504E-08   6.0765E-07   0.11438
FLUX  337   311.00        9.639630E+14   1.0332E-07   6.2133E-07   0.16629
FLUX  338   313.00        9.578035E+14   8.0463E-08   6.3789E-07   0.12614
FLUX  339   315.00        9.517222E+14   9.2443E-08   6.5079E-07   0.14205
FLUX  340   317.00        9.457177E+14   1.1712E-07   6.6344E-07   0.17653
FLUX  341   319.00        9.397884E+14   9.2937E-08   6.7631E-07   0.13742
FLUX  342   321.00        9.339330E+14   1.0226E-07   6.8940E-07   0.14834
FLUX  343   323.00        9.281502E+14   9.0988E-08   7.0518E-07   0.12903
FLUX  344   325.00        9.224385E+14   1.5542E-07   7.1744E-07   0.21663
FLUX  345   327.00        9.167966E+14   1.8476E-07   7.2968E-07   0.25320
FLUX  346   329.00        9.112234E+14   1.8787E-07   7.4364E-07   0.25264
FLUX  347   331.00        9.057175E+14   1.5812E-07   7.5578E-07   0.20921
FLUX  348   333.00        9.002778E+14   1.7108E-07   7.6768E-07   0.22285
FLUX  349   335.00        8.949030E+14   1.6062E-07   7.7929E-07   0.20611
FLUX  350   337.00        8.895920E+14   9.6421E-08   7.9162E-07   0.12180
FLUX  351   339.00        8.843437E+14   1.2170E-07   8.0481E-07   0.15122
FLUX  352   341.00        8.791569E+14   1.3588E-07   8.1663E-07   0.16639
FLUX  353   343.00        8.740306E+14   1.6189E-07   8.2825E-07   0.19546
FLUX  354   345.00        8.689638E+14   1.9900E-07   8.4088E-07   0.23666
FLUX  355   347.00        8.639553E+14   2.1515E-07   8.5378E-07   0.25200
FLUX  356   349.00        8.590043E+14   2.5672E-07   8.6662E-07   0.29623
FLUX  357   351.00        8.541097E+14   2.7447E-07   8.7945E-07   0.31209
FLUX  358   353.00        8.492705E+14   2.3450E-07   8.9228E-07   0.26281
FLUX  359   355.00        8.444859E+14   2.5163E-07   9.0603E-07   0.27773
FLUX  360   357.00        8.397549E+14   1.7373E-07   9.2140E-07   0.18855
FLUX  361   359.00        8.350766E+14   2.0536E-07   9.3684E-07   0.21921
FLUX  362   361.00        8.304501E+14   2.9819E-07   9.5236E-07   0.31311
FLUX  363   363.00        8.258747E+14   3.0552E-07   9.6793E-07   0.31564
FLUX  364   364.00        8.236058E+14   2.9871E-07   9.7605E-07   0.30604
FLUX  365   365.00        8.213493E+14   3.1711E-07   1.0633E-06   0.29824
FLUX  366   367.00        8.168733E+14   3.5887E-07   1.0822E-06   0.33161
FLUX  367   369.00        8.124458E+14   3.0055E-07   1.1011E-06   0.27295
FLUX  368   371.00        8.080660E+14   3.0924E-07   1.1207E-06   0.27595
FLUX  369   373.00        8.037332E+14   1.4120E-07   1.1397E-06   0.12390
FLUX  370   375.00        7.994467E+14   1.7682E-07   1.1587E-06   0.15260
FLUX  371   377.00        7.952056E+14   2.9084E-07   1.1987E-06   0.24263
FLUX  372   379.00        7.910092E+14   3.0011E-07   1.2202E-06   0.24595
FLUX  373   381.00        7.868570E+14   2.5466E-07   1.2417E-06   0.20509
FLUX  374   383.00        7.827480E+14   1.0949E-07   1.2631E-06   0.08668
FLUX  375   385.00        7.786818E+14   1.5950E-07   1.2845E-06   0.12417
FLUX  376   387.00        7.746576E+14   1.6550E-07   1.3059E-06   0.12673
FLUX  377   389.00        7.706748E+14   2.8240E-07   1.3288E-06   0.21253
FLUX  378   391.00        7.667327E+14   3.9665E-07   1.3520E-06   0.29338
FLUX  379   393.00        7.628308E+14   1.6016E-07   1.3750E-06   0.11648
FLUX  380   395.00        7.589684E+14   3.4729E-07   1.3979E-06   0.24844
FLUX  381   397.00        7.551448E+14   2.3081E-07   1.4206E-06   0.16248
FLUX  382   399.00        7.513596E+14   6.0679E-07   1.4431E-06   0.42048
FLUX  383   401.00        7.476122E+14   6.7489E-07   1.4666E-06   0.46016
FLUX  384   403.00        7.439020E+14   6.5779E-07   1.4909E-06   0.44120
FLUX  385   405.00        7.402284E+14   6.2317E-07   1.5148E-06   0.41139
FLUX  386   407.00        7.365909E+14   5.7772E-07   1.5383E-06   0.37555
FLUX  387   409.00        7.329890E+14   7.9828E-07   1.5616E-06   0.51120
FLUX  388   411.00        7.294221E+14   7.5667E-07   1.5845E-06   0.47755
FLUX  389   413.00        7.258898E+14   6.9996E-07   1.6071E-06   0.43553
FLUX  390   415.00        7.223916E+14   6.5789E-07   1.6307E-06   0.40344
FLUX  391   417.00        7.189269E+14   6.9431E-07   1.6543E-06   0.41969
FLUX  392   419.00        7.154952E+14   6.8437E-07   1.6772E-06   0.40805
FLUX  393   421.00        7.120962E+14   7.2353E-07   1.6996E-06   0.42570
FLUX  394   423.00        7.087293E+14   7.0909E-07   1.7217E-06   0.41185
FLUX  395   425.00        7.053941E+14   7.6621E-07   1.7435E-06   0.43946
FLUX  396   427.00        7.020902E+14   7.1313E-07   1.7650E-06   0.40404
FLUX  397   429.00        6.988170E+14   6.6424E-07   1.7864E-06   0.37183
FLUX  398   431.00        6.955742E+14   5.7519E-07   1.8076E-06   0.31821
FLUX  399   433.00        6.923614E+14   9.3171E-07   1.8285E-06   0.50955
FLUX  400   435.00        6.891782E+14   9.4966E-07   1.8495E-06   0.51346
FLUX  401   437.00        6.860240E+14   1.0370E-06   1.8700E-06   0.55454
FLUX  402   439.00        6.828986E+14   8.9479E-07   1.8902E-06   0.47337
FLUX  403   441.00        6.798016E+14   9.7400E-07   1.9103E-06   0.50986
FLUX  404   443.00        6.767325E+14   1.0968E-06   1.9303E-06   0.56822
FLUX  405   445.00        6.736910E+14   1.1194E-06   1.9501E-06   0.57400
FLUX  406   447.00        6.706767E+14   1.2329E-06   1.9698E-06   0.62589
FLUX  407   449.00        6.676893E+14   1.2875E-06   1.9893E-06   0.64720
FLUX  408   451.00        6.647284E+14   1.5262E-06   2.0087E-06   0.75980
FLUX  409   453.00        6.617936E+14   1.3163E-06   2.0279E-06   0.64909
FLUX  410   455.00        6.588846E+14   1.4079E-06   2.0471E-06   0.68772
FLUX  411   457.00        6.560011E+14   1.5433E-06   2.0662E-06   0.74694
FLUX  412   459.00        6.531427E+14   1.4756E-06   2.0852E-06   0.70763
FLUX  413   461.00        6.503091E+14   1.5300E-06   2.1041E-06   0.72715
FLUX  414   463.00        6.475000E+14   1.5031E-06   2.1230E-06   0.70803
FLUX  415   465.00        6.447151E+14   1.5429E-06   2.1417E-06   0.72040
FLUX  416   467.00        6.419540E+14   1.6447E-06   2.1604E-06   0.76128
FLUX  417   469.00        6.392164E+14   1.6083E-06   2.1790E-06   0.73807
FLUX  418   471.00        6.365021E+14   1.5938E-06   2.1975E-06   0.72524
FLUX  419   473.00        6.338108E+14   1.6619E-06   2.2160E-06   0.74997
FLUX  420   475.00        6.311421E+14   1.7271E-06   2.2344E-06   0.77296
FLUX  421   477.00        6.284958E+14   1.7488E-06   2.2528E-06   0.77625
FLUX  422   479.00        6.258716E+14   1.7695E-06   2.2710E-06   0.77917
FLUX  423   481.00        6.232692E+14   1.7813E-06   2.2892E-06   0.77815
FLUX  424   483.00        6.206884E+14   1.8598E-06   2.3072E-06   0.80605
FLUX  425   485.00        6.181289E+14   1.7805E-06   2.3252E-06   0.76571
FLUX  426   487.00        6.155903E+14   1.6409E-06   2.3432E-06   0.70025
FLUX  427   489.00        6.130726E+14   1.8037E-06   2.3612E-06   0.76392
FLUX  428   491.00        6.105754E+14   1.8209E-06   2.3790E-06   0.76540
FLUX  429   493.00        6.080984E+14   1.7793E-06   2.3969E-06   0.74234
FLUX  430   495.00        6.056414E+14   1.9182E-06   2.4146E-06   0.79441
FLUX  431   497.00        6.032042E+14   1.9033E-06   2.4324E-06   0.78250
FLUX  432   499.00        6.007866E+14   1.7668E-06   2.4501E-06   0.72111
FLUX  433   501.00        5.983882E+14   1.6668E-06   2.4677E-06   0.67543
FLUX  434   503.00        5.960089E+14   1.7940E-06   2.4853E-06   0.72185
FLUX  435   505.00        5.936485E+14   1.7855E-06   2.5028E-06   0.71340
FLUX  436   507.00        5.913067E+14   1.8993E-06   2.5202E-06   0.75363
FLUX  437   509.00        5.889833E+14   1.7755E-06   2.5377E-06   0.69966
FLUX  438   511.00        5.866781E+14   1.8281E-06   2.5550E-06   0.71547
FLUX  439   513.00        5.843908E+14   1.7759E-06   2.5724E-06   0.69037
FLUX  440   515.00        5.821214E+14   1.6981E-06   2.5896E-06   0.65574
FLUX  441   517.00        5.798694E+14   1.4958E-06   2.6068E-06   0.57379
FLUX  442   519.00        5.776349E+14   1.6086E-06   2.6240E-06   0.61305
FLUX  443   521.00        5.754175E+14   1.8300E-06   2.6410E-06   0.69290
FLUX  444   523.00        5.732170E+14   2.0133E-06   2.6581E-06   0.75744
FLUX  445   525.00        5.710333E+14   2.1525E-06   2.6750E-06   0.80465
FLUX  446   527.00        5.688662E+14   1.8401E-06   2.6920E-06   0.68355
FLUX  447   529.00        5.667155E+14   2.2067E-06   2.7089E-06   0.81463
FLUX  448   531.00        5.645810E+14   2.4030E-06   2.7258E-06   0.88159
FLUX  449   533.00        5.624625E+14   2.0626E-06   2.7426E-06   0.75207
FLUX  450   535.00        5.603598E+14   2.3380E-06   2.7594E-06   0.84729
FLUX  451   537.00        5.582728E+14   2.3268E-06   2.7760E-06   0.83819
FLUX  452   539.00        5.562013E+14   2.2778E-06   2.7945E-06   0.81509
FLUX  453   541.00        5.541451E+14   2.2489E-06   2.8110E-06   0.80002
FLUX  454   543.00        5.521041E+14   2.3038E-06   2.8275E-06   0.81477
FLUX  455   545.00        5.500780E+14   2.4401E-06   2.8439E-06   0.85802
FLUX  456   547.00        5.480667E+14   2.4141E-06   2.8602E-06   0.84403
FLUX  457   549.00        5.460701E+14   2.4592E-06   2.8765E-06   0.85494
FLUX  458   551.00        5.440880E+14   2.4329E-06   2.8927E-06   0.84104
FLUX  459   553.00        5.421203E+14   2.5304E-06   2.9089E-06   0.86987
FLUX  460   555.00        5.401667E+14   2.5951E-06   2.9250E-06   0.88721
FLUX  461   557.00        5.382271E+14   2.5397E-06   2.9411E-06   0.86354
FLUX  462   559.00        5.363014E+14   2.4821E-06   2.9571E-06   0.83940
FLUX  463   561.00        5.343895E+14   2.6404E-06   2.9730E-06   0.88814
FLUX  464   563.00        5.324911E+14   2.6315E-06   2.9911E-06   0.87977
FLUX  465   565.00        5.306062E+14   2.6783E-06   3.0069E-06   0.89073
FLUX  466   567.00        5.287346E+14   2.6245E-06   3.0226E-06   0.86829
FLUX  467   569.00        5.268761E+14   2.7165E-06   3.0383E-06   0.89409
FLUX  468   571.00        5.250306E+14   2.6300E-06   3.0538E-06   0.86122
FLUX  469   573.00        5.231981E+14   2.8973E-06   3.0693E-06   0.94396
FLUX  470   575.00        5.213783E+14   2.8035E-06   3.0847E-06   0.90884
FLUX  471   577.00        5.195711E+14   2.8676E-06   3.1001E-06   0.92501
FLUX  472   579.00        5.177763E+14   2.7476E-06   3.1153E-06   0.88197
FLUX  473   581.00        5.159940E+14   2.9069E-06   3.1305E-06   0.92857
FLUX  474   583.00        5.142238E+14   3.0188E-06   3.1456E-06   0.95969
FLUX  475   585.00        5.124658E+14   2.9391E-06   3.1607E-06   0.92989
FLUX  476   587.00        5.107198E+14   2.9806E-06   3.1757E-06   0.93858
FLUX  477   589.00        5.089856E+14   2.6854E-06   3.1906E-06   0.84165
FLUX  478   591.00        5.072631E+14   2.9798E-06   3.2054E-06   0.92962
FLUX  479   593.00        5.055523E+14   3.0050E-06   3.2202E-06   0.93317
FLUX  480   595.00        5.038529E+14   3.0282E-06   3.2349E-06   0.93611
FLUX  481   597.00        5.021650E+14   3.1003E-06   3.2495E-06   0.95408
FLUX  482   599.00        5.004883E+14   3.0685E-06   3.2641E-06   0.94007
FLUX  483   601.00        4.988228E+14   3.0271E-06   3.2786E-06   0.92327
FLUX  484   603.00        4.971683E+14   3.1210E-06   3.2931E-06   0.94774
FLUX  485   605.00        4.955248E+14   3.1930E-06   3.3074E-06   0.96540
FLUX  486   607.00        4.938921E+14   3.1854E-06   3.3218E-06   0.95895
FLUX  487   609.00        4.922701E+14   3.0752E-06   3.3360E-06   0.92181
FLUX  488   611.00        4.906588E+14   3.1137E-06   3.3502E-06   0.92940
FLUX  489   613.00        4.890579E+14   2.9522E-06   3.3643E-06   0.87749
FLUX  490   615.00        4.874675E+14   3.0924E-06   3.3784E-06   0.91534
FLUX  491   617.00        4.858874E+14   2.9548E-06   3.3923E-06   0.87102
FLUX  492   619.00        4.843174E+14   3.2019E-06   3.4062E-06   0.94000
FLUX  493   621.00        4.827576E+14   3.2070E-06   3.4202E-06   0.93768
FLUX  494   623.00        4.812079E+14   3.1231E-06   3.4340E-06   0.90947
FLUX  495   625.00        4.796680E+14   3.0444E-06   3.4477E-06   0.88302
FLUX  496   627.00        4.781380E+14   3.2018E-06   3.4654E-06   0.92392
FLUX  497   629.00        4.766176E+14   3.2638E-06   3.4790E-06   0.93816
FLUX  498   631.00        4.751070E+14   3.1834E-06   3.4925E-06   0.91152
FLUX  499   633.00        4.736058E+14   3.2442E-06   3.5059E-06   0.92535
FLUX  500   635.00        4.721142E+14   3.2787E-06   3.5196E-06   0.93155
FLUX  501   637.00        4.706319E+14   3.2832E-06   3.5329E-06   0.92931
FLUX  502   639.00        4.691588E+14   3.3576E-06   3.5461E-06   0.94683
FLUX  503   641.00        4.676950E+14   3.2963E-06   3.5593E-06   0.92613
FLUX  504   643.00        4.662403E+14   3.3558E-06   3.5723E-06   0.93938
FLUX  505   645.00        4.647946E+14   3.3452E-06   3.5853E-06   0.93303
FLUX  506   647.00        4.633578E+14   3.3400E-06   3.5983E-06   0.92821
FLUX  507   649.00        4.619299E+14   3.2962E-06   3.6111E-06   0.91280
FLUX  508   651.00        4.605108E+14   3.4319E-06   3.6246E-06   0.94684
FLUX  509   653.00        4.591003E+14   3.4638E-06   3.6372E-06   0.95233
FLUX  510   655.00        4.576985E+14   3.4205E-06   3.6557E-06   0.93566
FLUX  511   657.00        4.563052E+14   3.2955E-06   3.6683E-06   0.89837
FLUX  512   659.00        4.549203E+14   3.4668E-06   3.6808E-06   0.94187
FLUX  513   661.00        4.535439E+14   3.5325E-06   3.6932E-06   0.95648
FLUX  514   663.00        4.521757E+14   3.5200E-06   3.7056E-06   0.94992
FLUX  515   665.00        4.508158E+14   3.5396E-06   3.7179E-06   0.95204
FLUX  516   667.00        4.494640E+14   3.4945E-06   3.7301E-06   0.93685
FLUX  517   669.00        4.481203E+14   3.6180E-06   3.7423E-06   0.96679
FLUX  518   671.00        4.467846E+14   3.5049E-06   3.7543E-06   0.93356
FLUX  519   673.00        4.454569E+14   3.6372E-06   3.7664E-06   0.96570
FLUX  520   675.00        4.441370E+14   3.5985E-06   3.7783E-06   0.95241
FLUX  521   677.00        4.428250E+14   3.6421E-06   3.7902E-06   0.96093
FLUX  522   679.00        4.415206E+14   3.6250E-06   3.8020E-06   0.95343
FLUX  523   681.00        4.402239E+14   3.6385E-06   3.8138E-06   0.95405
FLUX  524   683.00        4.389348E+14   3.7007E-06   3.8255E-06   0.96739
FLUX  525   685.00        4.376533E+14   3.5971E-06   3.8371E-06   0.93745
FLUX  526   687.00        4.363792E+14   3.6735E-06   3.8486E-06   0.95449
FLUX  527   689.00        4.351125E+14   3.7295E-06   3.8602E-06   0.96615
FLUX  528   691.00        4.338531E+14   3.7139E-06   3.8716E-06   0.95926
FLUX  529   693.00        4.326010E+14   3.7040E-06   3.8830E-06   0.95390
FLUX  530   695.00        4.313561E+14   3.6995E-06   3.8943E-06   0.94998
FLUX  531   697.00        4.301184E+14   3.7323E-06   3.9056E-06   0.95563
FLUX  532   699.00        4.288877E+14   3.7239E-06   3.9167E-06   0.95077
FLUX  533   701.00        4.276641E+14   3.6365E-06   3.9278E-06   0.92584
FLUX  534   703.00        4.264474E+14   3.7322E-06   3.9389E-06   0.94754
FLUX  535   705.00        4.252376E+14   3.7808E-06   3.9499E-06   0.95719
FLUX  536   707.00        4.240347E+14   3.7432E-06   3.9608E-06   0.94506
FLUX  537   709.00        4.228385E+14   3.7494E-06   3.9716E-06   0.94406
FLUX  538   711.00        4.216491E+14   3.7819E-06   3.9824E-06   0.94965
FLUX  539   713.00        4.204663E+14   3.7259E-06   3.9931E-06   0.93309
FLUX  540   715.00        4.192902E+14   3.7245E-06   4.0037E-06   0.93025
FLUX  541   717.00        4.181206E+14   3.7820E-06   4.0143E-06   0.94213
FLUX  542   719.00        4.169576E+14   3.6575E-06   4.0248E-06   0.90875
FLUX  543   721.00        4.158010E+14   3.7738E-06   4.0352E-06   0.93523
FLUX  544   723.00        4.146508E+14   3.8443E-06   4.0456E-06   0.95025
FLUX  545   725.00        4.135069E+14   3.8521E-06   4.0593E-06   0.94895
FLUX  546   727.00        4.123693E+14   3.8645E-06   4.0695E-06   0.94962
FLUX  547   729.00        4.112380E+14   3.7702E-06   4.0797E-06   0.92414
FLUX  548   731.00        4.101129E+14   3.8540E-06   4.0973E-06   0.94063
FLUX  549   733.00        4.089939E+14   3.8621E-06   4.1073E-06   0.94029
FLUX  550   735.00        4.078810E+14   3.8733E-06   4.1173E-06   0.94073
FLUX  551   737.00        4.067741E+14   3.9398E-06   4.1272E-06   0.95458
FLUX  552   739.00        4.056732E+14   3.8554E-06   4.1371E-06   0.93193
FLUX  553   741.00        4.045783E+14   3.8129E-06   4.1469E-06   0.91947
FLUX  554   743.00        4.034892E+14   3.9163E-06   4.1566E-06   0.94219
FLUX  555   745.00        4.024060E+14   3.9379E-06   4.1662E-06   0.94521
FLUX  556   747.00        4.013286E+14   3.9784E-06   4.1758E-06   0.95273
FLUX  557   749.00        4.002570E+14   3.9633E-06   4.1853E-06   0.94696
FLUX  558   751.00        3.991911E+14   4.0075E-06   4.1948E-06   0.95534
FLUX  559   753.00        3.981308E+14   4.0497E-06   4.2042E-06   0.96323
FLUX  560   755.00        3.970762E+14   4.0824E-06   4.2136E-06   0.96887
FLUX  561   757.00        3.960271E+14   4.0624E-06   4.2229E-06   0.96200
FLUX  562   759.00        3.949835E+14   4.0561E-06   4.2321E-06   0.95841
FLUX  563   761.00        3.939455E+14   4.0676E-06   4.2413E-06   0.95906
FLUX  564   763.00        3.929128E+14   4.1067E-06   4.2504E-06   0.96618
FLUX  565   765.00        3.918856E+14   4.1399E-06   4.2595E-06   0.97193
FLUX  566   767.00        3.908638E+14   4.0046E-06   4.2685E-06   0.93819
FLUX  567   769.00        3.898472E+14   4.1609E-06   4.2774E-06   0.97276
FLUX  568   771.00        3.888359E+14   4.0949E-06   4.2863E-06   0.95535
FLUX  569   773.00        3.878299E+14   4.1276E-06   4.2951E-06   0.96101
FLUX  570   775.00        3.868290E+14   4.0990E-06   4.3039E-06   0.95239
FLUX  571   777.00        3.858333E+14   4.2228E-06   4.3126E-06   0.97919
FLUX  572   779.00        3.848427E+14   4.2180E-06   4.3213E-06   0.97609
FLUX  573   781.00        3.838572E+14   4.2174E-06   4.3299E-06   0.97403
FLUX  574   783.00        3.828768E+14   4.1891E-06   4.3384E-06   0.96558
FLUX  575   785.00        3.819013E+14   4.1880E-06   4.3469E-06   0.96344
FLUX  576   787.00        3.809307E+14   4.2489E-06   4.3554E-06   0.97556
FLUX  577   789.00        3.799651E+14   4.1993E-06   4.3637E-06   0.96232
FLUX  578   791.00        3.790044E+14   4.1193E-06   4.3721E-06   0.94218
FLUX  579   793.00        3.780485E+14   4.1016E-06   4.3803E-06   0.93636
FLUX  580   795.00        3.770975E+14   4.0664E-06   4.3885E-06   0.92661
FLUX  581   797.00        3.761512E+14   4.2190E-06   4.3967E-06   0.95959
FLUX  582   799.00        3.752096E+14   4.2283E-06   4.4048E-06   0.95994
FLUX  583   801.00        3.742728E+14   4.2040E-06   4.4128E-06   0.95268
FLUX  584   803.00        3.733406E+14   4.2264E-06   4.4208E-06   0.95602
FLUX  585   805.00        3.724130E+14   4.2088E-06   4.4287E-06   0.95036
FLUX  586   807.00        3.714901E+14   4.2272E-06   4.4365E-06   0.95282
FLUX  587   809.00        3.705717E+14   4.1465E-06   4.4443E-06   0.93299
FLUX  588   811.00        3.696578E+14   4.1877E-06   4.4521E-06   0.94062
FLUX  589   813.00        3.687485E+14   4.2515E-06   4.4597E-06   0.95330
FLUX  590   815.00        3.678436E+14   4.2502E-06   4.4674E-06   0.95138
FLUX  591   817.00        3.669431E+14   4.2715E-06   4.4749E-06   0.95453
FLUX  592   819.00        3.660470E+14   4.1568E-06   4.4825E-06   0.92734
FLUX  593   821.00        3.651553E+14   4.1902E-06   4.4918E-06   0.93286
FLUX  594   823.00        3.642679E+14   4.2343E-06   4.4992E-06   0.94112
FLUX  595   825.00        3.633848E+14   4.2899E-06   4.5066E-06   0.95192
FLUX  596   827.00        3.625060E+14   4.3556E-06   4.5139E-06   0.96493
FLUX  597   829.00        3.616315E+14   4.3417E-06   4.5212E-06   0.96029
FLUX  598   831.00        3.607611E+14   4.2302E-06   4.5284E-06   0.93415
FLUX  599   833.00        3.598950E+14   4.2393E-06   4.5356E-06   0.93468
FLUX  600   835.00        3.590329E+14   4.2705E-06   4.5427E-06   0.94009
FLUX  601   837.00        3.581750E+14   4.3220E-06   4.5498E-06   0.94994
FLUX  602   839.00        3.573212E+14   4.1786E-06   4.5568E-06   0.91701
FLUX  603   841.00        3.564715E+14   4.3660E-06   4.5638E-06   0.95667
FLUX  604   843.00        3.556257E+14   4.2532E-06   4.5707E-06   0.93054
FLUX  605   845.00        3.547840E+14   4.3631E-06   4.5775E-06   0.95315
FLUX  606   847.00        3.539463E+14   4.3437E-06   4.5844E-06   0.94750
FLUX  607   849.00        3.531125E+14   4.4154E-06   4.5911E-06   0.96173
FLUX  608   851.00        3.522826E+14   4.2258E-06   4.5979E-06   0.91908
FLUX  609   853.00        3.514566E+14   4.4356E-06   4.6045E-06   0.96330
FLUX  610   855.00        3.506345E+14   4.1832E-06   4.6112E-06   0.90718
FLUX  611   857.00        3.498162E+14   4.4887E-06   4.6177E-06   0.97205
FLUX  612   859.00        3.490017E+14   4.4112E-06   4.6243E-06   0.95393
FLUX  613   861.00        3.481911E+14   4.4289E-06   4.6308E-06   0.95641
FLUX  614   863.00        3.473841E+14   4.4865E-06   4.6372E-06   0.96749
FLUX  615   865.00        3.465809E+14   4.5296E-06   4.6436E-06   0.97546
FLUX  616   867.00        3.457814E+14   4.1963E-06   4.6499E-06   0.90244
FLUX  617   869.00        3.449856E+14   4.3500E-06   4.6562E-06   0.93422
FLUX  618   871.00        3.441935E+14   4.4689E-06   4.6625E-06   0.95848
FLUX  619   873.00        3.434049E+14   4.5015E-06   4.6687E-06   0.96419
FLUX  620   875.00        3.426200E+14   4.4798E-06   4.6749E-06   0.95828
FLUX  621   877.00        3.418387E+14   4.5446E-06   4.6810E-06   0.97086
FLUX  622   879.00        3.410609E+14   4.5214E-06   4.6871E-06   0.96465
FLUX  623   881.00        3.402866E+14   4.4008E-06   4.6931E-06   0.93771
FLUX  624   883.00        3.395159E+14   4.5057E-06   4.6991E-06   0.95885
FLUX  625   885.00        3.387486E+14   4.5735E-06   4.7051E-06   0.97205
FLUX  626   887.00        3.379848E+14   4.4971E-06   4.7110E-06   0.95461
FLUX  627   889.00        3.372244E+14   4.6029E-06   4.7168E-06   0.97585
FLUX  628   891.00        3.364675E+14   4.6564E-06   4.7226E-06   0.98598
FLUX  629   893.00        3.357139E+14   4.5529E-06   4.7284E-06   0.96289
FLUX  630   895.00        3.349637E+14   4.5529E-06   4.7341E-06   0.96172
FLUX  631   897.00        3.342168E+14   4.5932E-06   4.7398E-06   0.96907
FLUX  632   899.00        3.334733E+14   4.6209E-06   4.7455E-06   0.97374
FLUX  633   901.00        3.327331E+14   4.4546E-06   4.7511E-06   0.93760
FLUX  634   903.00        3.319961E+14   4.6146E-06   4.7566E-06   0.97014
FLUX  635   905.00        3.312624E+14   4.7264E-06   4.7621E-06   0.99250
FLUX  636   907.00        3.305320E+14   4.6873E-06   4.7676E-06   0.98317
FLUX  637   909.00        3.298047E+14   4.5467E-06   4.7730E-06   0.95260
FLUX  638   911.00        3.290807E+14   4.5957E-06   4.7784E-06   0.96177
FLUX  639   913.00        3.283598E+14   4.7024E-06   4.7837E-06   0.98302
FLUX  640   915.00        3.276421E+14   4.6840E-06   4.7889E-06   0.97809
FLUX  641   917.00        3.269275E+14   4.6960E-06   4.7941E-06   0.97952
FLUX  642   919.00        3.262160E+14   4.7691E-06   4.7993E-06   0.99370
FLUX  643   921.00        3.255076E+14   4.6629E-06   4.8045E-06   0.97055
FLUX  644   923.00        3.248023E+14   4.7189E-06   4.8096E-06   0.98116
FLUX  645   925.00        3.241000E+14   4.6754E-06   4.8146E-06   0.97108
FLUX  646   927.00        3.234008E+14   4.7183E-06   4.8197E-06   0.97896
FLUX  647   929.00        3.227045E+14   4.7121E-06   4.8247E-06   0.97666
FLUX  648   931.00        3.220113E+14   4.7780E-06   4.8297E-06   0.98929
FLUX  649   933.00        3.213210E+14   4.7603E-06   4.8347E-06   0.98460
FLUX  650   935.00        3.206337E+14   4.7636E-06   4.8396E-06   0.98428
FLUX  651   937.00        3.199493E+14   4.7033E-06   4.8445E-06   0.97086
FLUX  652   939.00        3.192678E+14   4.7781E-06   4.8494E-06   0.98530
FLUX  653   941.00        3.185893E+14   4.6402E-06   4.8542E-06   0.95591
FLUX  654   943.00        3.179136E+14   4.7961E-06   4.8590E-06   0.98706
FLUX  655   945.00        3.172407E+14   4.6909E-06   4.8637E-06   0.96447
FLUX  656   947.00        3.165707E+14   4.8096E-06   4.8685E-06   0.98790
FLUX  657   949.00        3.159036E+14   4.8383E-06   4.8731E-06   0.99286
FLUX  658   951.00        3.152392E+14   4.8144E-06   4.8778E-06   0.98701
FLUX  659   953.00        3.145776E+14   4.8191E-06   4.8824E-06   0.98703
FLUX  660   955.00        3.139188E+14   4.7496E-06   4.8870E-06   0.97189
FLUX  661   957.00        3.132628E+14   4.7577E-06   4.8915E-06   0.97265
FLUX  662   959.00        3.126095E+14   4.8644E-06   4.8960E-06   0.99353
FLUX  663   961.00        3.119589E+14   4.8022E-06   4.9005E-06   0.97994
FLUX  664   963.00        3.113110E+14   4.8082E-06   4.9049E-06   0.98029
FLUX  665   965.00        3.106658E+14   4.7317E-06   4.9093E-06   0.96382
FLUX  666   967.00        3.100233E+14   4.7580E-06   4.9137E-06   0.96831
FLUX  667   969.00        3.093834E+14   4.8449E-06   4.9180E-06   0.98513
FLUX  668   971.00        3.087461E+14   4.8111E-06   4.9223E-06   0.97741
FLUX  669   973.00        3.081115E+14   4.7958E-06   4.9266E-06   0.97345
FLUX  670   975.00        3.074795E+14   4.7945E-06   4.9309E-06   0.97233
FLUX  671   977.00        3.068501E+14   4.8141E-06   4.9351E-06   0.97548
FLUX  672   979.00        3.062232E+14   4.7523E-06   4.9393E-06   0.96214
FLUX  673   981.00        3.055989E+14   4.8837E-06   4.9434E-06   0.98793
FLUX  674   983.00        3.049771E+14   4.8591E-06   4.9475E-06   0.98212
FLUX  675   985.00        3.043579E+14   4.9055E-06   4.9516E-06   0.99069
FLUX  676   987.00        3.037411E+14   4.8703E-06   4.9557E-06   0.98276
FLUX  677   989.00        3.031269E+14   4.8879E-06   4.9598E-06   0.98552
FLUX  678   991.00        3.025151E+14   4.8895E-06   4.9638E-06   0.98504
FLUX  679   993.00        3.019058E+14   4.9201E-06   4.9678E-06   0.99041
FLUX  680   995.00        3.012990E+14   4.9306E-06   4.9717E-06   0.99172
FLUX  681   997.00        3.006946E+14   4.9429E-06   4.9757E-06   0.99341
FLUX  682   999.00        3.000926E+14   4.9307E-06   4.9796E-06   0.99018
FLUX  683  1002.50        2.990449E+14   4.9328E-06   4.9865E-06   0.98923
FLUX  684  1007.50        2.975608E+14   4.9165E-06   4.9961E-06   0.98406
FLUX  685  1012.50        2.960914E+14   4.9518E-06   5.0057E-06   0.98923
FLUX  686  1017.50        2.946364E+14   4.9195E-06   5.0152E-06   0.98092
FLUX  687  1022.50        2.931956E+14   4.9557E-06   5.0245E-06   0.98631
FLUX  688  1027.50        2.917689E+14   4.9984E-06   5.0338E-06   0.99297
FLUX  689  1032.50        2.903559E+14   4.9480E-06   5.0430E-06   0.98115
FLUX  690  1037.50        2.889566E+14   4.9512E-06   5.0521E-06   0.98002
FLUX  691  1042.50        2.875707E+14   5.0126E-06   5.0611E-06   0.99041
FLUX  692  1047.50        2.861981E+14   4.9926E-06   5.0699E-06   0.98474
FLUX  693  1052.50        2.848385E+14   5.0367E-06   5.0786E-06   0.99175
FLUX  694  1057.50        2.834917E+14   5.0120E-06   5.0871E-06   0.98524
FLUX  695  1062.50        2.821576E+14   5.0256E-06   5.0955E-06   0.98628
FLUX  696  1067.50        2.808361E+14   4.9792E-06   5.1039E-06   0.97557
FLUX  697  1072.50        2.795268E+14   5.0215E-06   5.1121E-06   0.98227
FLUX  698  1077.50        2.782297E+14   5.0025E-06   5.1204E-06   0.97696
FLUX  699  1082.50        2.769446E+14   4.9580E-06   5.1287E-06   0.96672
FLUX  700  1087.50        2.756713E+14   4.9950E-06   5.1370E-06   0.97236
FLUX  701  1092.50        2.744096E+14   5.0734E-06   5.1452E-06   0.98603
FLUX  702  1097.50        2.731595E+14   5.0223E-06   5.1534E-06   0.97456
FLUX  703  1102.50        2.719206E+14   5.0871E-06   5.1615E-06   0.98560
FLUX  704  1107.50        2.706930E+14   5.1185E-06   5.1695E-06   0.99013
FLUX  705  1112.50        2.694764E+14   5.1160E-06   5.1776E-06   0.98811
FLUX  706  1117.50        2.682707E+14   5.0972E-06   5.1856E-06   0.98294
FLUX  707  1122.50        2.670757E+14   5.1366E-06   5.1937E-06   0.98900
FLUX  708  1127.50        2.658914E+14   5.0822E-06   5.2019E-06   0.97699
FLUX  709  1132.50        2.647174E+14   5.1143E-06   5.2102E-06   0.98160
FLUX  710  1137.50        2.635538E+14   5.1062E-06   5.2181E-06   0.97856
FLUX  711  1142.50        2.624004E+14   5.0779E-06   5.2257E-06   0.97171
FLUX  712  1147.50        2.612571E+14   5.1822E-06   5.2328E-06   0.99031
FLUX  713  1152.50        2.601236E+14   5.1976E-06   5.2399E-06   0.99193
FLUX  714  1157.50        2.590000E+14   5.1610E-06   5.2470E-06   0.98361
FLUX  715  1162.50        2.578860E+14   5.1241E-06   5.2542E-06   0.97524
FLUX  716  1167.50        2.567816E+14   5.1650E-06   5.2614E-06   0.98168
FLUX  717  1172.50        2.556866E+14   5.2367E-06   5.2687E-06   0.99392
FLUX  718  1177.50        2.546008E+14   5.1783E-06   5.2761E-06   0.98146
FLUX  719  1182.50        2.535243E+14   5.1640E-06   5.2836E-06   0.97736
FLUX  720  1187.50        2.524568E+14   5.1416E-06   5.2912E-06   0.97174
FLUX  721  1192.50        2.513983E+14   5.2700E-06   5.2987E-06   0.99459
FLUX  722  1197.50        2.503486E+14   5.1014E-06   5.3063E-06   0.96138
FLUX  723  1202.50        2.493077E+14   5.2353E-06   5.3140E-06   0.98520
FLUX  724  1207.50        2.482754E+14   5.2057E-06   5.3216E-06   0.97822
FLUX  725  1212.50        2.472515E+14   5.2588E-06   5.3292E-06   0.98679
FLUX  726  1217.50        2.462361E+14   5.3165E-06   5.3369E-06   0.99616
FLUX  727  1222.50        2.452290E+14   5.3112E-06   5.3447E-06   0.99372
FLUX  728  1227.50        2.442301E+14   5.3039E-06   5.3526E-06   0.99091
FLUX  729  1232.50        2.432394E+14   5.3130E-06   5.3605E-06   0.99114
FLUX  730  1237.50        2.422566E+14   5.3301E-06   5.3686E-06   0.99283
FLUX  731  1242.50        2.412817E+14   5.3126E-06   5.3767E-06   0.98808
FLUX  732  1247.50        2.403146E+14   5.3544E-06   5.3850E-06   0.99433
FLUX  733  1252.50        2.393553E+14   5.3294E-06   5.3932E-06   0.98817
FLUX  734  1257.50        2.384036E+14   5.3606E-06   5.4014E-06   0.99243
FLUX  735  1262.50        2.374594E+14   5.3625E-06   5.4097E-06   0.99128
FLUX  736  1267.50        2.365227E+14   5.3385E-06   5.4181E-06   0.98531
FLUX  737  1272.50        2.355933E+14   5.3863E-06   5.4268E-06   0.99255
FLUX  738  1277.50        2.346712E+14   5.4229E-06   5.4356E-06   0.99766
FLUX  739  1282.50        2.337563E+14   5.2658E-06   5.4447E-06   0.96714
FLUX  740  1287.50        2.328485E+14   5.3738E-06   5.4538E-06   0.98533
FLUX  741  1292.50        2.319478E+14   5.3578E-06   5.4631E-06   0.98073
FLUX  742  1297.50        2.310539E+14   5.4393E-06   5.4725E-06   0.99393
FLUX  743  1302.50        2.301670E+14   5.3940E-06   5.4819E-06   0.98396
FLUX  744  1307.50        2.292868E+14   5.4558E-06   5.4916E-06   0.99347
FLUX  745  1312.50        2.284133E+14   5.3787E-06   5.5014E-06   0.97771
FLUX  746  1317.50        2.275465E+14   5.3994E-06   5.5113E-06   0.97970
FLUX  747  1322.50        2.266862E+14   5.4599E-06   5.5214E-06   0.98886
FLUX  748  1327.50        2.258324E+14   5.3956E-06   5.5316E-06   0.97542
FLUX  749  1332.50        2.249850E+14   5.4622E-06   5.5418E-06   0.98564
FLUX  750  1337.50        2.241439E+14   5.4533E-06   5.5522E-06   0.98219
FLUX  751  1342.50        2.233091E+14   5.5229E-06   5.5626E-06   0.99286
FLUX  752  1347.50        2.224805E+14   5.5113E-06   5.5732E-06   0.98889
FLUX  753  1352.50        2.216580E+14   5.5299E-06   5.5841E-06   0.99029
FLUX  754  1357.50        2.208416E+14   5.4614E-06   5.5954E-06   0.97605
FLUX  755  1362.50        2.200312E+14   5.4822E-06   5.6068E-06   0.97776
FLUX  756  1367.50        2.192267E+14   5.5189E-06   5.6184E-06   0.98228
FLUX  757  1372.50        2.184281E+14   5.5624E-06   5.6300E-06   0.98799
FLUX  758  1377.50        2.176352E+14   5.5548E-06   5.6417E-06   0.98459
FLUX  759  1382.50        2.168481E+14   5.5829E-06   5.6536E-06   0.98750
FLUX  760  1387.50        2.160667E+14   5.5643E-06   5.6657E-06   0.98210
FLUX  761  1392.50        2.152908E+14   5.6161E-06   5.6779E-06   0.98911
FLUX  762  1397.50        2.145206E+14   5.6314E-06   5.6902E-06   0.98966
FLUX  763  1402.50        2.137558E+14   5.5663E-06   5.7027E-06   0.97609
FLUX  764  1407.50        2.129964E+14   5.6458E-06   5.7154E-06   0.98782
FLUX  765  1412.50        2.122425E+14   5.5982E-06   5.7283E-06   0.97728
FLUX  766  1417.50        2.114938E+14   5.6877E-06   5.7415E-06   0.99064
FLUX  767  1422.50        2.107504E+14   5.6038E-06   5.7549E-06   0.97375
FLUX  768  1427.50        2.100123E+14   5.5312E-06   5.7681E-06   0.95894
FLUX  769  1432.50        2.092792E+14   5.6781E-06   5.7813E-06   0.98216
FLUX  770  1437.50        2.085513E+14   5.7296E-06   5.7945E-06   0.98881
FLUX  771  1442.50        2.078284E+14   5.5693E-06   5.8079E-06   0.95891
FLUX  772  1447.50        2.071105E+14   5.7259E-06   5.8215E-06   0.98357
FLUX  773  1452.50        2.063976E+14   5.6550E-06   5.8352E-06   0.96911
FLUX  774  1457.00        2.057601E+14   5.7129E-06   5.8476E-06   0.97697
FLUX  775  1462.00        2.050564E+14   5.7478E-06   5.8698E-06   0.97922
FLUX  776  1467.50        2.042879E+14   5.7686E-06   5.8857E-06   0.98010
FLUX  777  1472.50        2.035942E+14   5.6904E-06   5.9003E-06   0.96443
FLUX  778  1477.50        2.029052E+14   5.7308E-06   5.9150E-06   0.96886
FLUX  779  1482.50        2.022209E+14   5.7549E-06   5.9296E-06   0.97054
FLUX  780  1487.50        2.015412E+14   5.6514E-06   5.9443E-06   0.95073
FLUX  781  1492.50        2.008660E+14   5.8501E-06   5.9588E-06   0.98176
FLUX  782  1497.50        2.001953E+14   5.7816E-06   5.9729E-06   0.96798
FLUX  783  1502.50        1.995291E+14   5.6172E-06   5.9870E-06   0.93824
FLUX  784  1507.50        1.988673E+14   5.6691E-06   6.0009E-06   0.94472
FLUX  785  1512.50        1.982099E+14   5.8312E-06   6.0147E-06   0.96950
FLUX  786  1517.50        1.975568E+14   5.8610E-06   6.0284E-06   0.97224
FLUX  787  1522.50        1.969080E+14   5.8267E-06   6.0420E-06   0.96436
FLUX  788  1527.50        1.962635E+14   5.8986E-06   6.0555E-06   0.97409
FLUX  789  1532.50        1.956232E+14   5.8735E-06   6.0688E-06   0.96783
FLUX  790  1537.50        1.949870E+14   5.9198E-06   6.0817E-06   0.97337
FLUX  791  1542.50        1.943549E+14   5.9487E-06   6.0943E-06   0.97610
FLUX  792  1547.50        1.937270E+14   5.9412E-06   6.1067E-06   0.97290
FLUX  793  1552.50        1.931031E+14   5.8733E-06   6.1185E-06   0.95993
FLUX  794  1557.50        1.924831E+14   5.8597E-06   6.1293E-06   0.95602
FLUX  795  1562.50        1.918672E+14   5.9918E-06   6.1393E-06   0.97598
FLUX  796  1567.50        1.912552E+14   5.8336E-06   6.1486E-06   0.94878
FLUX  797  1572.50        1.906471E+14   5.9423E-06   6.1572E-06   0.96510
FLUX  798  1577.50        1.900428E+14   5.7151E-06   6.1651E-06   0.92702
FLUX  799  1582.50        1.894423E+14   5.8782E-06   6.1720E-06   0.95241
FLUX  800  1587.50        1.888457E+14   5.6840E-06   6.1779E-06   0.92005
FLUX  801  1592.50        1.882527E+14   5.8357E-06   6.1827E-06   0.94387
FLUX  802  1597.50        1.876635E+14   5.9427E-06   6.1865E-06   0.96061
FLUX  803  1605.00        1.867866E+14   5.9405E-06   6.1894E-06   0.95980
FLUX  804  1615.00        1.856300E+14   5.9059E-06   6.1871E-06   0.95455
FLUX  805  1625.00        1.844877E+14   5.9567E-06   6.1764E-06   0.96442
FLUX  806  1635.00        1.833593E+14   5.9360E-06   6.1524E-06   0.96483
FLUX  807  1645.00        1.822447E+14   5.8679E-06   6.1106E-06   0.96029
FLUX  808  1655.00        1.811435E+14   5.9043E-06   6.0568E-06   0.97481
FLUX  809  1665.00        1.800556E+14   5.8726E-06   6.0037E-06   0.97816
FLUX  810  1675.00        1.789806E+14   5.7758E-06   5.9512E-06   0.97054
FLUX  811  1685.00        1.779184E+14   5.6901E-06   5.8993E-06   0.96454
FLUX  812  1695.00        1.768687E+14   5.7814E-06   5.8480E-06   0.98861
FLUX  813  1705.00        1.758314E+14   5.6371E-06   5.7973E-06   0.97237
FLUX  814  1715.00        1.748061E+14   5.6317E-06   5.7471E-06   0.97993
FLUX  815  1725.00        1.737928E+14   5.5314E-06   5.6976E-06   0.97084
FLUX  816  1735.00        1.727911E+14   5.4387E-06   5.6486E-06   0.96285
FLUX  817  1745.00        1.718009E+14   5.4633E-06   5.6002E-06   0.97555
FLUX  818  1755.00        1.708219E+14   5.4375E-06   5.5524E-06   0.97932
FLUX  819  1765.00        1.698541E+14   5.4062E-06   5.5051E-06   0.98202
FLUX  820  1775.00        1.688972E+14   5.3385E-06   5.4584E-06   0.97803
FLUX  821  1785.00        1.679510E+14   5.3372E-06   5.4123E-06   0.98613
FLUX  822  1795.00        1.670153E+14   5.2797E-06   5.3667E-06   0.98380
FLUX  823  1805.00        1.660900E+14   5.2169E-06   5.3216E-06   0.98033
FLUX  824  1815.00        1.651749E+14   5.1449E-06   5.2771E-06   0.97496
FLUX  825  1825.00        1.642699E+14   5.1189E-06   5.2330E-06   0.97821
FLUX  826  1835.00        1.633747E+14   5.0804E-06   5.1892E-06   0.97902
FLUX  827  1845.00        1.624892E+14   4.9909E-06   5.1460E-06   0.96985
FLUX  828  1855.00        1.616132E+14   5.0072E-06   5.1032E-06   0.98118
FLUX  829  1865.00        1.607466E+14   4.8989E-06   5.0609E-06   0.96798
FLUX  830  1875.00        1.598893E+14   4.8008E-06   5.0191E-06   0.95650
FLUX  831  1885.00        1.590411E+14   4.8711E-06   4.9778E-06   0.97857
FLUX  832  1895.00        1.582018E+14   4.6976E-06   4.9370E-06   0.95151
FLUX  833  1905.00        1.573714E+14   4.8116E-06   4.8966E-06   0.98263
FLUX  834  1915.00        1.565496E+14   4.7561E-06   4.8567E-06   0.97929
FLUX  835  1925.00        1.557364E+14   4.7263E-06   4.8172E-06   0.98112
FLUX  836  1935.00        1.549315E+14   4.6331E-06   4.7782E-06   0.96963
FLUX  837  1945.00        1.541350E+14   4.5495E-06   4.7396E-06   0.95989
FLUX  838  1955.00        1.533465E+14   4.6082E-06   4.7014E-06   0.98018
FLUX  839  1965.00        1.525662E+14   4.5580E-06   4.6636E-06   0.97734
FLUX  840  1975.00        1.517937E+14   4.4970E-06   4.6263E-06   0.97206
FLUX  841  1985.00        1.510290E+14   4.4812E-06   4.5895E-06   0.97642
FLUX  842  1995.00        1.502719E+14   4.4587E-06   4.5530E-06   0.97930
FLUX  843  2005.00        1.495224E+14   4.4719E-06   4.5169E-06   0.99005
FLUX  844  2015.00        1.487804E+14   4.4571E-06   4.4812E-06   0.99462
FLUX  845  2025.00        1.480457E+14   4.3602E-06   4.4459E-06   0.98072
FLUX  846  2035.00        1.473182E+14   4.3138E-06   4.4111E-06   0.97794
FLUX  847  2045.00        1.465978E+14   4.3487E-06   4.3766E-06   0.99362
FLUX  848  2055.00        1.458844E+14   4.3023E-06   4.3425E-06   0.99074
FLUX  849  2065.00        1.451780E+14   4.2405E-06   4.3088E-06   0.98414
FLUX  850  2075.00        1.444783E+14   4.2263E-06   4.2755E-06   0.98851
FLUX  851  2085.00        1.437854E+14   4.1941E-06   4.2425E-06   0.98860
FLUX  852  2095.00        1.430990E+14   4.1242E-06   4.2098E-06   0.97966
FLUX  853  2105.00        1.424192E+14   4.1453E-06   4.1775E-06   0.99229
FLUX  854  2115.00        1.417459E+14   4.1006E-06   4.1456E-06   0.98916
FLUX  855  2125.00        1.410788E+14   4.0686E-06   4.1140E-06   0.98897
FLUX  856  2135.00        1.404180E+14   4.0607E-06   4.0827E-06   0.99461
FLUX  857  2145.00        1.397634E+14   4.0279E-06   4.0518E-06   0.99409
FLUX  858  2155.00        1.391148E+14   4.0001E-06   4.0212E-06   0.99475
FLUX  859  2165.00        1.384723E+14   3.9147E-06   3.9910E-06   0.98089
FLUX  860  2175.00        1.378356E+14   3.9065E-06   3.9611E-06   0.98622
FLUX  861  2185.00        1.372048E+14   3.8878E-06   3.9315E-06   0.98889
FLUX  862  2195.00        1.365797E+14   3.8771E-06   3.9023E-06   0.99355
FLUX  863  2205.00        1.359603E+14   3.8030E-06   3.8733E-06   0.98183
FLUX  864  2215.00        1.353465E+14   3.8291E-06   3.8447E-06   0.99594
FLUX  865  2225.00        1.347382E+14   3.7684E-06   3.8164E-06   0.98741
FLUX  866  2235.00        1.341353E+14   3.7464E-06   3.7883E-06   0.98894
FLUX  867  2245.00        1.335379E+14   3.7253E-06   3.7606E-06   0.99061
FLUX  868  2255.00        1.329457E+14   3.7075E-06   3.7331E-06   0.99314
FLUX  869  2265.00        1.323587E+14   3.6572E-06   3.7060E-06   0.98685
FLUX  870  2275.00        1.317769E+14   3.6643E-06   3.6791E-06   0.99599
FLUX  871  2285.00        1.312002E+14   3.6057E-06   3.6545E-06   0.98663
FLUX  872  2295.00        1.306285E+14   3.2917E-06   3.6287E-06   0.90711
FLUX  873  2305.00        1.300618E+14   3.4411E-06   3.6032E-06   0.95501
FLUX  874  2315.00        1.295000E+14   3.4343E-06   3.5779E-06   0.95986
FLUX  875  2325.00        1.289430E+14   3.1210E-06   3.5529E-06   0.87844
FLUX  876  2335.00        1.283908E+14   3.2771E-06   3.5281E-06   0.92884
FLUX  877  2345.00        1.278433E+14   3.3341E-06   3.5036E-06   0.95163
FLUX  878  2355.00        1.273004E+14   3.0011E-06   3.4793E-06   0.86257
FLUX  879  2365.00        1.267622E+14   3.1979E-06   3.4552E-06   0.92552
FLUX  880  2375.00        1.262284E+14   3.2198E-06   3.4314E-06   0.93835
FLUX  881  2385.00        1.256992E+14   2.9277E-06   3.4078E-06   0.85912
FLUX  882  2395.00        1.251743E+14   3.0882E-06   3.3844E-06   0.91248
FLUX  883  2405.00        1.246538E+14   3.1376E-06   3.3613E-06   0.93345
FLUX  884  2415.00        1.241377E+14   2.9044E-06   3.3384E-06   0.86999
FLUX  885  2425.00        1.236258E+14   3.0084E-06   3.3157E-06   0.90732
FLUX  886  2435.00        1.231181E+14   3.0510E-06   3.2932E-06   0.92644
FLUX  887  2445.00        1.226145E+14   2.9129E-06   3.2710E-06   0.89052
FLUX  888  2455.00        1.221151E+14   2.8976E-06   3.2490E-06   0.89184
FLUX  889  2465.00        1.216197E+14   3.0064E-06   3.2272E-06   0.93159
FLUX  890  2475.00        1.211283E+14   2.9191E-06   3.2056E-06   0.91064
FLUX  891  2485.00        1.206408E+14   2.8220E-06   3.1842E-06   0.88624
FLUX  892  2495.00        1.201573E+14   2.9107E-06   3.1630E-06   0.92024
FLUX  893  2505.00        1.196776E+14   2.9634E-06   3.1421E-06   0.94313
FLUX  894  2515.00        1.192018E+14   2.7969E-06   3.1213E-06   0.89607
FLUX  895  2525.00        1.187297E+14   2.8849E-06   3.1007E-06   0.93041
FLUX  896  2535.00        1.182613E+14   2.8902E-06   3.0803E-06   0.93829
FLUX  897  2545.00        1.177967E+14   2.8308E-06   3.0601E-06   0.92506
FLUX  898  2555.00        1.173356E+14   2.8210E-06   3.0401E-06   0.92794
FLUX  899  2565.00        1.168782E+14   2.8300E-06   3.0203E-06   0.93700
FLUX  900  2575.00        1.164243E+14   2.8516E-06   3.0006E-06   0.95032
FLUX  901  2585.00        1.159739E+14   2.7371E-06   2.9812E-06   0.91813
FLUX  902  2595.00        1.155270E+14   2.7857E-06   2.9619E-06   0.94051
FLUX  903  2605.00        1.150835E+14   2.7971E-06   2.9428E-06   0.95048
FLUX  904  2615.00        1.146434E+14   2.7674E-06   2.9238E-06   0.94650
FLUX  905  2625.00        1.142067E+14   2.7284E-06   2.9051E-06   0.93919
FLUX  906  2635.00        1.137732E+14   2.7433E-06   2.8865E-06   0.95039
FLUX  907  2645.00        1.133431E+14   2.7314E-06   2.8681E-06   0.95232
FLUX  908  2655.00        1.129162E+14   2.7119E-06   2.8499E-06   0.95158
FLUX  909  2665.00        1.124925E+14   2.6717E-06   2.8319E-06   0.94345
FLUX  910  2675.00        1.120720E+14   2.7202E-06   2.8140E-06   0.96669
FLUX  911  2685.00        1.116546E+14   2.7074E-06   2.7963E-06   0.96822
FLUX  912  2695.00        1.112403E+14   2.6726E-06   2.7787E-06   0.96182
FLUX  913  2705.00        1.108290E+14   2.6774E-06   2.7613E-06   0.96960
FLUX  914  2715.00        1.104208E+14   2.6643E-06   2.7441E-06   0.97094
FLUX  915  2725.00        1.100156E+14   2.6552E-06   2.7270E-06   0.97367
FLUX  916  2735.00        1.096133E+14   2.6313E-06   2.7101E-06   0.97089
FLUX  917  2745.00        1.092140E+14   2.6346E-06   2.6934E-06   0.97819
FLUX  918  2755.00        1.088176E+14   2.6204E-06   2.6768E-06   0.97893
FLUX  919  2765.00        1.084241E+14   2.5965E-06   2.6603E-06   0.97599
FLUX  920  2775.00        1.080333E+14   2.5780E-06   2.6440E-06   0.97501
FLUX  921  2785.00        1.076454E+14   2.5749E-06   2.6279E-06   0.97982
FLUX  922  2795.00        1.072603E+14   2.5745E-06   2.6118E-06   0.98569
FLUX  923  2805.00        1.068779E+14   2.5564E-06   2.5959E-06   0.98478
FLUX  924  2815.00        1.064982E+14   2.5397E-06   2.5802E-06   0.98430
FLUX  925  2825.00        1.061212E+14   2.5273E-06   2.5646E-06   0.98545
FLUX  926  2835.00        1.057469E+14   2.5236E-06   2.5491E-06   0.99000
FLUX  927  2845.00        1.053752E+14   2.4998E-06   2.5337E-06   0.98660
FLUX  928  2855.00        1.050061E+14   2.4885E-06   2.5185E-06   0.98811
FLUX  929  2865.00        1.046396E+14   2.4747E-06   2.5034E-06   0.98857
FLUX  930  2875.00        1.042757E+14   2.4583E-06   2.4884E-06   0.98793
FLUX  931  2885.00        1.039142E+14   2.4498E-06   2.4735E-06   0.99041
FLUX  932  2895.00        1.035553E+14   2.4383E-06   2.4588E-06   0.99166
FLUX  933  2905.00        1.031988E+14   2.4236E-06   2.4442E-06   0.99157
FLUX  934  2915.00        1.028448E+14   2.4137E-06   2.4298E-06   0.99339
FLUX  935  2925.00        1.024932E+14   2.3824E-06   2.4154E-06   0.98632
FLUX  936  2935.00        1.021440E+14   2.3856E-06   2.4012E-06   0.99349
FLUX  937  2945.00        1.017971E+14   2.3643E-06   2.3871E-06   0.99044
FLUX  938  2955.00        1.014526E+14   2.3560E-06   2.3732E-06   0.99278
FLUX  939  2965.00        1.011105E+14   2.3486E-06   2.3593E-06   0.99546
FLUX  940  2975.00        1.007706E+14   2.3359E-06   2.3456E-06   0.99586
FLUX  941  2985.00        1.004330E+14   2.3196E-06   2.3320E-06   0.99469
FLUX  942  2995.00        1.000977E+14   2.3028E-06   2.3185E-06   0.99323
FLUX  943  3005.00        9.976456E+13   2.2909E-06   2.3051E-06   0.99382
FLUX  944  3015.00        9.943367E+13   2.2844E-06   2.2919E-06   0.99672
FLUX  945  3025.00        9.910496E+13   2.2655E-06   2.2787E-06   0.99420
FLUX  946  3035.00        9.877842E+13   2.2434E-06   2.2657E-06   0.99019
FLUX  947  3045.00        9.845402E+13   2.2441E-06   2.2527E-06   0.99619
FLUX  948  3055.00        9.813175E+13   2.2291E-06   2.2397E-06   0.99527
FLUX  949  3065.00        9.781158E+13   2.2131E-06   2.2269E-06   0.99382
FLUX  950  3075.00        9.749350E+13   2.2078E-06   2.2142E-06   0.99712
FLUX  951  3085.00        9.717747E+13   2.1856E-06   2.2016E-06   0.99274
FLUX  952  3095.00        9.686349E+13   2.1768E-06   2.1891E-06   0.99440
FLUX  953  3105.00        9.655153E+13   2.1725E-06   2.1767E-06   0.99807
FLUX  954  3115.00        9.624157E+13   2.1398E-06   2.1644E-06   0.98867
FLUX  955  3125.00        9.593360E+13   2.1448E-06   2.1522E-06   0.99659
FLUX  956  3135.00        9.562759E+13   2.1357E-06   2.1401E-06   0.99796
FLUX  957  3145.00        9.532353E+13   2.1231E-06   2.1281E-06   0.99765
FLUX  958  3155.00        9.502139E+13   2.1033E-06   2.1162E-06   0.99392
FLUX  959  3165.00        9.472117E+13   2.0928E-06   2.1043E-06   0.99452
FLUX  960  3175.00        9.442283E+13   2.0866E-06   2.0926E-06   0.99713
FLUX  961  3185.00        9.412637E+13   2.0748E-06   2.0810E-06   0.99702
FLUX  962  3195.00        9.383177E+13   2.0668E-06   2.0695E-06   0.99870
FLUX  963  3210.00        9.339330E+13   2.0459E-06   2.0524E-06   0.99682
FLUX  964  3230.00        9.281502E+13   2.0233E-06   2.0299E-06   0.99673
FLUX  965  3250.00        9.224385E+13   2.0006E-06   2.0078E-06   0.99640
FLUX  966  3270.00        9.167966E+13   1.9773E-06   1.9860E-06   0.99560
FLUX  967  3290.00        9.112234E+13   1.9514E-06   1.9647E-06   0.99323
FLUX  968  3310.00        9.057175E+13   1.9331E-06   1.9436E-06   0.99460
FLUX  969  3330.00        9.002778E+13   1.9092E-06   1.9228E-06   0.99294
FLUX  970  3350.00        8.949030E+13   1.8957E-06   1.9024E-06   0.99649
FLUX  971  3370.00        8.895920E+13   1.8734E-06   1.8823E-06   0.99528
FLUX  972  3390.00        8.843437E+13   1.8492E-06   1.8625E-06   0.99287
FLUX  973  3410.00        8.791569E+13   1.8275E-06   1.8430E-06   0.99161
FLUX  974  3430.00        8.740306E+13   1.8166E-06   1.8238E-06   0.99609
FLUX  975  3450.00        8.689638E+13   1.8008E-06   1.8049E-06   0.99773
FLUX  976  3470.00        8.639553E+13   1.7798E-06   1.7862E-06   0.99641
FLUX  977  3490.00        8.590043E+13   1.7626E-06   1.7679E-06   0.99699
FLUX  978  3510.00        8.541097E+13   1.7467E-06   1.7498E-06   0.99820
FLUX  979  3530.00        8.492705E+13   1.7238E-06   1.7320E-06   0.99525
FLUX  980  3550.00        8.444859E+13   1.7102E-06   1.7145E-06   0.99750
FLUX  981  3570.00        8.397549E+13   1.6909E-06   1.6973E-06   0.99626
FLUX  982  3590.00        8.350766E+13   1.6730E-06   1.6803E-06   0.99566
FLUX  983  3610.00        8.304501E+13   1.6609E-06   1.6635E-06   0.99842
FLUX  984  3630.00        8.258747E+13   1.6442E-06   1.6470E-06   0.99828
FLUX  985  3650.00        8.213493E+13   1.6223E-06   1.6308E-06   0.99482
FLUX  986  3670.00        8.168733E+13   1.6044E-06   1.6147E-06   0.99360
FLUX  987  3690.00        8.124458E+13   1.5798E-06   1.5989E-06   0.98807
FLUX  988  3710.00        8.080660E+13   1.5620E-06   1.5833E-06   0.98655
FLUX  989  3730.00        8.037332E+13   1.5569E-06   1.5680E-06   0.99296
FLUX  990  3750.00        7.994467E+13   1.5290E-06   1.5528E-06   0.98467
FLUX  991  3770.00        7.952056E+13   1.5269E-06   1.5379E-06   0.99286
FLUX  992  3790.00        7.910092E+13   1.5107E-06   1.5232E-06   0.99177
FLUX  993  3810.00        7.868570E+13   1.5003E-06   1.5087E-06   0.99442
FLUX  994  3830.00        7.827480E+13   1.4900E-06   1.4944E-06   0.99703
FLUX  995  3850.00        7.786818E+13   1.4774E-06   1.4803E-06   0.99800
FLUX  996  3870.00        7.746576E+13   1.4574E-06   1.4664E-06   0.99382
FLUX  997  3890.00        7.706748E+13   1.4463E-06   1.4528E-06   0.99559
FLUX  998  3910.00        7.667327E+13   1.4360E-06   1.4393E-06   0.99774
FLUX  999  3930.00        7.628308E+13   1.4227E-06   1.4259E-06   0.99775
FLUX 1000  3950.00        7.589684E+13   1.4026E-06   1.4128E-06   0.99281
FLUX 1001  3970.00        7.551448E+13   1.3933E-06   1.3998E-06   0.99529
FLUX 1002  3990.00        7.513596E+13   1.3712E-06   1.3871E-06   0.98859
FLUX 1003  4010.00        7.476122E+13   1.3654E-06   1.3744E-06   0.99341
FLUX 1004  4030.00        7.439020E+13   1.3579E-06   1.3620E-06   0.99696
FLUX 1005  4050.00        7.402284E+13   1.3409E-06   1.3497E-06   0.99347
FLUX 1006  4070.00        7.365909E+13   1.3315E-06   1.3376E-06   0.99544
FLUX 1007  4090.00        7.329890E+13   1.3210E-06   1.3257E-06   0.99646
FLUX 1008  4110.00        7.294221E+13   1.3099E-06   1.3138E-06   0.99699
FLUX 1009  4130.00        7.258898E+13   1.3005E-06   1.3022E-06   0.99869
FLUX 1010  4150.00        7.223916E+13   1.2863E-06   1.2907E-06   0.99659
FLUX 1011  4170.00        7.189269E+13   1.2754E-06   1.2794E-06   0.99689
FLUX 1012  4190.00        7.154952E+13   1.2619E-06   1.2682E-06   0.99503
FLUX 1013  4210.00        7.120962E+13   1.2450E-06   1.2571E-06   0.99036
FLUX 1014  4230.00        7.087293E+13   1.2455E-06   1.2462E-06   0.99941
FLUX 1015  4250.00        7.053941E+13   1.2296E-06   1.2354E-06   0.99527
FLUX 1016  4270.00        7.020902E+13   1.2230E-06   1.2248E-06   0.99855
FLUX 1017  4290.00        6.988170E+13   1.1550E-06   1.2143E-06   0.95115
FLUX 1018  4310.00        6.955742E+13   1.0911E-06   1.2040E-06   0.90627
FLUX 1019  4330.00        6.923614E+13   1.1094E-06   1.1937E-06   0.92932
FLUX 1020  4350.00        6.891782E+13   1.0493E-06   1.1837E-06   0.88645
FLUX 1021  4370.00        6.860240E+13   1.0242E-06   1.1737E-06   0.87266
FLUX 1022  4390.00        6.828986E+13   1.0140E-06   1.1639E-06   0.87123
FLUX 1023  4410.00        6.798016E+13   9.6285E-07   1.1541E-06   0.83426
FLUX 1024  4430.00        6.767325E+13   9.5965E-07   1.1445E-06   0.83846
FLUX 1025  4450.00        6.736910E+13   9.5311E-07   1.1351E-06   0.83970
FLUX 1026  4470.00        6.706767E+13   9.1084E-07   1.1257E-06   0.80913
FLUX 1027  4490.00        6.676893E+13   9.2751E-07   1.1165E-06   0.83076
FLUX 1028  4510.00        6.647284E+13   9.0819E-07   1.1073E-06   0.82018
FLUX 1029  4530.00        6.617936E+13   8.8016E-07   1.0983E-06   0.80140
FLUX 1030  4550.00        6.588846E+13   8.9294E-07   1.0894E-06   0.81969
FLUX 1031  4570.00        6.560011E+13   8.9414E-07   1.0805E-06   0.82749
FLUX 1032  4590.00        6.531427E+13   8.6045E-07   1.0718E-06   0.80278
FLUX 1033  4610.00        6.503091E+13   8.7833E-07   1.0632E-06   0.82610
FLUX 1034  4630.00        6.475000E+13   8.6772E-07   1.0547E-06   0.82270
FLUX 1035  4650.00        6.447151E+13   8.6854E-07   1.0463E-06   0.83010
FLUX 1036  4670.00        6.419540E+13   8.7369E-07   1.0380E-06   0.84169
FLUX 1037  4690.00        6.392164E+13   8.6640E-07   1.0298E-06   0.84132
FLUX 1038  4710.00        6.365021E+13   8.5451E-07   1.0217E-06   0.83635
FLUX 1039  4730.00        6.338108E+13   8.7084E-07   1.0137E-06   0.85908
FLUX 1040  4750.00        6.311421E+13   8.5579E-07   1.0058E-06   0.85088
FLUX 1041  4770.00        6.284958E+13   8.5062E-07   9.9794E-07   0.85238
FLUX 1042  4790.00        6.258716E+13   8.5048E-07   9.9020E-07   0.85890
FLUX 1043  4810.00        6.232692E+13   8.3322E-07   9.8256E-07   0.84802
FLUX 1044  4830.00        6.206884E+13   8.5114E-07   9.7500E-07   0.87297
FLUX 1045  4850.00        6.181289E+13   8.3942E-07   9.6753E-07   0.86759
FLUX 1046  4870.00        6.155903E+13   8.2740E-07   9.6014E-07   0.86175
FLUX 1047  4890.00        6.130726E+13   8.2433E-07   9.5284E-07   0.86513
FLUX 1048  4910.00        6.105754E+13   8.2054E-07   9.4562E-07   0.86773
FLUX 1049  4930.00        6.080984E+13   8.1355E-07   9.3849E-07   0.86687
FLUX 1050  4950.00        6.056414E+13   8.0559E-07   9.3143E-07   0.86490
FLUX 1051  4970.00        6.032042E+13   8.0703E-07   9.2445E-07   0.87299
FLUX 1052  4990.00        6.007866E+13   7.9971E-07   9.1755E-07   0.87157
FLUX 1053  5010.00        5.983882E+13   7.9995E-07   9.1072E-07   0.87837
FLUX 1054  5030.00        5.960089E+13   7.9545E-07   9.0397E-07   0.87996
FLUX 1055  5050.00        5.936485E+13   7.8126E-07   8.9730E-07   0.87068
FLUX 1056  5070.00        5.913067E+13   7.8227E-07   8.9070E-07   0.87827
FLUX 1057  5090.00        5.889833E+13   7.7965E-07   8.8417E-07   0.88179
FLUX 1058  5110.00        5.866781E+13   7.6788E-07   8.7771E-07   0.87486
FLUX 1059  5130.00        5.843908E+13   7.7279E-07   8.7132E-07   0.88692
FLUX 1060  5150.00        5.821214E+13   7.6290E-07   8.6501E-07   0.88196
FLUX 1061  5170.00        5.798694E+13   7.6887E-07   8.5876E-07   0.89533
FLUX 1062  5190.00        5.776349E+13   7.5794E-07   8.5258E-07   0.88900
FLUX 1063  5210.00        5.754175E+13   7.5676E-07   8.4646E-07   0.89402
FLUX 1064  5230.00        5.732170E+13   7.4693E-07   8.4041E-07   0.88876
FLUX 1065  5250.00        5.710333E+13   7.4968E-07   8.3443E-07   0.89843
FLUX 1066  5270.00        5.688662E+13   7.5329E-07   8.2851E-07   0.90922
FLUX 1067  5290.00        5.667155E+13   7.3693E-07   8.2265E-07   0.89580
FLUX 1068  5310.00        5.645810E+13   7.3479E-07   8.1686E-07   0.89952
FLUX 1069  5330.00        5.624625E+13   7.3481E-07   8.1113E-07   0.90591
FLUX 1070  5350.00        5.603598E+13   7.3171E-07   8.0545E-07   0.90845
FLUX 1071  5370.00        5.582728E+13   7.2958E-07   7.9983E-07   0.91217
FLUX 1072  5390.00        5.562013E+13   7.2703E-07   7.9427E-07   0.91534
FLUX 1073  5410.00        5.541451E+13   7.2330E-07   7.8877E-07   0.91700
FLUX 1074  5430.00        5.521041E+13   7.1321E-07   7.8333E-07   0.91049
FLUX 1075  5450.00        5.500780E+13   7.1695E-07   7.7794E-07   0.92160
FLUX 1076  5470.00        5.480667E+13   7.1100E-07   7.7260E-07   0.92026
FLUX 1077  5490.00        5.460701E+13   7.0744E-07   7.6732E-07   0.92196
FLUX 1078  5510.00        5.440880E+13   7.0457E-07   7.6210E-07   0.92452
FLUX 1079  5530.00        5.421203E+13   7.1315E-07   7.5693E-07   0.94216
FLUX 1080  5550.00        5.401667E+13   6.9514E-07   7.5181E-07   0.92463
FLUX 1081  5570.00        5.382271E+13   7.0267E-07   7.4674E-07   0.94099
FLUX 1082  5590.00        5.363014E+13   6.9362E-07   7.4172E-07   0.93514
FLUX 1083  5610.00        5.343895E+13   6.9294E-07   7.3676E-07   0.94052
FLUX 1084  5630.00        5.324911E+13   6.8448E-07   7.3184E-07   0.93529
FLUX 1085  5650.00        5.306062E+13   6.8788E-07   7.2697E-07   0.94622
FLUX 1086  5670.00        5.287346E+13   6.8457E-07   7.2215E-07   0.94795
FLUX 1087  5690.00        5.268761E+13   6.7530E-07   7.1738E-07   0.94134
FLUX 1088  5710.00        5.250306E+13   6.7953E-07   7.1266E-07   0.95351
FLUX 1089  5730.00        5.231981E+13   6.7481E-07   7.0798E-07   0.95315
FLUX 1090  5750.00        5.213783E+13   6.7233E-07   7.0335E-07   0.95590
FLUX 1091  5770.00        5.195711E+13   6.6639E-07   6.9876E-07   0.95367
FLUX 1092  5790.00        5.177763E+13   6.6815E-07   6.9422E-07   0.96245
FLUX 1093  5810.00        5.159940E+13   6.6021E-07   6.8973E-07   0.95721
FLUX 1094  5830.00        5.142238E+13   6.5809E-07   6.8527E-07   0.96034
FLUX 1095  5850.00        5.124658E+13   6.5609E-07   6.8086E-07   0.96363
FLUX 1096  5870.00        5.107198E+13   6.4912E-07   6.7649E-07   0.95954
FLUX 1097  5890.00        5.089856E+13   6.4669E-07   6.7216E-07   0.96210
FLUX 1098  5910.00        5.072631E+13   6.4541E-07   6.6787E-07   0.96636
FLUX 1099  5930.00        5.055523E+13   6.4261E-07   6.6363E-07   0.96834
FLUX 1100  5950.00        5.038529E+13   6.3717E-07   6.5942E-07   0.96625
FLUX 1101  5970.00        5.021650E+13   6.3690E-07   6.5526E-07   0.97198
FLUX 1102  5990.00        5.004883E+13   6.3350E-07   6.5113E-07   0.97292
FLUX 1103  6010.00        4.988228E+13   6.3005E-07   6.4704E-07   0.97374
FLUX 1104  6030.00        4.971683E+13   6.2688E-07   6.4299E-07   0.97494
FLUX 1105  6050.00        4.955248E+13   6.2120E-07   6.3898E-07   0.97217
FLUX 1106  6070.00        4.938921E+13   6.1823E-07   6.3501E-07   0.97358
FLUX 1107  6090.00        4.922701E+13   6.1491E-07   6.3107E-07   0.97439
FLUX 1108  6110.00        4.906588E+13   6.0986E-07   6.2717E-07   0.97240
FLUX 1109  6130.00        4.890579E+13   6.0875E-07   6.2331E-07   0.97664
FLUX 1110  6150.00        4.874675E+13   6.0638E-07   6.1948E-07   0.97885
FLUX 1111  6170.00        4.858874E+13   6.0418E-07   6.1569E-07   0.98131
FLUX 1112  6190.00        4.843174E+13   6.0142E-07   6.1193E-07   0.98283
FLUX 1113  6210.00        4.827576E+13   5.9872E-07   6.0821E-07   0.98439
FLUX 1114  6230.00        4.812079E+13   5.9350E-07   6.0452E-07   0.98177
FLUX 1115  6250.00        4.796680E+13   5.8918E-07   6.0086E-07   0.98056
FLUX 1116  6270.00        4.781380E+13   5.8634E-07   5.9724E-07   0.98175
FLUX 1117  6290.00        4.766176E+13   5.8420E-07   5.9364E-07   0.98409
FLUX 1118  6310.00        4.751070E+13   5.8016E-07   5.9008E-07   0.98319
FLUX 1119  6330.00        4.736058E+13   5.7957E-07   5.8655E-07   0.98809
FLUX 1120  6350.00        4.721142E+13   5.7516E-07   5.8306E-07   0.98646
FLUX 1121  6370.00        4.706319E+13   5.7388E-07   5.7959E-07   0.99014
FLUX 1122  6390.00        4.691588E+13   5.6930E-07   5.7616E-07   0.98810
FLUX 1123  6420.00        4.669665E+13   5.6509E-07   5.7106E-07   0.98954
FLUX 1124  6460.00        4.640751E+13   5.5840E-07   5.6437E-07   0.98943
FLUX 1125  6500.00        4.612192E+13   5.5256E-07   5.5780E-07   0.99060
FLUX 1126  6540.00        4.583983E+13   5.4687E-07   5.5134E-07   0.99190
FLUX 1127  6580.00        4.556117E+13   5.4168E-07   5.4499E-07   0.99393
FLUX 1128  6620.00        4.528588E+13   5.3532E-07   5.3875E-07   0.99362
FLUX 1129  6660.00        4.501389E+13   5.2986E-07   5.3262E-07   0.99481
FLUX 1130  6700.00        4.474515E+13   5.2426E-07   5.2659E-07   0.99557
FLUX 1131  6740.00        4.447960E+13   5.1811E-07   5.2067E-07   0.99509
FLUX 1132  6780.00        4.421718E+13   5.1289E-07   5.1484E-07   0.99621
FLUX 1133  6820.00        4.395784E+13   5.0724E-07   5.0911E-07   0.99633
FLUX 1134  6860.00        4.370153E+13   5.0211E-07   5.0347E-07   0.99729
FLUX 1135  6900.00        4.344819E+13   4.9657E-07   4.9793E-07   0.99727
FLUX 1136  6940.00        4.319777E+13   4.9125E-07   4.9248E-07   0.99750
FLUX 1137  6980.00        4.295021E+13   4.8622E-07   4.8712E-07   0.99816
FLUX 1138  7020.00        4.270548E+13   4.8049E-07   4.8184E-07   0.99719
FLUX 1139  7060.00        4.246353E+13   4.7592E-07   4.7665E-07   0.99846
FLUX 1140  7100.00        4.222430E+13   4.7087E-07   4.7155E-07   0.99857
FLUX 1141  7140.00        4.198775E+13   4.6602E-07   4.6652E-07   0.99893
FLUX 1142  7180.00        4.175383E+13   4.6106E-07   4.6158E-07   0.99888
FLUX 1143  7220.00        4.152251E+13   4.5630E-07   4.5671E-07   0.99912
FLUX 1144  7260.00        4.129373E+13   4.5145E-07   4.5192E-07   0.99897
FLUX 1145  7300.00        4.106747E+13   4.4691E-07   4.4720E-07   0.99936
FLUX 1146  7340.00        4.084366E+13   4.4206E-07   4.4256E-07   0.99887
FLUX 1147  7380.00        4.062229E+13   4.3774E-07   4.3799E-07   0.99943
FLUX 1148  7420.00        4.040330E+13   4.3282E-07   4.3348E-07   0.99847
FLUX 1149  7460.00        4.018666E+13   4.2831E-07   4.2905E-07   0.99826
FLUX 1150  7500.00        3.997233E+13   4.2424E-07   4.2469E-07   0.99894
FLUX 1151  7540.00        3.976028E+13   4.1973E-07   4.2039E-07   0.99844
FLUX 1152  7580.00        3.955046E+13   4.1603E-07   4.1615E-07   0.99969
FLUX 1153  7620.00        3.934285E+13   4.1184E-07   4.1198E-07   0.99965
FLUX 1154  7660.00        3.913740E+13   4.0776E-07   4.0788E-07   0.99971
FLUX 1155  7700.00        3.893409E+13   4.0357E-07   4.0383E-07   0.99936
FLUX 1156  7740.00        3.873288E+13   3.9973E-07   3.9984E-07   0.99973
FLUX 1157  7780.00        3.853374E+13   3.9586E-07   3.9591E-07   0.99988
FLUX 1158  7820.00        3.833664E+13   3.9195E-07   3.9204E-07   0.99978
FLUX 1159  7860.00        3.814154E+13   3.8817E-07   3.8823E-07   0.99987
FLUX 1160  7900.00        3.794842E+13   3.8441E-07   3.8447E-07   0.99984
FLUX 1161  7940.00        3.775724E+13   3.8067E-07   3.8076E-07   0.99977
FLUX 1162  7980.00        3.756798E+13   3.7708E-07   3.7711E-07   0.99993
FLUX 1163  8020.00        3.738061E+13   3.7325E-07   3.7351E-07   0.99930
FLUX 1164  8060.00        3.719510E+13   3.6963E-07   3.6996E-07   0.99912
FLUX 1165  8100.00        3.701142E+13   3.6637E-07   3.6646E-07   0.99974
FLUX 1166  8140.00        3.682955E+13   3.6267E-07   3.6302E-07   0.99904
FLUX 1167  8180.00        3.664945E+13   3.5952E-07   3.5961E-07   0.99975
FLUX 1168  8220.00        3.647111E+13   3.5621E-07   3.5626E-07   0.99987
FLUX 1169  8260.00        3.629449E+13   3.5284E-07   3.5295E-07   0.99966
FLUX 1170  8300.00        3.611958E+13   3.4961E-07   3.4969E-07   0.99977
FLUX 1171  8340.00        3.594634E+13   3.4621E-07   3.4648E-07   0.99923
FLUX 1172  8380.00        3.577476E+13   3.4304E-07   3.4331E-07   0.99922
FLUX 1173  8420.00        3.560481E+13   3.4010E-07   3.4018E-07   0.99976
FLUX 1174  8460.00        3.543647E+13   3.3697E-07   3.3709E-07   0.99964
FLUX 1175  8500.00        3.526971E+13   3.3393E-07   3.3405E-07   0.99964
FLUX 1176  8540.00        3.510451E+13   3.3094E-07   3.3104E-07   0.99968
FLUX 1177  8580.00        3.494085E+13   3.2801E-07   3.2808E-07   0.99977
FLUX 1178  8620.00        3.477871E+13   3.2508E-07   3.2516E-07   0.99975
FLUX 1179  8660.00        3.461807E+13   3.2224E-07   3.2227E-07   0.99989
FLUX 1180  8700.00        3.445891E+13   3.1939E-07   3.1943E-07   0.99990
FLUX 1181  8740.00        3.430120E+13   3.1658E-07   3.1662E-07   0.99989
FLUX 1182  8780.00        3.414493E+13   3.1379E-07   3.1385E-07   0.99983
FLUX 1183  8820.00        3.399008E+13   3.1089E-07   3.1111E-07   0.99930
FLUX 1184  8860.00        3.383663E+13   3.0823E-07   3.0841E-07   0.99944
FLUX 1185  8900.00        3.368455E+13   3.0546E-07   3.0574E-07   0.99907
FLUX 1186  8940.00        3.353384E+13   3.0303E-07   3.0311E-07   0.99974
FLUX 1187  8980.00        3.338447E+13   3.0025E-07   3.0051E-07   0.99912
FLUX 1188  9020.00        3.323642E+13   2.9786E-07   2.9795E-07   0.99971
FLUX 1189  9060.00        3.308968E+13   2.9540E-07   2.9542E-07   0.99994
FLUX 1190  9100.00        3.294423E+13   2.9258E-07   2.9292E-07   0.99886
FLUX 1191  9140.00        3.280005E+13   2.9031E-07   2.9045E-07   0.99951
FLUX 1192  9180.00        3.265714E+13   2.8791E-07   2.8801E-07   0.99965
FLUX 1193  9220.00        3.251546E+13   2.8560E-07   2.8560E-07   0.99998
FLUX 1194  9260.00        3.237500E+13   2.8320E-07   2.8323E-07   0.99990
FLUX 1195  9300.00        3.223575E+13   2.8087E-07   2.8088E-07   0.99995
FLUX 1196  9340.00        3.209770E+13   2.7852E-07   2.7856E-07   0.99985
FLUX 1197  9380.00        3.196082E+13   2.7625E-07   2.7627E-07   0.99993
FLUX 1198  9420.00        3.182511E+13   2.7399E-07   2.7401E-07   0.99995
FLUX 1199  9460.00        3.169054E+13   2.7170E-07   2.7178E-07   0.99972
FLUX 1200  9500.00        3.155711E+13   2.6951E-07   2.6957E-07   0.99979
FLUX 1201  9540.00        3.142479E+13   2.6735E-07   2.6739E-07   0.99984
FLUX 1202  9580.00        3.129358E+13   2.6522E-07   2.6524E-07   0.99995
FLUX 1203  9620.00        3.116346E+13   2.6306E-07   2.6311E-07   0.99982
FLUX 1204  9660.00        3.103442E+13   2.6099E-07   2.6101E-07   0.99993
FLUX 1205  9700.00        3.090644E+13   2.5892E-07   2.5893E-07   0.99997
FLUX 1206  9740.00        3.077952E+13   2.5655E-07   2.5688E-07   0.99873
FLUX 1207  9780.00        3.065363E+13   2.5472E-07   2.5485E-07   0.99950
FLUX 1208  9820.00        3.052877E+13   2.5282E-07   2.5285E-07   0.99989
FLUX 1209  9860.00        3.040492E+13   2.5085E-07   2.5087E-07   0.99993
FLUX 1210  9900.00        3.028207E+13   2.4891E-07   2.4891E-07   0.99999
FLUX 1211  9940.00        3.016021E+13   2.4693E-07   2.4698E-07   0.99980
FLUX 1212  9980.00        3.003933E+13   2.4504E-07   2.4506E-07   0.99989
FLUX 1213 10020.00        2.991941E+13   2.4315E-07   2.4317E-07   0.99989
FLUX 1214 20000.00        1.498963E+13   6.2808E-08   6.2809E-08   0.99999
FLUX 1215 40000.00        7.494813E+12   1.5794E-08   1.5795E-08   1.00000
FLUX 1216 60000.00        4.996542E+12   6.9873E-09   6.9873E-09   1.00000
FLUX 1217 80000.00        3.747406E+12   3.9061E-09   3.9061E-09   1.00000
FLUX 1218100000.00        2.997925E+12   2.4845E-09   2.4845E-09   1.00000
FLUX 1219120000.00        2.498271E+12   1.7153E-09   1.7153E-09   1.00000
FLUX 1220140000.00        2.141375E+12   1.2534E-09   1.2534E-09   1.00000
FLUX 1221160000.00        1.873703E+12   9.5486E-10   9.5486E-10   1.00000
FLUX
