TEFF  24000.  GRAVITY 3.50000 LTE 
TITLE TEST MODEL WITH SDSC OPACITY  VTURB 2 KM/S                                
 OPACITY IFOP
FLUX   45    23.00        1.303446E+16   5.5345E-19   7.1937E-19   0.76936
FLUX   46    23.40        1.281165E+16   1.3277E-18   1.3677E-18   0.97076
FLUX   47    24.00        1.249135E+16   3.3507E-18   3.4509E-18   0.97097
FLUX   48    24.65        1.216197E+16   8.7568E-18   8.9593E-18   0.97740
FLUX   49    25.24        1.187767E+16   2.0280E-17   2.0453E-17   0.99157
FLUX   50    25.68        1.167416E+16   3.4807E-17   3.6983E-17   0.94117
FLUX   51    26.00        1.153048E+16   5.9610E-17   6.0139E-17   0.99121
FLUX   52    26.40        1.135578E+16   9.8679E-17   1.0182E-16   0.96919
FLUX   53    26.85        1.116546E+16   1.7299E-16   1.7672E-16   0.97891
FLUX   54    27.35        1.096133E+16   3.1385E-16   3.1950E-16   0.98231
FLUX   55    27.85        1.076454E+16   5.5885E-16   5.6649E-16   0.98650
FLUX   56    28.40        1.055607E+16   1.0954E-15   1.1012E-15   0.99465
FLUX   57    29.00        1.033767E+16   2.0531E-15   2.0788E-15   0.98764
FLUX   58    29.60        1.012813E+16   3.7990E-15   3.8267E-15   0.99274
FLUX   59    30.10        9.959884E+15   6.1403E-15   6.2864E-15   0.97676
FLUX   60    30.80        9.733523E+15   1.2107E-14   1.3185E-14   0.91828
FLUX   61    31.80        9.427437E+15   3.1747E-14   3.2219E-14   0.98534
FLUX   62    32.80        9.140015E+15   7.1916E-14   7.4836E-14   0.96099
FLUX   63    33.80        8.869601E+15   1.6517E-13   1.6590E-13   0.99559
FLUX   64    34.80        8.614727E+15   3.5028E-13   3.5274E-13   0.99303
FLUX   65    35.70        8.397549E+15   1.4572E-12   1.5612E-12   0.93339
FLUX   66    36.60        8.191052E+15   2.9422E-12   3.0769E-12   0.95623
FLUX   67    37.50        7.994467E+15   4.7933E-12   5.2637E-12   0.91064
FLUX   68    38.50        7.786818E+15   8.5749E-12   9.3695E-12   0.91519
FLUX   69    39.50        7.589684E+15   1.6322E-11   1.7519E-11   0.93166
FLUX   70    40.50        7.402284E+15   2.6751E-11   2.9039E-11   0.92121
FLUX   71    41.40        7.241365E+15   4.2246E-11   4.5371E-11   0.93112
FLUX   72    42.20        7.104088E+15   6.2097E-11   7.0988E-11   0.87476
FLUX   73    43.00        6.971919E+15   9.2520E-11   1.0104E-10   0.91564
FLUX   74    44.10        6.798016E+15   1.4998E-10   1.6078E-10   0.93286
FLUX   75    45.10        6.647284E+15   2.1997E-10   2.4213E-10   0.90850
FLUX   76    46.00        6.517228E+15   3.0786E-10   3.4217E-10   0.89974
FLUX   77    47.00        6.378564E+15   4.6013E-10   4.9474E-10   0.93006
FLUX   78    48.00        6.245677E+15   6.6335E-10   7.0365E-10   0.94273
FLUX   79    49.00        6.118214E+15   9.5056E-10   9.8763E-10   0.96247
FLUX   80    50.00        5.995850E+15   1.3184E-09   1.3643E-09   0.96639
FLUX   81    50.60        5.924753E+15   9.4421E-09   2.1320E-08   0.44287
FLUX   82    51.20        5.855322E+15   7.1278E-08   1.3529E-07   0.52686
FLUX   83    52.00        5.765240E+15   8.3322E-08   1.5465E-07   0.53878
FLUX   84    53.00        5.656462E+15   1.0024E-07   1.8231E-07   0.54982
FLUX   85    54.00        5.551713E+15   1.0350E-07   2.1426E-07   0.48307
FLUX   86    55.00        5.450773E+15   1.7490E-07   2.5107E-07   0.69660
FLUX   87    56.00        5.353438E+15   2.1825E-07   2.9311E-07   0.74458
FLUX   88    57.00        5.259518E+15   2.7112E-07   3.4088E-07   0.79534
FLUX   89    58.00        5.168836E+15   2.6532E-07   4.0466E-07   0.65567
FLUX   90    59.00        5.081229E+15   3.7017E-07   4.6636E-07   0.79373
FLUX   91    60.00        4.996542E+15   4.3221E-07   5.3547E-07   0.80715
FLUX   92    61.00        4.914631E+15   5.3577E-07   6.1253E-07   0.87469
FLUX   93    62.00        4.835363E+15   6.1618E-07   6.9815E-07   0.88259
FLUX   94    63.00        4.758611E+15   7.0460E-07   7.9292E-07   0.88862
FLUX   95    64.00        4.684258E+15   7.3085E-07   8.9776E-07   0.81408
FLUX   96    65.00        4.612192E+15   8.8337E-07   1.0130E-06   0.87200
FLUX   97    65.80        4.556117E+15   1.0086E-06   1.1133E-06   0.90598
FLUX   98    66.50        4.508158E+15   1.0803E-06   1.2069E-06   0.89510
FLUX   99    67.50        4.441370E+15   1.1002E-06   1.3509E-06   0.81443
FLUX  100    68.50        4.376533E+15   1.1707E-06   1.5073E-06   0.77665
FLUX  101    69.50        4.313561E+15   1.5455E-06   1.6768E-06   0.92168
FLUX  102    70.50        4.252376E+15   1.5913E-06   1.8600E-06   0.85554
FLUX  103    71.60        4.187046E+15   1.8678E-06   2.0779E-06   0.89891
FLUX  104    72.60        4.129373E+15   2.0065E-06   2.2917E-06   0.87553
FLUX  105    73.50        4.078810E+15   2.1142E-06   2.4974E-06   0.84655
FLUX  106    74.50        4.024060E+15   2.4971E-06   2.7412E-06   0.91097
FLUX  107    75.50        3.970762E+15   2.7491E-06   3.0014E-06   0.91595
FLUX  108    76.50        3.918856E+15   3.0226E-06   3.2789E-06   0.92181
FLUX  109    77.50        3.868290E+15   3.3304E-06   3.5732E-06   0.93204
FLUX  110    78.50        3.819013E+15   3.6695E-06   3.8853E-06   0.94447
FLUX  111    79.50        3.770975E+15   3.8956E-06   4.2153E-06   0.92416
FLUX  112    80.50        3.724130E+15   4.1650E-06   4.5637E-06   0.91263
FLUX  113    81.50        3.678436E+15   4.3794E-06   4.9308E-06   0.88818
FLUX  114    82.50        3.633848E+15   4.9152E-06   5.3172E-06   0.92440
FLUX  115    83.50        3.590329E+15   4.1221E-06   5.7234E-06   0.72022
FLUX  116    84.50        3.547840E+15   5.3312E-06   6.1492E-06   0.86697
FLUX  117    85.50        3.506345E+15   5.5685E-06   6.5950E-06   0.84436
FLUX  118    86.50        3.465809E+15   6.0891E-06   7.0607E-06   0.86239
FLUX  119    87.50        3.426200E+15   6.6679E-06   7.5466E-06   0.88357
FLUX  120    88.50        3.387486E+15   7.4096E-06   8.0532E-06   0.92008
FLUX  121    89.50        3.349637E+15   7.9345E-06   8.5802E-06   0.92474
FLUX  122    90.50        3.312624E+15   8.0325E-06   9.1277E-06   0.88001
FLUX  123    91.50        3.276421E+15   1.3199E-05   9.8591E-04   0.01339
FLUX  124    92.50        3.241000E+15   1.1991E-04   9.8814E-04   0.12135
FLUX  125    93.50        3.206337E+15   2.6127E-04   9.9009E-04   0.26388
FLUX  126    94.50        3.172407E+15   4.2491E-04   9.9176E-04   0.42844
FLUX  127    95.50        3.139188E+15   5.0336E-04   9.9316E-04   0.50683
FLUX  128    96.50        3.106658E+15   5.2176E-04   9.9431E-04   0.52475
FLUX  129    97.50        3.074795E+15   8.5569E-05   9.9526E-04   0.08598
FLUX  130    98.50        3.043579E+15   3.3929E-04   9.9598E-04   0.34066
FLUX  131    99.50        3.012990E+15   3.8310E-04   9.9646E-04   0.38446
FLUX  132   100.50        2.983010E+15   5.6718E-04   9.9673E-04   0.56904
FLUX  133   101.50        2.953621E+15   5.9706E-04   9.9679E-04   0.59898
FLUX  134   102.50        2.924805E+15   3.9696E-04   9.9680E-04   0.39824
FLUX  135   103.50        2.896546E+15   4.8945E-04   9.9647E-04   0.49118
FLUX  136   104.50        2.868828E+15   7.5567E-04   9.9595E-04   0.75875
FLUX  137   105.50        2.841635E+15   7.0164E-04   9.9525E-04   0.70499
FLUX  138   106.50        2.814953E+15   5.7061E-04   9.9438E-04   0.57384
FLUX  139   107.50        2.788767E+15   6.5857E-04   9.9334E-04   0.66299
FLUX  140   108.50        2.763065E+15   5.6673E-04   9.9215E-04   0.57121
FLUX  141   109.50        2.737831E+15   7.1492E-04   9.9081E-04   0.72155
FLUX  142   110.50        2.713054E+15   6.6498E-04   9.8954E-04   0.67200
FLUX  143   111.50        2.688722E+15   6.5780E-04   9.8791E-04   0.66585
FLUX  144   112.50        2.664822E+15   5.3896E-04   9.8616E-04   0.54653
FLUX  145   113.50        2.641344E+15   7.0832E-04   9.8431E-04   0.71961
FLUX  146   114.50        2.618275E+15   6.6639E-04   9.8231E-04   0.67839
FLUX  147   115.50        2.595606E+15   6.8348E-04   9.8020E-04   0.69729
FLUX  148   116.50        2.573326E+15   6.7674E-04   9.7797E-04   0.69198
FLUX  149   117.50        2.551426E+15   3.7277E-04   9.7580E-04   0.38202
FLUX  150   118.50        2.529895E+15   6.6370E-04   9.7337E-04   0.68185
FLUX  151   119.50        2.508724E+15   6.2196E-04   9.7086E-04   0.64063
FLUX  152   120.50        2.487905E+15   4.5716E-04   9.6825E-04   0.47215
FLUX  153   121.50        2.467428E+15   4.3688E-04   9.6556E-04   0.45246
FLUX  154   122.50        2.447286E+15   6.3600E-04   9.6309E-04   0.66037
FLUX  155   123.50        2.427470E+15   7.2258E-04   9.6025E-04   0.75249
FLUX  156   124.50        2.407972E+15   7.2914E-04   9.5737E-04   0.76161
FLUX  157   125.50        2.388785E+15   7.0512E-04   9.5439E-04   0.73882
FLUX  158   126.50        2.369901E+15   7.2833E-04   9.5133E-04   0.76559
FLUX  159   127.50        2.351314E+15   7.7203E-04   9.4821E-04   0.81419
FLUX  160   128.50        2.333016E+15   7.7403E-04   9.4504E-04   0.81904
FLUX  161   129.50        2.315000E+15   6.3400E-04   9.4181E-04   0.67316
FLUX  162   130.50        2.297261E+15   6.8065E-04   9.3854E-04   0.72522
FLUX  163   131.50        2.279791E+15   7.9033E-04   9.3522E-04   0.84507
FLUX  164   132.50        2.262585E+15   7.4683E-04   9.3190E-04   0.80141
FLUX  165   133.50        2.245637E+15   7.2304E-04   9.2854E-04   0.77869
FLUX  166   134.50        2.228941E+15   7.5915E-04   9.2514E-04   0.82058
FLUX  167   135.50        2.212491E+15   7.5390E-04   9.2170E-04   0.81795
FLUX  168   136.50        2.196282E+15   7.0187E-04   9.1822E-04   0.76439
FLUX  169   137.50        2.180309E+15   6.9009E-04   9.1472E-04   0.75443
FLUX  170   138.50        2.164567E+15   6.7910E-04   9.1119E-04   0.74529
FLUX  171   139.50        2.149050E+15   4.6195E-04   9.0763E-04   0.50896
FLUX  172   140.50        2.133754E+15   5.0423E-04   9.0406E-04   0.55774
FLUX  173   141.50        2.118675E+15   6.3538E-04   9.0047E-04   0.70561
FLUX  174   142.50        2.103807E+15   6.2676E-04   8.9688E-04   0.69882
FLUX  175   143.50        2.089146E+15   6.6308E-04   8.9325E-04   0.74232
FLUX  176   144.20        2.079005E+15   6.8028E-04   8.9070E-04   0.76376
FLUX  177   144.70        2.071821E+15   6.7119E-04   8.8888E-04   0.75510
FLUX  178   145.50        2.060430E+15   6.5570E-04   8.8595E-04   0.74011
FLUX  179   146.50        2.046365E+15   6.0420E-04   8.8228E-04   0.68482
FLUX  180   147.50        2.032492E+15   6.3070E-04   8.7859E-04   0.71786
FLUX  181   148.50        2.018805E+15   6.3365E-04   8.7490E-04   0.72426
FLUX  182   149.50        2.005301E+15   6.2800E-04   8.7119E-04   0.72085
FLUX  183   150.50        1.991977E+15   5.7457E-04   8.6747E-04   0.66235
FLUX  184   151.20        1.982755E+15   5.0461E-04   8.6486E-04   0.58346
FLUX  185   151.70        1.976220E+15   5.2769E-04   8.6299E-04   0.61147
FLUX  186   152.50        1.965852E+15   5.5443E-04   8.6002E-04   0.64467
FLUX  187   153.50        1.953046E+15   4.6217E-04   8.5629E-04   0.53974
FLUX  188   154.50        1.940405E+15   4.3894E-04   8.5257E-04   0.51484
FLUX  189   155.50        1.927926E+15   4.4080E-04   8.4884E-04   0.51930
FLUX  190   156.50        1.915607E+15   4.9908E-04   8.4512E-04   0.59055
FLUX  191   157.50        1.903444E+15   5.4432E-04   8.4139E-04   0.64693
FLUX  192   158.50        1.891435E+15   5.5680E-04   8.3767E-04   0.66470
FLUX  193   159.50        1.879577E+15   5.5514E-04   8.3395E-04   0.66568
FLUX  194   160.50        1.867866E+15   5.7340E-04   8.3023E-04   0.69065
FLUX  195   161.50        1.856300E+15   5.6833E-04   8.2651E-04   0.68762
FLUX  196   162.50        1.844877E+15   5.6309E-04   8.2281E-04   0.68436
FLUX  197   163.50        1.833593E+15   6.1049E-04   8.1910E-04   0.74531
FLUX  198   164.50        1.822447E+15   6.1823E-04   8.1541E-04   0.75819
FLUX  199   165.50        1.811435E+15   6.1830E-04   8.1172E-04   0.76172
FLUX  200   166.50        1.800556E+15   6.3546E-04   8.0805E-04   0.78641
FLUX  201   167.20        1.793017E+15   6.0623E-04   8.0549E-04   0.75262
FLUX  202   167.70        1.787671E+15   6.7575E-04   8.0367E-04   0.84083
FLUX  203   168.50        1.779184E+15   6.5991E-04   8.0075E-04   0.82411
FLUX  204   169.50        1.768687E+15   6.2683E-04   7.9711E-04   0.78638
FLUX  205   170.50        1.758314E+15   6.2047E-04   7.9349E-04   0.78195
FLUX  206   171.50        1.748061E+15   5.8754E-04   7.8987E-04   0.74384
FLUX  207   172.50        1.737928E+15   5.8841E-04   7.8627E-04   0.74836
FLUX  208   173.50        1.727911E+15   6.2296E-04   7.8268E-04   0.79593
FLUX  209   174.50        1.718009E+15   6.1304E-04   7.7910E-04   0.78686
FLUX  210   175.50        1.708219E+15   6.2742E-04   7.7553E-04   0.80903
FLUX  211   176.50        1.698541E+15   6.2712E-04   7.7197E-04   0.81237
FLUX  212   177.50        1.688972E+15   5.8765E-04   7.6842E-04   0.76475
FLUX  213   178.50        1.679510E+15   6.1032E-04   7.6489E-04   0.79793
FLUX  214   179.50        1.670153E+15   6.3510E-04   7.6137E-04   0.83416
FLUX  215   180.50        1.660900E+15   6.4958E-04   7.5786E-04   0.85713
FLUX  216   181.50        1.651749E+15   5.7460E-04   7.5437E-04   0.76170
FLUX  217   182.50        1.642699E+15   6.1104E-04   7.5090E-04   0.81374
FLUX  218   183.50        1.633747E+15   5.9837E-04   7.4746E-04   0.80054
FLUX  219   184.50        1.624892E+15   5.4503E-04   7.4404E-04   0.73252
FLUX  220   185.50        1.616132E+15   5.5955E-04   7.4064E-04   0.75549
FLUX  221   186.50        1.607466E+15   5.7412E-04   7.3726E-04   0.77873
FLUX  222   187.50        1.598893E+15   6.1047E-04   7.3388E-04   0.83184
FLUX  223   188.50        1.590411E+15   5.4299E-04   7.3053E-04   0.74329
FLUX  224   189.50        1.582018E+15   5.0447E-04   7.2719E-04   0.69372
FLUX  225   190.50        1.573714E+15   5.6555E-04   7.2386E-04   0.78130
FLUX  226   191.50        1.565496E+15   5.2875E-04   7.2057E-04   0.73381
FLUX  227   192.50        1.557364E+15   5.0519E-04   7.1727E-04   0.70433
FLUX  228   193.50        1.549315E+15   5.5009E-04   7.1399E-04   0.77045
FLUX  229   194.50        1.541350E+15   5.6937E-04   7.1072E-04   0.80112
FLUX  230   195.50        1.533465E+15   5.1071E-04   7.0748E-04   0.72187
FLUX  231   196.70        1.524110E+15   5.6991E-04   7.0367E-04   0.80990
FLUX  232   197.60        1.517169E+15   5.9971E-04   7.0083E-04   0.85571
FLUX  233   198.40        1.511051E+15   5.5991E-04   6.9832E-04   0.80179
FLUX  234   199.50        1.502719E+15   5.5545E-04   6.9488E-04   0.79935
FLUX  235   200.50        1.495224E+15   5.8616E-04   6.9177E-04   0.84733
FLUX  236   201.50        1.487804E+15   5.8414E-04   6.8868E-04   0.84821
FLUX  237   202.50        1.480457E+15   6.0863E-04   6.8560E-04   0.88773
FLUX  238   203.50        1.473182E+15   5.5339E-04   6.8253E-04   0.81079
FLUX  239   204.50        1.465978E+15   5.7320E-04   6.7948E-04   0.84358
FLUX  240   205.50        1.458844E+15   5.5400E-04   6.7764E-04   0.81754
FLUX  241   206.50        1.451780E+15   5.6568E-04   6.7458E-04   0.83856
FLUX  242   207.40        1.445480E+15   6.1439E-04   6.7184E-04   0.91448
FLUX  243   207.80        1.442697E+15   5.4062E-04   6.7063E-04   0.80613
FLUX  244   208.50        1.437854E+15   5.8052E-04   6.6852E-04   0.86837
FLUX  245   209.50        1.430990E+15   5.4922E-04   6.6551E-04   0.82525
FLUX  246   210.50        1.424192E+15   5.7669E-04   6.6252E-04   0.87044
FLUX  247   211.50        1.417459E+15   5.8566E-04   6.5955E-04   0.88796
FLUX  248   212.50        1.410788E+15   5.9479E-04   6.5660E-04   0.90587
FLUX  249   213.50        1.404180E+15   5.9126E-04   6.5366E-04   0.90453
FLUX  250   214.50        1.397634E+15   5.5945E-04   6.5074E-04   0.85971
FLUX  251   215.50        1.391148E+15   5.9452E-04   6.4784E-04   0.91770
FLUX  252   216.50        1.384723E+15   5.9953E-04   6.4495E-04   0.92958
FLUX  253   217.50        1.378356E+15   5.9710E-04   6.4208E-04   0.92994
FLUX  254   218.50        1.372048E+15   5.7932E-04   6.3923E-04   0.90627
FLUX  255   219.50        1.365797E+15   5.9578E-04   6.3640E-04   0.93618
FLUX  256   220.50        1.359603E+15   5.9948E-04   6.3358E-04   0.94618
FLUX  257   221.50        1.353465E+15   5.9331E-04   6.3078E-04   0.94060
FLUX  258   222.50        1.347382E+15   5.8280E-04   6.2799E-04   0.92804
FLUX  259   223.50        1.341353E+15   5.7835E-04   6.2522E-04   0.92502
FLUX  260   224.50        1.335379E+15   5.9027E-04   6.2247E-04   0.94827
FLUX  261   225.50        1.329457E+15   5.7700E-04   6.1973E-04   0.93105
FLUX  262   226.50        1.323587E+15   5.8941E-04   6.1701E-04   0.95527
FLUX  263   227.50        1.317769E+15   5.8539E-04   6.1431E-04   0.95292
FLUX  264   228.50        1.312002E+15   5.9095E-04   6.1162E-04   0.96621
FLUX  265   229.50        1.306285E+15   5.5191E-04   6.0895E-04   0.90634
FLUX  266   230.50        1.300618E+15   5.8110E-04   6.0629E-04   0.95846
FLUX  267   231.50        1.295000E+15   5.6511E-04   6.0365E-04   0.93615
FLUX  268   232.50        1.289430E+15   5.0113E-04   6.0102E-04   0.83379
FLUX  269   233.50        1.283908E+15   5.4877E-04   5.9841E-04   0.91704
FLUX  270   234.50        1.278433E+15   5.6124E-04   5.9582E-04   0.94196
FLUX  271   235.50        1.273004E+15   5.6357E-04   5.9324E-04   0.94999
FLUX  272   236.50        1.267622E+15   5.6329E-04   5.9068E-04   0.95364
FLUX  273   237.50        1.262284E+15   5.5532E-04   5.8813E-04   0.94421
FLUX  274   238.50        1.256992E+15   5.5647E-04   5.8560E-04   0.95026
FLUX  275   239.50        1.251743E+15   5.5532E-04   5.8308E-04   0.95239
FLUX  276   240.50        1.246538E+15   5.4898E-04   5.8058E-04   0.94557
FLUX  277   241.50        1.241377E+15   5.4961E-04   5.7809E-04   0.95073
FLUX  278   242.50        1.236258E+15   5.5312E-04   5.7562E-04   0.96090
FLUX  279   243.50        1.231181E+15   5.4151E-04   5.7317E-04   0.94477
FLUX  280   244.50        1.226145E+15   5.4789E-04   5.7073E-04   0.95999
FLUX  281   245.50        1.221151E+15   5.5373E-04   5.6830E-04   0.97436
FLUX  282   246.50        1.216197E+15   5.4666E-04   5.6589E-04   0.96603
FLUX  283   247.50        1.211283E+15   5.4281E-04   5.6349E-04   0.96330
FLUX  284   248.50        1.206408E+15   5.3608E-04   5.6111E-04   0.95539
FLUX  285   249.50        1.201573E+15   4.5484E-04   5.5874E-04   0.81404
FLUX  286   250.50        1.196776E+15   5.2675E-04   5.5639E-04   0.94673
FLUX  287   251.30        1.192967E+15   5.0871E-04   5.5452E-04   0.91739
FLUX  288   251.80        1.190598E+15   5.3179E-04   5.5335E-04   0.96104
FLUX  289   252.50        1.187297E+15   5.2774E-04   5.5173E-04   0.95652
FLUX  290   253.50        1.182613E+15   5.2634E-04   5.4943E-04   0.95798
FLUX  291   254.50        1.177967E+15   5.1468E-04   5.4714E-04   0.94067
FLUX  292   255.50        1.173356E+15   5.2372E-04   5.4487E-04   0.96118
FLUX  293   256.50        1.168782E+15   5.2192E-04   5.4261E-04   0.96186
FLUX  294   257.50        1.164243E+15   5.2630E-04   5.4037E-04   0.97396
FLUX  295   258.50        1.159739E+15   5.2189E-04   5.3814E-04   0.96981
FLUX  296   259.50        1.155270E+15   5.2015E-04   5.3592E-04   0.97057
FLUX  297   260.50        1.150835E+15   5.1938E-04   5.3730E-04   0.96665
FLUX  298   261.50        1.146434E+15   5.1459E-04   5.3506E-04   0.96174
FLUX  299   262.50        1.142067E+15   5.1533E-04   5.3284E-04   0.96714
FLUX  300   263.50        1.137732E+15   5.1549E-04   5.3063E-04   0.97148
FLUX  301   264.50        1.133431E+15   5.1541E-04   5.2843E-04   0.97536
FLUX  302   265.50        1.129162E+15   5.1735E-04   5.2625E-04   0.98309
FLUX  303   266.50        1.124925E+15   5.0016E-04   5.2408E-04   0.95436
FLUX  304   267.50        1.120720E+15   5.0655E-04   5.2192E-04   0.97055
FLUX  305   268.50        1.116546E+15   5.0883E-04   5.1978E-04   0.97894
FLUX  306   269.50        1.112403E+15   4.9421E-04   5.1765E-04   0.95472
FLUX  307   270.50        1.108290E+15   4.8758E-04   5.1553E-04   0.94579
FLUX  308   271.50        1.104208E+15   4.9250E-04   5.1342E-04   0.95925
FLUX  309   272.50        1.100156E+15   4.9592E-04   5.1133E-04   0.96987
FLUX  310   273.50        1.096133E+15   4.9612E-04   5.0925E-04   0.97422
FLUX  311   274.50        1.092140E+15   4.8636E-04   5.0718E-04   0.95895
FLUX  312   275.50        1.088176E+15   4.8844E-04   5.0512E-04   0.96697
FLUX  313   276.50        1.084241E+15   4.8721E-04   5.0307E-04   0.96847
FLUX  314   277.50        1.080333E+15   4.9383E-04   5.0104E-04   0.98562
FLUX  315   278.50        1.076454E+15   4.8912E-04   4.9902E-04   0.98017
FLUX  316   279.50        1.072603E+15   4.7496E-04   4.9701E-04   0.95563
FLUX  317   280.50        1.068779E+15   4.8251E-04   4.9501E-04   0.97475
FLUX  318   281.50        1.064982E+15   4.8680E-04   4.9303E-04   0.98738
FLUX  319   282.50        1.061212E+15   4.8399E-04   4.9105E-04   0.98561
FLUX  320   283.50        1.057469E+15   4.6881E-04   4.8909E-04   0.95854
FLUX  321   284.50        1.053752E+15   4.7785E-04   4.8714E-04   0.98094
FLUX  322   285.50        1.050061E+15   4.7271E-04   4.8520E-04   0.97426
FLUX  323   286.50        1.046396E+15   4.7685E-04   4.8327E-04   0.98672
FLUX  324   287.50        1.042757E+15   4.7497E-04   4.8135E-04   0.98674
FLUX  325   288.50        1.039142E+15   4.7313E-04   4.7945E-04   0.98683
FLUX  326   289.50        1.035553E+15   4.6828E-04   4.7755E-04   0.98059
FLUX  327   291.00        1.030215E+15   4.6427E-04   4.7473E-04   0.97796
FLUX  328   293.00        1.023183E+15   4.6476E-04   4.7101E-04   0.98674
FLUX  329   295.00        1.016246E+15   4.5694E-04   4.6733E-04   0.97776
FLUX  330   297.00        1.009402E+15   4.5691E-04   4.6369E-04   0.98537
FLUX  331   299.00        1.002651E+15   4.5349E-04   4.6010E-04   0.98562
FLUX  332   301.00        9.959884E+14   4.4200E-04   4.5655E-04   0.96813
FLUX  333   303.00        9.894142E+14   4.4749E-04   4.5303E-04   0.98776
FLUX  334   305.00        9.829262E+14   4.4602E-04   4.4956E-04   0.99213
FLUX  335   307.00        9.765228E+14   4.4445E-04   4.4613E-04   0.99623
FLUX  336   309.00        9.702023E+14   4.3348E-04   4.4274E-04   0.97909
FLUX  337   311.00        9.639630E+14   4.3655E-04   4.3939E-04   0.99355
FLUX  338   313.00        9.578035E+14   4.3133E-04   4.3657E-04   0.98799
FLUX  339   315.00        9.517222E+14   4.3036E-04   4.3328E-04   0.99326
FLUX  340   317.00        9.457177E+14   4.2438E-04   4.3004E-04   0.98683
FLUX  341   319.00        9.397884E+14   4.2129E-04   4.2683E-04   0.98704
FLUX  342   321.00        9.339330E+14   4.2117E-04   4.2365E-04   0.99415
FLUX  343   323.00        9.281502E+14   4.1665E-04   4.2050E-04   0.99084
FLUX  344   325.00        9.224385E+14   4.1554E-04   4.1740E-04   0.99556
FLUX  345   327.00        9.167966E+14   4.1069E-04   4.1432E-04   0.99124
FLUX  346   329.00        9.112234E+14   4.0786E-04   4.1128E-04   0.99168
FLUX  347   331.00        9.057175E+14   4.0558E-04   4.0827E-04   0.99341
FLUX  348   333.00        9.002778E+14   4.0204E-04   4.0530E-04   0.99197
FLUX  349   335.00        8.949030E+14   3.9971E-04   4.0235E-04   0.99344
FLUX  350   337.00        8.895920E+14   3.9689E-04   3.9944E-04   0.99361
FLUX  351   339.00        8.843437E+14   3.9514E-04   3.9656E-04   0.99641
FLUX  352   341.00        8.791569E+14   3.9257E-04   3.9372E-04   0.99708
FLUX  353   343.00        8.740306E+14   3.8833E-04   3.9363E-04   0.98655
FLUX  354   345.00        8.689638E+14   3.8526E-04   3.9079E-04   0.98584
FLUX  355   347.00        8.639553E+14   3.8333E-04   3.8798E-04   0.98802
FLUX  356   349.00        8.590043E+14   3.8039E-04   3.8521E-04   0.98749
FLUX  357   351.00        8.541097E+14   3.7836E-04   3.8246E-04   0.98928
FLUX  358   353.00        8.492705E+14   3.7731E-04   3.7974E-04   0.99361
FLUX  359   355.00        8.444859E+14   3.7458E-04   3.7706E-04   0.99342
FLUX  360   357.00        8.397549E+14   3.7324E-04   3.7440E-04   0.99690
FLUX  361   359.00        8.350766E+14   3.6662E-04   3.7177E-04   0.98616
FLUX  362   361.00        8.304501E+14   3.6407E-04   3.6917E-04   0.98618
FLUX  363   363.00        8.258747E+14   3.6345E-04   3.6659E-04   0.99144
FLUX  364   364.00        8.236058E+14   3.6488E-04   3.6532E-04   0.99879
FLUX  365   365.00        8.213493E+14   3.6203E-04   4.5911E-04   0.78855
FLUX  366   367.00        8.168733E+14   3.5985E-04   4.5551E-04   0.79000
FLUX  367   369.00        8.124458E+14   3.4321E-04   4.5557E-04   0.75336
FLUX  368   371.00        8.080660E+14   3.4426E-04   4.5203E-04   0.76160
FLUX  369   373.00        8.037332E+14   3.4284E-04   4.4852E-04   0.76439
FLUX  370   375.00        7.994467E+14   3.7273E-04   4.4505E-04   0.83749
FLUX  371   377.00        7.952056E+14   3.7287E-04   4.4163E-04   0.84432
FLUX  372   379.00        7.910092E+14   3.8687E-04   4.3824E-04   0.88277
FLUX  373   381.00        7.868570E+14   4.0397E-04   4.3489E-04   0.92889
FLUX  374   383.00        7.827480E+14   3.6692E-04   4.3158E-04   0.85018
FLUX  375   385.00        7.786818E+14   4.1036E-04   4.2830E-04   0.95812
FLUX  376   387.00        7.746576E+14   4.0591E-04   4.2506E-04   0.95495
FLUX  377   389.00        7.706748E+14   3.5779E-04   4.2185E-04   0.84814
FLUX  378   391.00        7.667327E+14   4.1174E-04   4.1868E-04   0.98343
FLUX  379   393.00        7.628308E+14   4.0070E-04   4.1554E-04   0.96427
FLUX  380   395.00        7.589684E+14   4.0259E-04   4.1244E-04   0.97611
FLUX  381   397.00        7.551448E+14   3.4542E-04   4.0937E-04   0.84378
FLUX  382   399.00        7.513596E+14   3.9749E-04   4.0634E-04   0.97821
FLUX  383   401.00        7.476122E+14   3.9659E-04   4.0334E-04   0.98326
FLUX  384   403.00        7.439020E+14   3.8406E-04   4.0037E-04   0.95928
FLUX  385   405.00        7.402284E+14   3.9065E-04   3.9743E-04   0.98294
FLUX  386   407.00        7.365909E+14   3.7859E-04   3.9452E-04   0.95963
FLUX  387   409.00        7.329890E+14   3.6481E-04   3.9165E-04   0.93147
FLUX  388   411.00        7.294221E+14   3.3621E-04   3.8880E-04   0.86473
FLUX  389   413.00        7.258898E+14   3.7145E-04   3.8599E-04   0.96233
FLUX  390   415.00        7.223916E+14   3.7253E-04   3.8321E-04   0.97214
FLUX  391   417.00        7.189269E+14   3.7340E-04   3.8046E-04   0.98146
FLUX  392   419.00        7.154952E+14   3.7283E-04   3.7773E-04   0.98702
FLUX  393   421.00        7.120962E+14   3.7268E-04   3.7504E-04   0.99371
FLUX  394   423.00        7.087293E+14   3.6803E-04   3.7237E-04   0.98834
FLUX  395   425.00        7.053941E+14   3.6243E-04   3.6973E-04   0.98025
FLUX  396   427.00        7.020902E+14   3.5454E-04   3.6712E-04   0.96574
FLUX  397   429.00        6.988170E+14   3.5545E-04   3.6453E-04   0.97509
FLUX  398   431.00        6.955742E+14   3.4842E-04   3.6197E-04   0.96256
FLUX  399   433.00        6.923614E+14   3.3253E-04   3.5944E-04   0.92512
FLUX  400   435.00        6.891782E+14   3.1119E-04   3.5693E-04   0.87183
FLUX  401   437.00        6.860240E+14   3.4150E-04   3.5445E-04   0.96346
FLUX  402   439.00        6.828986E+14   3.4285E-04   3.5200E-04   0.97400
FLUX  403   441.00        6.798016E+14   3.4287E-04   3.4957E-04   0.98083
FLUX  404   443.00        6.767325E+14   3.4138E-04   3.4716E-04   0.98335
FLUX  405   445.00        6.736910E+14   3.3937E-04   3.4478E-04   0.98431
FLUX  406   447.00        6.706767E+14   3.2953E-04   3.4243E-04   0.96233
FLUX  407   449.00        6.676893E+14   3.3548E-04   3.4009E-04   0.98644
FLUX  408   451.00        6.647284E+14   3.3519E-04   3.3778E-04   0.99233
FLUX  409   453.00        6.617936E+14   3.3277E-04   3.3550E-04   0.99187
FLUX  410   455.00        6.588846E+14   3.3084E-04   3.3324E-04   0.99280
FLUX  411   457.00        6.560011E+14   3.2829E-04   3.3099E-04   0.99184
FLUX  412   459.00        6.531427E+14   3.2546E-04   3.2878E-04   0.98991
FLUX  413   461.00        6.503091E+14   3.2083E-04   3.2658E-04   0.98238
FLUX  414   463.00        6.475000E+14   3.1945E-04   3.2440E-04   0.98471
FLUX  415   465.00        6.447151E+14   3.1247E-04   3.2225E-04   0.96964
FLUX  416   467.00        6.419540E+14   3.1541E-04   3.2012E-04   0.98528
FLUX  417   469.00        6.392164E+14   3.1555E-04   3.1801E-04   0.99228
FLUX  418   471.00        6.365021E+14   3.0690E-04   3.1592E-04   0.97145
FLUX  419   473.00        6.338108E+14   3.0976E-04   3.1384E-04   0.98699
FLUX  420   475.00        6.311421E+14   3.0748E-04   3.1179E-04   0.98616
FLUX  421   477.00        6.284958E+14   3.0955E-04   3.0976E-04   0.99931
FLUX  422   479.00        6.258716E+14   3.0662E-04   3.0775E-04   0.99630
FLUX  423   481.00        6.232692E+14   3.0336E-04   3.0576E-04   0.99216
FLUX  424   483.00        6.206884E+14   3.0095E-04   3.0379E-04   0.99065
FLUX  425   485.00        6.181289E+14   2.9050E-04   3.0184E-04   0.96245
FLUX  426   487.00        6.155903E+14   2.6598E-04   2.9990E-04   0.88690
FLUX  427   489.00        6.130726E+14   2.9589E-04   2.9799E-04   0.99298
FLUX  428   491.00        6.105754E+14   2.9476E-04   2.9609E-04   0.99553
FLUX  429   493.00        6.080984E+14   2.8797E-04   2.9421E-04   0.97880
FLUX  430   495.00        6.056414E+14   2.8991E-04   2.9234E-04   0.99168
FLUX  431   497.00        6.032042E+14   2.9025E-04   2.9050E-04   0.99915
FLUX  432   499.00        6.007866E+14   2.8772E-04   2.8867E-04   0.99674
FLUX  433   501.00        5.983882E+14   2.7814E-04   2.8685E-04   0.96961
FLUX  434   503.00        5.960089E+14   2.8376E-04   2.8506E-04   0.99545
FLUX  435   505.00        5.936485E+14   2.7958E-04   2.8328E-04   0.98693
FLUX  436   507.00        5.913067E+14   2.8067E-04   2.8151E-04   0.99700
FLUX  437   509.00        5.889833E+14   2.7863E-04   2.7977E-04   0.99595
FLUX  438   511.00        5.866781E+14   2.7634E-04   2.7804E-04   0.99389
FLUX  439   513.00        5.843908E+14   2.7247E-04   2.7632E-04   0.98605
FLUX  440   515.00        5.821214E+14   2.7170E-04   2.7462E-04   0.98936
FLUX  441   517.00        5.798694E+14   2.7171E-04   2.7294E-04   0.99550
FLUX  442   519.00        5.776349E+14   2.7031E-04   2.7127E-04   0.99644
FLUX  443   521.00        5.754175E+14   2.6819E-04   2.6962E-04   0.99468
FLUX  444   523.00        5.732170E+14   2.6682E-04   2.6798E-04   0.99567
FLUX  445   525.00        5.710333E+14   2.6536E-04   2.6636E-04   0.99624
FLUX  446   527.00        5.688662E+14   2.6316E-04   2.6475E-04   0.99399
FLUX  447   529.00        5.667155E+14   2.6228E-04   2.6316E-04   0.99668
FLUX  448   531.00        5.645810E+14   2.6031E-04   2.6158E-04   0.99515
FLUX  449   533.00        5.624625E+14   2.5914E-04   2.6001E-04   0.99664
FLUX  450   535.00        5.603598E+14   2.5731E-04   2.5846E-04   0.99555
FLUX  451   537.00        5.582728E+14   2.5619E-04   2.5692E-04   0.99716
FLUX  452   539.00        5.562013E+14   2.5449E-04   2.5540E-04   0.99643
FLUX  453   541.00        5.541451E+14   2.5331E-04   2.5389E-04   0.99772
FLUX  454   543.00        5.521041E+14   2.5151E-04   2.5239E-04   0.99653
FLUX  455   545.00        5.500780E+14   2.4995E-04   2.5091E-04   0.99619
FLUX  456   547.00        5.480667E+14   2.4843E-04   2.4944E-04   0.99597
FLUX  457   549.00        5.460701E+14   2.4697E-04   2.4798E-04   0.99594
FLUX  458   551.00        5.440880E+14   2.4611E-04   2.4653E-04   0.99831
FLUX  459   553.00        5.421203E+14   2.4415E-04   2.4510E-04   0.99612
FLUX  460   555.00        5.401667E+14   2.4337E-04   2.4368E-04   0.99875
FLUX  461   557.00        5.382271E+14   2.4168E-04   2.4227E-04   0.99756
FLUX  462   559.00        5.363014E+14   2.4063E-04   2.4087E-04   0.99898
FLUX  463   561.00        5.343895E+14   2.3908E-04   2.3949E-04   0.99829
FLUX  464   563.00        5.324911E+14   2.3791E-04   2.3812E-04   0.99912
FLUX  465   565.00        5.306062E+14   2.3558E-04   2.3676E-04   0.99504
FLUX  466   567.00        5.287346E+14   2.3308E-04   2.3541E-04   0.99010
FLUX  467   569.00        5.268761E+14   2.3113E-04   2.3407E-04   0.98742
FLUX  468   571.00        5.250306E+14   2.3153E-04   2.3275E-04   0.99477
FLUX  469   573.00        5.231981E+14   2.3045E-04   2.3143E-04   0.99577
FLUX  470   575.00        5.213783E+14   2.2850E-04   2.3013E-04   0.99291
FLUX  471   577.00        5.195711E+14   2.2849E-04   2.2884E-04   0.99850
FLUX  472   579.00        5.177763E+14   2.2704E-04   2.2755E-04   0.99775
FLUX  473   581.00        5.159940E+14   2.2584E-04   2.2628E-04   0.99806
FLUX  474   583.00        5.142238E+14   2.2401E-04   2.2502E-04   0.99550
FLUX  475   585.00        5.124658E+14   2.2318E-04   2.2377E-04   0.99733
FLUX  476   587.00        5.107198E+14   2.1671E-04   2.2253E-04   0.97382
FLUX  477   589.00        5.089856E+14   2.1894E-04   2.2130E-04   0.98934
FLUX  478   591.00        5.072631E+14   2.1889E-04   2.2008E-04   0.99457
FLUX  479   593.00        5.055523E+14   2.1715E-04   2.1887E-04   0.99212
FLUX  480   595.00        5.038529E+14   2.1583E-04   2.1767E-04   0.99154
FLUX  481   597.00        5.021650E+14   2.1620E-04   2.1648E-04   0.99869
FLUX  482   599.00        5.004883E+14   2.1391E-04   2.1530E-04   0.99354
FLUX  483   601.00        4.988228E+14   2.1355E-04   2.1413E-04   0.99731
FLUX  484   603.00        4.971683E+14   2.1196E-04   2.1297E-04   0.99527
FLUX  485   605.00        4.955248E+14   2.1098E-04   2.1181E-04   0.99607
FLUX  486   607.00        4.938921E+14   2.1029E-04   2.1067E-04   0.99817
FLUX  487   609.00        4.922701E+14   2.0918E-04   2.0954E-04   0.99829
FLUX  488   611.00        4.906588E+14   2.0806E-04   2.0841E-04   0.99829
FLUX  489   613.00        4.890579E+14   2.0708E-04   2.0730E-04   0.99895
FLUX  490   615.00        4.874675E+14   2.0497E-04   2.0619E-04   0.99409
FLUX  491   617.00        4.858874E+14   2.0422E-04   2.0510E-04   0.99573
FLUX  492   619.00        4.843174E+14   2.0359E-04   2.0401E-04   0.99797
FLUX  493   621.00        4.827576E+14   2.0274E-04   2.0293E-04   0.99907
FLUX  494   623.00        4.812079E+14   2.0173E-04   2.0185E-04   0.99939
FLUX  495   625.00        4.796680E+14   2.0025E-04   2.0079E-04   0.99730
FLUX  496   627.00        4.781380E+14   1.9937E-04   1.9974E-04   0.99819
FLUX  497   629.00        4.766176E+14   1.9851E-04   1.9869E-04   0.99912
FLUX  498   631.00        4.751070E+14   1.9735E-04   1.9765E-04   0.99846
FLUX  499   633.00        4.736058E+14   1.9651E-04   1.9662E-04   0.99945
FLUX  500   635.00        4.721142E+14   1.9479E-04   1.9560E-04   0.99586
FLUX  501   637.00        4.706319E+14   1.9427E-04   1.9458E-04   0.99836
FLUX  502   639.00        4.691588E+14   1.9330E-04   1.9358E-04   0.99856
FLUX  503   641.00        4.676950E+14   1.9235E-04   1.9258E-04   0.99884
FLUX  504   643.00        4.662403E+14   1.9155E-04   1.9159E-04   0.99981
FLUX  505   645.00        4.647946E+14   1.9048E-04   1.9060E-04   0.99937
FLUX  506   647.00        4.633578E+14   1.8893E-04   1.8963E-04   0.99635
FLUX  507   649.00        4.619299E+14   1.8791E-04   1.8866E-04   0.99605
FLUX  508   651.00        4.605108E+14   1.8746E-04   1.8770E-04   0.99874
FLUX  509   653.00        4.591003E+14   1.8616E-04   1.8674E-04   0.99689
FLUX  510   655.00        4.576985E+14   1.8216E-04   1.8580E-04   0.98041
FLUX  511   657.00        4.563052E+14   1.6452E-04   1.8486E-04   0.88998
FLUX  512   659.00        4.549203E+14   1.8154E-04   1.8393E-04   0.98700
FLUX  513   661.00        4.535439E+14   1.8246E-04   1.8300E-04   0.99705
FLUX  514   663.00        4.521757E+14   1.8191E-04   1.8208E-04   0.99904
FLUX  515   665.00        4.508158E+14   1.8090E-04   1.8129E-04   0.99788
FLUX  516   667.00        4.494640E+14   1.7891E-04   1.8038E-04   0.99185
FLUX  517   669.00        4.481203E+14   1.7802E-04   1.7949E-04   0.99186
FLUX  518   671.00        4.467846E+14   1.7849E-04   1.7859E-04   0.99945
FLUX  519   673.00        4.454569E+14   1.7708E-04   1.7771E-04   0.99649
FLUX  520   675.00        4.441370E+14   1.7669E-04   1.7683E-04   0.99921
FLUX  521   677.00        4.428250E+14   1.7594E-04   1.7596E-04   0.99991
FLUX  522   679.00        4.415206E+14   1.7372E-04   1.7509E-04   0.99218
FLUX  523   681.00        4.402239E+14   1.7391E-04   1.7423E-04   0.99814
FLUX  524   683.00        4.389348E+14   1.7311E-04   1.7338E-04   0.99844
FLUX  525   685.00        4.376533E+14   1.7243E-04   1.7253E-04   0.99942
FLUX  526   687.00        4.363792E+14   1.7161E-04   1.7169E-04   0.99951
FLUX  527   689.00        4.351125E+14   1.7056E-04   1.7086E-04   0.99824
FLUX  528   691.00        4.338531E+14   1.6961E-04   1.7003E-04   0.99757
FLUX  529   693.00        4.326010E+14   1.6910E-04   1.6920E-04   0.99939
FLUX  530   695.00        4.313561E+14   1.6834E-04   1.6839E-04   0.99974
FLUX  531   697.00        4.301184E+14   1.6756E-04   1.6758E-04   0.99988
FLUX  532   699.00        4.288877E+14   1.6670E-04   1.6677E-04   0.99954
FLUX  533   701.00        4.276641E+14   1.6592E-04   1.6597E-04   0.99966
FLUX  534   703.00        4.264474E+14   1.6511E-04   1.6518E-04   0.99955
FLUX  535   705.00        4.252376E+14   1.6433E-04   1.6439E-04   0.99960
FLUX  536   707.00        4.240347E+14   1.6114E-04   1.6361E-04   0.98491
FLUX  537   709.00        4.228385E+14   1.6281E-04   1.6283E-04   0.99985
FLUX  538   711.00        4.216491E+14   1.6110E-04   1.6206E-04   0.99406
FLUX  539   713.00        4.204663E+14   1.6051E-04   1.6130E-04   0.99512
FLUX  540   715.00        4.192902E+14   1.6047E-04   1.6053E-04   0.99961
FLUX  541   717.00        4.181206E+14   1.5973E-04   1.5978E-04   0.99969
FLUX  542   719.00        4.169576E+14   1.5903E-04   1.5903E-04   0.99998
FLUX  543   721.00        4.158010E+14   1.5828E-04   1.5829E-04   0.99997
FLUX  544   723.00        4.146508E+14   1.5526E-04   1.5755E-04   0.98551
FLUX  545   725.00        4.135069E+14   1.5654E-04   1.5681E-04   0.99826
FLUX  546   727.00        4.123693E+14   1.5604E-04   1.5608E-04   0.99976
FLUX  547   729.00        4.112380E+14   1.5403E-04   1.5536E-04   0.99145
FLUX  548   731.00        4.101129E+14   1.5457E-04   1.5464E-04   0.99956
FLUX  549   733.00        4.089939E+14   1.5382E-04   1.5392E-04   0.99932
FLUX  550   735.00        4.078810E+14   1.5319E-04   1.5322E-04   0.99986
FLUX  551   737.00        4.067741E+14   1.5251E-04   1.5251E-04   0.99999
FLUX  552   739.00        4.056732E+14   1.5181E-04   1.5181E-04   0.99997
FLUX  553   741.00        4.045783E+14   1.5111E-04   1.5112E-04   0.99999
FLUX  554   743.00        4.034892E+14   1.5036E-04   1.5043E-04   0.99955
FLUX  555   745.00        4.024060E+14   1.4972E-04   1.4976E-04   0.99971
FLUX  556   747.00        4.013286E+14   1.4851E-04   1.4908E-04   0.99620
FLUX  557   749.00        4.002570E+14   1.4830E-04   1.4841E-04   0.99932
FLUX  558   751.00        3.991911E+14   1.4761E-04   1.4773E-04   0.99913
FLUX  559   753.00        3.981308E+14   1.4690E-04   1.4707E-04   0.99889
FLUX  560   755.00        3.970762E+14   1.4639E-04   1.4640E-04   0.99989
FLUX  561   757.00        3.960271E+14   1.4572E-04   1.4575E-04   0.99982
FLUX  562   759.00        3.949835E+14   1.4505E-04   1.4509E-04   0.99969
FLUX  563   761.00        3.939455E+14   1.4422E-04   1.4444E-04   0.99847
FLUX  564   763.00        3.929128E+14   1.4374E-04   1.4380E-04   0.99957
FLUX  565   765.00        3.918856E+14   1.4311E-04   1.4316E-04   0.99968
FLUX  566   767.00        3.908638E+14   1.4250E-04   1.4252E-04   0.99986
FLUX  567   769.00        3.898472E+14   1.4184E-04   1.4189E-04   0.99966
FLUX  568   771.00        3.888359E+14   1.4117E-04   1.4126E-04   0.99940
FLUX  569   773.00        3.878299E+14   1.4055E-04   1.4064E-04   0.99943
FLUX  570   775.00        3.868290E+14   1.3998E-04   1.4002E-04   0.99976
FLUX  571   777.00        3.858333E+14   1.3873E-04   1.3940E-04   0.99522
FLUX  572   779.00        3.848427E+14   1.3878E-04   1.3879E-04   0.99998
FLUX  573   781.00        3.838572E+14   1.3806E-04   1.3818E-04   0.99910
FLUX  574   783.00        3.828768E+14   1.3757E-04   1.3758E-04   0.99997
FLUX  575   785.00        3.819013E+14   1.3693E-04   1.3713E-04   0.99855
FLUX  576   787.00        3.809307E+14   1.3604E-04   1.3653E-04   0.99638
FLUX  577   789.00        3.799651E+14   1.3520E-04   1.3594E-04   0.99453
FLUX  578   791.00        3.790044E+14   1.3498E-04   1.3535E-04   0.99726
FLUX  579   793.00        3.780485E+14   1.3431E-04   1.3477E-04   0.99662
FLUX  580   795.00        3.770975E+14   1.3377E-04   1.3418E-04   0.99690
FLUX  581   797.00        3.761512E+14   1.3323E-04   1.3361E-04   0.99718
FLUX  582   799.00        3.752096E+14   1.3265E-04   1.3303E-04   0.99713
FLUX  583   801.00        3.742728E+14   1.3205E-04   1.3246E-04   0.99685
FLUX  584   803.00        3.733406E+14   1.3161E-04   1.3190E-04   0.99787
FLUX  585   805.00        3.724130E+14   1.3113E-04   1.3133E-04   0.99844
FLUX  586   807.00        3.714901E+14   1.3067E-04   1.3077E-04   0.99921
FLUX  587   809.00        3.705717E+14   1.2987E-04   1.3022E-04   0.99731
FLUX  588   811.00        3.696578E+14   1.2887E-04   1.2966E-04   0.99388
FLUX  589   813.00        3.687485E+14   1.2904E-04   1.2912E-04   0.99939
FLUX  590   815.00        3.678436E+14   1.2824E-04   1.2857E-04   0.99743
FLUX  591   817.00        3.669431E+14   1.2797E-04   1.2803E-04   0.99958
FLUX  592   819.00        3.660470E+14   1.2702E-04   1.2749E-04   0.99634
FLUX  593   821.00        3.651553E+14   1.2593E-04   1.3251E-04   0.95035
FLUX  594   823.00        3.642679E+14   1.2534E-04   1.3194E-04   0.94996
FLUX  595   825.00        3.633848E+14   1.2545E-04   1.3138E-04   0.95489
FLUX  596   827.00        3.625060E+14   1.2399E-04   1.3089E-04   0.94728
FLUX  597   829.00        3.616315E+14   1.2435E-04   1.3033E-04   0.95412
FLUX  598   831.00        3.607611E+14   1.2392E-04   1.2978E-04   0.95488
FLUX  599   833.00        3.598950E+14   1.2329E-04   1.2923E-04   0.95399
FLUX  600   835.00        3.590329E+14   1.2231E-04   1.2869E-04   0.95042
FLUX  601   837.00        3.581750E+14   1.2135E-04   1.2815E-04   0.94697
FLUX  602   839.00        3.573212E+14   1.2103E-04   1.2761E-04   0.94844
FLUX  603   841.00        3.564715E+14   1.2022E-04   1.2708E-04   0.94600
FLUX  604   843.00        3.556257E+14   1.1950E-04   1.2655E-04   0.94432
FLUX  605   845.00        3.547840E+14   1.1853E-04   1.2602E-04   0.94061
FLUX  606   847.00        3.539463E+14   1.1742E-04   1.2550E-04   0.93565
FLUX  607   849.00        3.531125E+14   1.1912E-04   1.2497E-04   0.95319
FLUX  608   851.00        3.522826E+14   1.1598E-04   1.2446E-04   0.93189
FLUX  609   853.00        3.514566E+14   1.1924E-04   1.2394E-04   0.96203
FLUX  610   855.00        3.506345E+14   1.1330E-04   1.2343E-04   0.91795
FLUX  611   857.00        3.498162E+14   1.2023E-04   1.2292E-04   0.97810
FLUX  612   859.00        3.490017E+14   1.1409E-04   1.2242E-04   0.93193
FLUX  613   861.00        3.481911E+14   1.1361E-04   1.2192E-04   0.93186
FLUX  614   863.00        3.473841E+14   1.1981E-04   1.2142E-04   0.98680
FLUX  615   865.00        3.465809E+14   1.1666E-04   1.2092E-04   0.96476
FLUX  616   867.00        3.457814E+14   1.0808E-04   1.2043E-04   0.89746
FLUX  617   869.00        3.449856E+14   1.1793E-04   1.1994E-04   0.98323
FLUX  618   871.00        3.441935E+14   1.1863E-04   1.1945E-04   0.99309
FLUX  619   873.00        3.434049E+14   1.1598E-04   1.1897E-04   0.97491
FLUX  620   875.00        3.426200E+14   1.0543E-04   1.1849E-04   0.88981
FLUX  621   877.00        3.418387E+14   1.1380E-04   1.1801E-04   0.96430
FLUX  622   879.00        3.410609E+14   1.1681E-04   1.1753E-04   0.99383
FLUX  623   881.00        3.402866E+14   1.1645E-04   1.1706E-04   0.99479
FLUX  624   883.00        3.395159E+14   1.1572E-04   1.1659E-04   0.99252
FLUX  625   885.00        3.387486E+14   1.1057E-04   1.1613E-04   0.95215
FLUX  626   887.00        3.379848E+14   1.0295E-04   1.1566E-04   0.89014
FLUX  627   889.00        3.372244E+14   1.1382E-04   1.1520E-04   0.98798
FLUX  628   891.00        3.364675E+14   1.1419E-04   1.1474E-04   0.99514
FLUX  629   893.00        3.357139E+14   1.1382E-04   1.1429E-04   0.99588
FLUX  630   895.00        3.349637E+14   1.1372E-04   1.1383E-04   0.99901
FLUX  631   897.00        3.342168E+14   1.1309E-04   1.1338E-04   0.99737
FLUX  632   899.00        3.334733E+14   1.1049E-04   1.1294E-04   0.97833
FLUX  633   901.00        3.327331E+14   1.0071E-04   1.1249E-04   0.89526
FLUX  634   903.00        3.319961E+14   1.0629E-04   1.1205E-04   0.94857
FLUX  635   905.00        3.312624E+14   1.1095E-04   1.1161E-04   0.99406
FLUX  636   907.00        3.305320E+14   1.1001E-04   1.1117E-04   0.98951
FLUX  637   909.00        3.298047E+14   1.1025E-04   1.1074E-04   0.99557
FLUX  638   911.00        3.290807E+14   1.1019E-04   1.1030E-04   0.99898
FLUX  639   913.00        3.283598E+14   1.0983E-04   1.0988E-04   0.99962
FLUX  640   915.00        3.276421E+14   1.0940E-04   1.0945E-04   0.99960
FLUX  641   917.00        3.269275E+14   1.0866E-04   1.0902E-04   0.99666
FLUX  642   919.00        3.262160E+14   1.0820E-04   1.0860E-04   0.99629
FLUX  643   921.00        3.255076E+14   1.0496E-04   1.0818E-04   0.97026
FLUX  644   923.00        3.248023E+14   9.4306E-05   1.0776E-04   0.87512
FLUX  645   925.00        3.241000E+14   1.0447E-04   1.0735E-04   0.97319
FLUX  646   927.00        3.234008E+14   1.0588E-04   1.0694E-04   0.99008
FLUX  647   929.00        3.227045E+14   1.0641E-04   1.0653E-04   0.99893
FLUX  648   931.00        3.220113E+14   1.0558E-04   1.0612E-04   0.99498
FLUX  649   933.00        3.213210E+14   1.0533E-04   1.0571E-04   0.99641
FLUX  650   935.00        3.206337E+14   1.0517E-04   1.0531E-04   0.99868
FLUX  651   937.00        3.199493E+14   1.0485E-04   1.0491E-04   0.99949
FLUX  652   939.00        3.192678E+14   1.0448E-04   1.0451E-04   0.99970
FLUX  653   941.00        3.185893E+14   1.0392E-04   1.0411E-04   0.99815
FLUX  654   943.00        3.179136E+14   1.0365E-04   1.0372E-04   0.99938
FLUX  655   945.00        3.172407E+14   1.0324E-04   1.0333E-04   0.99920
FLUX  656   947.00        3.165707E+14   1.0232E-04   1.0294E-04   0.99399
FLUX  657   949.00        3.159036E+14   1.0238E-04   1.0255E-04   0.99837
FLUX  658   951.00        3.152392E+14   1.0086E-04   1.0216E-04   0.98727
FLUX  659   953.00        3.145776E+14   9.8105E-05   1.0178E-04   0.96389
FLUX  660   955.00        3.139188E+14   8.9036E-05   1.0140E-04   0.87808
FLUX  661   957.00        3.132628E+14   9.9248E-05   1.0102E-04   0.98245
FLUX  662   959.00        3.126095E+14   1.0031E-04   1.0064E-04   0.99669
FLUX  663   961.00        3.119589E+14   9.9793E-05   1.0027E-04   0.99525
FLUX  664   963.00        3.113110E+14   9.9159E-05   9.9896E-05   0.99262
FLUX  665   965.00        3.106658E+14   9.9520E-05   9.9526E-05   0.99994
FLUX  666   967.00        3.100233E+14   9.9136E-05   9.9157E-05   0.99978
FLUX  667   969.00        3.093834E+14   9.8661E-05   9.8791E-05   0.99869
FLUX  668   971.00        3.087461E+14   9.8003E-05   9.8426E-05   0.99570
FLUX  669   973.00        3.081115E+14   9.8038E-05   9.8064E-05   0.99973
FLUX  670   975.00        3.074795E+14   9.7651E-05   9.7704E-05   0.99947
FLUX  671   977.00        3.068501E+14   9.7339E-05   9.7345E-05   0.99994
FLUX  672   979.00        3.062232E+14   9.6960E-05   9.6989E-05   0.99970
FLUX  673   981.00        3.055989E+14   9.6521E-05   9.6634E-05   0.99883
FLUX  674   983.00        3.049771E+14   9.6254E-05   9.6282E-05   0.99972
FLUX  675   985.00        3.043579E+14   9.5886E-05   9.5931E-05   0.99954
FLUX  676   987.00        3.037411E+14   9.5452E-05   9.5582E-05   0.99863
FLUX  677   989.00        3.031269E+14   9.5008E-05   9.5235E-05   0.99761
FLUX  678   991.00        3.025151E+14   9.4307E-05   9.4890E-05   0.99386
FLUX  679   993.00        3.019058E+14   9.4523E-05   9.4547E-05   0.99974
FLUX  680   995.00        3.012990E+14   9.4170E-05   9.4206E-05   0.99962
FLUX  681   997.00        3.006946E+14   9.3733E-05   9.3867E-05   0.99857
FLUX  682   999.00        3.000926E+14   9.3477E-05   9.3529E-05   0.99944
FLUX  683  1002.50        2.990449E+14   9.0091E-05   9.2943E-05   0.96932
FLUX  684  1007.50        2.975608E+14   8.8058E-05   9.2115E-05   0.95596
FLUX  685  1012.50        2.960914E+14   9.0944E-05   9.1298E-05   0.99613
FLUX  686  1017.50        2.946364E+14   9.0481E-05   9.0491E-05   0.99989
FLUX  687  1022.50        2.931956E+14   8.9640E-05   8.9695E-05   0.99938
FLUX  688  1027.50        2.917689E+14   8.8897E-05   8.8910E-05   0.99986
FLUX  689  1032.50        2.903559E+14   8.7809E-05   8.8135E-05   0.99630
FLUX  690  1037.50        2.889566E+14   8.7365E-05   8.7370E-05   0.99994
FLUX  691  1042.50        2.875707E+14   8.6613E-05   8.6615E-05   0.99998
FLUX  692  1047.50        2.861981E+14   8.5867E-05   8.5869E-05   0.99997
FLUX  693  1052.50        2.848385E+14   8.5099E-05   8.5134E-05   0.99960
FLUX  694  1057.50        2.834917E+14   8.4401E-05   8.4407E-05   0.99992
FLUX  695  1062.50        2.821576E+14   8.3684E-05   8.3690E-05   0.99993
FLUX  696  1067.50        2.808361E+14   8.2807E-05   8.2982E-05   0.99790
FLUX  697  1072.50        2.795268E+14   8.2281E-05   8.2283E-05   0.99997
FLUX  698  1077.50        2.782297E+14   8.1582E-05   8.1593E-05   0.99987
FLUX  699  1082.50        2.769446E+14   7.9977E-05   8.0911E-05   0.98846
FLUX  700  1087.50        2.756713E+14   8.0152E-05   8.0238E-05   0.99893
FLUX  701  1092.50        2.744096E+14   7.4472E-05   7.9573E-05   0.93589
FLUX  702  1097.50        2.731595E+14   7.7894E-05   7.8916E-05   0.98704
FLUX  703  1102.50        2.719206E+14   7.7868E-05   7.8268E-05   0.99489
FLUX  704  1107.50        2.706930E+14   7.7620E-05   7.7627E-05   0.99991
FLUX  705  1112.50        2.694764E+14   7.6982E-05   7.6994E-05   0.99985
FLUX  706  1117.50        2.682707E+14   7.6363E-05   7.6368E-05   0.99993
FLUX  707  1122.50        2.670757E+14   7.5698E-05   7.5750E-05   0.99930
FLUX  708  1127.50        2.658914E+14   7.5041E-05   7.5140E-05   0.99869
FLUX  709  1132.50        2.647174E+14   7.4401E-05   7.4537E-05   0.99818
FLUX  710  1137.50        2.635538E+14   7.3920E-05   7.3941E-05   0.99972
FLUX  711  1142.50        2.624004E+14   7.3289E-05   7.3352E-05   0.99914
FLUX  712  1147.50        2.612571E+14   7.2762E-05   7.2770E-05   0.99989
FLUX  713  1152.50        2.601236E+14   7.2193E-05   7.2195E-05   0.99997
FLUX  714  1157.50        2.590000E+14   7.1568E-05   7.1627E-05   0.99918
FLUX  715  1162.50        2.578860E+14   7.1043E-05   7.1066E-05   0.99968
FLUX  716  1167.50        2.567816E+14   7.0458E-05   7.0511E-05   0.99925
FLUX  717  1172.50        2.556866E+14   6.9958E-05   6.9963E-05   0.99994
FLUX  718  1177.50        2.546008E+14   6.9394E-05   6.9421E-05   0.99962
FLUX  719  1182.50        2.535243E+14   6.8874E-05   6.8885E-05   0.99985
FLUX  720  1187.50        2.524568E+14   6.8353E-05   6.8355E-05   0.99997
FLUX  721  1192.50        2.513983E+14   6.7831E-05   6.7832E-05   0.99999
FLUX  722  1197.50        2.503486E+14   6.6849E-05   6.7314E-05   0.99309
FLUX  723  1202.50        2.493077E+14   6.6795E-05   6.6802E-05   0.99989
FLUX  724  1207.50        2.482754E+14   6.6296E-05   6.6297E-05   0.99999
FLUX  725  1212.50        2.472515E+14   6.5789E-05   6.5796E-05   0.99988
FLUX  726  1217.50        2.462361E+14   6.5296E-05   6.5302E-05   0.99991
FLUX  727  1222.50        2.452290E+14   6.4808E-05   6.4813E-05   0.99993
FLUX  728  1227.50        2.442301E+14   6.4328E-05   6.4329E-05   0.99998
FLUX  729  1232.50        2.432394E+14   6.3843E-05   6.3851E-05   0.99988
FLUX  730  1237.50        2.422566E+14   6.3370E-05   6.3378E-05   0.99986
FLUX  731  1242.50        2.412817E+14   6.2910E-05   6.2911E-05   0.99999
FLUX  732  1247.50        2.403146E+14   6.2355E-05   6.2448E-05   0.99851
FLUX  733  1252.50        2.393553E+14   6.1834E-05   6.1991E-05   0.99748
FLUX  734  1257.50        2.384036E+14   6.1500E-05   6.1538E-05   0.99938
FLUX  735  1262.50        2.374594E+14   6.1068E-05   6.1091E-05   0.99963
FLUX  736  1267.50        2.365227E+14   6.0646E-05   6.0648E-05   0.99997
FLUX  737  1272.50        2.355933E+14   6.0209E-05   6.0211E-05   0.99997
FLUX  738  1277.50        2.346712E+14   5.8946E-05   5.9777E-05   0.98609
FLUX  739  1282.50        2.337563E+14   5.5679E-05   5.9349E-05   0.93816
FLUX  740  1287.50        2.328485E+14   5.8744E-05   5.8925E-05   0.99692
FLUX  741  1292.50        2.319478E+14   5.8501E-05   5.8506E-05   0.99991
FLUX  742  1297.50        2.310539E+14   5.7757E-05   5.8091E-05   0.99425
FLUX  743  1302.50        2.301670E+14   5.7657E-05   5.7681E-05   0.99958
FLUX  744  1307.50        2.292868E+14   5.7274E-05   5.7275E-05   0.99998
FLUX  745  1312.50        2.284133E+14   5.6872E-05   5.6873E-05   1.00000
FLUX  746  1317.50        2.275465E+14   5.6463E-05   5.6475E-05   0.99979
FLUX  747  1322.50        2.266862E+14   5.6080E-05   5.6081E-05   0.99998
FLUX  748  1327.50        2.258324E+14   5.5690E-05   5.5692E-05   0.99998
FLUX  749  1332.50        2.249850E+14   5.5285E-05   5.5306E-05   0.99961
FLUX  750  1337.50        2.241439E+14   5.4904E-05   5.4925E-05   0.99963
FLUX  751  1342.50        2.233091E+14   5.4474E-05   5.4547E-05   0.99867
FLUX  752  1347.50        2.224805E+14   5.4166E-05   5.4173E-05   0.99988
FLUX  753  1352.50        2.216580E+14   5.3779E-05   5.3803E-05   0.99956
FLUX  754  1357.50        2.208416E+14   5.3428E-05   5.3437E-05   0.99984
FLUX  755  1362.50        2.200312E+14   5.3041E-05   5.3074E-05   0.99937
FLUX  756  1367.50        2.192267E+14   5.2703E-05   5.2715E-05   0.99976
FLUX  757  1372.50        2.184281E+14   5.2329E-05   5.2360E-05   0.99940
FLUX  758  1377.50        2.176352E+14   5.2007E-05   5.2008E-05   0.99998
FLUX  759  1382.50        2.168481E+14   5.1659E-05   5.1660E-05   0.99998
FLUX  760  1387.50        2.160667E+14   5.1308E-05   5.1315E-05   0.99985
FLUX  761  1392.50        2.152908E+14   5.0922E-05   5.0974E-05   0.99899
FLUX  762  1397.50        2.145206E+14   5.0608E-05   5.0636E-05   0.99945
FLUX  763  1402.50        2.137558E+14   5.0283E-05   5.0302E-05   0.99963
FLUX  764  1407.50        2.129964E+14   4.9969E-05   4.9970E-05   0.99998
FLUX  765  1412.50        2.122425E+14   4.9632E-05   4.9642E-05   0.99979
FLUX  766  1417.50        2.114938E+14   4.9310E-05   4.9318E-05   0.99985
FLUX  767  1422.50        2.107504E+14   4.8995E-05   4.8996E-05   0.99998
FLUX  768  1427.50        2.100123E+14   4.8673E-05   4.8678E-05   0.99990
FLUX  769  1432.50        2.092792E+14   4.8354E-05   4.8362E-05   0.99984
FLUX  770  1437.50        2.085513E+14   4.8038E-05   4.8050E-05   0.99975
FLUX  771  1442.50        2.078284E+14   4.7739E-05   4.7740E-05   0.99998
FLUX  772  1447.50        2.071105E+14   4.7431E-05   4.7434E-05   0.99993
FLUX  773  1452.50        2.063976E+14   4.7123E-05   4.7131E-05   0.99984
FLUX  774  1457.00        2.057601E+14   4.6859E-05   4.6860E-05   0.99997
FLUX  775  1462.00        2.050564E+14   4.6789E-05   4.7117E-05   0.99303
FLUX  776  1467.50        2.042879E+14   4.6787E-05   4.6788E-05   0.99998
FLUX  777  1472.50        2.035942E+14   4.6424E-05   4.6491E-05   0.99855
FLUX  778  1477.50        2.029052E+14   4.5999E-05   4.6198E-05   0.99569
FLUX  779  1482.50        2.022209E+14   4.5617E-05   4.5907E-05   0.99370
FLUX  780  1487.50        2.015412E+14   4.5240E-05   4.5619E-05   0.99169
FLUX  781  1492.50        2.008660E+14   4.4882E-05   4.5333E-05   0.99005
FLUX  782  1497.50        2.001953E+14   4.4514E-05   4.5050E-05   0.98810
FLUX  783  1502.50        1.995291E+14   4.4189E-05   4.4770E-05   0.98703
FLUX  784  1507.50        1.988673E+14   4.3733E-05   4.4492E-05   0.98295
FLUX  785  1512.50        1.982099E+14   4.3516E-05   4.4217E-05   0.98414
FLUX  786  1517.50        1.975568E+14   4.3224E-05   4.3944E-05   0.98359
FLUX  787  1522.50        1.969080E+14   4.3017E-05   4.3674E-05   0.98495
FLUX  788  1527.50        1.962635E+14   4.2626E-05   4.3407E-05   0.98202
FLUX  789  1532.50        1.956232E+14   4.2358E-05   4.3142E-05   0.98183
FLUX  790  1537.50        1.949870E+14   4.2289E-05   4.2879E-05   0.98625
FLUX  791  1542.50        1.943549E+14   4.1709E-05   4.2619E-05   0.97866
FLUX  792  1547.50        1.937270E+14   4.1813E-05   4.2361E-05   0.98708
FLUX  793  1552.50        1.931031E+14   4.1580E-05   4.2105E-05   0.98754
FLUX  794  1557.50        1.924831E+14   4.0748E-05   4.1852E-05   0.97363
FLUX  795  1562.50        1.918672E+14   4.1403E-05   4.1601E-05   0.99526
FLUX  796  1567.50        1.912552E+14   4.0636E-05   4.1352E-05   0.98270
FLUX  797  1572.50        1.906471E+14   3.9982E-05   4.1105E-05   0.97269
FLUX  798  1577.50        1.900428E+14   4.0730E-05   4.0861E-05   0.99679
FLUX  799  1582.50        1.894423E+14   4.0438E-05   4.0618E-05   0.99555
FLUX  800  1587.50        1.888457E+14   3.8772E-05   4.0378E-05   0.96022
FLUX  801  1592.50        1.882527E+14   3.9725E-05   4.0140E-05   0.98967
FLUX  802  1597.50        1.876635E+14   3.9887E-05   3.9904E-05   0.99958
FLUX  803  1605.00        1.867866E+14   3.9300E-05   3.9554E-05   0.99356
FLUX  804  1615.00        1.856300E+14   3.8137E-05   3.9095E-05   0.97551
FLUX  805  1625.00        1.844877E+14   3.8638E-05   3.8643E-05   0.99988
FLUX  806  1635.00        1.833593E+14   3.7900E-05   3.8199E-05   0.99218
FLUX  807  1645.00        1.822447E+14   3.6776E-05   3.7763E-05   0.97386
FLUX  808  1655.00        1.811435E+14   3.7331E-05   3.7334E-05   0.99993
FLUX  809  1665.00        1.800556E+14   3.6911E-05   3.6912E-05   0.99998
FLUX  810  1675.00        1.789806E+14   3.6186E-05   3.6497E-05   0.99146
FLUX  811  1685.00        1.779184E+14   3.5078E-05   3.6090E-05   0.97196
FLUX  812  1695.00        1.768687E+14   3.5680E-05   3.5689E-05   0.99976
FLUX  813  1705.00        1.758314E+14   3.5110E-05   3.5294E-05   0.99478
FLUX  814  1715.00        1.748061E+14   3.4901E-05   3.4907E-05   0.99984
FLUX  815  1725.00        1.737928E+14   3.4512E-05   3.4525E-05   0.99961
FLUX  816  1735.00        1.727911E+14   3.2939E-05   3.4150E-05   0.96454
FLUX  817  1745.00        1.718009E+14   3.3702E-05   3.3780E-05   0.99767
FLUX  818  1755.00        1.708219E+14   3.3416E-05   3.3417E-05   0.99998
FLUX  819  1765.00        1.698541E+14   3.3059E-05   3.3060E-05   0.99999
FLUX  820  1775.00        1.688972E+14   3.2704E-05   3.2708E-05   0.99988
FLUX  821  1785.00        1.679510E+14   3.2321E-05   3.2361E-05   0.99876
FLUX  822  1795.00        1.670153E+14   3.2020E-05   3.2020E-05   0.99999
FLUX  823  1805.00        1.660900E+14   3.1662E-05   3.1685E-05   0.99928
FLUX  824  1815.00        1.651749E+14   3.0276E-05   3.1355E-05   0.96560
FLUX  825  1825.00        1.642699E+14   3.0859E-05   3.1029E-05   0.99450
FLUX  826  1835.00        1.633747E+14   3.0705E-05   3.0709E-05   0.99988
FLUX  827  1845.00        1.624892E+14   3.0387E-05   3.0394E-05   0.99978
FLUX  828  1855.00        1.616132E+14   3.0037E-05   3.0083E-05   0.99845
FLUX  829  1865.00        1.607466E+14   2.9573E-05   2.9777E-05   0.99314
FLUX  830  1875.00        1.598893E+14   2.8441E-05   2.9476E-05   0.96488
FLUX  831  1885.00        1.590411E+14   2.9165E-05   2.9179E-05   0.99952
FLUX  832  1895.00        1.582018E+14   2.8860E-05   2.8887E-05   0.99907
FLUX  833  1905.00        1.573714E+14   2.8495E-05   2.8599E-05   0.99635
FLUX  834  1915.00        1.565496E+14   2.8313E-05   2.8315E-05   0.99992
FLUX  835  1925.00        1.557364E+14   2.8036E-05   2.8036E-05   0.99999
FLUX  836  1935.00        1.549315E+14   2.7730E-05   2.7761E-05   0.99890
FLUX  837  1945.00        1.541350E+14   2.6401E-05   2.7489E-05   0.96040
FLUX  838  1955.00        1.533465E+14   2.7148E-05   2.7222E-05   0.99730
FLUX  839  1965.00        1.525662E+14   2.6958E-05   2.6958E-05   0.99999
FLUX  840  1975.00        1.517937E+14   2.6698E-05   2.6699E-05   1.00000
FLUX  841  1985.00        1.510290E+14   2.6442E-05   2.6442E-05   1.00000
FLUX  842  1995.00        1.502719E+14   2.6190E-05   2.6190E-05   1.00000
FLUX  843  2005.00        1.495224E+14   2.5941E-05   2.5941E-05   0.99998
FLUX  844  2015.00        1.487804E+14   2.5696E-05   2.5696E-05   0.99999
FLUX  845  2025.00        1.480457E+14   2.5454E-05   2.5454E-05   1.00000
FLUX  846  2035.00        1.473182E+14   2.5216E-05   2.5216E-05   1.00000
FLUX  847  2045.00        1.465978E+14   2.4969E-05   2.4981E-05   0.99954
FLUX  848  2055.00        1.458844E+14   2.4689E-05   2.4749E-05   0.99760
FLUX  849  2065.00        1.451780E+14   2.4520E-05   2.4520E-05   1.00000
FLUX  850  2075.00        1.444783E+14   2.4293E-05   2.4294E-05   0.99994
FLUX  851  2085.00        1.437854E+14   2.4072E-05   2.4072E-05   0.99999
FLUX  852  2095.00        1.430990E+14   2.3850E-05   2.3853E-05   0.99990
FLUX  853  2105.00        1.424192E+14   2.3634E-05   2.3636E-05   0.99991
FLUX  854  2115.00        1.417459E+14   2.3319E-05   2.3423E-05   0.99556
FLUX  855  2125.00        1.410788E+14   2.3212E-05   2.3212E-05   0.99999
FLUX  856  2135.00        1.404180E+14   2.3003E-05   2.3004E-05   0.99994
FLUX  857  2145.00        1.397634E+14   2.2790E-05   2.2799E-05   0.99960
FLUX  858  2155.00        1.391148E+14   2.2577E-05   2.2596E-05   0.99914
FLUX  859  2165.00        1.384723E+14   2.1478E-05   2.2397E-05   0.95896
FLUX  860  2175.00        1.378356E+14   2.2152E-05   2.2200E-05   0.99786
FLUX  861  2185.00        1.372048E+14   2.1988E-05   2.2005E-05   0.99922
FLUX  862  2195.00        1.365797E+14   2.1812E-05   2.1813E-05   0.99994
FLUX  863  2205.00        1.359603E+14   2.1624E-05   2.1624E-05   1.00000
FLUX  864  2215.00        1.353465E+14   2.1436E-05   2.1437E-05   1.00000
FLUX  865  2225.00        1.347382E+14   2.1244E-05   2.1252E-05   0.99962
FLUX  866  2235.00        1.341353E+14   2.1069E-05   2.1070E-05   1.00000
FLUX  867  2245.00        1.335379E+14   2.0889E-05   2.0890E-05   1.00000
FLUX  868  2255.00        1.329457E+14   2.0712E-05   2.0712E-05   0.99999
FLUX  869  2265.00        1.323587E+14   2.0536E-05   2.0536E-05   1.00000
FLUX  870  2275.00        1.317769E+14   2.0363E-05   2.0363E-05   1.00000
FLUX  871  2285.00        1.312002E+14   2.0212E-05   2.0286E-05   0.99633
FLUX  872  2295.00        1.306285E+14   2.0116E-05   2.0116E-05   1.00000
FLUX  873  2305.00        1.300618E+14   1.9941E-05   1.9949E-05   0.99964
FLUX  874  2315.00        1.295000E+14   1.9781E-05   1.9783E-05   0.99991
FLUX  875  2325.00        1.289430E+14   1.9598E-05   1.9619E-05   0.99891
FLUX  876  2335.00        1.283908E+14   1.9404E-05   1.9457E-05   0.99728
FLUX  877  2345.00        1.278433E+14   1.9232E-05   1.9298E-05   0.99658
FLUX  878  2355.00        1.273004E+14   1.9063E-05   1.9140E-05   0.99601
FLUX  879  2365.00        1.267622E+14   1.8896E-05   1.8984E-05   0.99536
FLUX  880  2375.00        1.262284E+14   1.8729E-05   1.8830E-05   0.99465
FLUX  881  2385.00        1.256992E+14   1.8575E-05   1.8678E-05   0.99449
FLUX  882  2395.00        1.251743E+14   1.8413E-05   1.8527E-05   0.99382
FLUX  883  2405.00        1.246538E+14   1.8258E-05   1.8379E-05   0.99343
FLUX  884  2415.00        1.241377E+14   1.8101E-05   1.8232E-05   0.99284
FLUX  885  2425.00        1.236258E+14   1.7977E-05   1.8087E-05   0.99391
FLUX  886  2435.00        1.231181E+14   1.7821E-05   1.7944E-05   0.99315
FLUX  887  2445.00        1.226145E+14   1.7663E-05   1.7802E-05   0.99221
FLUX  888  2455.00        1.221151E+14   1.7565E-05   1.7662E-05   0.99450
FLUX  889  2465.00        1.216197E+14   1.7390E-05   1.7524E-05   0.99238
FLUX  890  2475.00        1.211283E+14   1.7233E-05   1.7387E-05   0.99114
FLUX  891  2485.00        1.206408E+14   1.7199E-05   1.7252E-05   0.99695
FLUX  892  2495.00        1.201573E+14   1.6894E-05   1.7118E-05   0.98694
FLUX  893  2505.00        1.196776E+14   1.6986E-05   1.6986E-05   0.99999
FLUX  894  2515.00        1.192018E+14   1.6830E-05   1.6855E-05   0.99851
FLUX  895  2525.00        1.187297E+14   1.6460E-05   1.6726E-05   0.98408
FLUX  896  2535.00        1.182613E+14   1.6549E-05   1.6599E-05   0.99698
FLUX  897  2545.00        1.177967E+14   1.6472E-05   1.6473E-05   0.99998
FLUX  898  2555.00        1.173356E+14   1.6298E-05   1.6348E-05   0.99696
FLUX  899  2565.00        1.168782E+14   1.5903E-05   1.6225E-05   0.98016
FLUX  900  2575.00        1.164243E+14   1.6072E-05   1.6103E-05   0.99807
FLUX  901  2585.00        1.159739E+14   1.5982E-05   1.5982E-05   0.99998
FLUX  902  2595.00        1.155270E+14   1.5862E-05   1.5863E-05   0.99998
FLUX  903  2605.00        1.150835E+14   1.5653E-05   1.5745E-05   0.99416
FLUX  904  2615.00        1.146434E+14   1.5217E-05   1.5628E-05   0.97367
FLUX  905  2625.00        1.142067E+14   1.4845E-05   1.5513E-05   0.95693
FLUX  906  2635.00        1.137732E+14   1.5353E-05   1.5399E-05   0.99700
FLUX  907  2645.00        1.133431E+14   1.5286E-05   1.5286E-05   0.99998
FLUX  908  2655.00        1.129162E+14   1.5157E-05   1.5174E-05   0.99886
FLUX  909  2665.00        1.124925E+14   1.5016E-05   1.5064E-05   0.99685
FLUX  910  2675.00        1.120720E+14   1.4521E-05   1.4955E-05   0.97102
FLUX  911  2685.00        1.116546E+14   1.4793E-05   1.4847E-05   0.99640
FLUX  912  2695.00        1.112403E+14   1.4740E-05   1.4740E-05   0.99999
FLUX  913  2705.00        1.108290E+14   1.4634E-05   1.4634E-05   1.00000
FLUX  914  2715.00        1.104208E+14   1.4529E-05   1.4529E-05   1.00000
FLUX  915  2725.00        1.100156E+14   1.4426E-05   1.4426E-05   1.00000
FLUX  916  2735.00        1.096133E+14   1.4323E-05   1.4323E-05   0.99999
FLUX  917  2745.00        1.092140E+14   1.4211E-05   1.4222E-05   0.99925
FLUX  918  2755.00        1.088176E+14   1.3712E-05   1.4122E-05   0.97099
FLUX  919  2765.00        1.084241E+14   1.3890E-05   1.4023E-05   0.99054
FLUX  920  2775.00        1.080333E+14   1.3924E-05   1.3924E-05   0.99998
FLUX  921  2785.00        1.076454E+14   1.3827E-05   1.3827E-05   0.99999
FLUX  922  2795.00        1.072603E+14   1.3731E-05   1.3731E-05   1.00000
FLUX  923  2805.00        1.068779E+14   1.3633E-05   1.3636E-05   0.99979
FLUX  924  2815.00        1.064982E+14   1.3542E-05   1.3542E-05   0.99998
FLUX  925  2825.00        1.061212E+14   1.3448E-05   1.3449E-05   0.99998
FLUX  926  2835.00        1.057469E+14   1.3356E-05   1.3356E-05   0.99996
FLUX  927  2845.00        1.053752E+14   1.3265E-05   1.3265E-05   0.99999
FLUX  928  2855.00        1.050061E+14   1.3168E-05   1.3175E-05   0.99947
FLUX  929  2865.00        1.046396E+14   1.3006E-05   1.3085E-05   0.99396
FLUX  930  2875.00        1.042757E+14   1.2533E-05   1.2997E-05   0.96436
FLUX  931  2885.00        1.039142E+14   1.2891E-05   1.2909E-05   0.99859
FLUX  932  2895.00        1.035553E+14   1.2821E-05   1.2822E-05   0.99988
FLUX  933  2905.00        1.031988E+14   1.2736E-05   1.2736E-05   1.00000
FLUX  934  2915.00        1.028448E+14   1.2651E-05   1.2651E-05   1.00000
FLUX  935  2925.00        1.024932E+14   1.2567E-05   1.2567E-05   0.99999
FLUX  936  2935.00        1.021440E+14   1.2483E-05   1.2484E-05   0.99998
FLUX  937  2945.00        1.017971E+14   1.2401E-05   1.2401E-05   0.99998
FLUX  938  2955.00        1.014526E+14   1.2319E-05   1.2319E-05   1.00000
FLUX  939  2965.00        1.011105E+14   1.2238E-05   1.2238E-05   0.99999
FLUX  940  2975.00        1.007706E+14   1.2158E-05   1.2158E-05   1.00000
FLUX  941  2985.00        1.004330E+14   1.2079E-05   1.2079E-05   1.00000
FLUX  942  2995.00        1.000977E+14   1.2000E-05   1.2000E-05   0.99998
FLUX  943  3005.00        9.976456E+13   1.1922E-05   1.1922E-05   0.99999
FLUX  944  3015.00        9.943367E+13   1.1840E-05   1.1845E-05   0.99955
FLUX  945  3025.00        9.910496E+13   1.1761E-05   1.1769E-05   0.99935
FLUX  946  3035.00        9.877842E+13   1.1339E-05   1.1693E-05   0.96973
FLUX  947  3045.00        9.845402E+13   1.1441E-05   1.1618E-05   0.98475
FLUX  948  3055.00        9.813175E+13   1.1541E-05   1.1544E-05   0.99977
FLUX  949  3065.00        9.781158E+13   1.1469E-05   1.1470E-05   0.99993
FLUX  950  3075.00        9.749350E+13   1.1389E-05   1.1397E-05   0.99930
FLUX  951  3085.00        9.717747E+13   1.1322E-05   1.1325E-05   0.99970
FLUX  952  3095.00        9.686349E+13   1.1254E-05   1.1254E-05   0.99999
FLUX  953  3105.00        9.655153E+13   1.1183E-05   1.1183E-05   0.99999
FLUX  954  3115.00        9.624157E+13   1.1111E-05   1.1113E-05   0.99981
FLUX  955  3125.00        9.593360E+13   1.1040E-05   1.1043E-05   0.99965
FLUX  956  3135.00        9.562759E+13   1.0974E-05   1.0975E-05   0.99998
FLUX  957  3145.00        9.532353E+13   1.0906E-05   1.0906E-05   0.99997
FLUX  958  3155.00        9.502139E+13   1.0839E-05   1.0839E-05   1.00000
FLUX  959  3165.00        9.472117E+13   1.0772E-05   1.0772E-05   0.99998
FLUX  960  3175.00        9.442283E+13   1.0706E-05   1.0706E-05   1.00000
FLUX  961  3185.00        9.412637E+13   1.0640E-05   1.0640E-05   1.00000
FLUX  962  3195.00        9.383177E+13   1.0575E-05   1.0575E-05   1.00000
FLUX  963  3210.00        9.339330E+13   1.0478E-05   1.0478E-05   1.00000
FLUX  964  3230.00        9.281502E+13   1.0351E-05   1.0351E-05   1.00000
FLUX  965  3250.00        9.224385E+13   1.0227E-05   1.0227E-05   1.00000
FLUX  966  3270.00        9.167966E+13   1.0105E-05   1.0105E-05   0.99998
FLUX  967  3290.00        9.112234E+13   9.7390E-06   1.0007E-05   0.97321
FLUX  968  3310.00        9.057175E+13   9.8531E-06   9.8888E-06   0.99640
FLUX  969  3330.00        9.002778E+13   9.7699E-06   9.7725E-06   0.99973
FLUX  970  3350.00        8.949030E+13   9.6582E-06   9.6583E-06   0.99999
FLUX  971  3370.00        8.895920E+13   9.5459E-06   9.5461E-06   0.99998
FLUX  972  3390.00        8.843437E+13   9.4355E-06   9.4358E-06   0.99997
FLUX  973  3410.00        8.791569E+13   9.3271E-06   9.3274E-06   0.99997
FLUX  974  3430.00        8.740306E+13   9.2070E-06   9.2208E-06   0.99850
FLUX  975  3450.00        8.689638E+13   9.0999E-06   9.1161E-06   0.99823
FLUX  976  3470.00        8.639553E+13   8.9885E-06   9.0131E-06   0.99727
FLUX  977  3490.00        8.590043E+13   8.8861E-06   8.9118E-06   0.99711
FLUX  978  3510.00        8.541097E+13   8.7864E-06   8.8123E-06   0.99707
FLUX  979  3530.00        8.492705E+13   8.6881E-06   8.7143E-06   0.99699
FLUX  980  3550.00        8.444859E+13   8.5895E-06   8.6181E-06   0.99669
FLUX  981  3570.00        8.397549E+13   8.4914E-06   8.5233E-06   0.99625
FLUX  982  3590.00        8.350766E+13   8.4131E-06   8.4301E-06   0.99797
FLUX  983  3610.00        8.304501E+13   8.3030E-06   8.3385E-06   0.99575
FLUX  984  3630.00        8.258747E+13   8.2373E-06   8.2483E-06   0.99867
FLUX  985  3650.00        8.213493E+13   8.1193E-06   8.1595E-06   0.99508
FLUX  986  3670.00        8.168733E+13   8.0713E-06   8.0722E-06   0.99989
FLUX  987  3690.00        8.124458E+13   7.9358E-06   7.9862E-06   0.99369
FLUX  988  3710.00        8.080660E+13   7.8827E-06   7.9016E-06   0.99761
FLUX  989  3730.00        8.037332E+13   7.7252E-06   7.8183E-06   0.98810
FLUX  990  3750.00        7.994467E+13   7.5614E-06   7.7363E-06   0.97739
FLUX  991  3770.00        7.952056E+13   7.6505E-06   7.6556E-06   0.99933
FLUX  992  3790.00        7.910092E+13   7.5760E-06   7.5761E-06   0.99998
FLUX  993  3810.00        7.868570E+13   7.4522E-06   7.4979E-06   0.99390
FLUX  994  3830.00        7.827480E+13   7.3851E-06   7.4209E-06   0.99519
FLUX  995  3850.00        7.786818E+13   7.3449E-06   7.3450E-06   0.99999
FLUX  996  3870.00        7.746576E+13   7.2702E-06   7.2703E-06   0.99999
FLUX  997  3890.00        7.706748E+13   7.1873E-06   7.1967E-06   0.99870
FLUX  998  3910.00        7.667327E+13   7.0384E-06   7.1242E-06   0.98796
FLUX  999  3930.00        7.628308E+13   7.0513E-06   7.0528E-06   0.99980
FLUX 1000  3950.00        7.589684E+13   6.9818E-06   6.9824E-06   0.99991
FLUX 1001  3970.00        7.551448E+13   6.9131E-06   6.9131E-06   0.99999
FLUX 1002  3990.00        7.513596E+13   6.8448E-06   6.8448E-06   1.00000
FLUX 1003  4010.00        7.476122E+13   6.7307E-06   6.7775E-06   0.99309
FLUX 1004  4030.00        7.439020E+13   6.6271E-06   6.7112E-06   0.98747
FLUX 1005  4050.00        7.402284E+13   6.4921E-06   6.6459E-06   0.97687
FLUX 1006  4070.00        7.365909E+13   6.5800E-06   6.5814E-06   0.99978
FLUX 1007  4090.00        7.329890E+13   6.5179E-06   6.5180E-06   1.00000
FLUX 1008  4110.00        7.294221E+13   6.4553E-06   6.4554E-06   0.99999
FLUX 1009  4130.00        7.258898E+13   6.3872E-06   6.3937E-06   0.99898
FLUX 1010  4150.00        7.223916E+13   6.3285E-06   6.3329E-06   0.99930
FLUX 1011  4170.00        7.189269E+13   6.1570E-06   6.2729E-06   0.98152
FLUX 1012  4190.00        7.154952E+13   6.2073E-06   6.2138E-06   0.99896
FLUX 1013  4210.00        7.120962E+13   6.1555E-06   6.1555E-06   0.99999
FLUX 1014  4230.00        7.087293E+13   6.0980E-06   6.0981E-06   1.00000
FLUX 1015  4250.00        7.053941E+13   6.0375E-06   6.0414E-06   0.99935
FLUX 1016  4270.00        7.020902E+13   5.9855E-06   5.9855E-06   1.00000
FLUX 1017  4290.00        6.988170E+13   5.9177E-06   5.9304E-06   0.99786
FLUX 1018  4310.00        6.955742E+13   5.8760E-06   5.8760E-06   1.00000
FLUX 1019  4330.00        6.923614E+13   5.8223E-06   5.8224E-06   1.00000
FLUX 1020  4350.00        6.891782E+13   5.7693E-06   5.7695E-06   0.99997
FLUX 1021  4370.00        6.860240E+13   5.6070E-06   5.7173E-06   0.98071
FLUX 1022  4390.00        6.828986E+13   5.6408E-06   5.6658E-06   0.99559
FLUX 1023  4410.00        6.798016E+13   5.6149E-06   5.6150E-06   0.99999
FLUX 1024  4430.00        6.767325E+13   5.5648E-06   5.5648E-06   1.00000
FLUX 1025  4450.00        6.736910E+13   5.5154E-06   5.5154E-06   1.00000
FLUX 1026  4470.00        6.706767E+13   5.4733E-06   5.4733E-06   1.00000
FLUX 1027  4490.00        6.676893E+13   5.4251E-06   5.4251E-06   1.00000
FLUX 1028  4510.00        6.647284E+13   5.3774E-06   5.3774E-06   1.00000
FLUX 1029  4530.00        6.617936E+13   5.3303E-06   5.3304E-06   0.99998
FLUX 1030  4550.00        6.588846E+13   5.2840E-06   5.2840E-06   1.00000
FLUX 1031  4570.00        6.560011E+13   5.2382E-06   5.2382E-06   0.99999
FLUX 1032  4590.00        6.531427E+13   5.1930E-06   5.1930E-06   1.00000
FLUX 1033  4610.00        6.503091E+13   5.1461E-06   5.1484E-06   0.99956
FLUX 1034  4630.00        6.475000E+13   5.1033E-06   5.1044E-06   0.99979
FLUX 1035  4650.00        6.447151E+13   4.9164E-06   5.0609E-06   0.97146
FLUX 1036  4670.00        6.419540E+13   4.8845E-06   5.0179E-06   0.97342
FLUX 1037  4690.00        6.392164E+13   4.9594E-06   4.9755E-06   0.99676
FLUX 1038  4710.00        6.365021E+13   4.9336E-06   4.9337E-06   0.99999
FLUX 1039  4730.00        6.338108E+13   4.8923E-06   4.8923E-06   1.00000
FLUX 1040  4750.00        6.311421E+13   4.8512E-06   4.8515E-06   0.99995
FLUX 1041  4770.00        6.284958E+13   4.8111E-06   4.8111E-06   0.99999
FLUX 1042  4790.00        6.258716E+13   4.7713E-06   4.7713E-06   1.00000
FLUX 1043  4810.00        6.232692E+13   4.7319E-06   4.7319E-06   1.00000
FLUX 1044  4830.00        6.206884E+13   4.6931E-06   4.6931E-06   1.00000
FLUX 1045  4850.00        6.181289E+13   4.6547E-06   4.6547E-06   1.00000
FLUX 1046  4870.00        6.155903E+13   4.6168E-06   4.6168E-06   1.00000
FLUX 1047  4890.00        6.130726E+13   4.5793E-06   4.5793E-06   1.00000
FLUX 1048  4910.00        6.105754E+13   4.5423E-06   4.5423E-06   1.00000
FLUX 1049  4930.00        6.080984E+13   4.5057E-06   4.5057E-06   1.00000
FLUX 1050  4950.00        6.056414E+13   4.4696E-06   4.4696E-06   1.00000
FLUX 1051  4970.00        6.032042E+13   4.4338E-06   4.4338E-06   1.00000
FLUX 1052  4990.00        6.007866E+13   4.3985E-06   4.3986E-06   1.00000
FLUX 1053  5010.00        5.983882E+13   4.3637E-06   4.3637E-06   1.00000
FLUX 1054  5030.00        5.960089E+13   4.3292E-06   4.3292E-06   0.99999
FLUX 1055  5050.00        5.936485E+13   4.2951E-06   4.2952E-06   1.00000
FLUX 1056  5070.00        5.913067E+13   4.2615E-06   4.2615E-06   1.00000
FLUX 1057  5090.00        5.889833E+13   4.2282E-06   4.2282E-06   0.99999
FLUX 1058  5110.00        5.866781E+13   4.1880E-06   4.1953E-06   0.99825
FLUX 1059  5130.00        5.843908E+13   4.0461E-06   4.1628E-06   0.97196
FLUX 1060  5150.00        5.821214E+13   4.1272E-06   4.1307E-06   0.99916
FLUX 1061  5170.00        5.798694E+13   4.0989E-06   4.0989E-06   0.99999
FLUX 1062  5190.00        5.776349E+13   4.0675E-06   4.0675E-06   1.00000
FLUX 1063  5210.00        5.754175E+13   4.0365E-06   4.0365E-06   1.00000
FLUX 1064  5230.00        5.732170E+13   4.0058E-06   4.0058E-06   1.00000
FLUX 1065  5250.00        5.710333E+13   3.9754E-06   3.9754E-06   1.00000
FLUX 1066  5270.00        5.688662E+13   3.9454E-06   3.9454E-06   1.00000
FLUX 1067  5290.00        5.667155E+13   3.9158E-06   3.9158E-06   1.00000
FLUX 1068  5310.00        5.645810E+13   3.8864E-06   3.8864E-06   1.00000
FLUX 1069  5330.00        5.624625E+13   3.8574E-06   3.8574E-06   1.00000
FLUX 1070  5350.00        5.603598E+13   3.8287E-06   3.8287E-06   1.00000
FLUX 1071  5370.00        5.582728E+13   3.8004E-06   3.8004E-06   1.00000
FLUX 1072  5390.00        5.562013E+13   3.7723E-06   3.7723E-06   1.00000
FLUX 1073  5410.00        5.541451E+13   3.7446E-06   3.7446E-06   1.00000
FLUX 1074  5430.00        5.521041E+13   3.7171E-06   3.7171E-06   1.00000
FLUX 1075  5450.00        5.500780E+13   3.6900E-06   3.6900E-06   1.00000
FLUX 1076  5470.00        5.480667E+13   3.6631E-06   3.6631E-06   1.00000
FLUX 1077  5490.00        5.460701E+13   3.6365E-06   3.6365E-06   1.00000
FLUX 1078  5510.00        5.440880E+13   3.6103E-06   3.6103E-06   1.00000
FLUX 1079  5530.00        5.421203E+13   3.5843E-06   3.5843E-06   1.00000
FLUX 1080  5550.00        5.401667E+13   3.5585E-06   3.5585E-06   1.00000
FLUX 1081  5570.00        5.382271E+13   3.5331E-06   3.5331E-06   1.00000
FLUX 1082  5590.00        5.363014E+13   3.5079E-06   3.5079E-06   1.00000
FLUX 1083  5610.00        5.343895E+13   3.4830E-06   3.4830E-06   1.00000
FLUX 1084  5630.00        5.324911E+13   3.4583E-06   3.4583E-06   1.00000
FLUX 1085  5650.00        5.306062E+13   3.4340E-06   3.4340E-06   1.00000
FLUX 1086  5670.00        5.287346E+13   3.4098E-06   3.4098E-06   1.00000
FLUX 1087  5690.00        5.268761E+13   3.3859E-06   3.3859E-06   1.00000
FLUX 1088  5710.00        5.250306E+13   3.3623E-06   3.3623E-06   1.00000
FLUX 1089  5730.00        5.231981E+13   3.3389E-06   3.3389E-06   1.00000
FLUX 1090  5750.00        5.213783E+13   3.3158E-06   3.3158E-06   1.00000
FLUX 1091  5770.00        5.195711E+13   3.2929E-06   3.2929E-06   1.00000
FLUX 1092  5790.00        5.177763E+13   3.2700E-06   3.2702E-06   0.99995
FLUX 1093  5810.00        5.159940E+13   3.2478E-06   3.2478E-06   1.00000
FLUX 1094  5830.00        5.142238E+13   3.2256E-06   3.2256E-06   1.00000
FLUX 1095  5850.00        5.124658E+13   3.2060E-06   3.2060E-06   1.00000
FLUX 1096  5870.00        5.107198E+13   3.1841E-06   3.1842E-06   0.99999
FLUX 1097  5890.00        5.089856E+13   3.1550E-06   3.1626E-06   0.99759
FLUX 1098  5910.00        5.072631E+13   3.0451E-06   3.1413E-06   0.96937
FLUX 1099  5930.00        5.055523E+13   3.1167E-06   3.1201E-06   0.99891
FLUX 1100  5950.00        5.038529E+13   3.0992E-06   3.0992E-06   0.99999
FLUX 1101  5970.00        5.021650E+13   3.0785E-06   3.0785E-06   1.00000
FLUX 1102  5990.00        5.004883E+13   3.0580E-06   3.0580E-06   1.00000
FLUX 1103  6010.00        4.988228E+13   3.0377E-06   3.0377E-06   1.00000
FLUX 1104  6030.00        4.971683E+13   3.0176E-06   3.0176E-06   1.00000
FLUX 1105  6050.00        4.955248E+13   2.9977E-06   2.9977E-06   1.00000
FLUX 1106  6070.00        4.938921E+13   2.9780E-06   2.9780E-06   1.00000
FLUX 1107  6090.00        4.922701E+13   2.9584E-06   2.9584E-06   1.00000
FLUX 1108  6110.00        4.906588E+13   2.9391E-06   2.9391E-06   1.00000
FLUX 1109  6130.00        4.890579E+13   2.9200E-06   2.9200E-06   1.00000
FLUX 1110  6150.00        4.874675E+13   2.9010E-06   2.9010E-06   1.00000
FLUX 1111  6170.00        4.858874E+13   2.8822E-06   2.8822E-06   1.00000
FLUX 1112  6190.00        4.843174E+13   2.8636E-06   2.8636E-06   1.00000
FLUX 1113  6210.00        4.827576E+13   2.8452E-06   2.8452E-06   1.00000
FLUX 1114  6230.00        4.812079E+13   2.8270E-06   2.8270E-06   1.00000
FLUX 1115  6250.00        4.796680E+13   2.8089E-06   2.8089E-06   1.00000
FLUX 1116  6270.00        4.781380E+13   2.7910E-06   2.7910E-06   1.00000
FLUX 1117  6290.00        4.766176E+13   2.7733E-06   2.7733E-06   1.00000
FLUX 1118  6310.00        4.751070E+13   2.7557E-06   2.7557E-06   1.00000
FLUX 1119  6330.00        4.736058E+13   2.7383E-06   2.7383E-06   1.00000
FLUX 1120  6350.00        4.721142E+13   2.7211E-06   2.7211E-06   1.00000
FLUX 1121  6370.00        4.706319E+13   2.7040E-06   2.7040E-06   1.00000
FLUX 1122  6390.00        4.691588E+13   2.6871E-06   2.6871E-06   1.00000
FLUX 1123  6420.00        4.669665E+13   2.6620E-06   2.6620E-06   1.00000
FLUX 1124  6460.00        4.640751E+13   2.6291E-06   2.6291E-06   1.00000
FLUX 1125  6500.00        4.612192E+13   2.5968E-06   2.5968E-06   1.00000
FLUX 1126  6540.00        4.583983E+13   2.5651E-06   2.5651E-06   1.00000
FLUX 1127  6580.00        4.556117E+13   2.5340E-06   2.5340E-06   1.00000
FLUX 1128  6620.00        4.528588E+13   2.5034E-06   2.5034E-06   0.99999
FLUX 1129  6660.00        4.501389E+13   2.4734E-06   2.4734E-06   1.00000
FLUX 1130  6700.00        4.474515E+13   2.4439E-06   2.4439E-06   1.00000
FLUX 1131  6740.00        4.447960E+13   2.4149E-06   2.4149E-06   1.00000
FLUX 1132  6780.00        4.421718E+13   2.3864E-06   2.3864E-06   1.00000
FLUX 1133  6820.00        4.395784E+13   2.3585E-06   2.3585E-06   1.00000
FLUX 1134  6860.00        4.370153E+13   2.3310E-06   2.3310E-06   0.99999
FLUX 1135  6900.00        4.344819E+13   2.3040E-06   2.3040E-06   1.00000
FLUX 1136  6940.00        4.319777E+13   2.2774E-06   2.2774E-06   0.99999
FLUX 1137  6980.00        4.295021E+13   2.2513E-06   2.2513E-06   1.00000
FLUX 1138  7020.00        4.270548E+13   2.2257E-06   2.2257E-06   1.00000
FLUX 1139  7060.00        4.246353E+13   2.2005E-06   2.2005E-06   1.00000
FLUX 1140  7100.00        4.222430E+13   2.1757E-06   2.1757E-06   1.00000
FLUX 1141  7140.00        4.198775E+13   2.1513E-06   2.1513E-06   0.99998
FLUX 1142  7180.00        4.175383E+13   2.1273E-06   2.1273E-06   0.99999
FLUX 1143  7220.00        4.152251E+13   2.1038E-06   2.1038E-06   1.00000
FLUX 1144  7260.00        4.129373E+13   2.0806E-06   2.0806E-06   0.99999
FLUX 1145  7300.00        4.106747E+13   2.0578E-06   2.0578E-06   1.00000
FLUX 1146  7340.00        4.084366E+13   2.0353E-06   2.0353E-06   1.00000
FLUX 1147  7380.00        4.062229E+13   2.0132E-06   2.0133E-06   1.00000
FLUX 1148  7420.00        4.040330E+13   1.9880E-06   1.9916E-06   0.99821
FLUX 1149  7460.00        4.018666E+13   1.9458E-06   1.9702E-06   0.98760
FLUX 1150  7500.00        3.997233E+13   1.9111E-06   1.9492E-06   0.98044
FLUX 1151  7540.00        3.976028E+13   1.9281E-06   1.9285E-06   0.99979
FLUX 1152  7580.00        3.955046E+13   1.9082E-06   1.9082E-06   1.00000
FLUX 1153  7620.00        3.934285E+13   1.8881E-06   1.8881E-06   1.00000
FLUX 1154  7660.00        3.913740E+13   1.8684E-06   1.8684E-06   1.00000
FLUX 1155  7700.00        3.893409E+13   1.8490E-06   1.8490E-06   1.00000
FLUX 1156  7740.00        3.873288E+13   1.8299E-06   1.8299E-06   1.00000
FLUX 1157  7780.00        3.853374E+13   1.8110E-06   1.8110E-06   1.00000
FLUX 1158  7820.00        3.833664E+13   1.7925E-06   1.7925E-06   1.00000
FLUX 1159  7860.00        3.814154E+13   1.7742E-06   1.7742E-06   1.00000
FLUX 1160  7900.00        3.794842E+13   1.7562E-06   1.7562E-06   1.00000
FLUX 1161  7940.00        3.775724E+13   1.7385E-06   1.7385E-06   1.00000
FLUX 1162  7980.00        3.756798E+13   1.7211E-06   1.7211E-06   1.00000
FLUX 1163  8020.00        3.738061E+13   1.7039E-06   1.7039E-06   1.00000
FLUX 1164  8060.00        3.719510E+13   1.6870E-06   1.6870E-06   1.00000
FLUX 1165  8100.00        3.701142E+13   1.6703E-06   1.6703E-06   1.00000
FLUX 1166  8140.00        3.682955E+13   1.6538E-06   1.6538E-06   1.00000
FLUX 1167  8180.00        3.664945E+13   1.6376E-06   1.6376E-06   1.00000
FLUX 1168  8220.00        3.647111E+13   1.6217E-06   1.6217E-06   1.00000
FLUX 1169  8260.00        3.629449E+13   1.6059E-06   1.6059E-06   1.00000
FLUX 1170  8300.00        3.611958E+13   1.5904E-06   1.5904E-06   1.00000
FLUX 1171  8340.00        3.594634E+13   1.5751E-06   1.5751E-06   1.00000
FLUX 1172  8380.00        3.577476E+13   1.5601E-06   1.5601E-06   1.00000
FLUX 1173  8420.00        3.560481E+13   1.5452E-06   1.5452E-06   1.00000
FLUX 1174  8460.00        3.543647E+13   1.5306E-06   1.5306E-06   1.00000
FLUX 1175  8500.00        3.526971E+13   1.5161E-06   1.5161E-06   1.00000
FLUX 1176  8540.00        3.510451E+13   1.5019E-06   1.5019E-06   1.00000
FLUX 1177  8580.00        3.494085E+13   1.4878E-06   1.4878E-06   1.00000
FLUX 1178  8620.00        3.477871E+13   1.4740E-06   1.4740E-06   1.00000
FLUX 1179  8660.00        3.461807E+13   1.4603E-06   1.4603E-06   1.00000
FLUX 1180  8700.00        3.445891E+13   1.4469E-06   1.4469E-06   1.00000
FLUX 1181  8740.00        3.430120E+13   1.4336E-06   1.4336E-06   1.00000
FLUX 1182  8780.00        3.414493E+13   1.4205E-06   1.4205E-06   1.00000
FLUX 1183  8820.00        3.399008E+13   1.4075E-06   1.4075E-06   1.00000
FLUX 1184  8860.00        3.383663E+13   1.3948E-06   1.3948E-06   1.00000
FLUX 1185  8900.00        3.368455E+13   1.3822E-06   1.3822E-06   1.00000
FLUX 1186  8940.00        3.353384E+13   1.3698E-06   1.3698E-06   1.00000
FLUX 1187  8980.00        3.338447E+13   1.3575E-06   1.3575E-06   1.00000
FLUX 1188  9020.00        3.323642E+13   1.3455E-06   1.3455E-06   1.00000
FLUX 1189  9060.00        3.308968E+13   1.3335E-06   1.3335E-06   1.00000
FLUX 1190  9100.00        3.294423E+13   1.3218E-06   1.3218E-06   1.00000
FLUX 1191  9140.00        3.280005E+13   1.3101E-06   1.3101E-06   1.00000
FLUX 1192  9180.00        3.265714E+13   1.2987E-06   1.2987E-06   1.00000
FLUX 1193  9220.00        3.251546E+13   1.2874E-06   1.2874E-06   1.00000
FLUX 1194  9260.00        3.237500E+13   1.2762E-06   1.2762E-06   0.99998
FLUX 1195  9300.00        3.223575E+13   1.2652E-06   1.2652E-06   1.00000
FLUX 1196  9340.00        3.209770E+13   1.2543E-06   1.2543E-06   1.00000
FLUX 1197  9380.00        3.196082E+13   1.2435E-06   1.2435E-06   1.00000
FLUX 1198  9420.00        3.182511E+13   1.2329E-06   1.2329E-06   1.00000
FLUX 1199  9460.00        3.169054E+13   1.2224E-06   1.2224E-06   1.00000
FLUX 1200  9500.00        3.155711E+13   1.2121E-06   1.2121E-06   1.00000
FLUX 1201  9540.00        3.142479E+13   1.2019E-06   1.2019E-06   1.00000
FLUX 1202  9580.00        3.129358E+13   1.1918E-06   1.1918E-06   1.00000
FLUX 1203  9620.00        3.116346E+13   1.1818E-06   1.1818E-06   1.00000
FLUX 1204  9660.00        3.103442E+13   1.1720E-06   1.1720E-06   1.00000
FLUX 1205  9700.00        3.090644E+13   1.1623E-06   1.1623E-06   0.99999
FLUX 1206  9740.00        3.077952E+13   1.1527E-06   1.1527E-06   1.00000
FLUX 1207  9780.00        3.065363E+13   1.1432E-06   1.1432E-06   1.00000
FLUX 1208  9820.00        3.052877E+13   1.1338E-06   1.1338E-06   1.00000
FLUX 1209  9860.00        3.040492E+13   1.1246E-06   1.1246E-06   1.00000
FLUX 1210  9900.00        3.028207E+13   1.1154E-06   1.1154E-06   1.00000
FLUX 1211  9940.00        3.016021E+13   1.1064E-06   1.1064E-06   1.00000
FLUX 1212  9980.00        3.003933E+13   1.0975E-06   1.0975E-06   1.00000
FLUX 1213 10020.00        2.991941E+13   1.0887E-06   1.0887E-06   1.00000
FLUX 1214 20000.00        1.498963E+13   2.6918E-07   2.6918E-07   1.00000
FLUX 1215 40000.00        7.494813E+12   6.5894E-08   6.5894E-08   1.00000
FLUX 1216 60000.00        4.996542E+12   2.8876E-08   2.8876E-08   1.00000
FLUX 1217 80000.00        3.747406E+12   1.6074E-08   1.6074E-08   1.00000
FLUX 1218100000.00        2.997925E+12   1.0202E-08   1.0202E-08   1.00000
FLUX 1219120000.00        2.498271E+12   7.0351E-09   7.0351E-09   1.00000
FLUX 1220140000.00        2.141375E+12   5.1376E-09   5.1376E-09   1.00000
FLUX 1221160000.00        1.873703E+12   3.9127E-09   3.9127E-09   1.00000
FLUX
