TEFF   9000.  GRAVITY 2.00000 LTE 
TITLE TEST MODEL WITH SDSC OPACITY  VTURB 2 KM/S                                
 OPACITY IFOP
FLUX   81    50.60        5.924753E+15   1.1075E-24   1.2464E-24   0.88851
FLUX   82    51.20        5.855322E+15   2.1568E-24   2.1857E-24   0.98677
FLUX   83    52.00        5.765240E+15   4.4826E-24   4.5223E-24   0.99122
FLUX   84    53.00        5.656462E+15   1.0879E-23   1.0888E-23   0.99921
FLUX   85    54.00        5.551713E+15   2.5252E-23   2.5397E-23   0.99431
FLUX   86    55.00        5.450773E+15   5.7477E-23   5.7523E-23   0.99920
FLUX   87    56.00        5.353438E+15   1.2666E-22   1.2667E-22   0.99993
FLUX   88    57.00        5.259518E+15   2.7161E-22   2.7161E-22   0.99999
FLUX   89    58.00        5.168836E+15   5.6475E-22   5.6812E-22   0.99407
FLUX   90    59.00        5.081229E+15   1.1594E-21   1.1599E-21   0.99952
FLUX   91    60.00        4.996542E+15   2.3138E-21   2.3153E-21   0.99933
FLUX   92    61.00        4.914631E+15   4.5235E-21   4.5235E-21   0.99999
FLUX   93    62.00        4.835363E+15   8.6592E-21   8.6594E-21   0.99997
FLUX   94    63.00        4.758611E+15   1.6258E-20   1.6258E-20   0.99999
FLUX   95    64.00        4.684258E+15   2.9955E-20   2.9972E-20   0.99943
FLUX   96    65.00        4.612192E+15   5.4285E-20   5.4287E-20   0.99997
FLUX   97    65.80        4.556117E+15   8.6248E-20   8.6250E-20   0.99998
FLUX   98    66.50        4.508158E+15   1.2813E-19   1.2822E-19   0.99928
FLUX   99    67.50        4.441370E+15   2.2276E-19   2.2290E-19   0.99937
FLUX  100    68.50        4.376533E+15   3.8159E-19   3.8163E-19   0.99989
FLUX  101    69.50        4.313561E+15   6.4390E-19   6.4391E-19   0.99999
FLUX  102    70.50        4.252376E+15   1.0695E-18   1.0713E-18   0.99828
FLUX  103    71.60        4.187046E+15   1.8464E-18   1.8465E-18   0.99998
FLUX  104    72.60        4.129373E+15   2.9879E-18   2.9879E-18   0.99999
FLUX  105    73.50        4.078810E+15   4.5590E-18   4.5592E-18   0.99998
FLUX  106    74.50        4.024060E+15   7.2060E-18   7.2085E-18   0.99965
FLUX  107    75.50        3.970762E+15   1.1261E-17   1.1265E-17   0.99963
FLUX  108    76.50        3.918856E+15   1.7404E-17   1.7409E-17   0.99971
FLUX  109    77.50        3.868290E+15   2.6605E-17   2.6612E-17   0.99974
FLUX  110    78.50        3.819013E+15   4.0257E-17   4.0257E-17   1.00000
FLUX  111    79.50        3.770975E+15   6.0124E-17   6.0285E-17   0.99732
FLUX  112    80.50        3.724130E+15   8.9294E-17   8.9399E-17   0.99882
FLUX  113    81.50        3.678436E+15   1.3130E-16   1.3133E-16   0.99982
FLUX  114    82.50        3.633848E+15   1.9115E-16   1.9117E-16   0.99992
FLUX  115    83.50        3.590329E+15   2.7573E-16   2.7583E-16   0.99962
FLUX  116    84.50        3.547840E+15   3.9459E-16   3.9460E-16   0.99998
FLUX  117    85.50        3.506345E+15   5.5985E-16   5.5986E-16   0.99998
FLUX  118    86.50        3.465809E+15   7.8795E-16   7.8796E-16   0.99999
FLUX  119    87.50        3.426200E+15   1.0997E-15   1.1004E-15   0.99939
FLUX  120    88.50        3.387486E+15   1.5252E-15   1.5252E-15   0.99997
FLUX  121    89.50        3.349637E+15   2.0986E-15   2.0986E-15   0.99999
FLUX  122    90.50        3.312624E+15   2.8644E-15   2.8673E-15   0.99900
FLUX  123    91.50        3.276421E+15   6.5627E-13   5.3686E-12   0.12224
FLUX  124    92.50        3.241000E+15   3.2886E-12   6.6738E-12   0.49276
FLUX  125    93.50        3.206337E+15   4.4511E-12   8.2585E-12   0.53897
FLUX  126    94.50        3.172407E+15   6.2059E-12   1.0174E-11   0.60996
FLUX  127    95.50        3.139188E+15   9.5121E-12   1.2481E-11   0.76213
FLUX  128    96.50        3.106658E+15   1.2341E-11   1.5247E-11   0.80938
FLUX  129    97.50        3.074795E+15   1.3296E-11   1.8552E-11   0.71666
FLUX  130    98.50        3.043579E+15   1.8164E-11   2.2487E-11   0.80779
FLUX  131    99.50        3.012990E+15   2.0479E-11   2.7153E-11   0.75420
FLUX  132   100.50        2.983010E+15   2.7559E-11   3.2668E-11   0.84361
FLUX  133   101.50        2.953621E+15   3.4285E-11   3.9166E-11   0.87538
FLUX  134   102.50        2.924805E+15   2.8047E-11   4.9362E-11   0.56820
FLUX  135   103.50        2.896546E+15   4.8405E-11   5.8708E-11   0.82449
FLUX  136   104.50        2.868828E+15   6.1647E-11   6.9607E-11   0.88565
FLUX  137   105.50        2.841635E+15   7.4211E-11   8.2268E-11   0.90206
FLUX  138   106.50        2.814953E+15   8.2313E-11   9.6942E-11   0.84909
FLUX  139   107.50        2.788767E+15   1.0170E-10   1.1390E-10   0.89285
FLUX  140   108.50        2.763065E+15   1.1847E-10   1.3345E-10   0.88773
FLUX  141   109.50        2.737831E+15   1.2952E-10   1.5593E-10   0.83061
FLUX  142   110.50        2.713054E+15   5.5408E-10   1.7118E-08   0.03237
FLUX  143   111.50        2.688722E+15   1.5952E-09   1.7741E-08   0.08992
FLUX  144   112.50        2.664822E+15   1.8809E-09   1.8361E-08   0.10244
FLUX  145   113.50        2.641344E+15   2.5143E-09   3.3406E-08   0.07526
FLUX  146   114.50        2.618275E+15   2.2880E-09   3.4289E-08   0.06673
FLUX  147   115.50        2.595606E+15   2.2694E-09   3.5208E-08   0.06446
FLUX  148   116.50        2.573326E+15   2.1700E-09   3.6183E-08   0.05997
FLUX  149   117.50        2.551426E+15   1.5944E-09   3.8949E-08   0.04094
FLUX  150   118.50        2.529895E+15   1.2193E-09   4.0119E-08   0.03039
FLUX  151   119.50        2.508724E+15   5.3643E-10   4.1361E-08   0.01297
FLUX  152   120.50        2.487905E+15   5.2570E-10   4.2679E-08   0.01232
FLUX  153   121.50        2.467428E+15   1.0551E-10   4.4080E-08   0.00239
FLUX  154   122.50        2.447286E+15   6.0445E-10   7.1576E-08   0.00844
FLUX  155   123.50        2.427470E+15   1.5871E-09   7.4485E-08   0.02131
FLUX  156   124.50        2.407972E+15   4.5585E-09   3.0081E-06   0.00152
FLUX  157   125.50        2.388785E+15   1.8396E-08   3.0628E-06   0.00601
FLUX  158   126.50        2.369901E+15   3.0277E-08   3.1162E-06   0.00972
FLUX  159   127.50        2.351314E+15   1.7513E-07   3.1685E-06   0.05527
FLUX  160   128.50        2.333016E+15   3.5569E-07   3.2195E-06   0.11048
FLUX  161   129.50        2.315000E+15   3.8883E-07   3.2692E-06   0.11894
FLUX  162   130.50        2.297261E+15   1.6687E-07   3.3178E-06   0.05030
FLUX  163   131.50        2.279791E+15   5.8479E-07   3.3652E-06   0.17378
FLUX  164   132.50        2.262585E+15   8.1011E-07   3.4120E-06   0.23743
FLUX  165   133.50        2.245637E+15   5.7991E-07   3.4576E-06   0.16772
FLUX  166   134.50        2.228941E+15   1.1679E-06   3.5019E-06   0.33349
FLUX  167   135.50        2.212491E+15   1.2244E-06   3.5450E-06   0.34539
FLUX  168   136.50        2.196282E+15   1.0462E-06   3.5869E-06   0.29166
FLUX  169   137.50        2.180309E+15   1.2750E-06   3.6277E-06   0.35145
FLUX  170   138.50        2.164567E+15   1.3516E-06   3.6675E-06   0.36855
FLUX  171   139.50        2.149050E+15   1.5121E-06   3.7062E-06   0.40799
FLUX  172   140.50        2.133754E+15   1.6162E-06   3.7496E-06   0.43103
FLUX  173   141.50        2.118675E+15   1.4668E-06   3.7981E-06   0.38620
FLUX  174   142.50        2.103807E+15   1.8124E-06   3.8863E-06   0.46635
FLUX  175   143.50        2.089146E+15   1.6153E-06   3.9349E-06   0.41051
FLUX  176   144.20        2.079005E+15   1.8784E-06   3.9686E-06   0.47332
FLUX  177   144.70        2.071821E+15   2.2748E-06   4.3910E-06   0.51806
FLUX  178   145.50        2.060430E+15   2.1934E-06   4.4290E-06   0.49523
FLUX  179   146.50        2.046365E+15   1.9918E-06   4.4757E-06   0.44502
FLUX  180   147.50        2.032492E+15   1.9273E-06   4.5215E-06   0.42626
FLUX  181   148.50        2.018805E+15   2.3376E-06   4.5664E-06   0.51191
FLUX  182   149.50        2.005301E+15   2.5603E-06   4.6104E-06   0.55533
FLUX  183   150.50        1.991977E+15   2.7331E-06   4.6535E-06   0.58732
FLUX  184   151.20        1.982755E+15   2.2572E-06   4.6832E-06   0.48199
FLUX  185   151.70        1.976220E+15   2.6193E-06   4.7041E-06   0.55681
FLUX  186   152.50        1.965852E+15   2.2330E-06   5.4307E-06   0.41118
FLUX  187   153.50        1.953046E+15   1.9048E-06   5.4704E-06   0.34820
FLUX  188   154.50        1.940405E+15   2.8451E-06   5.5093E-06   0.51642
FLUX  189   155.50        1.927926E+15   2.4082E-06   5.5474E-06   0.43412
FLUX  190   156.50        1.915607E+15   2.1412E-06   5.5848E-06   0.38340
FLUX  191   157.50        1.903444E+15   2.4661E-06   5.6381E-06   0.43740
FLUX  192   158.50        1.891435E+15   2.9017E-06   5.6738E-06   0.51141
FLUX  193   159.50        1.879577E+15   3.3493E-06   5.7088E-06   0.58670
FLUX  194   160.50        1.867866E+15   2.9801E-06   5.7429E-06   0.51891
FLUX  195   161.50        1.856300E+15   2.9260E-06   5.7763E-06   0.50655
FLUX  196   162.50        1.844877E+15   2.5872E-06   5.8136E-06   0.44503
FLUX  197   163.50        1.833593E+15   2.8152E-06   5.8459E-06   0.48156
FLUX  198   164.50        1.822447E+15   3.0766E-06   5.8776E-06   0.52344
FLUX  199   165.50        1.811435E+15   2.5047E-06   5.9088E-06   0.42389
FLUX  200   166.50        1.800556E+15   3.1175E-06   5.9395E-06   0.52486
FLUX  201   167.20        1.793017E+15   1.3909E-06   5.9607E-06   0.23335
FLUX  202   167.70        1.787671E+15   3.1012E-06   6.1478E-06   0.50443
FLUX  203   168.50        1.779184E+15   3.6986E-06   6.1734E-06   0.59912
FLUX  204   169.50        1.768687E+15   3.5301E-06   6.2044E-06   0.56897
FLUX  205   170.50        1.758314E+15   3.1409E-06   6.2350E-06   0.50376
FLUX  206   171.50        1.748061E+15   3.1681E-06   6.2716E-06   0.50515
FLUX  207   172.50        1.737928E+15   3.1996E-06   6.3014E-06   0.50776
FLUX  208   173.50        1.727911E+15   3.6682E-06   6.3304E-06   0.57947
FLUX  209   174.50        1.718009E+15   3.5583E-06   6.3592E-06   0.55955
FLUX  210   175.50        1.708219E+15   4.3328E-06   6.3872E-06   0.67835
FLUX  211   176.50        1.698541E+15   3.5101E-06   6.4149E-06   0.54719
FLUX  212   177.50        1.688972E+15   4.0799E-06   6.4421E-06   0.63331
FLUX  213   178.50        1.679510E+15   3.8440E-06   6.4692E-06   0.59420
FLUX  214   179.50        1.670153E+15   4.8584E-06   6.4961E-06   0.74789
FLUX  215   180.50        1.660900E+15   4.6348E-06   6.5228E-06   0.71055
FLUX  216   181.50        1.651749E+15   4.6844E-06   6.5492E-06   0.71526
FLUX  217   182.50        1.642699E+15   4.4638E-06   6.5754E-06   0.67886
FLUX  218   183.50        1.633747E+15   4.2457E-06   6.6024E-06   0.64305
FLUX  219   184.50        1.624892E+15   3.8677E-06   6.6291E-06   0.58343
FLUX  220   185.50        1.616132E+15   4.1923E-06   6.6558E-06   0.62987
FLUX  221   186.50        1.607466E+15   4.3307E-06   6.6822E-06   0.64810
FLUX  222   187.50        1.598893E+15   4.6582E-06   6.7099E-06   0.69422
FLUX  223   188.50        1.590411E+15   4.5613E-06   6.7359E-06   0.67716
FLUX  224   189.50        1.582018E+15   4.6888E-06   6.7618E-06   0.69343
FLUX  225   190.50        1.573714E+15   4.4630E-06   6.7877E-06   0.65751
FLUX  226   191.50        1.565496E+15   4.7458E-06   6.8190E-06   0.69598
FLUX  227   192.50        1.557364E+15   4.9683E-06   6.8448E-06   0.72585
FLUX  228   193.50        1.549315E+15   4.7909E-06   6.8705E-06   0.69731
FLUX  229   194.50        1.541350E+15   5.2013E-06   6.8962E-06   0.75422
FLUX  230   195.50        1.533465E+15   5.1738E-06   6.9218E-06   0.74746
FLUX  231   196.70        1.524110E+15   5.6289E-06   6.9525E-06   0.80961
FLUX  232   197.60        1.517169E+15   5.6854E-06   6.9755E-06   0.81506
FLUX  233   198.40        1.511051E+15   5.4621E-06   7.0030E-06   0.77995
FLUX  234   199.50        1.502719E+15   5.2896E-06   7.0310E-06   0.75233
FLUX  235   200.50        1.495224E+15   5.2929E-06   7.0565E-06   0.75008
FLUX  236   201.50        1.487804E+15   4.9670E-06   7.0821E-06   0.70135
FLUX  237   202.50        1.480457E+15   5.1522E-06   7.1078E-06   0.72487
FLUX  238   203.50        1.473182E+15   5.2944E-06   7.1335E-06   0.74218
FLUX  239   204.50        1.465978E+15   5.7562E-06   7.1593E-06   0.80402
FLUX  240   205.50        1.458844E+15   5.3605E-06   7.1852E-06   0.74605
FLUX  241   206.50        1.451780E+15   5.2693E-06   7.2113E-06   0.73070
FLUX  242   207.40        1.445480E+15   5.9986E-06   7.2349E-06   0.82912
FLUX  243   207.80        1.442697E+15   6.0803E-06   7.2679E-06   0.83659
FLUX  244   208.50        1.437854E+15   5.9885E-06   7.2867E-06   0.82185
FLUX  245   209.50        1.430990E+15   5.7916E-06   7.3135E-06   0.79190
FLUX  246   210.50        1.424192E+15   5.5477E-06   7.3405E-06   0.75577
FLUX  247   211.50        1.417459E+15   5.6008E-06   7.3675E-06   0.76020
FLUX  248   212.50        1.410788E+15   5.8179E-06   7.3947E-06   0.78677
FLUX  249   213.50        1.404180E+15   4.7230E-06   7.4220E-06   0.63635
FLUX  250   214.50        1.397634E+15   5.4640E-06   7.4494E-06   0.73348
FLUX  251   215.50        1.391148E+15   5.7789E-06   7.4770E-06   0.77289
FLUX  252   216.50        1.384723E+15   5.4042E-06   7.5047E-06   0.72011
FLUX  253   217.50        1.378356E+15   5.3506E-06   7.5326E-06   0.71033
FLUX  254   218.50        1.372048E+15   5.4115E-06   7.5609E-06   0.71572
FLUX  255   219.50        1.365797E+15   5.9807E-06   7.5893E-06   0.78804
FLUX  256   220.50        1.359603E+15   5.6441E-06   7.6179E-06   0.74090
FLUX  257   221.50        1.353465E+15   5.0591E-06   7.6467E-06   0.66161
FLUX  258   222.50        1.347382E+15   4.8558E-06   7.6759E-06   0.63260
FLUX  259   223.50        1.341353E+15   5.7402E-06   7.7051E-06   0.74498
FLUX  260   224.50        1.335379E+15   5.1413E-06   7.7345E-06   0.66471
FLUX  261   225.50        1.329457E+15   4.8830E-06   7.7652E-06   0.62883
FLUX  262   226.50        1.323587E+15   5.1041E-06   7.7949E-06   0.65480
FLUX  263   227.50        1.317769E+15   5.4922E-06   7.8247E-06   0.70190
FLUX  264   228.50        1.312002E+15   5.8284E-06   7.8548E-06   0.74202
FLUX  265   229.50        1.306285E+15   5.5037E-06   7.8850E-06   0.69800
FLUX  266   230.50        1.300618E+15   5.3992E-06   7.9154E-06   0.68211
FLUX  267   231.50        1.295000E+15   5.0364E-06   7.9463E-06   0.63381
FLUX  268   232.50        1.289430E+15   3.0746E-06   7.9773E-06   0.38542
FLUX  269   233.50        1.283908E+15   4.3186E-06   8.0088E-06   0.53924
FLUX  270   234.50        1.278433E+15   3.8677E-06   8.0403E-06   0.48104
FLUX  271   235.50        1.273004E+15   5.1274E-06   8.0720E-06   0.63521
FLUX  272   236.50        1.267622E+15   3.9511E-06   8.1039E-06   0.48756
FLUX  273   237.50        1.262284E+15   4.6105E-06   8.1359E-06   0.56668
FLUX  274   238.50        1.256992E+15   3.5873E-06   8.1683E-06   0.43917
FLUX  275   239.50        1.251743E+15   4.3457E-06   8.2007E-06   0.52992
FLUX  276   240.50        1.246538E+15   4.0827E-06   8.2334E-06   0.49588
FLUX  277   241.50        1.241377E+15   4.4866E-06   8.2662E-06   0.54277
FLUX  278   242.50        1.236258E+15   5.3799E-06   8.2993E-06   0.64824
FLUX  279   243.50        1.231181E+15   5.1579E-06   8.3326E-06   0.61900
FLUX  280   244.50        1.226145E+15   5.6591E-06   8.3666E-06   0.67640
FLUX  281   245.50        1.221151E+15   5.4741E-06   8.4003E-06   0.65166
FLUX  282   246.50        1.216197E+15   5.4441E-06   8.4343E-06   0.64547
FLUX  283   247.50        1.211283E+15   5.2489E-06   8.4685E-06   0.61981
FLUX  284   248.50        1.206408E+15   5.6633E-06   8.5029E-06   0.66604
FLUX  285   249.50        1.201573E+15   5.4490E-06   8.5376E-06   0.63823
FLUX  286   250.50        1.196776E+15   6.4139E-06   8.5726E-06   0.74818
FLUX  287   251.30        1.192967E+15   5.3770E-06   8.6006E-06   0.62518
FLUX  288   251.80        1.190598E+15   5.6819E-06   8.6260E-06   0.65869
FLUX  289   252.50        1.187297E+15   5.1099E-06   8.6507E-06   0.59069
FLUX  290   253.50        1.182613E+15   5.1204E-06   8.6869E-06   0.58943
FLUX  291   254.50        1.177967E+15   5.1765E-06   8.7234E-06   0.59340
FLUX  292   255.50        1.173356E+15   5.7899E-06   8.7601E-06   0.66094
FLUX  293   256.50        1.168782E+15   5.5854E-06   8.7969E-06   0.63493
FLUX  294   257.50        1.164243E+15   6.2496E-06   8.8339E-06   0.70746
FLUX  295   258.50        1.159739E+15   6.0959E-06   8.8710E-06   0.68717
FLUX  296   259.50        1.155270E+15   5.7655E-06   8.9083E-06   0.64720
FLUX  297   260.50        1.150835E+15   5.4504E-06   8.9460E-06   0.60926
FLUX  298   261.50        1.146434E+15   5.3468E-06   8.9836E-06   0.59518
FLUX  299   262.50        1.142067E+15   6.1697E-06   9.0215E-06   0.68389
FLUX  300   263.50        1.137732E+15   6.4030E-06   9.0596E-06   0.70676
FLUX  301   264.50        1.133431E+15   7.7976E-06   9.0978E-06   0.85709
FLUX  302   265.50        1.129162E+15   7.7119E-06   9.1361E-06   0.84412
FLUX  303   266.50        1.124925E+15   6.8377E-06   9.1745E-06   0.74529
FLUX  304   267.50        1.120720E+15   7.3523E-06   9.2132E-06   0.79802
FLUX  305   268.50        1.116546E+15   7.1659E-06   9.2520E-06   0.77453
FLUX  306   269.50        1.112403E+15   6.9883E-06   9.2909E-06   0.75216
FLUX  307   270.50        1.108290E+15   7.3135E-06   9.3301E-06   0.78386
FLUX  308   271.50        1.104208E+15   6.8309E-06   9.3694E-06   0.72906
FLUX  309   272.50        1.100156E+15   7.0256E-06   9.4087E-06   0.74671
FLUX  310   273.50        1.096133E+15   7.7274E-06   9.4483E-06   0.81786
FLUX  311   274.50        1.092140E+15   5.8570E-06   9.4879E-06   0.61731
FLUX  312   275.50        1.088176E+15   6.2206E-06   9.5276E-06   0.65290
FLUX  313   276.50        1.084241E+15   6.6631E-06   9.5675E-06   0.69643
FLUX  314   277.50        1.080333E+15   7.5298E-06   9.6076E-06   0.78373
FLUX  315   278.50        1.076454E+15   7.2511E-06   9.6477E-06   0.75159
FLUX  316   279.50        1.072603E+15   4.3424E-06   9.6879E-06   0.44823
FLUX  317   280.50        1.068779E+15   5.2544E-06   9.7283E-06   0.54011
FLUX  318   281.50        1.064982E+15   7.9102E-06   9.7687E-06   0.80975
FLUX  319   282.50        1.061212E+15   8.4151E-06   9.8093E-06   0.85787
FLUX  320   283.50        1.057469E+15   7.9897E-06   9.8500E-06   0.81114
FLUX  321   284.50        1.053752E+15   7.7408E-06   9.8908E-06   0.78263
FLUX  322   285.50        1.050061E+15   7.4968E-06   9.9316E-06   0.75484
FLUX  323   286.50        1.046396E+15   8.3127E-06   9.9726E-06   0.83356
FLUX  324   287.50        1.042757E+15   8.0094E-06   1.0014E-05   0.79985
FLUX  325   288.50        1.039142E+15   8.2347E-06   1.0055E-05   0.81899
FLUX  326   289.50        1.035553E+15   7.8571E-06   1.0096E-05   0.77825
FLUX  327   291.00        1.030215E+15   9.0981E-06   1.0158E-05   0.89567
FLUX  328   293.00        1.023183E+15   8.8142E-06   1.0241E-05   0.86069
FLUX  329   295.00        1.016246E+15   8.8911E-06   1.0324E-05   0.86121
FLUX  330   297.00        1.009402E+15   9.2262E-06   1.0407E-05   0.88652
FLUX  331   299.00        1.002651E+15   9.5185E-06   1.0491E-05   0.90733
FLUX  332   301.00        9.959884E+14   9.8828E-06   1.0574E-05   0.93459
FLUX  333   303.00        9.894142E+14   9.8265E-06   1.0658E-05   0.92195
FLUX  334   305.00        9.829262E+14   9.8461E-06   1.0742E-05   0.91656
FLUX  335   307.00        9.765228E+14   9.8860E-06   1.0827E-05   0.91312
FLUX  336   309.00        9.702023E+14   1.0270E-05   1.0911E-05   0.94125
FLUX  337   311.00        9.639630E+14   1.0020E-05   1.0995E-05   0.91131
FLUX  338   313.00        9.578035E+14   1.0102E-05   1.1079E-05   0.91176
FLUX  339   315.00        9.517222E+14   1.0476E-05   1.1164E-05   0.93838
FLUX  340   317.00        9.457177E+14   1.0531E-05   1.1249E-05   0.93623
FLUX  341   319.00        9.397884E+14   1.0203E-05   1.1333E-05   0.90023
FLUX  342   321.00        9.339330E+14   1.0623E-05   1.1418E-05   0.93032
FLUX  343   323.00        9.281502E+14   1.0522E-05   1.1503E-05   0.91478
FLUX  344   325.00        9.224385E+14   1.0779E-05   1.1587E-05   0.93029
FLUX  345   327.00        9.167966E+14   1.0909E-05   1.1671E-05   0.93472
FLUX  346   329.00        9.112234E+14   1.1155E-05   1.1756E-05   0.94888
FLUX  347   331.00        9.057175E+14   1.1384E-05   1.1839E-05   0.96152
FLUX  348   333.00        9.002778E+14   1.1257E-05   1.1923E-05   0.94409
FLUX  349   335.00        8.949030E+14   1.1235E-05   1.2007E-05   0.93576
FLUX  350   337.00        8.895920E+14   1.1360E-05   1.2090E-05   0.93960
FLUX  351   339.00        8.843437E+14   1.1413E-05   1.2173E-05   0.93752
FLUX  352   341.00        8.791569E+14   1.1813E-05   1.2256E-05   0.96383
FLUX  353   343.00        8.740306E+14   1.1931E-05   1.2338E-05   0.96699
FLUX  354   345.00        8.689638E+14   1.1982E-05   1.2421E-05   0.96468
FLUX  355   347.00        8.639553E+14   1.1917E-05   1.2503E-05   0.95317
FLUX  356   349.00        8.590043E+14   1.1957E-05   1.2584E-05   0.95020
FLUX  357   351.00        8.541097E+14   1.2318E-05   1.2665E-05   0.97257
FLUX  358   353.00        8.492705E+14   1.2533E-05   1.2746E-05   0.98334
FLUX  359   355.00        8.444859E+14   1.2693E-05   1.2826E-05   0.98964
FLUX  360   357.00        8.397549E+14   1.2567E-05   1.2906E-05   0.97374
FLUX  361   359.00        8.350766E+14   1.2642E-05   1.2985E-05   0.97353
FLUX  362   361.00        8.304501E+14   1.2769E-05   1.3065E-05   0.97737
FLUX  363   363.00        8.258747E+14   1.2877E-05   1.3143E-05   0.97978
FLUX  364   364.00        8.236058E+14   1.2874E-05   1.3182E-05   0.97663
FLUX  365   365.00        8.213493E+14   1.3243E-05   5.4388E-05   0.24348
FLUX  366   367.00        8.168733E+14   1.2408E-05   5.4243E-05   0.22876
FLUX  367   369.00        8.124458E+14   1.5687E-05   5.4165E-05   0.28962
FLUX  368   371.00        8.080660E+14   2.4712E-05   5.4016E-05   0.45749
FLUX  369   373.00        8.037332E+14   2.6975E-05   5.3866E-05   0.50078
FLUX  370   375.00        7.994467E+14   3.5380E-05   5.3715E-05   0.65865
FLUX  371   377.00        7.952056E+14   3.5943E-05   5.3564E-05   0.67103
FLUX  372   379.00        7.910092E+14   4.1635E-05   5.3411E-05   0.77952
FLUX  373   381.00        7.868570E+14   4.5969E-05   5.3257E-05   0.86315
FLUX  374   383.00        7.827480E+14   3.7626E-05   5.3102E-05   0.70857
FLUX  375   385.00        7.786818E+14   4.7948E-05   5.2946E-05   0.90561
FLUX  376   387.00        7.746576E+14   4.9750E-05   5.2789E-05   0.94243
FLUX  377   389.00        7.706748E+14   3.7197E-05   5.2631E-05   0.70675
FLUX  378   391.00        7.667327E+14   4.9300E-05   5.2473E-05   0.93954
FLUX  379   393.00        7.628308E+14   4.6625E-05   5.2314E-05   0.89126
FLUX  380   395.00        7.589684E+14   5.0093E-05   5.2154E-05   0.96048
FLUX  381   397.00        7.551448E+14   3.5748E-05   5.1994E-05   0.68755
FLUX  382   399.00        7.513596E+14   5.0200E-05   5.1833E-05   0.96851
FLUX  383   401.00        7.476122E+14   5.0095E-05   5.1672E-05   0.96948
FLUX  384   403.00        7.439020E+14   4.9817E-05   5.1510E-05   0.96713
FLUX  385   405.00        7.402284E+14   4.9989E-05   5.1348E-05   0.97353
FLUX  386   407.00        7.365909E+14   4.9368E-05   5.1186E-05   0.96449
FLUX  387   409.00        7.329890E+14   4.7273E-05   5.1024E-05   0.92649
FLUX  388   411.00        7.294221E+14   3.8256E-05   5.0862E-05   0.75216
FLUX  389   413.00        7.258898E+14   4.8628E-05   5.0700E-05   0.95913
FLUX  390   415.00        7.223916E+14   4.9602E-05   5.0539E-05   0.98146
FLUX  391   417.00        7.189269E+14   4.8793E-05   5.0377E-05   0.96855
FLUX  392   419.00        7.154952E+14   4.8937E-05   5.0215E-05   0.97454
FLUX  393   421.00        7.120962E+14   4.8826E-05   5.0053E-05   0.97549
FLUX  394   423.00        7.087293E+14   4.8572E-05   4.9890E-05   0.97357
FLUX  395   425.00        7.053941E+14   4.8075E-05   4.9727E-05   0.96677
FLUX  396   427.00        7.020902E+14   4.7744E-05   4.9564E-05   0.96327
FLUX  397   429.00        6.988170E+14   4.8111E-05   4.9401E-05   0.97389
FLUX  398   431.00        6.955742E+14   4.6847E-05   4.9238E-05   0.95144
FLUX  399   433.00        6.923614E+14   4.3225E-05   4.9075E-05   0.88080
FLUX  400   435.00        6.891782E+14   3.7835E-05   4.8912E-05   0.77354
FLUX  401   437.00        6.860240E+14   4.7592E-05   4.8749E-05   0.97627
FLUX  402   439.00        6.828986E+14   4.6805E-05   4.8586E-05   0.96333
FLUX  403   441.00        6.798016E+14   4.6780E-05   4.8424E-05   0.96606
FLUX  404   443.00        6.767325E+14   4.7135E-05   4.8261E-05   0.97666
FLUX  405   445.00        6.736910E+14   4.7065E-05   4.8099E-05   0.97850
FLUX  406   447.00        6.706767E+14   4.6902E-05   4.7937E-05   0.97841
FLUX  407   449.00        6.676893E+14   4.6333E-05   4.7775E-05   0.96980
FLUX  408   451.00        6.647284E+14   4.6654E-05   4.7614E-05   0.97983
FLUX  409   453.00        6.617936E+14   4.6174E-05   4.7453E-05   0.97305
FLUX  410   455.00        6.588846E+14   4.5276E-05   4.7292E-05   0.95736
FLUX  411   457.00        6.560011E+14   4.6319E-05   4.7132E-05   0.98277
FLUX  412   459.00        6.531427E+14   4.5407E-05   4.6971E-05   0.96669
FLUX  413   461.00        6.503091E+14   4.6558E-05   4.6812E-05   0.99458
FLUX  414   463.00        6.475000E+14   4.5302E-05   4.6652E-05   0.97106
FLUX  415   465.00        6.447151E+14   4.6122E-05   4.6492E-05   0.99204
FLUX  416   467.00        6.419540E+14   4.5749E-05   4.6333E-05   0.98738
FLUX  417   469.00        6.392164E+14   4.5736E-05   4.6174E-05   0.99051
FLUX  418   471.00        6.365021E+14   4.4599E-05   4.6016E-05   0.96921
FLUX  419   473.00        6.338108E+14   4.5476E-05   4.5858E-05   0.99167
FLUX  420   475.00        6.311421E+14   4.5414E-05   4.5700E-05   0.99375
FLUX  421   477.00        6.284958E+14   4.5324E-05   4.5543E-05   0.99519
FLUX  422   479.00        6.258716E+14   4.5174E-05   4.5386E-05   0.99533
FLUX  423   481.00        6.232692E+14   4.4750E-05   4.5229E-05   0.98940
FLUX  424   483.00        6.206884E+14   4.4375E-05   4.5073E-05   0.98449
FLUX  425   485.00        6.181289E+14   4.0654E-05   4.4918E-05   0.90508
FLUX  426   487.00        6.155903E+14   3.3773E-05   4.4763E-05   0.75450
FLUX  427   489.00        6.130726E+14   4.3893E-05   4.4608E-05   0.98396
FLUX  428   491.00        6.105754E+14   4.4062E-05   4.4454E-05   0.99117
FLUX  429   493.00        6.080984E+14   4.3467E-05   4.4301E-05   0.98119
FLUX  430   495.00        6.056414E+14   4.3740E-05   4.4148E-05   0.99077
FLUX  431   497.00        6.032042E+14   4.3833E-05   4.3995E-05   0.99633
FLUX  432   499.00        6.007866E+14   4.3390E-05   4.3843E-05   0.98969
FLUX  433   501.00        5.983882E+14   4.2483E-05   4.3691E-05   0.97235
FLUX  434   503.00        5.960089E+14   4.2806E-05   4.3539E-05   0.98315
FLUX  435   505.00        5.936485E+14   4.2449E-05   4.3389E-05   0.97833
FLUX  436   507.00        5.913067E+14   4.2734E-05   4.3238E-05   0.98832
FLUX  437   509.00        5.889833E+14   4.2619E-05   4.3089E-05   0.98911
FLUX  438   511.00        5.866781E+14   4.2340E-05   4.2940E-05   0.98604
FLUX  439   513.00        5.843908E+14   4.2218E-05   4.2791E-05   0.98661
FLUX  440   515.00        5.821214E+14   4.1775E-05   4.2643E-05   0.97965
FLUX  441   517.00        5.798694E+14   4.1292E-05   4.2495E-05   0.97167
FLUX  442   519.00        5.776349E+14   4.1318E-05   4.2348E-05   0.97566
FLUX  443   521.00        5.754175E+14   4.1462E-05   4.2202E-05   0.98247
FLUX  444   523.00        5.732170E+14   4.0816E-05   4.2056E-05   0.97050
FLUX  445   525.00        5.710333E+14   4.1298E-05   4.1911E-05   0.98538
FLUX  446   527.00        5.688662E+14   4.0481E-05   4.1766E-05   0.96923
FLUX  447   529.00        5.667155E+14   4.1132E-05   4.1622E-05   0.98822
FLUX  448   531.00        5.645810E+14   4.0411E-05   4.1479E-05   0.97425
FLUX  449   533.00        5.624625E+14   4.0599E-05   4.1336E-05   0.98216
FLUX  450   535.00        5.603598E+14   4.0902E-05   4.1194E-05   0.99292
FLUX  451   537.00        5.582728E+14   4.0585E-05   4.1052E-05   0.98863
FLUX  452   539.00        5.562013E+14   4.0458E-05   4.0911E-05   0.98892
FLUX  453   541.00        5.541451E+14   4.0121E-05   4.0771E-05   0.98407
FLUX  454   543.00        5.521041E+14   4.0023E-05   4.0631E-05   0.98503
FLUX  455   545.00        5.500780E+14   4.0176E-05   4.0492E-05   0.99222
FLUX  456   547.00        5.480667E+14   3.9996E-05   4.0353E-05   0.99116
FLUX  457   549.00        5.460701E+14   3.9926E-05   4.0215E-05   0.99283
FLUX  458   551.00        5.440880E+14   3.9714E-05   4.0077E-05   0.99093
FLUX  459   553.00        5.421203E+14   3.9548E-05   3.9940E-05   0.99018
FLUX  460   555.00        5.401667E+14   3.9593E-05   3.9804E-05   0.99470
FLUX  461   557.00        5.382271E+14   3.9402E-05   3.9668E-05   0.99331
FLUX  462   559.00        5.363014E+14   3.9349E-05   3.9532E-05   0.99535
FLUX  463   561.00        5.343895E+14   3.9316E-05   3.9398E-05   0.99792
FLUX  464   563.00        5.324911E+14   3.9151E-05   3.9264E-05   0.99712
FLUX  465   565.00        5.306062E+14   3.8897E-05   3.9130E-05   0.99405
FLUX  466   567.00        5.287346E+14   3.8819E-05   3.8997E-05   0.99545
FLUX  467   569.00        5.268761E+14   3.8777E-05   3.8864E-05   0.99775
FLUX  468   571.00        5.250306E+14   3.8656E-05   3.8732E-05   0.99803
FLUX  469   573.00        5.231981E+14   3.8537E-05   3.8601E-05   0.99834
FLUX  470   575.00        5.213783E+14   3.8382E-05   3.8470E-05   0.99773
FLUX  471   577.00        5.195711E+14   3.8267E-05   3.8339E-05   0.99812
FLUX  472   579.00        5.177763E+14   3.8064E-05   3.8210E-05   0.99619
FLUX  473   581.00        5.159940E+14   3.7980E-05   3.8081E-05   0.99735
FLUX  474   583.00        5.142238E+14   3.7840E-05   3.7952E-05   0.99705
FLUX  475   585.00        5.124658E+14   3.7769E-05   3.7824E-05   0.99854
FLUX  476   587.00        5.107198E+14   3.7552E-05   3.7697E-05   0.99615
FLUX  477   589.00        5.089856E+14   3.7219E-05   3.7570E-05   0.99066
FLUX  478   591.00        5.072631E+14   3.7361E-05   3.7444E-05   0.99780
FLUX  479   593.00        5.055523E+14   3.7265E-05   3.7318E-05   0.99857
FLUX  480   595.00        5.038529E+14   3.6977E-05   3.7193E-05   0.99418
FLUX  481   597.00        5.021650E+14   3.6963E-05   3.7069E-05   0.99714
FLUX  482   599.00        5.004883E+14   3.6703E-05   3.6945E-05   0.99346
FLUX  483   601.00        4.988228E+14   3.6730E-05   3.6822E-05   0.99752
FLUX  484   603.00        4.971683E+14   3.6651E-05   3.6699E-05   0.99869
FLUX  485   605.00        4.955248E+14   3.6474E-05   3.6577E-05   0.99719
FLUX  486   607.00        4.938921E+14   3.6383E-05   3.6456E-05   0.99800
FLUX  487   609.00        4.922701E+14   3.6256E-05   3.6336E-05   0.99781
FLUX  488   611.00        4.906588E+14   3.6117E-05   3.6216E-05   0.99727
FLUX  489   613.00        4.890579E+14   3.5991E-05   3.6096E-05   0.99710
FLUX  490   615.00        4.874675E+14   3.5353E-05   3.5977E-05   0.98266
FLUX  491   617.00        4.858874E+14   3.5768E-05   3.5858E-05   0.99749
FLUX  492   619.00        4.843174E+14   3.5684E-05   3.5741E-05   0.99840
FLUX  493   621.00        4.827576E+14   3.5582E-05   3.5623E-05   0.99884
FLUX  494   623.00        4.812079E+14   3.5407E-05   3.5506E-05   0.99720
FLUX  495   625.00        4.796680E+14   3.4868E-05   3.5390E-05   0.98526
FLUX  496   627.00        4.781380E+14   3.5243E-05   3.5275E-05   0.99911
FLUX  497   629.00        4.766176E+14   3.5120E-05   3.5160E-05   0.99887
FLUX  498   631.00        4.751070E+14   3.4876E-05   3.5045E-05   0.99518
FLUX  499   633.00        4.736058E+14   3.4875E-05   3.4931E-05   0.99840
FLUX  500   635.00        4.721142E+14   3.4372E-05   3.4817E-05   0.98722
FLUX  501   637.00        4.706319E+14   3.4349E-05   3.4704E-05   0.98978
FLUX  502   639.00        4.691588E+14   3.4476E-05   3.4591E-05   0.99667
FLUX  503   641.00        4.676950E+14   3.4310E-05   3.4479E-05   0.99511
FLUX  504   643.00        4.662403E+14   3.4266E-05   3.4367E-05   0.99705
FLUX  505   645.00        4.647946E+14   3.3844E-05   3.4256E-05   0.98798
FLUX  506   647.00        4.633578E+14   3.4109E-05   3.4146E-05   0.99894
FLUX  507   649.00        4.619299E+14   3.3810E-05   3.4036E-05   0.99338
FLUX  508   651.00        4.605108E+14   3.3682E-05   3.3926E-05   0.99281
FLUX  509   653.00        4.591003E+14   3.3473E-05   3.3817E-05   0.98982
FLUX  510   655.00        4.576985E+14   3.1333E-05   3.3709E-05   0.92951
FLUX  511   657.00        4.563052E+14   2.5466E-05   3.3601E-05   0.75790
FLUX  512   659.00        4.549203E+14   3.2893E-05   3.3493E-05   0.98208
FLUX  513   661.00        4.535439E+14   3.3202E-05   3.3386E-05   0.99450
FLUX  514   663.00        4.521757E+14   3.3180E-05   3.3279E-05   0.99703
FLUX  515   665.00        4.508158E+14   3.3126E-05   3.3173E-05   0.99857
FLUX  516   667.00        4.494640E+14   3.2996E-05   3.3067E-05   0.99783
FLUX  517   669.00        4.481203E+14   3.2902E-05   3.2962E-05   0.99817
FLUX  518   671.00        4.467846E+14   3.2829E-05   3.2858E-05   0.99913
FLUX  519   673.00        4.454569E+14   3.2649E-05   3.2753E-05   0.99681
FLUX  520   675.00        4.441370E+14   3.2608E-05   3.2650E-05   0.99874
FLUX  521   677.00        4.428250E+14   3.2521E-05   3.2546E-05   0.99922
FLUX  522   679.00        4.415206E+14   3.2407E-05   3.2444E-05   0.99889
FLUX  523   681.00        4.402239E+14   3.2311E-05   3.2341E-05   0.99907
FLUX  524   683.00        4.389348E+14   3.2175E-05   3.2239E-05   0.99800
FLUX  525   685.00        4.376533E+14   3.2086E-05   3.2138E-05   0.99838
FLUX  526   687.00        4.363792E+14   3.1999E-05   3.2037E-05   0.99882
FLUX  527   689.00        4.351125E+14   3.1906E-05   3.1937E-05   0.99902
FLUX  528   691.00        4.338531E+14   3.1796E-05   3.1837E-05   0.99871
FLUX  529   693.00        4.326010E+14   3.1685E-05   3.1738E-05   0.99833
FLUX  530   695.00        4.313561E+14   3.1597E-05   3.1639E-05   0.99869
FLUX  531   697.00        4.301184E+14   3.1498E-05   3.1541E-05   0.99867
FLUX  532   699.00        4.288877E+14   3.1424E-05   3.1443E-05   0.99942
FLUX  533   701.00        4.276641E+14   3.1229E-05   3.1345E-05   0.99629
FLUX  534   703.00        4.264474E+14   3.1216E-05   3.1248E-05   0.99896
FLUX  535   705.00        4.252376E+14   3.1088E-05   3.1152E-05   0.99795
FLUX  536   707.00        4.240347E+14   3.1017E-05   3.1055E-05   0.99877
FLUX  537   709.00        4.228385E+14   3.0943E-05   3.0960E-05   0.99947
FLUX  538   711.00        4.216491E+14   3.0674E-05   3.0864E-05   0.99383
FLUX  539   713.00        4.204663E+14   3.0702E-05   3.0769E-05   0.99781
FLUX  540   715.00        4.192902E+14   3.0619E-05   3.0675E-05   0.99816
FLUX  541   717.00        4.181206E+14   3.0544E-05   3.0581E-05   0.99879
FLUX  542   719.00        4.169576E+14   3.0434E-05   3.0487E-05   0.99826
FLUX  543   721.00        4.158010E+14   3.0360E-05   3.0394E-05   0.99887
FLUX  544   723.00        4.146508E+14   3.0188E-05   3.0301E-05   0.99626
FLUX  545   725.00        4.135069E+14   3.0138E-05   3.0209E-05   0.99766
FLUX  546   727.00        4.123693E+14   3.0082E-05   3.0117E-05   0.99885
FLUX  547   729.00        4.112380E+14   2.9963E-05   3.0025E-05   0.99793
FLUX  548   731.00        4.101129E+14   2.9810E-05   2.9935E-05   0.99582
FLUX  549   733.00        4.089939E+14   2.9792E-05   2.9844E-05   0.99826
FLUX  550   735.00        4.078810E+14   2.9722E-05   2.9753E-05   0.99894
FLUX  551   737.00        4.067741E+14   2.9654E-05   2.9664E-05   0.99967
FLUX  552   739.00        4.056732E+14   2.9546E-05   2.9574E-05   0.99904
FLUX  553   741.00        4.045783E+14   2.9355E-05   2.9485E-05   0.99560
FLUX  554   743.00        4.034892E+14   2.9248E-05   2.9396E-05   0.99495
FLUX  555   745.00        4.024060E+14   2.9185E-05   2.9308E-05   0.99581
FLUX  556   747.00        4.013286E+14   2.9026E-05   2.9220E-05   0.99336
FLUX  557   749.00        4.002570E+14   2.9027E-05   2.9132E-05   0.99638
FLUX  558   751.00        3.991911E+14   2.8926E-05   2.9045E-05   0.99592
FLUX  559   753.00        3.981308E+14   2.8922E-05   2.8958E-05   0.99874
FLUX  560   755.00        3.970762E+14   2.8858E-05   2.8872E-05   0.99952
FLUX  561   757.00        3.960271E+14   2.8760E-05   2.8786E-05   0.99911
FLUX  562   759.00        3.949835E+14   2.8679E-05   2.8700E-05   0.99926
FLUX  563   761.00        3.939455E+14   2.8610E-05   2.8615E-05   0.99983
FLUX  564   763.00        3.929128E+14   2.8512E-05   2.8530E-05   0.99937
FLUX  565   765.00        3.918856E+14   2.8381E-05   2.8446E-05   0.99772
FLUX  566   767.00        3.908638E+14   2.8317E-05   2.8362E-05   0.99844
FLUX  567   769.00        3.898472E+14   2.8249E-05   2.8278E-05   0.99896
FLUX  568   771.00        3.888359E+14   2.8065E-05   2.8195E-05   0.99539
FLUX  569   773.00        3.878299E+14   2.8090E-05   2.8112E-05   0.99924
FLUX  570   775.00        3.868290E+14   2.8006E-05   2.8029E-05   0.99917
FLUX  571   777.00        3.858333E+14   2.7338E-05   2.7947E-05   0.97821
FLUX  572   779.00        3.848427E+14   2.7846E-05   2.7865E-05   0.99931
FLUX  573   781.00        3.838572E+14   2.7774E-05   2.7783E-05   0.99965
FLUX  574   783.00        3.828768E+14   2.7667E-05   2.7702E-05   0.99873
FLUX  575   785.00        3.819013E+14   2.7531E-05   2.7622E-05   0.99673
FLUX  576   787.00        3.809307E+14   2.7372E-05   2.7541E-05   0.99388
FLUX  577   789.00        3.799651E+14   2.7270E-05   2.7461E-05   0.99303
FLUX  578   791.00        3.790044E+14   2.7322E-05   2.7381E-05   0.99782
FLUX  579   793.00        3.780485E+14   2.7278E-05   2.7302E-05   0.99913
FLUX  580   795.00        3.770975E+14   2.7057E-05   2.7223E-05   0.99391
FLUX  581   797.00        3.761512E+14   2.7134E-05   2.7144E-05   0.99961
FLUX  582   799.00        3.752096E+14   2.6705E-05   2.7066E-05   0.98665
FLUX  583   801.00        3.742728E+14   2.6969E-05   2.6988E-05   0.99928
FLUX  584   803.00        3.733406E+14   2.6886E-05   2.6910E-05   0.99908
FLUX  585   805.00        3.724130E+14   2.6817E-05   2.6833E-05   0.99940
FLUX  586   807.00        3.714901E+14   2.6727E-05   2.6756E-05   0.99890
FLUX  587   809.00        3.705717E+14   2.6657E-05   2.6679E-05   0.99917
FLUX  588   811.00        3.696578E+14   2.6572E-05   2.6603E-05   0.99883
FLUX  589   813.00        3.687485E+14   2.6518E-05   2.6527E-05   0.99967
FLUX  590   815.00        3.678436E+14   2.6442E-05   2.6451E-05   0.99965
FLUX  591   817.00        3.669431E+14   2.6369E-05   2.6376E-05   0.99972
FLUX  592   819.00        3.660470E+14   2.6153E-05   2.6301E-05   0.99436
FLUX  593   821.00        3.651553E+14   2.6196E-05   3.2843E-05   0.79761
FLUX  594   823.00        3.642679E+14   2.6101E-05   3.2735E-05   0.79733
FLUX  595   825.00        3.633848E+14   2.6127E-05   3.2628E-05   0.80076
FLUX  596   827.00        3.625060E+14   2.6092E-05   3.2522E-05   0.80230
FLUX  597   829.00        3.616315E+14   2.5614E-05   3.2416E-05   0.79015
FLUX  598   831.00        3.607611E+14   2.5042E-05   3.2311E-05   0.77503
FLUX  599   833.00        3.598950E+14   2.4462E-05   3.2206E-05   0.75955
FLUX  600   835.00        3.590329E+14   2.4647E-05   3.2101E-05   0.76777
FLUX  601   837.00        3.581750E+14   2.4058E-05   3.1997E-05   0.75186
FLUX  602   839.00        3.573212E+14   2.4635E-05   3.1894E-05   0.77239
FLUX  603   841.00        3.564715E+14   2.4892E-05   3.1791E-05   0.78298
FLUX  604   843.00        3.556257E+14   2.6321E-05   3.1688E-05   0.83063
FLUX  605   845.00        3.547840E+14   2.6264E-05   3.1586E-05   0.83149
FLUX  606   847.00        3.539463E+14   2.4450E-05   3.1485E-05   0.77657
FLUX  607   849.00        3.531125E+14   2.8883E-05   3.1383E-05   0.92032
FLUX  608   851.00        3.522826E+14   2.4572E-05   3.1283E-05   0.78547
FLUX  609   853.00        3.514566E+14   2.9720E-05   3.1182E-05   0.95309
FLUX  610   855.00        3.506345E+14   2.3783E-05   3.1083E-05   0.76516
FLUX  611   857.00        3.498162E+14   3.0166E-05   3.0983E-05   0.97363
FLUX  612   859.00        3.490017E+14   2.7192E-05   3.0884E-05   0.88046
FLUX  613   861.00        3.481911E+14   2.6153E-05   3.0786E-05   0.84951
FLUX  614   863.00        3.473841E+14   3.0160E-05   3.0688E-05   0.98282
FLUX  615   865.00        3.465809E+14   2.9331E-05   3.0590E-05   0.95886
FLUX  616   867.00        3.457814E+14   2.3405E-05   3.0493E-05   0.76757
FLUX  617   869.00        3.449856E+14   2.9373E-05   3.0396E-05   0.96635
FLUX  618   871.00        3.441935E+14   2.9945E-05   3.0300E-05   0.98829
FLUX  619   873.00        3.434049E+14   2.9475E-05   3.0204E-05   0.97588
FLUX  620   875.00        3.426200E+14   2.3453E-05   3.0108E-05   0.77895
FLUX  621   877.00        3.418387E+14   2.8810E-05   3.0013E-05   0.95992
FLUX  622   879.00        3.410609E+14   2.9741E-05   2.9919E-05   0.99406
FLUX  623   881.00        3.402866E+14   2.9606E-05   2.9825E-05   0.99266
FLUX  624   883.00        3.395159E+14   2.9267E-05   2.9731E-05   0.98440
FLUX  625   885.00        3.387486E+14   2.7902E-05   2.9638E-05   0.94142
FLUX  626   887.00        3.379848E+14   2.3407E-05   2.9545E-05   0.79224
FLUX  627   889.00        3.372244E+14   2.9005E-05   2.9453E-05   0.98482
FLUX  628   891.00        3.364675E+14   2.9051E-05   2.9361E-05   0.98945
FLUX  629   893.00        3.357139E+14   2.8997E-05   2.9269E-05   0.99071
FLUX  630   895.00        3.349637E+14   2.9131E-05   2.9178E-05   0.99837
FLUX  631   897.00        3.342168E+14   2.8978E-05   2.9087E-05   0.99625
FLUX  632   899.00        3.334733E+14   2.8609E-05   2.8997E-05   0.98660
FLUX  633   901.00        3.327331E+14   2.3737E-05   2.8907E-05   0.82113
FLUX  634   903.00        3.319961E+14   2.6381E-05   2.8818E-05   0.91544
FLUX  635   905.00        3.312624E+14   2.8462E-05   2.8729E-05   0.99072
FLUX  636   907.00        3.305320E+14   2.8046E-05   2.8640E-05   0.97924
FLUX  637   909.00        3.298047E+14   2.7870E-05   2.8552E-05   0.97610
FLUX  638   911.00        3.290807E+14   2.8192E-05   2.8464E-05   0.99043
FLUX  639   913.00        3.283598E+14   2.8222E-05   2.8377E-05   0.99454
FLUX  640   915.00        3.276421E+14   2.8246E-05   2.8290E-05   0.99847
FLUX  641   917.00        3.269275E+14   2.8074E-05   2.8203E-05   0.99544
FLUX  642   919.00        3.262160E+14   2.7754E-05   2.8117E-05   0.98709
FLUX  643   921.00        3.255076E+14   2.7160E-05   2.8031E-05   0.96895
FLUX  644   923.00        3.248023E+14   2.1651E-05   2.7945E-05   0.77477
FLUX  645   925.00        3.241000E+14   2.6604E-05   2.7860E-05   0.95492
FLUX  646   927.00        3.234008E+14   2.6828E-05   2.7775E-05   0.96590
FLUX  647   929.00        3.227045E+14   2.7562E-05   2.7691E-05   0.99533
FLUX  648   931.00        3.220113E+14   2.7550E-05   2.7607E-05   0.99795
FLUX  649   933.00        3.213210E+14   2.7435E-05   2.7523E-05   0.99680
FLUX  650   935.00        3.206337E+14   2.7402E-05   2.7440E-05   0.99862
FLUX  651   937.00        3.199493E+14   2.7327E-05   2.7357E-05   0.99890
FLUX  652   939.00        3.192678E+14   2.7045E-05   2.7274E-05   0.99160
FLUX  653   941.00        3.185893E+14   2.6713E-05   2.7192E-05   0.98236
FLUX  654   943.00        3.179136E+14   2.7027E-05   2.7110E-05   0.99693
FLUX  655   945.00        3.172407E+14   2.6985E-05   2.7029E-05   0.99838
FLUX  656   947.00        3.165707E+14   2.6871E-05   2.6948E-05   0.99715
FLUX  657   949.00        3.159036E+14   2.6803E-05   2.6867E-05   0.99761
FLUX  658   951.00        3.152392E+14   2.6617E-05   2.6787E-05   0.99365
FLUX  659   953.00        3.145776E+14   2.5804E-05   2.6707E-05   0.96619
FLUX  660   955.00        3.139188E+14   2.0945E-05   2.6627E-05   0.78659
FLUX  661   957.00        3.132628E+14   2.5922E-05   2.6548E-05   0.97642
FLUX  662   959.00        3.126095E+14   2.6350E-05   2.6469E-05   0.99551
FLUX  663   961.00        3.119589E+14   2.6234E-05   2.6390E-05   0.99408
FLUX  664   963.00        3.113110E+14   2.5879E-05   2.6312E-05   0.98355
FLUX  665   965.00        3.106658E+14   2.6197E-05   2.6234E-05   0.99859
FLUX  666   967.00        3.100233E+14   2.5942E-05   2.6156E-05   0.99178
FLUX  667   969.00        3.093834E+14   2.6019E-05   2.6079E-05   0.99768
FLUX  668   971.00        3.087461E+14   2.5999E-05   2.6002E-05   0.99987
FLUX  669   973.00        3.081115E+14   2.5907E-05   2.5926E-05   0.99929
FLUX  670   975.00        3.074795E+14   2.5819E-05   2.5850E-05   0.99880
FLUX  671   977.00        3.068501E+14   2.5765E-05   2.5774E-05   0.99965
FLUX  672   979.00        3.062232E+14   2.5680E-05   2.5698E-05   0.99930
FLUX  673   981.00        3.055989E+14   2.5581E-05   2.5623E-05   0.99836
FLUX  674   983.00        3.049771E+14   2.5462E-05   2.5548E-05   0.99663
FLUX  675   985.00        3.043579E+14   2.5371E-05   2.5473E-05   0.99598
FLUX  676   987.00        3.037411E+14   2.5324E-05   2.5399E-05   0.99703
FLUX  677   989.00        3.031269E+14   2.5131E-05   2.5325E-05   0.99232
FLUX  678   991.00        3.025151E+14   2.5206E-05   2.5251E-05   0.99820
FLUX  679   993.00        3.019058E+14   2.5081E-05   2.5178E-05   0.99613
FLUX  680   995.00        3.012990E+14   2.5052E-05   2.5105E-05   0.99789
FLUX  681   997.00        3.006946E+14   2.5013E-05   2.5032E-05   0.99925
FLUX  682   999.00        3.000926E+14   2.4922E-05   2.4960E-05   0.99848
FLUX  683  1002.50        2.990449E+14   2.3812E-05   2.4834E-05   0.95885
FLUX  684  1007.50        2.975608E+14   2.2827E-05   2.4655E-05   0.92587
FLUX  685  1012.50        2.960914E+14   2.4237E-05   2.4478E-05   0.99015
FLUX  686  1017.50        2.946364E+14   2.4240E-05   2.4304E-05   0.99740
FLUX  687  1022.50        2.931956E+14   2.4117E-05   2.4131E-05   0.99941
FLUX  688  1027.50        2.917689E+14   2.3943E-05   2.3960E-05   0.99932
FLUX  689  1032.50        2.903559E+14   2.3750E-05   2.3790E-05   0.99828
FLUX  690  1037.50        2.889566E+14   2.3593E-05   2.3623E-05   0.99872
FLUX  691  1042.50        2.875707E+14   2.3439E-05   2.3457E-05   0.99922
FLUX  692  1047.50        2.861981E+14   2.3200E-05   2.3293E-05   0.99600
FLUX  693  1052.50        2.848385E+14   2.3020E-05   2.3131E-05   0.99522
FLUX  694  1057.50        2.834917E+14   2.2916E-05   2.2970E-05   0.99763
FLUX  695  1062.50        2.821576E+14   2.2782E-05   2.2811E-05   0.99873
FLUX  696  1067.50        2.808361E+14   2.2379E-05   2.2654E-05   0.98787
FLUX  697  1072.50        2.795268E+14   2.2357E-05   2.2498E-05   0.99374
FLUX  698  1077.50        2.782297E+14   2.2278E-05   2.2344E-05   0.99707
FLUX  699  1082.50        2.769446E+14   2.2133E-05   2.2191E-05   0.99736
FLUX  700  1087.50        2.756713E+14   2.1949E-05   2.2040E-05   0.99586
FLUX  701  1092.50        2.744096E+14   1.9723E-05   2.1891E-05   0.90100
FLUX  702  1097.50        2.731595E+14   2.1294E-05   2.1743E-05   0.97936
FLUX  703  1102.50        2.719206E+14   2.1582E-05   2.1596E-05   0.99936
FLUX  704  1107.50        2.706930E+14   2.1443E-05   2.1451E-05   0.99964
FLUX  705  1112.50        2.694764E+14   2.1296E-05   2.1308E-05   0.99947
FLUX  706  1117.50        2.682707E+14   2.1155E-05   2.1166E-05   0.99951
FLUX  707  1122.50        2.670757E+14   2.1017E-05   2.1025E-05   0.99964
FLUX  708  1127.50        2.658914E+14   2.0632E-05   2.0886E-05   0.98783
FLUX  709  1132.50        2.647174E+14   2.0530E-05   2.0748E-05   0.98949
FLUX  710  1137.50        2.635538E+14   2.0586E-05   2.0611E-05   0.99877
FLUX  711  1142.50        2.624004E+14   2.0438E-05   2.0476E-05   0.99812
FLUX  712  1147.50        2.612571E+14   2.0336E-05   2.0342E-05   0.99969
FLUX  713  1152.50        2.601236E+14   2.0208E-05   2.0210E-05   0.99989
FLUX  714  1157.50        2.590000E+14   2.0071E-05   2.0078E-05   0.99962
FLUX  715  1162.50        2.578860E+14   1.9856E-05   1.9948E-05   0.99536
FLUX  716  1167.50        2.567816E+14   1.9678E-05   1.9820E-05   0.99286
FLUX  717  1172.50        2.556866E+14   1.9684E-05   1.9692E-05   0.99960
FLUX  718  1177.50        2.546008E+14   1.9369E-05   1.9566E-05   0.98993
FLUX  719  1182.50        2.535243E+14   1.9370E-05   1.9440E-05   0.99638
FLUX  720  1187.50        2.524568E+14   1.9202E-05   1.9316E-05   0.99407
FLUX  721  1192.50        2.513983E+14   1.9192E-05   1.9194E-05   0.99993
FLUX  722  1197.50        2.503486E+14   1.9004E-05   1.9072E-05   0.99642
FLUX  723  1202.50        2.493077E+14   1.8939E-05   1.8952E-05   0.99932
FLUX  724  1207.50        2.482754E+14   1.8797E-05   1.8832E-05   0.99811
FLUX  725  1212.50        2.472515E+14   1.8685E-05   1.8714E-05   0.99842
FLUX  726  1217.50        2.462361E+14   1.8584E-05   1.8597E-05   0.99932
FLUX  727  1222.50        2.452290E+14   1.8463E-05   1.8481E-05   0.99901
FLUX  728  1227.50        2.442301E+14   1.8328E-05   1.8366E-05   0.99790
FLUX  729  1232.50        2.432394E+14   1.8225E-05   1.8252E-05   0.99851
FLUX  730  1237.50        2.422566E+14   1.8118E-05   1.8139E-05   0.99880
FLUX  731  1242.50        2.412817E+14   1.8023E-05   1.8028E-05   0.99976
FLUX  732  1247.50        2.403146E+14   1.7850E-05   1.7917E-05   0.99628
FLUX  733  1252.50        2.393553E+14   1.7799E-05   1.7807E-05   0.99953
FLUX  734  1257.50        2.384036E+14   1.7627E-05   1.7699E-05   0.99598
FLUX  735  1262.50        2.374594E+14   1.7554E-05   1.7591E-05   0.99789
FLUX  736  1267.50        2.365227E+14   1.7477E-05   1.7484E-05   0.99961
FLUX  737  1272.50        2.355933E+14   1.7374E-05   1.7378E-05   0.99975
FLUX  738  1277.50        2.346712E+14   1.7153E-05   1.7274E-05   0.99303
FLUX  739  1282.50        2.337563E+14   1.5500E-05   1.7170E-05   0.90272
FLUX  740  1287.50        2.328485E+14   1.6991E-05   1.7067E-05   0.99556
FLUX  741  1292.50        2.319478E+14   1.6960E-05   1.6965E-05   0.99968
FLUX  742  1297.50        2.310539E+14   1.6859E-05   1.6864E-05   0.99970
FLUX  743  1302.50        2.301670E+14   1.6762E-05   1.6764E-05   0.99990
FLUX  744  1307.50        2.292868E+14   1.6663E-05   1.6665E-05   0.99991
FLUX  745  1312.50        2.284133E+14   1.6564E-05   1.6566E-05   0.99985
FLUX  746  1317.50        2.275465E+14   1.6417E-05   1.6469E-05   0.99681
FLUX  747  1322.50        2.266862E+14   1.6371E-05   1.6372E-05   0.99990
FLUX  748  1327.50        2.258324E+14   1.6275E-05   1.6277E-05   0.99991
FLUX  749  1332.50        2.249850E+14   1.6181E-05   1.6182E-05   0.99993
FLUX  750  1337.50        2.241439E+14   1.6086E-05   1.6088E-05   0.99990
FLUX  751  1342.50        2.233091E+14   1.5987E-05   1.5994E-05   0.99952
FLUX  752  1347.50        2.224805E+14   1.5886E-05   1.5902E-05   0.99900
FLUX  753  1352.50        2.216580E+14   1.5777E-05   1.5810E-05   0.99794
FLUX  754  1357.50        2.208416E+14   1.5698E-05   1.5719E-05   0.99865
FLUX  755  1362.50        2.200312E+14   1.5614E-05   1.5629E-05   0.99903
FLUX  756  1367.50        2.192267E+14   1.5507E-05   1.5540E-05   0.99791
FLUX  757  1372.50        2.184281E+14   1.5398E-05   1.5451E-05   0.99658
FLUX  758  1377.50        2.176352E+14   1.5355E-05   1.5363E-05   0.99950
FLUX  759  1382.50        2.168481E+14   1.5269E-05   1.5276E-05   0.99954
FLUX  760  1387.50        2.160667E+14   1.5189E-05   1.5190E-05   0.99995
FLUX  761  1392.50        2.152908E+14   1.5091E-05   1.5104E-05   0.99912
FLUX  762  1397.50        2.145206E+14   1.5015E-05   1.5019E-05   0.99970
FLUX  763  1402.50        2.137558E+14   1.4933E-05   1.4935E-05   0.99987
FLUX  764  1407.50        2.129964E+14   1.4851E-05   1.4851E-05   0.99997
FLUX  765  1412.50        2.122425E+14   1.4764E-05   1.4769E-05   0.99966
FLUX  766  1417.50        2.114938E+14   1.4684E-05   1.4687E-05   0.99985
FLUX  767  1422.50        2.107504E+14   1.4602E-05   1.4605E-05   0.99978
FLUX  768  1427.50        2.100123E+14   1.4522E-05   1.4525E-05   0.99981
FLUX  769  1432.50        2.092792E+14   1.4440E-05   1.4444E-05   0.99972
FLUX  770  1437.50        2.085513E+14   1.4363E-05   1.4365E-05   0.99986
FLUX  771  1442.50        2.078284E+14   1.4187E-05   1.4286E-05   0.99308
FLUX  772  1447.50        2.071105E+14   1.4204E-05   1.4208E-05   0.99969
FLUX  773  1452.50        2.063976E+14   1.4071E-05   1.4131E-05   0.99581
FLUX  774  1457.00        2.057601E+14   1.4057E-05   1.4062E-05   0.99968
FLUX  775  1462.00        2.050564E+14   1.4346E-05   1.4896E-05   0.96303
FLUX  776  1467.50        2.042879E+14   1.4602E-05   1.4805E-05   0.98633
FLUX  777  1472.50        2.035942E+14   1.4243E-05   1.4722E-05   0.96743
FLUX  778  1477.50        2.029052E+14   1.3909E-05   1.4640E-05   0.95007
FLUX  779  1482.50        2.022209E+14   1.3699E-05   1.4559E-05   0.94095
FLUX  780  1487.50        2.015412E+14   1.3433E-05   1.4479E-05   0.92775
FLUX  781  1492.50        2.008660E+14   1.3284E-05   1.4399E-05   0.92258
FLUX  782  1497.50        2.001953E+14   1.3190E-05   1.4320E-05   0.92112
FLUX  783  1502.50        1.995291E+14   1.3018E-05   1.4241E-05   0.91412
FLUX  784  1507.50        1.988673E+14   1.2998E-05   1.4163E-05   0.91773
FLUX  785  1512.50        1.982099E+14   1.2957E-05   1.4086E-05   0.91987
FLUX  786  1517.50        1.975568E+14   1.2990E-05   1.4009E-05   0.92724
FLUX  787  1522.50        1.969080E+14   1.3256E-05   1.3933E-05   0.95140
FLUX  788  1527.50        1.962635E+14   1.2710E-05   1.3858E-05   0.91716
FLUX  789  1532.50        1.956232E+14   1.2822E-05   1.3783E-05   0.93028
FLUX  790  1537.50        1.949870E+14   1.3162E-05   1.3709E-05   0.96013
FLUX  791  1542.50        1.943549E+14   1.2551E-05   1.3635E-05   0.92048
FLUX  792  1547.50        1.937270E+14   1.3131E-05   1.3562E-05   0.96820
FLUX  793  1552.50        1.931031E+14   1.3161E-05   1.3490E-05   0.97564
FLUX  794  1557.50        1.924831E+14   1.2228E-05   1.3418E-05   0.91127
FLUX  795  1562.50        1.918672E+14   1.3269E-05   1.3347E-05   0.99419
FLUX  796  1567.50        1.912552E+14   1.2776E-05   1.3276E-05   0.96232
FLUX  797  1572.50        1.906471E+14   1.2186E-05   1.3206E-05   0.92275
FLUX  798  1577.50        1.900428E+14   1.3069E-05   1.3136E-05   0.99484
FLUX  799  1582.50        1.894423E+14   1.2996E-05   1.3067E-05   0.99454
FLUX  800  1587.50        1.888457E+14   1.1714E-05   1.2999E-05   0.90114
FLUX  801  1592.50        1.882527E+14   1.2725E-05   1.2931E-05   0.98411
FLUX  802  1597.50        1.876635E+14   1.2852E-05   1.2863E-05   0.99915
FLUX  803  1605.00        1.867866E+14   1.2631E-05   1.2763E-05   0.98967
FLUX  804  1615.00        1.856300E+14   1.1994E-05   1.2631E-05   0.94956
FLUX  805  1625.00        1.844877E+14   1.2498E-05   1.2501E-05   0.99976
FLUX  806  1635.00        1.833593E+14   1.2230E-05   1.2374E-05   0.98841
FLUX  807  1645.00        1.822447E+14   1.1646E-05   1.2248E-05   0.95090
FLUX  808  1655.00        1.811435E+14   1.2120E-05   1.2123E-05   0.99971
FLUX  809  1665.00        1.800556E+14   1.1997E-05   1.2001E-05   0.99969
FLUX  810  1675.00        1.789806E+14   1.1736E-05   1.1881E-05   0.98777
FLUX  811  1685.00        1.779184E+14   1.1184E-05   1.1762E-05   0.95082
FLUX  812  1695.00        1.768687E+14   1.1638E-05   1.1645E-05   0.99932
FLUX  813  1705.00        1.758314E+14   1.1519E-05   1.1530E-05   0.99904
FLUX  814  1715.00        1.748061E+14   1.1413E-05   1.1417E-05   0.99970
FLUX  815  1725.00        1.737928E+14   1.1280E-05   1.1305E-05   0.99777
FLUX  816  1735.00        1.727911E+14   1.0550E-05   1.1195E-05   0.94236
FLUX  817  1745.00        1.718009E+14   1.1020E-05   1.1087E-05   0.99401
FLUX  818  1755.00        1.708219E+14   1.0955E-05   1.0980E-05   0.99779
FLUX  819  1765.00        1.698541E+14   1.0852E-05   1.0874E-05   0.99794
FLUX  820  1775.00        1.688972E+14   1.0757E-05   1.0770E-05   0.99875
FLUX  821  1785.00        1.679510E+14   1.0655E-05   1.0668E-05   0.99876
FLUX  822  1795.00        1.670153E+14   1.0565E-05   1.0567E-05   0.99979
FLUX  823  1805.00        1.660900E+14   1.0428E-05   1.0467E-05   0.99625
FLUX  824  1815.00        1.651749E+14   9.8298E-06   1.0369E-05   0.94797
FLUX  825  1825.00        1.642699E+14   1.0179E-05   1.0273E-05   0.99085
FLUX  826  1835.00        1.633747E+14   1.0172E-05   1.0177E-05   0.99947
FLUX  827  1845.00        1.624892E+14   1.0080E-05   1.0083E-05   0.99966
FLUX  828  1855.00        1.616132E+14   9.9741E-06   9.9904E-06   0.99836
FLUX  829  1865.00        1.607466E+14   9.8824E-06   9.8990E-06   0.99833
FLUX  830  1875.00        1.598893E+14   9.2587E-06   9.8088E-06   0.94391
FLUX  831  1885.00        1.590411E+14   9.6847E-06   9.7199E-06   0.99638
FLUX  832  1895.00        1.582018E+14   9.6193E-06   9.6321E-06   0.99867
FLUX  833  1905.00        1.573714E+14   9.5445E-06   9.5456E-06   0.99989
FLUX  834  1915.00        1.565496E+14   9.4590E-06   9.4602E-06   0.99988
FLUX  835  1925.00        1.557364E+14   9.3735E-06   9.3759E-06   0.99974
FLUX  836  1935.00        1.549315E+14   9.2776E-06   9.2928E-06   0.99836
FLUX  837  1945.00        1.541350E+14   8.7151E-06   9.2108E-06   0.94619
FLUX  838  1955.00        1.533465E+14   9.1165E-06   9.1298E-06   0.99854
FLUX  839  1965.00        1.525662E+14   9.0492E-06   9.0500E-06   0.99991
FLUX  840  1975.00        1.517937E+14   8.9669E-06   8.9711E-06   0.99953
FLUX  841  1985.00        1.510290E+14   8.8926E-06   8.8933E-06   0.99991
FLUX  842  1995.00        1.502719E+14   8.8156E-06   8.8165E-06   0.99990
FLUX  843  2005.00        1.495224E+14   8.7405E-06   8.7407E-06   0.99997
FLUX  844  2015.00        1.487804E+14   8.6656E-06   8.6659E-06   0.99997
FLUX  845  2025.00        1.480457E+14   8.5913E-06   8.5920E-06   0.99992
FLUX  846  2035.00        1.473182E+14   8.5179E-06   8.5191E-06   0.99986
FLUX  847  2045.00        1.465978E+14   8.4468E-06   8.4471E-06   0.99997
FLUX  848  2055.00        1.458844E+14   8.3755E-06   8.3760E-06   0.99995
FLUX  849  2065.00        1.451780E+14   8.3034E-06   8.3058E-06   0.99972
FLUX  850  2075.00        1.444783E+14   8.2354E-06   8.2365E-06   0.99986
FLUX  851  2085.00        1.437854E+14   8.1674E-06   8.1680E-06   0.99992
FLUX  852  2095.00        1.430990E+14   8.0997E-06   8.1005E-06   0.99991
FLUX  853  2105.00        1.424192E+14   8.0321E-06   8.0337E-06   0.99980
FLUX  854  2115.00        1.417459E+14   7.9592E-06   7.9678E-06   0.99892
FLUX  855  2125.00        1.410788E+14   7.8942E-06   7.9027E-06   0.99893
FLUX  856  2135.00        1.404180E+14   7.8293E-06   7.8384E-06   0.99884
FLUX  857  2145.00        1.397634E+14   7.7717E-06   7.7749E-06   0.99960
FLUX  858  2155.00        1.391148E+14   7.7033E-06   7.7121E-06   0.99885
FLUX  859  2165.00        1.384723E+14   7.2535E-06   7.6501E-06   0.94816
FLUX  860  2175.00        1.378356E+14   7.5660E-06   7.5889E-06   0.99698
FLUX  861  2185.00        1.372048E+14   7.5270E-06   7.5284E-06   0.99982
FLUX  862  2195.00        1.365797E+14   7.4684E-06   7.4686E-06   0.99998
FLUX  863  2205.00        1.359603E+14   7.4083E-06   7.4096E-06   0.99983
FLUX  864  2215.00        1.353465E+14   7.3452E-06   7.3512E-06   0.99918
FLUX  865  2225.00        1.347382E+14   7.2934E-06   7.2935E-06   0.99998
FLUX  866  2235.00        1.341353E+14   7.2361E-06   7.2365E-06   0.99994
FLUX  867  2245.00        1.335379E+14   7.1801E-06   7.1802E-06   0.99999
FLUX  868  2255.00        1.329457E+14   7.1228E-06   7.1246E-06   0.99975
FLUX  869  2265.00        1.323587E+14   7.0692E-06   7.0696E-06   0.99996
FLUX  870  2275.00        1.317769E+14   7.0148E-06   7.0152E-06   0.99994
FLUX  871  2285.00        1.312002E+14   6.9995E-06   7.1232E-06   0.98264
FLUX  872  2295.00        1.306285E+14   7.0513E-06   7.0682E-06   0.99761
FLUX  873  2305.00        1.300618E+14   6.9573E-06   7.0137E-06   0.99196
FLUX  874  2315.00        1.295000E+14   6.8653E-06   6.9600E-06   0.98640
FLUX  875  2325.00        1.289430E+14   6.7817E-06   6.9068E-06   0.98189
FLUX  876  2335.00        1.283908E+14   6.7023E-06   6.8542E-06   0.97783
FLUX  877  2345.00        1.278433E+14   6.6267E-06   6.8023E-06   0.97419
FLUX  878  2355.00        1.273004E+14   6.5502E-06   6.7509E-06   0.97027
FLUX  879  2365.00        1.267622E+14   6.4973E-06   6.7001E-06   0.96973
FLUX  880  2375.00        1.262284E+14   6.4536E-06   6.6499E-06   0.97049
FLUX  881  2385.00        1.256992E+14   6.4033E-06   6.6003E-06   0.97016
FLUX  882  2395.00        1.251743E+14   6.3571E-06   6.5512E-06   0.97037
FLUX  883  2405.00        1.246538E+14   6.2931E-06   6.5026E-06   0.96778
FLUX  884  2415.00        1.241377E+14   6.2272E-06   6.4546E-06   0.96477
FLUX  885  2425.00        1.236258E+14   6.2973E-06   6.4072E-06   0.98286
FLUX  886  2435.00        1.231181E+14   6.1595E-06   6.3602E-06   0.96844
FLUX  887  2445.00        1.226145E+14   6.1073E-06   6.3138E-06   0.96730
FLUX  888  2455.00        1.221151E+14   6.1682E-06   6.2679E-06   0.98410
FLUX  889  2465.00        1.216197E+14   6.0603E-06   6.2225E-06   0.97395
FLUX  890  2475.00        1.211283E+14   6.0213E-06   6.1775E-06   0.97470
FLUX  891  2485.00        1.206408E+14   6.1064E-06   6.1331E-06   0.99565
FLUX  892  2495.00        1.201573E+14   5.7925E-06   6.0892E-06   0.95128
FLUX  893  2505.00        1.196776E+14   6.0453E-06   6.0457E-06   0.99993
FLUX  894  2515.00        1.192018E+14   5.9899E-06   6.0027E-06   0.99788
FLUX  895  2525.00        1.187297E+14   5.6592E-06   5.9601E-06   0.94951
FLUX  896  2535.00        1.182613E+14   5.8898E-06   5.9180E-06   0.99523
FLUX  897  2545.00        1.177967E+14   5.8751E-06   5.8764E-06   0.99979
FLUX  898  2555.00        1.173356E+14   5.8070E-06   5.8351E-06   0.99518
FLUX  899  2565.00        1.168782E+14   5.4870E-06   5.7944E-06   0.94695
FLUX  900  2575.00        1.164243E+14   5.7376E-06   5.7540E-06   0.99714
FLUX  901  2585.00        1.159739E+14   5.7107E-06   5.7141E-06   0.99941
FLUX  902  2595.00        1.155270E+14   5.6741E-06   5.6746E-06   0.99991
FLUX  903  2605.00        1.150835E+14   5.5861E-06   5.6355E-06   0.99124
FLUX  904  2615.00        1.146434E+14   5.3014E-06   5.5968E-06   0.94722
FLUX  905  2625.00        1.142067E+14   5.2316E-06   5.5585E-06   0.94120
FLUX  906  2635.00        1.137732E+14   5.4918E-06   5.5206E-06   0.99478
FLUX  907  2645.00        1.133431E+14   5.4823E-06   5.4830E-06   0.99987
FLUX  908  2655.00        1.129162E+14   5.4441E-06   5.4459E-06   0.99967
FLUX  909  2665.00        1.124925E+14   5.3905E-06   5.4091E-06   0.99656
FLUX  910  2675.00        1.120720E+14   5.0777E-06   5.3727E-06   0.94510
FLUX  911  2685.00        1.116546E+14   5.3191E-06   5.3367E-06   0.99672
FLUX  912  2695.00        1.112403E+14   5.3004E-06   5.3010E-06   0.99989
FLUX  913  2705.00        1.108290E+14   5.2645E-06   5.2657E-06   0.99978
FLUX  914  2715.00        1.104208E+14   5.2306E-06   5.2307E-06   0.99999
FLUX  915  2725.00        1.100156E+14   5.1959E-06   5.1961E-06   0.99997
FLUX  916  2735.00        1.096133E+14   5.1614E-06   5.1618E-06   0.99993
FLUX  917  2745.00        1.092140E+14   5.1229E-06   5.1279E-06   0.99904
FLUX  918  2755.00        1.088176E+14   4.8509E-06   5.0943E-06   0.95223
FLUX  919  2765.00        1.084241E+14   4.9909E-06   5.0610E-06   0.98614
FLUX  920  2775.00        1.080333E+14   5.0279E-06   5.0281E-06   0.99997
FLUX  921  2785.00        1.076454E+14   4.9953E-06   4.9954E-06   0.99998
FLUX  922  2795.00        1.072603E+14   4.9631E-06   4.9631E-06   1.00000
FLUX  923  2805.00        1.068779E+14   4.9311E-06   4.9312E-06   0.99999
FLUX  924  2815.00        1.064982E+14   4.8992E-06   4.8995E-06   0.99994
FLUX  925  2825.00        1.061212E+14   4.8677E-06   4.8681E-06   0.99992
FLUX  926  2835.00        1.057469E+14   4.8370E-06   4.8370E-06   0.99999
FLUX  927  2845.00        1.053752E+14   4.8048E-06   4.8063E-06   0.99971
FLUX  928  2855.00        1.050061E+14   4.7754E-06   4.7758E-06   0.99992
FLUX  929  2865.00        1.046396E+14   4.7119E-06   4.7456E-06   0.99290
FLUX  930  2875.00        1.042757E+14   4.4721E-06   4.7157E-06   0.94835
FLUX  931  2885.00        1.039142E+14   4.6787E-06   4.6861E-06   0.99844
FLUX  932  2895.00        1.035553E+14   4.6519E-06   4.6567E-06   0.99896
FLUX  933  2905.00        1.031988E+14   4.6275E-06   4.6277E-06   0.99997
FLUX  934  2915.00        1.028448E+14   4.5957E-06   4.5989E-06   0.99930
FLUX  935  2925.00        1.024932E+14   4.5698E-06   4.5703E-06   0.99989
FLUX  936  2935.00        1.021440E+14   4.5416E-06   4.5421E-06   0.99990
FLUX  937  2945.00        1.017971E+14   4.5139E-06   4.5141E-06   0.99995
FLUX  938  2955.00        1.014526E+14   4.4863E-06   4.4864E-06   0.99999
FLUX  939  2965.00        1.011105E+14   4.4587E-06   4.4589E-06   0.99996
FLUX  940  2975.00        1.007706E+14   4.4316E-06   4.4316E-06   0.99998
FLUX  941  2985.00        1.004330E+14   4.4046E-06   4.4047E-06   0.99999
FLUX  942  2995.00        1.000977E+14   4.3777E-06   4.3779E-06   0.99995
FLUX  943  3005.00        9.976456E+13   4.3511E-06   4.3515E-06   0.99991
FLUX  944  3015.00        9.943367E+13   4.3247E-06   4.3252E-06   0.99988
FLUX  945  3025.00        9.910496E+13   4.2960E-06   4.2992E-06   0.99926
FLUX  946  3035.00        9.877842E+13   4.1087E-06   4.2734E-06   0.96146
FLUX  947  3045.00        9.845402E+13   4.1680E-06   4.2479E-06   0.98118
FLUX  948  3055.00        9.813175E+13   4.2211E-06   4.2226E-06   0.99964
FLUX  949  3065.00        9.781158E+13   4.1972E-06   4.1975E-06   0.99994
FLUX  950  3075.00        9.749350E+13   4.1722E-06   4.1726E-06   0.99990
FLUX  951  3085.00        9.717747E+13   4.1448E-06   4.1480E-06   0.99922
FLUX  952  3095.00        9.686349E+13   4.1230E-06   4.1235E-06   0.99986
FLUX  953  3105.00        9.655153E+13   4.0986E-06   4.0993E-06   0.99981
FLUX  954  3115.00        9.624157E+13   4.0740E-06   4.0753E-06   0.99968
FLUX  955  3125.00        9.593360E+13   4.0499E-06   4.0515E-06   0.99960
FLUX  956  3135.00        9.562759E+13   4.0273E-06   4.0279E-06   0.99984
FLUX  957  3145.00        9.532353E+13   4.0029E-06   4.0046E-06   0.99958
FLUX  958  3155.00        9.502139E+13   3.9811E-06   3.9814E-06   0.99994
FLUX  959  3165.00        9.472117E+13   3.9582E-06   3.9584E-06   0.99994
FLUX  960  3175.00        9.442283E+13   3.9349E-06   3.9356E-06   0.99981
FLUX  961  3185.00        9.412637E+13   3.9130E-06   3.9130E-06   0.99998
FLUX  962  3195.00        9.383177E+13   3.8903E-06   3.8906E-06   0.99992
FLUX  963  3210.00        9.339330E+13   3.8571E-06   3.8574E-06   0.99992
FLUX  964  3230.00        9.281502E+13   3.8137E-06   3.8138E-06   0.99999
FLUX  965  3250.00        9.224385E+13   3.7708E-06   3.7709E-06   0.99998
FLUX  966  3270.00        9.167966E+13   3.7283E-06   3.7287E-06   0.99991
FLUX  967  3290.00        9.112234E+13   3.5777E-06   3.7238E-06   0.96077
FLUX  968  3310.00        9.057175E+13   3.6586E-06   3.6824E-06   0.99353
FLUX  969  3330.00        9.002778E+13   3.6284E-06   3.6417E-06   0.99634
FLUX  970  3350.00        8.949030E+13   3.5808E-06   3.6016E-06   0.99421
FLUX  971  3370.00        8.895920E+13   3.5325E-06   3.5623E-06   0.99163
FLUX  972  3390.00        8.843437E+13   3.4880E-06   3.5235E-06   0.98993
FLUX  973  3410.00        8.791569E+13   3.4452E-06   3.4854E-06   0.98845
FLUX  974  3430.00        8.740306E+13   3.4028E-06   3.4479E-06   0.98692
FLUX  975  3450.00        8.689638E+13   3.3658E-06   3.4110E-06   0.98676
FLUX  976  3470.00        8.639553E+13   3.3304E-06   3.3747E-06   0.98686
FLUX  977  3490.00        8.590043E+13   3.2931E-06   3.3390E-06   0.98625
FLUX  978  3510.00        8.541097E+13   3.2619E-06   3.3038E-06   0.98731
FLUX  979  3530.00        8.492705E+13   3.2299E-06   3.2692E-06   0.98798
FLUX  980  3550.00        8.444859E+13   3.1876E-06   3.2352E-06   0.98529
FLUX  981  3570.00        8.397549E+13   3.1489E-06   3.2016E-06   0.98353
FLUX  982  3590.00        8.350766E+13   3.1548E-06   3.1686E-06   0.99565
FLUX  983  3610.00        8.304501E+13   3.0783E-06   3.1361E-06   0.98157
FLUX  984  3630.00        8.258747E+13   3.0956E-06   3.1041E-06   0.99726
FLUX  985  3650.00        8.213493E+13   3.0111E-06   3.0726E-06   0.97999
FLUX  986  3670.00        8.168733E+13   3.0397E-06   3.0415E-06   0.99938
FLUX  987  3690.00        8.124458E+13   2.9420E-06   3.0110E-06   0.97708
FLUX  988  3710.00        8.080660E+13   2.9756E-06   2.9809E-06   0.99824
FLUX  989  3730.00        8.037332E+13   2.9116E-06   2.9512E-06   0.98658
FLUX  990  3750.00        7.994467E+13   2.8078E-06   2.9220E-06   0.96094
FLUX  991  3770.00        7.952056E+13   2.8900E-06   2.8932E-06   0.99888
FLUX  992  3790.00        7.910092E+13   2.8645E-06   2.8648E-06   0.99988
FLUX  993  3810.00        7.868570E+13   2.7899E-06   2.8369E-06   0.98342
FLUX  994  3830.00        7.827480E+13   2.7770E-06   2.8094E-06   0.98849
FLUX  995  3850.00        7.786818E+13   2.7820E-06   2.7822E-06   0.99991
FLUX  996  3870.00        7.746576E+13   2.7541E-06   2.7555E-06   0.99951
FLUX  997  3890.00        7.706748E+13   2.7236E-06   2.7291E-06   0.99797
FLUX  998  3910.00        7.667327E+13   2.6277E-06   2.7031E-06   0.97210
FLUX  999  3930.00        7.628308E+13   2.6769E-06   2.6775E-06   0.99976
FLUX 1000  3950.00        7.589684E+13   2.6511E-06   2.6523E-06   0.99956
FLUX 1001  3970.00        7.551448E+13   2.6273E-06   2.6274E-06   0.99998
FLUX 1002  3990.00        7.513596E+13   2.6017E-06   2.6028E-06   0.99959
FLUX 1003  4010.00        7.476122E+13   2.5498E-06   2.5786E-06   0.98885
FLUX 1004  4030.00        7.439020E+13   2.5035E-06   2.5547E-06   0.97997
FLUX 1005  4050.00        7.402284E+13   2.4634E-06   2.5312E-06   0.97322
FLUX 1006  4070.00        7.365909E+13   2.5061E-06   2.5080E-06   0.99925
FLUX 1007  4090.00        7.329890E+13   2.4845E-06   2.4851E-06   0.99979
FLUX 1008  4110.00        7.294221E+13   2.4624E-06   2.4625E-06   0.99997
FLUX 1009  4130.00        7.258898E+13   2.4401E-06   2.4402E-06   0.99994
FLUX 1010  4150.00        7.223916E+13   2.4165E-06   2.4182E-06   0.99929
FLUX 1011  4170.00        7.189269E+13   2.3260E-06   2.3965E-06   0.97055
FLUX 1012  4190.00        7.154952E+13   2.3725E-06   2.3751E-06   0.99891
FLUX 1013  4210.00        7.120962E+13   2.3535E-06   2.3540E-06   0.99980
FLUX 1014  4230.00        7.087293E+13   2.3332E-06   2.3332E-06   0.99999
FLUX 1015  4250.00        7.053941E+13   2.3126E-06   2.3126E-06   0.99999
FLUX 1016  4270.00        7.020902E+13   2.2924E-06   2.2924E-06   1.00000
FLUX 1017  4290.00        6.988170E+13   2.2723E-06   2.2723E-06   1.00000
FLUX 1018  4310.00        6.955742E+13   2.2525E-06   2.2526E-06   0.99998
FLUX 1019  4330.00        6.923614E+13   2.2330E-06   2.2331E-06   0.99998
FLUX 1020  4350.00        6.891782E+13   2.2138E-06   2.2138E-06   0.99998
FLUX 1021  4370.00        6.860240E+13   2.1365E-06   2.1948E-06   0.97343
FLUX 1022  4390.00        6.828986E+13   2.1662E-06   2.1761E-06   0.99546
FLUX 1023  4410.00        6.798016E+13   2.1574E-06   2.1576E-06   0.99991
FLUX 1024  4430.00        6.767325E+13   2.1392E-06   2.1393E-06   0.99998
FLUX 1025  4450.00        6.736910E+13   2.1211E-06   2.1212E-06   0.99995
FLUX 1026  4470.00        6.706767E+13   2.1135E-06   2.1136E-06   0.99999
FLUX 1027  4490.00        6.676893E+13   2.0957E-06   2.0958E-06   0.99994
FLUX 1028  4510.00        6.647284E+13   2.0783E-06   2.0783E-06   1.00000
FLUX 1029  4530.00        6.617936E+13   2.0608E-06   2.0611E-06   0.99986
FLUX 1030  4550.00        6.588846E+13   2.0439E-06   2.0440E-06   0.99998
FLUX 1031  4570.00        6.560011E+13   2.0270E-06   2.0271E-06   0.99993
FLUX 1032  4590.00        6.531427E+13   2.0103E-06   2.0105E-06   0.99991
FLUX 1033  4610.00        6.503091E+13   1.9940E-06   1.9940E-06   0.99999
FLUX 1034  4630.00        6.475000E+13   1.9769E-06   1.9778E-06   0.99956
FLUX 1035  4650.00        6.447151E+13   1.9136E-06   1.9617E-06   0.97544
FLUX 1036  4670.00        6.419540E+13   1.8820E-06   1.9459E-06   0.96719
FLUX 1037  4690.00        6.392164E+13   1.9258E-06   1.9302E-06   0.99771
FLUX 1038  4710.00        6.365021E+13   1.9147E-06   1.9148E-06   0.99998
FLUX 1039  4730.00        6.338108E+13   1.8995E-06   1.8995E-06   1.00000
FLUX 1040  4750.00        6.311421E+13   1.8840E-06   1.8844E-06   0.99980
FLUX 1041  4770.00        6.284958E+13   1.8693E-06   1.8695E-06   0.99991
FLUX 1042  4790.00        6.258716E+13   1.8547E-06   1.8547E-06   1.00000
FLUX 1043  4810.00        6.232692E+13   1.8401E-06   1.8401E-06   1.00000
FLUX 1044  4830.00        6.206884E+13   1.8257E-06   1.8257E-06   0.99998
FLUX 1045  4850.00        6.181289E+13   1.8115E-06   1.8115E-06   1.00000
FLUX 1046  4870.00        6.155903E+13   1.7974E-06   1.7974E-06   1.00000
FLUX 1047  4890.00        6.130726E+13   1.7835E-06   1.7835E-06   1.00000
FLUX 1048  4910.00        6.105754E+13   1.7697E-06   1.7698E-06   0.99997
FLUX 1049  4930.00        6.080984E+13   1.7562E-06   1.7562E-06   0.99999
FLUX 1050  4950.00        6.056414E+13   1.7427E-06   1.7428E-06   0.99999
FLUX 1051  4970.00        6.032042E+13   1.7295E-06   1.7295E-06   0.99999
FLUX 1052  4990.00        6.007866E+13   1.7163E-06   1.7163E-06   0.99996
FLUX 1053  5010.00        5.983882E+13   1.7033E-06   1.7034E-06   0.99998
FLUX 1054  5030.00        5.960089E+13   1.6904E-06   1.6905E-06   0.99994
FLUX 1055  5050.00        5.936485E+13   1.6778E-06   1.6778E-06   0.99999
FLUX 1056  5070.00        5.913067E+13   1.6653E-06   1.6653E-06   1.00000
FLUX 1057  5090.00        5.889833E+13   1.6529E-06   1.6529E-06   0.99999
FLUX 1058  5110.00        5.866781E+13   1.6379E-06   1.6406E-06   0.99832
FLUX 1059  5130.00        5.843908E+13   1.5785E-06   1.6285E-06   0.96928
FLUX 1060  5150.00        5.821214E+13   1.6152E-06   1.6165E-06   0.99921
FLUX 1061  5170.00        5.798694E+13   1.6046E-06   1.6046E-06   0.99999
FLUX 1062  5190.00        5.776349E+13   1.5929E-06   1.5929E-06   1.00000
FLUX 1063  5210.00        5.754175E+13   1.5813E-06   1.5813E-06   0.99999
FLUX 1064  5230.00        5.732170E+13   1.5698E-06   1.5698E-06   0.99999
FLUX 1065  5250.00        5.710333E+13   1.5584E-06   1.5584E-06   1.00000
FLUX 1066  5270.00        5.688662E+13   1.5472E-06   1.5472E-06   0.99998
FLUX 1067  5290.00        5.667155E+13   1.5361E-06   1.5361E-06   1.00000
FLUX 1068  5310.00        5.645810E+13   1.5251E-06   1.5251E-06   1.00000
FLUX 1069  5330.00        5.624625E+13   1.5142E-06   1.5142E-06   1.00000
FLUX 1070  5350.00        5.603598E+13   1.5034E-06   1.5035E-06   1.00000
FLUX 1071  5370.00        5.582728E+13   1.4928E-06   1.4928E-06   0.99998
FLUX 1072  5390.00        5.562013E+13   1.4823E-06   1.4823E-06   0.99999
FLUX 1073  5410.00        5.541451E+13   1.4718E-06   1.4719E-06   1.00000
FLUX 1074  5430.00        5.521041E+13   1.4615E-06   1.4615E-06   0.99999
FLUX 1075  5450.00        5.500780E+13   1.4513E-06   1.4513E-06   0.99998
FLUX 1076  5470.00        5.480667E+13   1.4412E-06   1.4412E-06   0.99997
FLUX 1077  5490.00        5.460701E+13   1.4312E-06   1.4312E-06   1.00000
FLUX 1078  5510.00        5.440880E+13   1.4213E-06   1.4214E-06   1.00000
FLUX 1079  5530.00        5.421203E+13   1.4116E-06   1.4116E-06   0.99999
FLUX 1080  5550.00        5.401667E+13   1.4019E-06   1.4019E-06   0.99999
FLUX 1081  5570.00        5.382271E+13   1.3922E-06   1.3923E-06   0.99994
FLUX 1082  5590.00        5.363014E+13   1.3827E-06   1.3828E-06   0.99989
FLUX 1083  5610.00        5.343895E+13   1.3733E-06   1.3734E-06   0.99994
FLUX 1084  5630.00        5.324911E+13   1.3641E-06   1.3641E-06   0.99999
FLUX 1085  5650.00        5.306062E+13   1.3549E-06   1.3549E-06   0.99999
FLUX 1086  5670.00        5.287346E+13   1.3458E-06   1.3458E-06   0.99999
FLUX 1087  5690.00        5.268761E+13   1.3368E-06   1.3368E-06   1.00000
FLUX 1088  5710.00        5.250306E+13   1.3278E-06   1.3279E-06   1.00000
FLUX 1089  5730.00        5.231981E+13   1.3190E-06   1.3190E-06   0.99999
FLUX 1090  5750.00        5.213783E+13   1.3103E-06   1.3103E-06   1.00000
FLUX 1091  5770.00        5.195711E+13   1.3016E-06   1.3016E-06   1.00000
FLUX 1092  5790.00        5.177763E+13   1.2930E-06   1.2930E-06   0.99998
FLUX 1093  5810.00        5.159940E+13   1.2845E-06   1.2845E-06   1.00000
FLUX 1094  5830.00        5.142238E+13   1.2761E-06   1.2761E-06   1.00000
FLUX 1095  5850.00        5.124658E+13   1.2710E-06   1.2711E-06   1.00000
FLUX 1096  5870.00        5.107198E+13   1.2628E-06   1.2628E-06   0.99999
FLUX 1097  5890.00        5.089856E+13   1.2516E-06   1.2546E-06   0.99766
FLUX 1098  5910.00        5.072631E+13   1.2100E-06   1.2465E-06   0.97072
FLUX 1099  5930.00        5.055523E+13   1.2371E-06   1.2384E-06   0.99893
FLUX 1100  5950.00        5.038529E+13   1.2304E-06   1.2304E-06   0.99993
FLUX 1101  5970.00        5.021650E+13   1.2226E-06   1.2226E-06   1.00000
FLUX 1102  5990.00        5.004883E+13   1.2147E-06   1.2147E-06   0.99997
FLUX 1103  6010.00        4.988228E+13   1.2070E-06   1.2070E-06   0.99999
FLUX 1104  6030.00        4.971683E+13   1.1993E-06   1.1993E-06   1.00000
FLUX 1105  6050.00        4.955248E+13   1.1917E-06   1.1917E-06   1.00000
FLUX 1106  6070.00        4.938921E+13   1.1842E-06   1.1842E-06   0.99999
FLUX 1107  6090.00        4.922701E+13   1.1768E-06   1.1768E-06   0.99999
FLUX 1108  6110.00        4.906588E+13   1.1693E-06   1.1694E-06   0.99994
FLUX 1109  6130.00        4.890579E+13   1.1621E-06   1.1621E-06   1.00000
FLUX 1110  6150.00        4.874675E+13   1.1548E-06   1.1548E-06   0.99999
FLUX 1111  6170.00        4.858874E+13   1.1477E-06   1.1477E-06   1.00000
FLUX 1112  6190.00        4.843174E+13   1.1405E-06   1.1406E-06   1.00000
FLUX 1113  6210.00        4.827576E+13   1.1335E-06   1.1335E-06   1.00000
FLUX 1114  6230.00        4.812079E+13   1.1265E-06   1.1265E-06   0.99998
FLUX 1115  6250.00        4.796680E+13   1.1196E-06   1.1196E-06   0.99998
FLUX 1116  6270.00        4.781380E+13   1.1127E-06   1.1128E-06   0.99998
FLUX 1117  6290.00        4.766176E+13   1.1060E-06   1.1060E-06   1.00000
FLUX 1118  6310.00        4.751070E+13   1.0992E-06   1.0992E-06   0.99999
FLUX 1119  6330.00        4.736058E+13   1.0925E-06   1.0926E-06   0.99997
FLUX 1120  6350.00        4.721142E+13   1.0859E-06   1.0860E-06   0.99998
FLUX 1121  6370.00        4.706319E+13   1.0794E-06   1.0794E-06   1.00000
FLUX 1122  6390.00        4.691588E+13   1.0729E-06   1.0729E-06   0.99999
FLUX 1123  6420.00        4.669665E+13   1.0633E-06   1.0633E-06   1.00000
FLUX 1124  6460.00        4.640751E+13   1.0507E-06   1.0507E-06   0.99999
FLUX 1125  6500.00        4.612192E+13   1.0383E-06   1.0383E-06   0.99999
FLUX 1126  6540.00        4.583983E+13   1.0261E-06   1.0261E-06   1.00000
FLUX 1127  6580.00        4.556117E+13   1.0141E-06   1.0141E-06   0.99999
FLUX 1128  6620.00        4.528588E+13   1.0022E-06   1.0023E-06   0.99991
FLUX 1129  6660.00        4.501389E+13   9.9074E-07   9.9076E-07   0.99998
FLUX 1130  6700.00        4.474515E+13   9.7939E-07   9.7939E-07   0.99999
FLUX 1131  6740.00        4.447960E+13   9.6821E-07   9.6822E-07   0.99999
FLUX 1132  6780.00        4.421718E+13   9.5722E-07   9.5724E-07   0.99999
FLUX 1133  6820.00        4.395784E+13   9.4643E-07   9.4644E-07   0.99999
FLUX 1134  6860.00        4.370153E+13   9.3574E-07   9.3582E-07   0.99991
FLUX 1135  6900.00        4.344819E+13   9.2533E-07   9.2538E-07   0.99994
FLUX 1136  6940.00        4.319777E+13   9.1506E-07   9.1512E-07   0.99993
FLUX 1137  6980.00        4.295021E+13   9.0498E-07   9.0502E-07   0.99995
FLUX 1138  7020.00        4.270548E+13   8.9508E-07   8.9509E-07   0.99998
FLUX 1139  7060.00        4.246353E+13   8.8528E-07   8.8532E-07   0.99995
FLUX 1140  7100.00        4.222430E+13   8.7571E-07   8.7572E-07   0.99999
FLUX 1141  7140.00        4.198775E+13   8.6617E-07   8.6626E-07   0.99990
FLUX 1142  7180.00        4.175383E+13   8.5690E-07   8.5696E-07   0.99993
FLUX 1143  7220.00        4.152251E+13   8.4771E-07   8.4781E-07   0.99988
FLUX 1144  7260.00        4.129373E+13   8.3872E-07   8.3880E-07   0.99990
FLUX 1145  7300.00        4.106747E+13   8.2992E-07   8.2993E-07   0.99999
FLUX 1146  7340.00        4.084366E+13   8.2119E-07   8.2121E-07   0.99998
FLUX 1147  7380.00        4.062229E+13   8.1260E-07   8.1262E-07   0.99998
FLUX 1148  7420.00        4.040330E+13   8.0416E-07   8.0419E-07   0.99997
FLUX 1149  7460.00        4.018666E+13   7.8772E-07   7.9589E-07   0.98973
FLUX 1150  7500.00        3.997233E+13   7.7547E-07   7.8772E-07   0.98444
FLUX 1151  7540.00        3.976028E+13   7.7953E-07   7.7968E-07   0.99981
FLUX 1152  7580.00        3.955046E+13   7.7173E-07   7.7175E-07   0.99997
FLUX 1153  7620.00        3.934285E+13   7.6394E-07   7.6395E-07   0.99999
FLUX 1154  7660.00        3.913740E+13   7.5625E-07   7.5626E-07   0.99999
FLUX 1155  7700.00        3.893409E+13   7.4869E-07   7.4869E-07   0.99999
FLUX 1156  7740.00        3.873288E+13   7.4122E-07   7.4123E-07   0.99998
FLUX 1157  7780.00        3.853374E+13   7.3388E-07   7.3388E-07   1.00000
FLUX 1158  7820.00        3.833664E+13   7.2664E-07   7.2664E-07   1.00000
FLUX 1159  7860.00        3.814154E+13   7.1951E-07   7.1951E-07   1.00000
FLUX 1160  7900.00        3.794842E+13   7.1248E-07   7.1248E-07   1.00000
FLUX 1161  7940.00        3.775724E+13   7.0555E-07   7.0555E-07   1.00000
FLUX 1162  7980.00        3.756798E+13   6.9872E-07   6.9873E-07   0.99999
FLUX 1163  8020.00        3.738061E+13   6.9200E-07   6.9200E-07   1.00000
FLUX 1164  8060.00        3.719510E+13   6.8536E-07   6.8537E-07   1.00000
FLUX 1165  8100.00        3.701142E+13   6.7883E-07   6.7883E-07   1.00000
FLUX 1166  8140.00        3.682955E+13   6.7238E-07   6.7238E-07   0.99999
FLUX 1167  8180.00        3.664945E+13   6.6603E-07   6.6603E-07   0.99999
FLUX 1168  8220.00        3.647111E+13   6.5976E-07   6.5976E-07   1.00000
FLUX 1169  8260.00        3.629449E+13   6.5359E-07   6.5359E-07   1.00000
FLUX 1170  8300.00        3.611958E+13   6.4749E-07   6.4750E-07   1.00000
FLUX 1171  8340.00        3.594634E+13   6.4146E-07   6.4149E-07   0.99996
FLUX 1172  8380.00        3.577476E+13   6.3551E-07   6.3557E-07   0.99992
FLUX 1173  8420.00        3.560481E+13   6.2970E-07   6.2972E-07   0.99996
FLUX 1174  8460.00        3.543647E+13   6.2396E-07   6.2396E-07   0.99999
FLUX 1175  8500.00        3.526971E+13   6.1828E-07   6.1828E-07   1.00000
FLUX 1176  8540.00        3.510451E+13   6.1266E-07   6.1267E-07   0.99999
FLUX 1177  8580.00        3.494085E+13   6.0713E-07   6.0714E-07   1.00000
FLUX 1178  8620.00        3.477871E+13   6.0167E-07   6.0168E-07   0.99999
FLUX 1179  8660.00        3.461807E+13   5.9629E-07   5.9629E-07   1.00000
FLUX 1180  8700.00        3.445891E+13   5.9098E-07   5.9098E-07   1.00000
FLUX 1181  8740.00        3.430120E+13   5.8574E-07   5.8574E-07   1.00000
FLUX 1182  8780.00        3.414493E+13   5.8057E-07   5.8057E-07   1.00000
FLUX 1183  8820.00        3.399008E+13   5.7546E-07   5.7546E-07   0.99999
FLUX 1184  8860.00        3.383663E+13   5.7041E-07   5.7042E-07   0.99999
FLUX 1185  8900.00        3.368455E+13   5.6544E-07   5.6545E-07   0.99999
FLUX 1186  8940.00        3.353384E+13   5.6054E-07   5.6054E-07   1.00000
FLUX 1187  8980.00        3.338447E+13   5.5569E-07   5.5569E-07   0.99999
FLUX 1188  9020.00        3.323642E+13   5.5091E-07   5.5091E-07   1.00000
FLUX 1189  9060.00        3.308968E+13   5.4619E-07   5.4619E-07   1.00000
FLUX 1190  9100.00        3.294423E+13   5.4152E-07   5.4152E-07   0.99999
FLUX 1191  9140.00        3.280005E+13   5.3692E-07   5.3692E-07   1.00000
FLUX 1192  9180.00        3.265714E+13   5.3238E-07   5.3238E-07   1.00000
FLUX 1193  9220.00        3.251546E+13   5.2789E-07   5.2789E-07   1.00000
FLUX 1194  9260.00        3.237500E+13   5.2346E-07   5.2346E-07   1.00000
FLUX 1195  9300.00        3.223575E+13   5.1908E-07   5.1908E-07   1.00000
FLUX 1196  9340.00        3.209770E+13   5.1476E-07   5.1476E-07   1.00000
FLUX 1197  9380.00        3.196082E+13   5.1049E-07   5.1049E-07   1.00000
FLUX 1198  9420.00        3.182511E+13   5.0627E-07   5.0627E-07   1.00000
FLUX 1199  9460.00        3.169054E+13   5.0211E-07   5.0211E-07   1.00000
FLUX 1200  9500.00        3.155711E+13   4.9800E-07   4.9800E-07   1.00000
FLUX 1201  9540.00        3.142479E+13   4.9393E-07   4.9394E-07   0.99998
FLUX 1202  9580.00        3.129358E+13   4.8992E-07   4.8992E-07   1.00000
FLUX 1203  9620.00        3.116346E+13   4.8596E-07   4.8596E-07   1.00000
FLUX 1204  9660.00        3.103442E+13   4.8204E-07   4.8204E-07   1.00000
FLUX 1205  9700.00        3.090644E+13   4.7817E-07   4.7817E-07   1.00000
FLUX 1206  9740.00        3.077952E+13   4.7434E-07   4.7435E-07   1.00000
FLUX 1207  9780.00        3.065363E+13   4.7057E-07   4.7057E-07   1.00000
FLUX 1208  9820.00        3.052877E+13   4.6683E-07   4.6683E-07   0.99999
FLUX 1209  9860.00        3.040492E+13   4.6314E-07   4.6314E-07   1.00000
FLUX 1210  9900.00        3.028207E+13   4.5950E-07   4.5950E-07   1.00000
FLUX 1211  9940.00        3.016021E+13   4.5589E-07   4.5589E-07   1.00000
FLUX 1212  9980.00        3.003933E+13   4.5233E-07   4.5233E-07   0.99999
FLUX 1213 10020.00        2.991941E+13   4.4881E-07   4.4881E-07   0.99999
FLUX 1214 20000.00        1.498963E+13   1.1464E-07   1.1465E-07   1.00000
FLUX 1215 40000.00        7.494813E+12   2.8539E-08   2.8539E-08   1.00000
FLUX 1216 60000.00        4.996542E+12   1.2577E-08   1.2577E-08   1.00000
FLUX 1217 80000.00        3.747406E+12   7.0183E-09   7.0183E-09   1.00000
FLUX 1218100000.00        2.997925E+12   4.4602E-09   4.4602E-09   1.00000
FLUX 1219120000.00        2.498271E+12   3.0783E-09   3.0783E-09   1.00000
FLUX 1220140000.00        2.141375E+12   2.2493E-09   2.2493E-09   1.00000
FLUX 1221160000.00        1.873703E+12   1.7137E-09   1.7137E-09   1.00000
FLUX
