TEFF   4250.  GRAVITY 3.00000 LTE 
TITLE TEST RUN WITH SDSC OPACITY  VTURB 2 KM/S    L/H 1.25                      
 OPACITY IFOP
FLUX  124    92.50        3.241000E+15   3.0472E-27   2.3538E-26   0.12946
FLUX  125    93.50        3.206337E+15   4.6884E-27   3.9663E-26   0.11821
FLUX  126    94.50        3.172407E+15   7.2585E-27   6.5729E-26   0.11043
FLUX  127    95.50        3.139188E+15   1.1434E-26   1.0750E-25   0.10637
FLUX  128    96.50        3.106658E+15   2.2756E-26   1.7351E-25   0.13115
FLUX  129    97.50        3.074795E+15   3.2553E-26   2.7670E-25   0.11765
FLUX  130    98.50        3.043579E+15   5.6489E-26   4.3641E-25   0.12944
FLUX  131    99.50        3.012990E+15   1.0108E-25   6.8223E-25   0.14816
FLUX  132   100.50        2.983010E+15   1.5177E-25   1.0564E-24   0.14367
FLUX  133   101.50        2.953621E+15   2.3664E-25   1.6241E-24   0.14571
FLUX  134   102.50        2.924805E+15   3.2107E-25   2.4863E-24   0.12913
FLUX  135   103.50        2.896546E+15   8.1659E-25   3.7931E-24   0.21528
FLUX  136   104.50        2.868828E+15   1.2460E-24   5.7719E-24   0.21588
FLUX  137   105.50        2.841635E+15   1.4785E-24   8.7562E-24   0.16885
FLUX  138   106.50        2.814953E+15   3.2604E-24   1.3245E-23   0.24616
FLUX  139   107.50        2.788767E+15   4.8769E-24   1.9957E-23   0.24436
FLUX  140   108.50        2.763065E+15   8.4742E-24   2.9919E-23   0.28324
FLUX  141   109.50        2.737831E+15   1.1567E-23   4.4564E-23   0.25956
FLUX  142   110.50        2.713054E+15   1.6435E-23   6.5914E-23   0.24934
FLUX  143   111.50        2.688722E+15   2.2949E-23   9.6731E-23   0.23725
FLUX  144   112.50        2.664822E+15   4.6475E-23   1.4079E-22   0.33009
FLUX  145   113.50        2.641344E+15   8.1564E-23   2.0327E-22   0.40126
FLUX  146   114.50        2.618275E+15   1.2731E-22   2.9115E-22   0.43727
FLUX  147   115.50        2.595606E+15   1.8495E-22   4.1380E-22   0.44696
FLUX  148   116.50        2.573326E+15   2.5068E-22   5.8371E-22   0.42946
FLUX  149   117.50        2.551426E+15   3.9072E-22   8.1744E-22   0.47798
FLUX  150   118.50        2.529895E+15   5.1564E-22   1.1367E-21   0.45362
FLUX  151   119.50        2.508724E+15   6.5407E-22   1.5700E-21   0.41660
FLUX  152   120.50        2.487905E+15   6.3855E-22   2.1545E-21   0.29638
FLUX  153   121.50        2.467428E+15   1.2839E-22   2.9379E-21   0.04370
FLUX  154   122.50        2.447286E+15   1.0765E-21   3.9856E-21   0.27011
FLUX  155   123.50        2.427470E+15   2.6034E-21   5.3732E-21   0.48450
FLUX  156   124.50        2.407972E+15   3.8483E-21   7.2031E-21   0.53425
FLUX  157   125.50        2.388785E+15   5.2463E-21   9.6025E-21   0.54635
FLUX  158   126.50        2.369901E+15   6.9316E-21   1.2730E-20   0.54449
FLUX  159   127.50        2.351314E+15   9.3940E-21   1.6787E-20   0.55958
FLUX  160   128.50        2.333016E+15   1.0207E-20   2.2014E-20   0.46366
FLUX  161   129.50        2.315000E+15   1.3318E-20   2.8702E-20   0.46403
FLUX  162   130.50        2.297261E+15   1.6925E-20   3.7201E-20   0.45497
FLUX  163   131.50        2.279791E+15   2.2685E-20   4.7930E-20   0.47330
FLUX  164   132.50        2.262585E+15   2.5977E-20   6.1342E-20   0.42349
FLUX  165   133.50        2.245637E+15   2.9725E-20   7.7967E-20   0.38125
FLUX  166   134.50        2.228941E+15   4.0638E-20   9.8409E-20   0.41295
FLUX  167   135.50        2.212491E+15   5.5165E-20   1.2335E-19   0.44721
FLUX  168   136.50        2.196282E+15   6.1908E-20   1.5364E-19   0.40294
FLUX  169   137.50        2.180309E+15   7.0266E-20   1.9034E-19   0.36916
FLUX  170   138.50        2.164567E+15   8.2505E-20   2.3480E-19   0.35139
FLUX  171   139.50        2.149050E+15   9.7258E-20   2.8890E-19   0.33665
FLUX  172   140.50        2.133754E+15   1.3967E-19   3.5779E-19   0.39037
FLUX  173   141.50        2.118675E+15   1.7803E-19   4.4637E-19   0.39884
FLUX  174   142.50        2.103807E+15   2.1402E-19   5.5701E-19   0.38424
FLUX  175   143.50        2.089146E+15   2.9540E-19   6.9523E-19   0.42490
FLUX  176   144.20        2.079005E+15   4.2932E-19   8.1196E-19   0.52874
FLUX  177   144.70        2.071821E+15   3.6698E-19   9.0699E-19   0.40461
FLUX  178   145.50        2.060430E+15   4.5253E-19   1.0821E-18   0.41818
FLUX  179   146.50        2.046365E+15   6.9084E-19   1.3473E-18   0.51275
FLUX  180   147.50        2.032492E+15   8.4993E-19   1.6735E-18   0.50787
FLUX  181   148.50        2.018805E+15   9.2878E-19   2.0727E-18   0.44811
FLUX  182   149.50        2.005301E+15   1.4262E-18   2.5585E-18   0.55744
FLUX  183   150.50        1.991977E+15   2.0149E-18   3.1477E-18   0.64010
FLUX  184   151.20        1.982755E+15   1.1782E-18   3.6314E-18   0.32444
FLUX  185   151.70        1.976220E+15   1.9137E-18   4.0182E-18   0.47626
FLUX  186   152.50        1.965852E+15   4.0146E-18   1.3038E-17   0.30791
FLUX  187   153.50        1.953046E+15   5.9684E-18   1.5592E-17   0.38279
FLUX  188   154.50        1.940405E+15   4.2051E-18   1.8610E-17   0.22596
FLUX  189   155.50        1.927926E+15   7.3053E-18   2.2292E-17   0.32771
FLUX  190   156.50        1.915607E+15   6.9432E-18   2.6856E-17   0.25853
FLUX  191   157.50        1.903444E+15   1.6303E-17   1.1084E-16   0.14709
FLUX  192   158.50        1.891435E+15   1.7422E-17   1.2613E-16   0.13813
FLUX  193   159.50        1.879577E+15   1.6703E-17   1.4354E-16   0.11636
FLUX  194   160.50        1.867866E+15   1.7920E-17   1.6329E-16   0.10974
FLUX  195   161.50        1.856300E+15   1.8842E-17   1.8535E-16   0.10166
FLUX  196   162.50        1.844877E+15   1.8460E-17   5.0721E-16   0.03639
FLUX  197   163.50        1.833593E+15   2.5396E-17   5.9895E-16   0.04240
FLUX  198   164.50        1.822447E+15   3.5353E-17   7.0708E-16   0.05000
FLUX  199   165.50        1.811435E+15   2.8736E-17   8.3219E-16   0.03453
FLUX  200   166.50        1.800556E+15   4.7605E-17   9.7892E-16   0.04863
FLUX  201   167.20        1.793017E+15   3.8757E-17   1.0943E-15   0.03542
FLUX  202   167.70        1.787671E+15   6.3511E-17   1.9611E-15   0.03239
FLUX  203   168.50        1.779184E+15   8.6069E-17   2.2312E-15   0.03857
FLUX  204   169.50        1.768687E+15   1.2647E-16   2.6096E-15   0.04846
FLUX  205   170.50        1.758314E+15   1.3392E-16   3.0445E-15   0.04399
FLUX  206   171.50        1.748061E+15   1.4456E-16   4.5422E-15   0.03183
FLUX  207   172.50        1.737928E+15   2.0617E-16   5.2120E-15   0.03956
FLUX  208   173.50        1.727911E+15   2.4188E-16   5.9518E-15   0.04064
FLUX  209   174.50        1.718009E+15   3.4946E-16   6.7647E-15   0.05166
FLUX  210   175.50        1.708219E+15   3.5657E-16   7.6524E-15   0.04660
FLUX  211   176.50        1.698541E+15   4.9299E-16   8.6233E-15   0.05717
FLUX  212   177.50        1.688972E+15   4.1774E-16   9.6815E-15   0.04315
FLUX  213   178.50        1.679510E+15   8.7071E-16   1.0832E-14   0.08038
FLUX  214   179.50        1.670153E+15   7.1842E-16   1.2086E-14   0.05945
FLUX  215   180.50        1.660900E+15   1.3726E-15   1.3447E-14   0.10207
FLUX  216   181.50        1.651749E+15   9.1702E-16   1.4927E-14   0.06143
FLUX  217   182.50        1.642699E+15   1.5866E-15   1.6535E-14   0.09595
FLUX  218   183.50        1.633747E+15   1.3612E-15   1.8288E-14   0.07443
FLUX  219   184.50        1.624892E+15   2.0496E-15   2.0191E-14   0.10151
FLUX  220   185.50        1.616132E+15   1.5757E-15   2.2260E-14   0.07079
FLUX  221   186.50        1.607466E+15   2.9429E-15   2.4503E-14   0.12010
FLUX  222   187.50        1.598893E+15   2.6705E-15   2.7172E-14   0.09828
FLUX  223   188.50        1.590411E+15   3.5097E-15   2.9805E-14   0.11776
FLUX  224   189.50        1.582018E+15   4.5021E-15   3.2650E-14   0.13789
FLUX  225   190.50        1.573714E+15   4.7940E-15   3.5718E-14   0.13422
FLUX  226   191.50        1.565496E+15   7.3456E-15   3.9029E-14   0.18821
FLUX  227   192.50        1.557364E+15   6.0275E-15   4.2594E-14   0.14151
FLUX  228   193.50        1.549315E+15   4.7080E-15   4.6448E-14   0.10136
FLUX  229   194.50        1.541350E+15   8.8936E-15   5.0610E-14   0.17573
FLUX  230   195.50        1.533465E+15   1.3261E-14   5.5091E-14   0.24070
FLUX  231   196.70        1.524110E+15   1.4315E-14   6.0908E-14   0.23503
FLUX  232   197.60        1.517169E+15   1.7329E-14   6.5610E-14   0.26412
FLUX  233   198.40        1.511051E+15   2.2836E-14   7.0118E-14   0.32569
FLUX  234   199.50        1.502719E+15   1.9866E-14   7.6637E-14   0.25922
FLUX  235   200.50        1.495224E+15   2.3605E-14   8.3008E-14   0.28437
FLUX  236   201.50        1.487804E+15   2.7281E-14   8.9833E-14   0.30369
FLUX  237   202.50        1.480457E+15   2.5299E-14   9.7189E-14   0.26031
FLUX  238   203.50        1.473182E+15   3.2501E-14   1.0507E-13   0.30933
FLUX  239   204.50        1.465978E+15   3.4524E-14   1.1349E-13   0.30420
FLUX  240   205.50        1.458844E+15   4.2565E-14   1.2248E-13   0.34752
FLUX  241   206.50        1.451780E+15   3.9839E-14   1.3208E-13   0.30162
FLUX  242   207.40        1.445480E+15   3.8486E-14   1.4127E-13   0.27243
FLUX  243   207.80        1.442697E+15   7.2501E-14   1.7374E-11   0.00417
FLUX  244   208.50        1.437854E+15   9.4848E-14   1.8692E-11   0.00507
FLUX  245   209.50        1.430990E+15   1.0528E-13   2.0685E-11   0.00509
FLUX  246   210.50        1.424192E+15   8.9975E-14   2.2822E-11   0.00394
FLUX  247   211.50        1.417459E+15   8.8524E-14   2.5114E-11   0.00352
FLUX  248   212.50        1.410788E+15   1.0494E-13   2.7547E-11   0.00381
FLUX  249   213.50        1.404180E+15   1.4399E-13   3.0127E-11   0.00478
FLUX  250   214.50        1.397634E+15   1.0593E-13   3.2877E-11   0.00322
FLUX  251   215.50        1.391148E+15   1.3597E-13   3.5797E-11   0.00380
FLUX  252   216.50        1.384723E+15   1.3199E-13   3.8890E-11   0.00339
FLUX  253   217.50        1.378356E+15   1.4735E-13   4.2171E-11   0.00349
FLUX  254   218.50        1.372048E+15   1.3095E-13   4.5673E-11   0.00287
FLUX  255   219.50        1.365797E+15   2.5585E-13   4.9395E-11   0.00518
FLUX  256   220.50        1.359603E+15   1.9754E-13   5.3356E-11   0.00370
FLUX  257   221.50        1.353465E+15   2.6150E-13   5.7578E-11   0.00454
FLUX  258   222.50        1.347382E+15   2.1956E-13   6.3204E-11   0.00347
FLUX  259   223.50        1.341353E+15   4.4550E-13   6.8049E-11   0.00655
FLUX  260   224.50        1.335379E+15   4.7257E-13   7.3202E-11   0.00646
FLUX  261   225.50        1.329457E+15   6.5868E-13   8.8683E-11   0.00743
FLUX  262   226.50        1.323587E+15   2.6780E-13   9.4619E-11   0.00283
FLUX  263   227.50        1.317769E+15   6.7130E-13   1.0083E-10   0.00666
FLUX  264   228.50        1.312002E+15   5.9819E-13   1.0732E-10   0.00557
FLUX  265   229.50        1.306285E+15   1.1839E-12   1.1411E-10   0.01038
FLUX  266   230.50        1.300618E+15   3.1961E-13   1.2122E-10   0.00264
FLUX  267   231.50        1.295000E+15   1.5837E-12   1.2866E-10   0.01231
FLUX  268   232.50        1.289430E+15   1.0775E-12   1.3644E-10   0.00790
FLUX  269   233.50        1.283908E+15   1.9805E-12   1.4746E-10   0.01343
FLUX  270   234.50        1.278433E+15   1.1077E-12   1.5593E-10   0.00710
FLUX  271   235.50        1.273004E+15   8.5747E-13   1.6478E-10   0.00520
FLUX  272   236.50        1.267622E+15   1.3255E-12   1.7401E-10   0.00762
FLUX  273   237.50        1.262284E+15   1.2050E-12   1.8366E-10   0.00656
FLUX  274   238.50        1.256992E+15   2.6449E-12   1.9373E-10   0.01365
FLUX  275   239.50        1.251743E+15   2.1773E-12   2.0425E-10   0.01066
FLUX  276   240.50        1.246538E+15   4.6998E-12   2.1524E-10   0.02184
FLUX  277   241.50        1.241377E+15   2.5498E-12   2.2671E-10   0.01125
FLUX  278   242.50        1.236258E+15   3.6708E-12   2.3869E-10   0.01538
FLUX  279   243.50        1.231181E+15   5.5920E-12   2.5119E-10   0.02226
FLUX  280   244.50        1.226145E+15   8.6937E-12   2.6869E-10   0.03236
FLUX  281   245.50        1.221151E+15   1.0503E-11   2.8218E-10   0.03722
FLUX  282   246.50        1.216197E+15   5.6224E-12   2.9622E-10   0.01898
FLUX  283   247.50        1.211283E+15   1.1611E-11   3.1082E-10   0.03736
FLUX  284   248.50        1.206408E+15   2.8991E-12   3.2601E-10   0.00889
FLUX  285   249.50        1.201573E+15   4.0105E-12   3.4181E-10   0.01173
FLUX  286   250.50        1.196776E+15   9.6667E-12   3.6173E-10   0.02672
FLUX  287   251.30        1.192967E+15   6.0994E-12   3.7524E-10   0.01625
FLUX  288   251.80        1.190598E+15   6.2500E-12   4.9056E-08   0.00013
FLUX  289   252.50        1.187297E+15   8.0338E-12   5.0102E-08   0.00016
FLUX  290   253.50        1.182613E+15   2.5172E-11   5.1605E-08   0.00049
FLUX  291   254.50        1.177967E+15   3.1424E-11   5.3127E-08   0.00059
FLUX  292   255.50        1.173356E+15   3.5336E-11   5.4696E-08   0.00065
FLUX  293   256.50        1.168782E+15   1.5837E-11   5.6320E-08   0.00028
FLUX  294   257.50        1.164243E+15   3.2411E-11   5.8006E-08   0.00056
FLUX  295   258.50        1.159739E+15   1.9195E-11   5.9757E-08   0.00032
FLUX  296   259.50        1.155270E+15   2.6995E-11   6.1573E-08   0.00044
FLUX  297   260.50        1.150835E+15   4.0023E-11   6.3470E-08   0.00063
FLUX  298   261.50        1.146434E+15   3.4041E-11   6.5460E-08   0.00052
FLUX  299   262.50        1.142067E+15   6.1360E-11   6.7538E-08   0.00091
FLUX  300   263.50        1.137732E+15   1.0818E-10   7.7794E-08   0.00139
FLUX  301   264.50        1.133431E+15   8.0776E-11   7.9836E-08   0.00101
FLUX  302   265.50        1.129162E+15   1.2738E-10   8.1961E-08   0.00155
FLUX  303   266.50        1.124925E+15   9.8198E-11   8.4161E-08   0.00117
FLUX  304   267.50        1.120720E+15   9.0630E-11   8.6436E-08   0.00105
FLUX  305   268.50        1.116546E+15   1.2427E-10   8.8787E-08   0.00140
FLUX  306   269.50        1.112403E+15   7.5830E-11   9.1212E-08   0.00083
FLUX  307   270.50        1.108290E+15   1.4828E-10   1.0436E-07   0.00142
FLUX  308   271.50        1.104208E+15   1.3809E-10   1.0650E-07   0.00130
FLUX  309   272.50        1.100156E+15   1.0999E-10   1.0868E-07   0.00101
FLUX  310   273.50        1.096133E+15   1.2216E-10   1.1090E-07   0.00110
FLUX  311   274.50        1.092140E+15   1.7964E-10   1.1316E-07   0.00159
FLUX  312   275.50        1.088176E+15   1.7238E-10   1.1547E-07   0.00149
FLUX  313   276.50        1.084241E+15   2.6278E-10   1.1779E-07   0.00223
FLUX  314   277.50        1.080333E+15   3.7570E-10   1.2016E-07   0.00313
FLUX  315   278.50        1.076454E+15   2.2793E-10   1.2259E-07   0.00186
FLUX  316   279.50        1.072603E+15   2.5999E-10   1.2509E-07   0.00208
FLUX  317   280.50        1.068779E+15   2.7136E-10   1.2764E-07   0.00213
FLUX  318   281.50        1.064982E+15   3.6441E-10   1.3027E-07   0.00280
FLUX  319   282.50        1.061212E+15   3.8470E-10   1.3298E-07   0.00289
FLUX  320   283.50        1.057469E+15   3.2338E-10   1.3578E-07   0.00238
FLUX  321   284.50        1.053752E+15   2.1823E-10   1.3864E-07   0.00157
FLUX  322   285.50        1.050061E+15   8.6799E-11   1.4157E-07   0.00061
FLUX  323   286.50        1.046396E+15   3.7016E-10   1.4457E-07   0.00256
FLUX  324   287.50        1.042757E+15   4.3070E-10   1.4764E-07   0.00292
FLUX  325   288.50        1.039142E+15   7.1740E-10   1.5076E-07   0.00476
FLUX  326   289.50        1.035553E+15   9.1655E-10   1.5390E-07   0.00596
FLUX  327   291.00        1.030215E+15   1.7897E-09   1.6637E-07   0.01076
FLUX  328   293.00        1.023183E+15   1.7176E-09   1.7227E-07   0.00997
FLUX  329   295.00        1.016246E+15   1.9334E-09   1.7987E-07   0.01075
FLUX  330   297.00        1.009402E+15   1.7943E-09   1.8594E-07   0.00965
FLUX  331   299.00        1.002651E+15   2.7443E-09   1.9221E-07   0.01428
FLUX  332   301.00        9.959884E+14   3.1837E-09   1.9870E-07   0.01602
FLUX  333   303.00        9.894142E+14   5.3661E-09   2.0536E-07   0.02613
FLUX  334   305.00        9.829262E+14   6.1083E-09   2.1207E-07   0.02880
FLUX  335   307.00        9.765228E+14   6.0828E-09   2.1888E-07   0.02779
FLUX  336   309.00        9.702023E+14   4.4459E-09   2.3233E-07   0.01914
FLUX  337   311.00        9.639630E+14   8.2198E-09   2.3847E-07   0.03447
FLUX  338   313.00        9.578035E+14   6.2781E-09   2.4637E-07   0.02548
FLUX  339   315.00        9.517222E+14   9.7168E-09   2.5220E-07   0.03853
FLUX  340   317.00        9.457177E+14   1.4961E-08   2.5793E-07   0.05801
FLUX  341   319.00        9.397884E+14   1.0283E-08   2.6377E-07   0.03898
FLUX  342   321.00        9.339330E+14   1.2967E-08   2.6973E-07   0.04807
FLUX  343   323.00        9.281502E+14   1.2783E-08   2.7734E-07   0.04609
FLUX  344   325.00        9.224385E+14   2.3077E-08   2.8294E-07   0.08156
FLUX  345   327.00        9.167966E+14   2.7826E-08   2.8856E-07   0.09643
FLUX  346   329.00        9.112234E+14   3.3085E-08   2.9520E-07   0.11208
FLUX  347   331.00        9.057175E+14   2.6357E-08   3.0082E-07   0.08762
FLUX  348   333.00        9.002778E+14   2.9899E-08   3.0637E-07   0.09759
FLUX  349   335.00        8.949030E+14   3.0383E-08   3.1181E-07   0.09744
FLUX  350   337.00        8.895920E+14   1.7088E-08   3.1761E-07   0.05380
FLUX  351   339.00        8.843437E+14   2.2387E-08   3.2401E-07   0.06910
FLUX  352   341.00        8.791569E+14   2.7109E-08   3.2970E-07   0.08222
FLUX  353   343.00        8.740306E+14   3.5235E-08   3.3535E-07   0.10507
FLUX  354   345.00        8.689638E+14   4.2891E-08   3.4156E-07   0.12557
FLUX  355   347.00        8.639553E+14   4.9141E-08   3.4786E-07   0.14127
FLUX  356   349.00        8.590043E+14   6.0354E-08   3.5417E-07   0.17041
FLUX  357   351.00        8.541097E+14   7.2576E-08   3.6051E-07   0.20131
FLUX  358   353.00        8.492705E+14   5.9104E-08   3.6689E-07   0.16109
FLUX  359   355.00        8.444859E+14   6.7987E-08   3.7372E-07   0.18192
FLUX  360   357.00        8.397549E+14   4.8718E-08   3.8131E-07   0.12777
FLUX  361   359.00        8.350766E+14   5.9090E-08   3.8896E-07   0.15192
FLUX  362   361.00        8.304501E+14   8.7202E-08   3.9668E-07   0.21983
FLUX  363   363.00        8.258747E+14   9.4102E-08   4.0447E-07   0.23266
FLUX  364   364.00        8.236058E+14   9.1147E-08   4.0855E-07   0.22310
FLUX  365   365.00        8.213493E+14   8.5457E-08   4.2710E-07   0.20009
FLUX  366   367.00        8.168733E+14   1.0592E-07   4.3625E-07   0.24280
FLUX  367   369.00        8.124458E+14   7.9788E-08   4.4546E-07   0.17911
FLUX  368   371.00        8.080660E+14   7.0274E-08   4.5502E-07   0.15444
FLUX  369   373.00        8.037332E+14   2.7363E-08   4.6431E-07   0.05893
FLUX  370   375.00        7.994467E+14   3.5935E-08   4.7365E-07   0.07587
FLUX  371   377.00        7.952056E+14   8.0308E-08   4.9638E-07   0.16179
FLUX  372   379.00        7.910092E+14   8.7588E-08   5.0696E-07   0.17277
FLUX  373   381.00        7.868570E+14   7.2426E-08   5.1755E-07   0.13994
FLUX  374   383.00        7.827480E+14   2.8383E-08   5.2815E-07   0.05374
FLUX  375   385.00        7.786818E+14   4.8438E-08   5.3877E-07   0.08990
FLUX  376   387.00        7.746576E+14   4.5636E-08   5.4941E-07   0.08306
FLUX  377   389.00        7.706748E+14   6.9035E-08   5.6073E-07   0.12312
FLUX  378   391.00        7.667327E+14   1.0763E-07   5.7221E-07   0.18809
FLUX  379   393.00        7.628308E+14   3.5604E-08   5.8365E-07   0.06100
FLUX  380   395.00        7.589684E+14   8.8466E-08   5.9506E-07   0.14867
FLUX  381   397.00        7.551448E+14   5.3714E-08   6.0642E-07   0.08858
FLUX  382   399.00        7.513596E+14   1.9068E-07   6.1775E-07   0.30866
FLUX  383   401.00        7.476122E+14   2.3190E-07   6.2955E-07   0.36836
FLUX  384   403.00        7.439020E+14   2.0982E-07   6.4168E-07   0.32698
FLUX  385   405.00        7.402284E+14   2.0356E-07   6.5369E-07   0.31140
FLUX  386   407.00        7.365909E+14   1.8043E-07   6.6558E-07   0.27108
FLUX  387   409.00        7.329890E+14   2.8120E-07   6.7737E-07   0.41513
FLUX  388   411.00        7.294221E+14   2.1978E-07   6.8907E-07   0.31896
FLUX  389   413.00        7.258898E+14   2.1782E-07   7.0068E-07   0.31087
FLUX  390   415.00        7.223916E+14   2.0479E-07   7.1270E-07   0.28734
FLUX  391   417.00        7.189269E+14   2.0845E-07   7.2482E-07   0.28759
FLUX  392   419.00        7.154952E+14   2.2335E-07   7.3660E-07   0.30322
FLUX  393   421.00        7.120962E+14   2.2000E-07   7.4824E-07   0.29403
FLUX  394   423.00        7.087293E+14   1.7846E-07   7.5976E-07   0.23490
FLUX  395   425.00        7.053941E+14   2.4677E-07   7.7117E-07   0.31999
FLUX  396   427.00        7.020902E+14   2.2984E-07   7.8248E-07   0.29374
FLUX  397   429.00        6.988170E+14   2.2705E-07   7.9378E-07   0.28604
FLUX  398   431.00        6.955742E+14   2.1867E-07   8.0502E-07   0.27164
FLUX  399   433.00        6.923614E+14   3.4941E-07   8.1618E-07   0.42810
FLUX  400   435.00        6.891782E+14   3.7843E-07   8.2746E-07   0.45735
FLUX  401   437.00        6.860240E+14   4.0801E-07   8.3848E-07   0.48661
FLUX  402   439.00        6.828986E+14   3.3769E-07   8.4945E-07   0.39754
FLUX  403   441.00        6.798016E+14   3.5727E-07   8.6038E-07   0.41524
FLUX  404   443.00        6.767325E+14   4.0389E-07   8.7128E-07   0.46356
FLUX  405   445.00        6.736910E+14   4.3043E-07   8.8219E-07   0.48791
FLUX  406   447.00        6.706767E+14   4.7995E-07   8.9307E-07   0.53741
FLUX  407   449.00        6.676893E+14   5.1015E-07   9.0392E-07   0.56438
FLUX  408   451.00        6.647284E+14   6.3281E-07   9.1475E-07   0.69178
FLUX  409   453.00        6.617936E+14   5.1467E-07   9.2559E-07   0.55605
FLUX  410   455.00        6.588846E+14   5.6856E-07   9.3642E-07   0.60716
FLUX  411   457.00        6.560011E+14   6.3670E-07   9.4725E-07   0.67216
FLUX  412   459.00        6.531427E+14   6.1416E-07   9.5807E-07   0.64104
FLUX  413   461.00        6.503091E+14   6.4098E-07   9.6890E-07   0.66155
FLUX  414   463.00        6.475000E+14   6.2749E-07   9.7973E-07   0.64047
FLUX  415   465.00        6.447151E+14   6.3895E-07   9.9055E-07   0.64504
FLUX  416   467.00        6.419540E+14   7.0266E-07   1.0014E-06   0.70170
FLUX  417   469.00        6.392164E+14   6.8048E-07   1.0122E-06   0.67229
FLUX  418   471.00        6.365021E+14   6.6585E-07   1.0230E-06   0.65087
FLUX  419   473.00        6.338108E+14   6.7995E-07   1.0338E-06   0.65770
FLUX  420   475.00        6.311421E+14   6.9403E-07   1.0447E-06   0.66435
FLUX  421   477.00        6.284958E+14   6.6977E-07   1.0556E-06   0.63451
FLUX  422   479.00        6.258716E+14   6.9293E-07   1.0664E-06   0.64980
FLUX  423   481.00        6.232692E+14   7.4919E-07   1.0772E-06   0.69550
FLUX  424   483.00        6.206884E+14   7.8461E-07   1.0880E-06   0.72113
FLUX  425   485.00        6.181289E+14   7.7648E-07   1.0988E-06   0.70664
FLUX  426   487.00        6.155903E+14   7.2197E-07   1.1097E-06   0.65062
FLUX  427   489.00        6.130726E+14   7.8570E-07   1.1205E-06   0.70120
FLUX  428   491.00        6.105754E+14   7.8917E-07   1.1313E-06   0.69755
FLUX  429   493.00        6.080984E+14   7.5237E-07   1.1422E-06   0.65870
FLUX  430   495.00        6.056414E+14   7.9970E-07   1.1531E-06   0.69355
FLUX  431   497.00        6.032042E+14   7.7430E-07   1.1639E-06   0.66525
FLUX  432   499.00        6.007866E+14   7.0584E-07   1.1748E-06   0.60082
FLUX  433   501.00        5.983882E+14   6.3879E-07   1.1857E-06   0.53875
FLUX  434   503.00        5.960089E+14   6.9475E-07   1.1966E-06   0.58062
FLUX  435   505.00        5.936485E+14   6.6727E-07   1.2075E-06   0.55263
FLUX  436   507.00        5.913067E+14   6.8037E-07   1.2184E-06   0.55844
FLUX  437   509.00        5.889833E+14   6.3080E-07   1.2293E-06   0.51316
FLUX  438   511.00        5.866781E+14   6.5320E-07   1.2402E-06   0.52670
FLUX  439   513.00        5.843908E+14   6.1953E-07   1.2511E-06   0.49520
FLUX  440   515.00        5.821214E+14   5.8838E-07   1.2620E-06   0.46623
FLUX  441   517.00        5.798694E+14   5.4729E-07   1.2729E-06   0.42995
FLUX  442   519.00        5.776349E+14   6.1217E-07   1.2838E-06   0.47684
FLUX  443   521.00        5.754175E+14   7.0756E-07   1.2947E-06   0.54650
FLUX  444   523.00        5.732170E+14   9.0168E-07   1.3056E-06   0.69061
FLUX  445   525.00        5.710333E+14   9.8091E-07   1.3165E-06   0.74507
FLUX  446   527.00        5.688662E+14   8.1824E-07   1.3274E-06   0.61641
FLUX  447   529.00        5.667155E+14   1.0256E-06   1.3383E-06   0.76634
FLUX  448   531.00        5.645810E+14   1.1444E-06   1.3492E-06   0.84816
FLUX  449   533.00        5.624625E+14   9.5014E-07   1.3601E-06   0.69856
FLUX  450   535.00        5.603598E+14   1.0968E-06   1.3710E-06   0.80000
FLUX  451   537.00        5.582728E+14   1.0857E-06   1.3819E-06   0.78566
FLUX  452   539.00        5.562013E+14   1.0488E-06   1.3935E-06   0.75263
FLUX  453   541.00        5.541451E+14   1.0553E-06   1.4044E-06   0.75142
FLUX  454   543.00        5.521041E+14   1.0624E-06   1.4153E-06   0.75067
FLUX  455   545.00        5.500780E+14   1.1230E-06   1.4262E-06   0.78738
FLUX  456   547.00        5.480667E+14   1.1327E-06   1.4371E-06   0.78823
FLUX  457   549.00        5.460701E+14   1.1604E-06   1.4479E-06   0.80143
FLUX  458   551.00        5.440880E+14   1.1390E-06   1.4588E-06   0.78080
FLUX  459   553.00        5.421203E+14   1.2224E-06   1.4697E-06   0.83178
FLUX  460   555.00        5.401667E+14   1.2522E-06   1.4806E-06   0.84575
FLUX  461   557.00        5.382271E+14   1.2307E-06   1.4914E-06   0.82521
FLUX  462   559.00        5.363014E+14   1.1919E-06   1.5023E-06   0.79340
FLUX  463   561.00        5.343895E+14   1.2887E-06   1.5131E-06   0.85172
FLUX  464   563.00        5.324911E+14   1.2908E-06   1.5247E-06   0.84658
FLUX  465   565.00        5.306062E+14   1.3296E-06   1.5356E-06   0.86583
FLUX  466   567.00        5.287346E+14   1.2965E-06   1.5464E-06   0.83841
FLUX  467   569.00        5.268761E+14   1.3555E-06   1.5572E-06   0.87047
FLUX  468   571.00        5.250306E+14   1.2864E-06   1.5680E-06   0.82042
FLUX  469   573.00        5.231981E+14   1.4417E-06   1.5787E-06   0.91321
FLUX  470   575.00        5.213783E+14   1.4028E-06   1.5895E-06   0.88255
FLUX  471   577.00        5.195711E+14   1.4394E-06   1.6002E-06   0.89950
FLUX  472   579.00        5.177763E+14   1.3566E-06   1.6109E-06   0.84217
FLUX  473   581.00        5.159940E+14   1.4643E-06   1.6216E-06   0.90303
FLUX  474   583.00        5.142238E+14   1.5388E-06   1.6323E-06   0.94277
FLUX  475   585.00        5.124658E+14   1.4859E-06   1.6429E-06   0.90443
FLUX  476   587.00        5.107198E+14   1.5131E-06   1.6536E-06   0.91505
FLUX  477   589.00        5.089856E+14   1.3209E-06   1.6642E-06   0.79373
FLUX  478   591.00        5.072631E+14   1.5183E-06   1.6748E-06   0.90653
FLUX  479   593.00        5.055523E+14   1.5351E-06   1.6854E-06   0.91084
FLUX  480   595.00        5.038529E+14   1.5400E-06   1.6960E-06   0.90801
FLUX  481   597.00        5.021650E+14   1.5971E-06   1.7066E-06   0.93583
FLUX  482   599.00        5.004883E+14   1.5673E-06   1.7171E-06   0.91279
FLUX  483   601.00        4.988228E+14   1.5524E-06   1.7276E-06   0.89855
FLUX  484   603.00        4.971683E+14   1.6218E-06   1.7382E-06   0.93306
FLUX  485   605.00        4.955248E+14   1.6607E-06   1.7487E-06   0.94969
FLUX  486   607.00        4.938921E+14   1.6553E-06   1.7592E-06   0.94098
FLUX  487   609.00        4.922701E+14   1.5928E-06   1.7696E-06   0.90008
FLUX  488   611.00        4.906588E+14   1.6227E-06   1.7801E-06   0.91160
FLUX  489   613.00        4.890579E+14   1.5136E-06   1.7905E-06   0.84533
FLUX  490   615.00        4.874675E+14   1.6077E-06   1.8009E-06   0.89268
FLUX  491   617.00        4.858874E+14   1.5090E-06   1.8113E-06   0.83310
FLUX  492   619.00        4.843174E+14   1.6702E-06   1.8217E-06   0.91681
FLUX  493   621.00        4.827576E+14   1.6544E-06   1.8321E-06   0.90301
FLUX  494   623.00        4.812079E+14   1.6168E-06   1.8424E-06   0.87752
FLUX  495   625.00        4.796680E+14   1.5618E-06   1.8528E-06   0.84295
FLUX  496   627.00        4.781380E+14   1.6437E-06   1.8644E-06   0.88163
FLUX  497   629.00        4.766176E+14   1.7048E-06   1.8747E-06   0.90939
FLUX  498   631.00        4.751070E+14   1.6616E-06   1.8849E-06   0.88153
FLUX  499   633.00        4.736058E+14   1.7086E-06   1.8952E-06   0.90156
FLUX  500   635.00        4.721142E+14   1.7291E-06   1.9055E-06   0.90745
FLUX  501   637.00        4.706319E+14   1.7301E-06   1.9157E-06   0.90312
FLUX  502   639.00        4.691588E+14   1.7897E-06   1.9258E-06   0.92933
FLUX  503   641.00        4.676950E+14   1.7580E-06   1.9360E-06   0.90808
FLUX  504   643.00        4.662403E+14   1.7832E-06   1.9461E-06   0.91632
FLUX  505   645.00        4.647946E+14   1.7772E-06   1.9561E-06   0.90854
FLUX  506   647.00        4.633578E+14   1.7772E-06   1.9662E-06   0.90389
FLUX  507   649.00        4.619299E+14   1.7486E-06   1.9762E-06   0.88483
FLUX  508   651.00        4.605108E+14   1.8407E-06   1.9864E-06   0.92662
FLUX  509   653.00        4.591003E+14   1.8664E-06   1.9964E-06   0.93487
FLUX  510   655.00        4.576985E+14   1.8468E-06   2.0096E-06   0.91898
FLUX  511   657.00        4.563052E+14   1.8398E-06   2.0195E-06   0.91104
FLUX  512   659.00        4.549203E+14   1.8846E-06   2.0294E-06   0.92865
FLUX  513   661.00        4.535439E+14   1.9089E-06   2.0393E-06   0.93605
FLUX  514   663.00        4.521757E+14   1.9124E-06   2.0491E-06   0.93326
FLUX  515   665.00        4.508158E+14   1.9283E-06   2.0589E-06   0.93654
FLUX  516   667.00        4.494640E+14   1.8985E-06   2.0687E-06   0.91769
FLUX  517   669.00        4.481203E+14   1.9589E-06   2.0785E-06   0.94248
FLUX  518   671.00        4.467846E+14   1.8770E-06   2.0882E-06   0.89884
FLUX  519   673.00        4.454569E+14   1.9743E-06   2.0979E-06   0.94107
FLUX  520   675.00        4.441370E+14   1.9395E-06   2.1076E-06   0.92024
FLUX  521   677.00        4.428250E+14   1.9710E-06   2.1173E-06   0.93090
FLUX  522   679.00        4.415206E+14   1.9503E-06   2.1269E-06   0.91697
FLUX  523   681.00        4.402239E+14   1.9788E-06   2.1365E-06   0.92621
FLUX  524   683.00        4.389348E+14   2.0220E-06   2.1461E-06   0.94219
FLUX  525   685.00        4.376533E+14   1.9662E-06   2.1556E-06   0.91212
FLUX  526   687.00        4.363792E+14   2.0094E-06   2.1651E-06   0.92808
FLUX  527   689.00        4.351125E+14   2.0491E-06   2.1746E-06   0.94230
FLUX  528   691.00        4.338531E+14   2.0500E-06   2.1841E-06   0.93861
FLUX  529   693.00        4.326010E+14   2.0431E-06   2.1935E-06   0.93143
FLUX  530   695.00        4.313561E+14   2.0502E-06   2.2029E-06   0.93069
FLUX  531   697.00        4.301184E+14   2.0873E-06   2.2122E-06   0.94353
FLUX  532   699.00        4.288877E+14   2.0618E-06   2.2216E-06   0.92809
FLUX  533   701.00        4.276641E+14   2.0402E-06   2.2309E-06   0.91454
FLUX  534   703.00        4.264474E+14   2.0958E-06   2.2402E-06   0.93554
FLUX  535   705.00        4.252376E+14   2.1291E-06   2.2494E-06   0.94650
FLUX  536   707.00        4.240347E+14   2.0868E-06   2.2586E-06   0.92393
FLUX  537   709.00        4.228385E+14   2.0675E-06   2.2678E-06   0.91169
FLUX  538   711.00        4.216491E+14   2.0490E-06   2.2770E-06   0.89987
FLUX  539   713.00        4.204663E+14   2.0173E-06   2.2861E-06   0.88242
FLUX  540   715.00        4.192902E+14   2.0113E-06   2.2952E-06   0.87631
FLUX  541   717.00        4.181206E+14   2.0723E-06   2.3042E-06   0.89933
FLUX  542   719.00        4.169576E+14   2.0168E-06   2.3132E-06   0.87184
FLUX  543   721.00        4.158010E+14   2.0709E-06   2.3222E-06   0.89176
FLUX  544   723.00        4.146508E+14   2.1467E-06   2.3312E-06   0.92087
FLUX  545   725.00        4.135069E+14   2.1464E-06   2.3420E-06   0.91649
FLUX  546   727.00        4.123693E+14   2.1716E-06   2.3509E-06   0.92374
FLUX  547   729.00        4.112380E+14   2.1510E-06   2.3598E-06   0.91155
FLUX  548   731.00        4.101129E+14   2.1866E-06   2.3727E-06   0.92157
FLUX  549   733.00        4.089939E+14   2.1912E-06   2.3815E-06   0.92008
FLUX  550   735.00        4.078810E+14   2.1981E-06   2.3903E-06   0.91959
FLUX  551   737.00        4.067741E+14   2.2618E-06   2.3990E-06   0.94281
FLUX  552   739.00        4.056732E+14   2.2269E-06   2.4078E-06   0.92489
FLUX  553   741.00        4.045783E+14   2.2124E-06   2.4164E-06   0.91557
FLUX  554   743.00        4.034892E+14   2.2684E-06   2.4251E-06   0.93541
FLUX  555   745.00        4.024060E+14   2.2777E-06   2.4337E-06   0.93592
FLUX  556   747.00        4.013286E+14   2.3032E-06   2.4423E-06   0.94305
FLUX  557   749.00        4.002570E+14   2.3015E-06   2.4508E-06   0.93907
FLUX  558   751.00        3.991911E+14   2.3433E-06   2.4593E-06   0.95281
FLUX  559   753.00        3.981308E+14   2.3704E-06   2.4678E-06   0.96051
FLUX  560   755.00        3.970762E+14   2.3948E-06   2.4763E-06   0.96708
FLUX  561   757.00        3.960271E+14   2.3885E-06   2.4847E-06   0.96128
FLUX  562   759.00        3.949835E+14   2.3773E-06   2.4931E-06   0.95355
FLUX  563   761.00        3.939455E+14   2.3873E-06   2.5015E-06   0.95434
FLUX  564   763.00        3.929128E+14   2.4088E-06   2.5099E-06   0.95975
FLUX  565   765.00        3.918856E+14   2.4227E-06   2.5182E-06   0.96207
FLUX  566   767.00        3.908638E+14   2.3266E-06   2.5264E-06   0.92090
FLUX  567   769.00        3.898472E+14   2.4310E-06   2.5347E-06   0.95909
FLUX  568   771.00        3.888359E+14   2.3816E-06   2.5429E-06   0.93655
FLUX  569   773.00        3.878299E+14   2.4107E-06   2.5511E-06   0.94497
FLUX  570   775.00        3.868290E+14   2.3974E-06   2.5593E-06   0.93676
FLUX  571   777.00        3.858333E+14   2.4695E-06   2.5674E-06   0.96186
FLUX  572   779.00        3.848427E+14   2.4749E-06   2.5755E-06   0.96094
FLUX  573   781.00        3.838572E+14   2.4799E-06   2.5836E-06   0.95989
FLUX  574   783.00        3.828768E+14   2.4606E-06   2.5916E-06   0.94947
FLUX  575   785.00        3.819013E+14   2.4553E-06   2.5996E-06   0.94448
FLUX  576   787.00        3.809307E+14   2.5159E-06   2.6076E-06   0.96483
FLUX  577   789.00        3.799651E+14   2.4840E-06   2.6155E-06   0.94974
FLUX  578   791.00        3.790044E+14   2.4423E-06   2.6234E-06   0.93096
FLUX  579   793.00        3.780485E+14   2.4509E-06   2.6313E-06   0.93144
FLUX  580   795.00        3.770975E+14   2.4133E-06   2.6391E-06   0.91443
FLUX  581   797.00        3.761512E+14   2.5218E-06   2.6469E-06   0.95270
FLUX  582   799.00        3.752096E+14   2.5231E-06   2.6547E-06   0.95043
FLUX  583   801.00        3.742728E+14   2.5268E-06   2.6625E-06   0.94906
FLUX  584   803.00        3.733406E+14   2.5323E-06   2.6702E-06   0.94838
FLUX  585   805.00        3.724130E+14   2.5362E-06   2.6778E-06   0.94712
FLUX  586   807.00        3.714901E+14   2.5324E-06   2.6855E-06   0.94299
FLUX  587   809.00        3.705717E+14   2.5057E-06   2.6931E-06   0.93042
FLUX  588   811.00        3.696578E+14   2.5330E-06   2.7007E-06   0.93791
FLUX  589   813.00        3.687485E+14   2.5815E-06   2.7082E-06   0.95321
FLUX  590   815.00        3.678436E+14   2.5877E-06   2.7157E-06   0.95286
FLUX  591   817.00        3.669431E+14   2.6015E-06   2.7232E-06   0.95532
FLUX  592   819.00        3.660470E+14   2.5178E-06   2.7306E-06   0.92205
FLUX  593   821.00        3.651553E+14   2.5526E-06   2.7383E-06   0.93221
FLUX  594   823.00        3.642679E+14   2.6015E-06   2.7456E-06   0.94750
FLUX  595   825.00        3.633848E+14   2.6119E-06   2.7530E-06   0.94873
FLUX  596   827.00        3.625060E+14   2.6725E-06   2.7603E-06   0.96820
FLUX  597   829.00        3.616315E+14   2.6641E-06   2.7676E-06   0.96258
FLUX  598   831.00        3.607611E+14   2.5894E-06   2.7749E-06   0.93317
FLUX  599   833.00        3.598950E+14   2.5932E-06   2.7821E-06   0.93211
FLUX  600   835.00        3.590329E+14   2.6097E-06   2.7893E-06   0.93558
FLUX  601   837.00        3.581750E+14   2.6421E-06   2.7965E-06   0.94478
FLUX  602   839.00        3.573212E+14   2.5234E-06   2.8037E-06   0.90005
FLUX  603   841.00        3.564715E+14   2.6714E-06   2.8108E-06   0.95042
FLUX  604   843.00        3.556257E+14   2.5747E-06   2.8179E-06   0.91372
FLUX  605   845.00        3.547840E+14   2.6427E-06   2.8249E-06   0.93549
FLUX  606   847.00        3.539463E+14   2.6541E-06   2.8319E-06   0.93719
FLUX  607   849.00        3.531125E+14   2.6917E-06   2.8389E-06   0.94814
FLUX  608   851.00        3.522826E+14   2.5840E-06   2.8459E-06   0.90796
FLUX  609   853.00        3.514566E+14   2.7154E-06   2.8528E-06   0.95182
FLUX  610   855.00        3.506345E+14   2.5638E-06   2.8597E-06   0.89652
FLUX  611   857.00        3.498162E+14   2.7608E-06   2.8666E-06   0.96307
FLUX  612   859.00        3.490017E+14   2.7297E-06   2.8735E-06   0.94996
FLUX  613   861.00        3.481911E+14   2.7382E-06   2.8803E-06   0.95067
FLUX  614   863.00        3.473841E+14   2.7733E-06   2.8871E-06   0.96060
FLUX  615   865.00        3.465809E+14   2.8166E-06   2.8938E-06   0.97330
FLUX  616   867.00        3.457814E+14   2.5996E-06   2.9006E-06   0.89624
FLUX  617   869.00        3.449856E+14   2.6833E-06   2.9073E-06   0.92296
FLUX  618   871.00        3.441935E+14   2.7888E-06   2.9140E-06   0.95706
FLUX  619   873.00        3.434049E+14   2.8077E-06   2.9206E-06   0.96135
FLUX  620   875.00        3.426200E+14   2.8144E-06   2.9272E-06   0.96147
FLUX  621   877.00        3.418387E+14   2.8335E-06   2.9338E-06   0.96579
FLUX  622   879.00        3.410609E+14   2.8398E-06   2.9404E-06   0.96580
FLUX  623   881.00        3.402866E+14   2.7593E-06   2.9469E-06   0.93632
FLUX  624   883.00        3.395159E+14   2.8196E-06   2.9534E-06   0.95470
FLUX  625   885.00        3.387486E+14   2.8745E-06   2.9599E-06   0.97114
FLUX  626   887.00        3.379848E+14   2.8438E-06   2.9664E-06   0.95869
FLUX  627   889.00        3.372244E+14   2.9066E-06   2.9728E-06   0.97773
FLUX  628   891.00        3.364675E+14   2.9381E-06   2.9792E-06   0.98619
FLUX  629   893.00        3.357139E+14   2.8700E-06   2.9856E-06   0.96129
FLUX  630   895.00        3.349637E+14   2.8719E-06   2.9919E-06   0.95987
FLUX  631   897.00        3.342168E+14   2.8988E-06   2.9982E-06   0.96684
FLUX  632   899.00        3.334733E+14   2.9221E-06   3.0045E-06   0.97255
FLUX  633   901.00        3.327331E+14   2.8165E-06   3.0108E-06   0.93547
FLUX  634   903.00        3.319961E+14   2.9100E-06   3.0170E-06   0.96453
FLUX  635   905.00        3.312624E+14   2.9924E-06   3.0232E-06   0.98983
FLUX  636   907.00        3.305320E+14   2.9889E-06   3.0294E-06   0.98664
FLUX  637   909.00        3.298047E+14   2.8879E-06   3.0355E-06   0.95139
FLUX  638   911.00        3.290807E+14   2.9213E-06   3.0416E-06   0.96044
FLUX  639   913.00        3.283598E+14   2.9926E-06   3.0477E-06   0.98192
FLUX  640   915.00        3.276421E+14   2.9820E-06   3.0537E-06   0.97651
FLUX  641   917.00        3.269275E+14   2.9916E-06   3.0597E-06   0.97774
FLUX  642   919.00        3.262160E+14   3.0469E-06   3.0657E-06   0.99387
FLUX  643   921.00        3.255076E+14   2.9843E-06   3.0717E-06   0.97155
FLUX  644   923.00        3.248023E+14   3.0319E-06   3.0776E-06   0.98513
FLUX  645   925.00        3.241000E+14   2.9917E-06   3.0836E-06   0.97021
FLUX  646   927.00        3.234008E+14   3.0077E-06   3.0895E-06   0.97352
FLUX  647   929.00        3.227045E+14   3.0030E-06   3.0954E-06   0.97015
FLUX  648   931.00        3.220113E+14   3.0601E-06   3.1013E-06   0.98674
FLUX  649   933.00        3.213210E+14   3.0543E-06   3.1071E-06   0.98300
FLUX  650   935.00        3.206337E+14   3.0539E-06   3.1129E-06   0.98105
FLUX  651   937.00        3.199493E+14   3.0033E-06   3.1187E-06   0.96300
FLUX  652   939.00        3.192678E+14   3.0698E-06   3.1245E-06   0.98250
FLUX  653   941.00        3.185893E+14   2.9994E-06   3.1303E-06   0.95818
FLUX  654   943.00        3.179136E+14   3.0926E-06   3.1360E-06   0.98617
FLUX  655   945.00        3.172407E+14   3.0152E-06   3.1417E-06   0.95972
FLUX  656   947.00        3.165707E+14   3.1029E-06   3.1474E-06   0.98585
FLUX  657   949.00        3.159036E+14   3.1223E-06   3.1531E-06   0.99024
FLUX  658   951.00        3.152392E+14   3.1090E-06   3.1587E-06   0.98426
FLUX  659   953.00        3.145776E+14   3.1167E-06   3.1643E-06   0.98494
FLUX  660   955.00        3.139188E+14   3.0621E-06   3.1699E-06   0.96598
FLUX  661   957.00        3.132628E+14   3.0726E-06   3.1755E-06   0.96760
FLUX  662   959.00        3.126095E+14   3.1579E-06   3.1810E-06   0.99275
FLUX  663   961.00        3.119589E+14   3.1097E-06   3.1865E-06   0.97588
FLUX  664   963.00        3.113110E+14   3.1357E-06   3.1920E-06   0.98236
FLUX  665   965.00        3.106658E+14   3.0533E-06   3.1975E-06   0.95490
FLUX  666   967.00        3.100233E+14   3.0652E-06   3.2029E-06   0.95701
FLUX  667   969.00        3.093834E+14   3.1470E-06   3.2084E-06   0.98086
FLUX  668   971.00        3.087461E+14   3.1215E-06   3.2138E-06   0.97130
FLUX  669   973.00        3.081115E+14   3.0976E-06   3.2192E-06   0.96223
FLUX  670   975.00        3.074795E+14   3.1096E-06   3.2245E-06   0.96437
FLUX  671   977.00        3.068501E+14   3.1361E-06   3.2299E-06   0.97098
FLUX  672   979.00        3.062232E+14   3.0729E-06   3.2352E-06   0.94985
FLUX  673   981.00        3.055989E+14   3.2014E-06   3.2405E-06   0.98794
FLUX  674   983.00        3.049771E+14   3.1696E-06   3.2457E-06   0.97655
FLUX  675   985.00        3.043579E+14   3.2249E-06   3.2510E-06   0.99198
FLUX  676   987.00        3.037411E+14   3.2060E-06   3.2562E-06   0.98458
FLUX  677   989.00        3.031269E+14   3.2176E-06   3.2615E-06   0.98655
FLUX  678   991.00        3.025151E+14   3.2204E-06   3.2667E-06   0.98583
FLUX  679   993.00        3.019058E+14   3.2323E-06   3.2719E-06   0.98791
FLUX  680   995.00        3.012990E+14   3.2413E-06   3.2770E-06   0.98909
FLUX  681   997.00        3.006946E+14   3.2579E-06   3.2822E-06   0.99260
FLUX  682   999.00        3.000926E+14   3.2568E-06   3.2873E-06   0.99073
FLUX  683  1002.50        2.990449E+14   3.2488E-06   3.2963E-06   0.98560
FLUX  684  1007.50        2.975608E+14   3.2431E-06   3.3090E-06   0.98010
FLUX  685  1012.50        2.960914E+14   3.2823E-06   3.3216E-06   0.98817
FLUX  686  1017.50        2.946364E+14   3.2726E-06   3.3341E-06   0.98155
FLUX  687  1022.50        2.931956E+14   3.3018E-06   3.3466E-06   0.98660
FLUX  688  1027.50        2.917689E+14   3.3337E-06   3.3591E-06   0.99246
FLUX  689  1032.50        2.903559E+14   3.3045E-06   3.3714E-06   0.98014
FLUX  690  1037.50        2.889566E+14   3.3113E-06   3.3837E-06   0.97862
FLUX  691  1042.50        2.875707E+14   3.3595E-06   3.3959E-06   0.98929
FLUX  692  1047.50        2.861981E+14   3.3559E-06   3.4080E-06   0.98474
FLUX  693  1052.50        2.848385E+14   3.3910E-06   3.4199E-06   0.99154
FLUX  694  1057.50        2.834917E+14   3.3756E-06   3.4318E-06   0.98363
FLUX  695  1062.50        2.821576E+14   3.3982E-06   3.4436E-06   0.98682
FLUX  696  1067.50        2.808361E+14   3.3707E-06   3.4553E-06   0.97551
FLUX  697  1072.50        2.795268E+14   3.3983E-06   3.4670E-06   0.98020
FLUX  698  1077.50        2.782297E+14   3.3984E-06   3.4787E-06   0.97693
FLUX  699  1082.50        2.769446E+14   3.3703E-06   3.4904E-06   0.96559
FLUX  700  1087.50        2.756713E+14   3.4122E-06   3.5021E-06   0.97433
FLUX  701  1092.50        2.744096E+14   3.4720E-06   3.5137E-06   0.98811
FLUX  702  1097.50        2.731595E+14   3.4494E-06   3.5253E-06   0.97847
FLUX  703  1102.50        2.719206E+14   3.4902E-06   3.5369E-06   0.98678
FLUX  704  1107.50        2.706930E+14   3.5180E-06   3.5484E-06   0.99142
FLUX  705  1112.50        2.694764E+14   3.5249E-06   3.5599E-06   0.99016
FLUX  706  1117.50        2.682707E+14   3.5131E-06   3.5714E-06   0.98367
FLUX  707  1122.50        2.670757E+14   3.5471E-06   3.5830E-06   0.98999
FLUX  708  1127.50        2.658914E+14   3.5159E-06   3.5946E-06   0.97810
FLUX  709  1132.50        2.647174E+14   3.5415E-06   3.6063E-06   0.98205
FLUX  710  1137.50        2.635538E+14   3.5351E-06   3.6178E-06   0.97714
FLUX  711  1142.50        2.624004E+14   3.5254E-06   3.6293E-06   0.97138
FLUX  712  1147.50        2.612571E+14   3.6019E-06   3.6405E-06   0.98940
FLUX  713  1152.50        2.601236E+14   3.6284E-06   3.6517E-06   0.99364
FLUX  714  1157.50        2.590000E+14   3.6085E-06   3.6629E-06   0.98514
FLUX  715  1162.50        2.578860E+14   3.5832E-06   3.6742E-06   0.97523
FLUX  716  1167.50        2.567816E+14   3.6195E-06   3.6855E-06   0.98208
FLUX  717  1172.50        2.556866E+14   3.6780E-06   3.6969E-06   0.99489
FLUX  718  1177.50        2.546008E+14   3.6380E-06   3.7084E-06   0.98102
FLUX  719  1182.50        2.535243E+14   3.6403E-06   3.7199E-06   0.97860
FLUX  720  1187.50        2.524568E+14   3.6229E-06   3.7315E-06   0.97088
FLUX  721  1192.50        2.513983E+14   3.7233E-06   3.7432E-06   0.99469
FLUX  722  1197.50        2.503486E+14   3.6041E-06   3.7549E-06   0.95985
FLUX  723  1202.50        2.493077E+14   3.7197E-06   3.7666E-06   0.98756
FLUX  724  1207.50        2.482754E+14   3.7034E-06   3.7784E-06   0.98016
FLUX  725  1212.50        2.472515E+14   3.7481E-06   3.7902E-06   0.98889
FLUX  726  1217.50        2.462361E+14   3.7873E-06   3.8020E-06   0.99612
FLUX  727  1222.50        2.452290E+14   3.7914E-06   3.8140E-06   0.99407
FLUX  728  1227.50        2.442301E+14   3.7949E-06   3.8260E-06   0.99186
FLUX  729  1232.50        2.432394E+14   3.8014E-06   3.8382E-06   0.99040
FLUX  730  1237.50        2.422566E+14   3.8252E-06   3.8505E-06   0.99344
FLUX  731  1242.50        2.412817E+14   3.8174E-06   3.8629E-06   0.98821
FLUX  732  1247.50        2.403146E+14   3.8534E-06   3.8755E-06   0.99430
FLUX  733  1252.50        2.393553E+14   3.8365E-06   3.8882E-06   0.98670
FLUX  734  1257.50        2.384036E+14   3.8707E-06   3.9010E-06   0.99222
FLUX  735  1262.50        2.374594E+14   3.8787E-06   3.9140E-06   0.99098
FLUX  736  1267.50        2.365227E+14   3.8679E-06   3.9271E-06   0.98493
FLUX  737  1272.50        2.355933E+14   3.9056E-06   3.9403E-06   0.99118
FLUX  738  1277.50        2.346712E+14   3.9448E-06   3.9538E-06   0.99772
FLUX  739  1282.50        2.337563E+14   3.8387E-06   3.9675E-06   0.96753
FLUX  740  1287.50        2.328485E+14   3.9177E-06   3.9813E-06   0.98402
FLUX  741  1292.50        2.319478E+14   3.8928E-06   3.9952E-06   0.97435
FLUX  742  1297.50        2.310539E+14   3.9812E-06   4.0094E-06   0.99298
FLUX  743  1302.50        2.301670E+14   3.9549E-06   4.0237E-06   0.98291
FLUX  744  1307.50        2.292868E+14   4.0119E-06   4.0382E-06   0.99349
FLUX  745  1312.50        2.284133E+14   3.9436E-06   4.0530E-06   0.97303
FLUX  746  1317.50        2.275465E+14   3.9781E-06   4.0679E-06   0.97793
FLUX  747  1322.50        2.266862E+14   4.0299E-06   4.0831E-06   0.98698
FLUX  748  1327.50        2.258324E+14   3.9898E-06   4.0985E-06   0.97348
FLUX  749  1332.50        2.249850E+14   4.0511E-06   4.1140E-06   0.98469
FLUX  750  1337.50        2.241439E+14   4.0534E-06   4.1299E-06   0.98149
FLUX  751  1342.50        2.233091E+14   4.1096E-06   4.1458E-06   0.99126
FLUX  752  1347.50        2.224805E+14   4.1142E-06   4.1621E-06   0.98850
FLUX  753  1352.50        2.216580E+14   4.1324E-06   4.1787E-06   0.98892
FLUX  754  1357.50        2.208416E+14   4.0958E-06   4.1957E-06   0.97621
FLUX  755  1362.50        2.200312E+14   4.1034E-06   4.2129E-06   0.97402
FLUX  756  1367.50        2.192267E+14   4.1568E-06   4.2304E-06   0.98260
FLUX  757  1372.50        2.184281E+14   4.2040E-06   4.2482E-06   0.98960
FLUX  758  1377.50        2.176352E+14   4.2006E-06   4.2663E-06   0.98462
FLUX  759  1382.50        2.168481E+14   4.2346E-06   4.2845E-06   0.98834
FLUX  760  1387.50        2.160667E+14   4.2163E-06   4.3031E-06   0.97981
FLUX  761  1392.50        2.152908E+14   4.2769E-06   4.3220E-06   0.98957
FLUX  762  1397.50        2.145206E+14   4.3000E-06   4.3411E-06   0.99055
FLUX  763  1402.50        2.137558E+14   4.2553E-06   4.3605E-06   0.97587
FLUX  764  1407.50        2.129964E+14   4.3324E-06   4.3803E-06   0.98905
FLUX  765  1412.50        2.122425E+14   4.3049E-06   4.4005E-06   0.97827
FLUX  766  1417.50        2.114938E+14   4.3812E-06   4.4210E-06   0.99100
FLUX  767  1422.50        2.107504E+14   4.3344E-06   4.4419E-06   0.97579
FLUX  768  1427.50        2.100123E+14   4.2606E-06   4.4631E-06   0.95462
FLUX  769  1432.50        2.092792E+14   4.4055E-06   4.4845E-06   0.98238
FLUX  770  1437.50        2.085513E+14   4.4480E-06   4.5062E-06   0.98708
FLUX  771  1442.50        2.078284E+14   4.3486E-06   4.5281E-06   0.96036
FLUX  772  1447.50        2.071105E+14   4.4720E-06   4.5504E-06   0.98277
FLUX  773  1452.50        2.063976E+14   4.4376E-06   4.5730E-06   0.97039
FLUX  774  1457.00        2.057601E+14   4.4834E-06   4.5937E-06   0.97599
FLUX  775  1462.00        2.050564E+14   4.5262E-06   4.6197E-06   0.97975
FLUX  776  1467.50        2.042879E+14   4.5516E-06   4.6460E-06   0.97967
FLUX  777  1472.50        2.035942E+14   4.4957E-06   4.6703E-06   0.96261
FLUX  778  1477.50        2.029052E+14   4.5480E-06   4.6949E-06   0.96871
FLUX  779  1482.50        2.022209E+14   4.5803E-06   4.7195E-06   0.97051
FLUX  780  1487.50        2.015412E+14   4.5042E-06   4.7443E-06   0.94939
FLUX  781  1492.50        2.008660E+14   4.6819E-06   4.7694E-06   0.98167
FLUX  782  1497.50        2.001953E+14   4.6385E-06   4.7946E-06   0.96743
FLUX  783  1502.50        1.995291E+14   4.5026E-06   4.8202E-06   0.93413
FLUX  784  1507.50        1.988673E+14   4.5691E-06   4.8458E-06   0.94291
FLUX  785  1512.50        1.982099E+14   4.7156E-06   4.8716E-06   0.96797
FLUX  786  1517.50        1.975568E+14   4.7428E-06   4.8976E-06   0.96839
FLUX  787  1522.50        1.969080E+14   4.7501E-06   4.9236E-06   0.96477
FLUX  788  1527.50        1.962635E+14   4.8184E-06   4.9495E-06   0.97349
FLUX  789  1532.50        1.956232E+14   4.8095E-06   4.9755E-06   0.96664
FLUX  790  1537.50        1.949870E+14   4.8689E-06   5.0013E-06   0.97353
FLUX  791  1542.50        1.943549E+14   4.9044E-06   5.0269E-06   0.97562
FLUX  792  1547.50        1.937270E+14   4.9146E-06   5.0523E-06   0.97273
FLUX  793  1552.50        1.931031E+14   4.8667E-06   5.0776E-06   0.95848
FLUX  794  1557.50        1.924831E+14   4.8741E-06   5.1023E-06   0.95528
FLUX  795  1562.50        1.918672E+14   4.9872E-06   5.1265E-06   0.97282
FLUX  796  1567.50        1.912552E+14   4.8740E-06   5.1500E-06   0.94639
FLUX  797  1572.50        1.906471E+14   4.9720E-06   5.1730E-06   0.96115
FLUX  798  1577.50        1.900428E+14   4.7876E-06   5.1953E-06   0.92153
FLUX  799  1582.50        1.894423E+14   4.9460E-06   5.2165E-06   0.94815
FLUX  800  1587.50        1.888457E+14   4.8110E-06   5.2365E-06   0.91874
FLUX  801  1592.50        1.882527E+14   4.9331E-06   5.2553E-06   0.93869
FLUX  802  1597.50        1.876635E+14   5.0432E-06   5.2728E-06   0.95644
FLUX  803  1605.00        1.867866E+14   5.0660E-06   5.2960E-06   0.95657
FLUX  804  1615.00        1.856300E+14   5.0604E-06   5.3192E-06   0.95135
FLUX  805  1625.00        1.844877E+14   5.1066E-06   5.3316E-06   0.95780
FLUX  806  1635.00        1.833593E+14   5.1265E-06   5.3267E-06   0.96243
FLUX  807  1645.00        1.822447E+14   5.0806E-06   5.2976E-06   0.95903
FLUX  808  1655.00        1.811435E+14   5.1029E-06   5.2520E-06   0.97160
FLUX  809  1665.00        1.800556E+14   5.0732E-06   5.2070E-06   0.97430
FLUX  810  1675.00        1.789806E+14   4.9910E-06   5.1625E-06   0.96678
FLUX  811  1685.00        1.779184E+14   4.9454E-06   5.1185E-06   0.96618
FLUX  812  1695.00        1.768687E+14   5.0013E-06   5.0750E-06   0.98547
FLUX  813  1705.00        1.758314E+14   4.8766E-06   5.0320E-06   0.96910
FLUX  814  1715.00        1.748061E+14   4.8742E-06   4.9895E-06   0.97688
FLUX  815  1725.00        1.737928E+14   4.7862E-06   4.9474E-06   0.96742
FLUX  816  1735.00        1.727911E+14   4.7452E-06   4.9058E-06   0.96727
FLUX  817  1745.00        1.718009E+14   4.7355E-06   4.8647E-06   0.97345
FLUX  818  1755.00        1.708219E+14   4.7061E-06   4.8240E-06   0.97556
FLUX  819  1765.00        1.698541E+14   4.6868E-06   4.7838E-06   0.97972
FLUX  820  1775.00        1.688972E+14   4.6216E-06   4.7440E-06   0.97420
FLUX  821  1785.00        1.679510E+14   4.6314E-06   4.7046E-06   0.98444
FLUX  822  1795.00        1.670153E+14   4.5751E-06   4.6657E-06   0.98057
FLUX  823  1805.00        1.660900E+14   4.5144E-06   4.6273E-06   0.97561
FLUX  824  1815.00        1.651749E+14   4.4858E-06   4.5893E-06   0.97746
FLUX  825  1825.00        1.642699E+14   4.4429E-06   4.5516E-06   0.97611
FLUX  826  1835.00        1.633747E+14   4.3975E-06   4.5142E-06   0.97416
FLUX  827  1845.00        1.624892E+14   4.3229E-06   4.4771E-06   0.96556
FLUX  828  1855.00        1.616132E+14   4.3454E-06   4.4405E-06   0.97858
FLUX  829  1865.00        1.607466E+14   4.2489E-06   4.4043E-06   0.96470
FLUX  830  1875.00        1.598893E+14   4.2077E-06   4.3686E-06   0.96317
FLUX  831  1885.00        1.590411E+14   4.2296E-06   4.3332E-06   0.97609
FLUX  832  1895.00        1.582018E+14   4.0660E-06   4.2982E-06   0.94597
FLUX  833  1905.00        1.573714E+14   4.1786E-06   4.2637E-06   0.98004
FLUX  834  1915.00        1.565496E+14   4.1288E-06   4.2295E-06   0.97618
FLUX  835  1925.00        1.557364E+14   4.1062E-06   4.1957E-06   0.97867
FLUX  836  1935.00        1.549315E+14   4.0145E-06   4.1622E-06   0.96451
FLUX  837  1945.00        1.541350E+14   3.9617E-06   4.1291E-06   0.95944
FLUX  838  1955.00        1.533465E+14   3.9996E-06   4.0964E-06   0.97638
FLUX  839  1965.00        1.525662E+14   3.9637E-06   4.0640E-06   0.97532
FLUX  840  1975.00        1.517937E+14   3.8914E-06   4.0319E-06   0.96514
FLUX  841  1985.00        1.510290E+14   3.8817E-06   4.0002E-06   0.97037
FLUX  842  1995.00        1.502719E+14   3.8694E-06   3.9689E-06   0.97492
FLUX  843  2005.00        1.495224E+14   3.8953E-06   3.9379E-06   0.98917
FLUX  844  2015.00        1.487804E+14   3.8764E-06   3.9073E-06   0.99209
FLUX  845  2025.00        1.480457E+14   3.7859E-06   3.8770E-06   0.97650
FLUX  846  2035.00        1.473182E+14   3.7598E-06   3.8470E-06   0.97734
FLUX  847  2045.00        1.465978E+14   3.7885E-06   3.8174E-06   0.99242
FLUX  848  2055.00        1.458844E+14   3.7472E-06   3.7881E-06   0.98921
FLUX  849  2065.00        1.451780E+14   3.6953E-06   3.7592E-06   0.98301
FLUX  850  2075.00        1.444783E+14   3.6848E-06   3.7305E-06   0.98774
FLUX  851  2085.00        1.437854E+14   3.6520E-06   3.7022E-06   0.98643
FLUX  852  2095.00        1.430990E+14   3.5883E-06   3.6742E-06   0.97661
FLUX  853  2105.00        1.424192E+14   3.6129E-06   3.6465E-06   0.99078
FLUX  854  2115.00        1.417459E+14   3.5693E-06   3.6191E-06   0.98625
FLUX  855  2125.00        1.410788E+14   3.5441E-06   3.5920E-06   0.98665
FLUX  856  2135.00        1.404180E+14   3.5438E-06   3.5652E-06   0.99399
FLUX  857  2145.00        1.397634E+14   3.5138E-06   3.5386E-06   0.99297
FLUX  858  2155.00        1.391148E+14   3.4876E-06   3.5123E-06   0.99297
FLUX  859  2165.00        1.384723E+14   3.4434E-06   3.4863E-06   0.98769
FLUX  860  2175.00        1.378356E+14   3.4076E-06   3.4605E-06   0.98472
FLUX  861  2185.00        1.372048E+14   3.3950E-06   3.4350E-06   0.98836
FLUX  862  2195.00        1.365797E+14   3.3805E-06   3.4097E-06   0.99142
FLUX  863  2205.00        1.359603E+14   3.2986E-06   3.3848E-06   0.97453
FLUX  864  2215.00        1.353465E+14   3.3459E-06   3.3601E-06   0.99579
FLUX  865  2225.00        1.347382E+14   3.2693E-06   3.3356E-06   0.98011
FLUX  866  2235.00        1.341353E+14   3.2629E-06   3.3114E-06   0.98533
FLUX  867  2245.00        1.335379E+14   3.2451E-06   3.2875E-06   0.98711
FLUX  868  2255.00        1.329457E+14   3.2396E-06   3.2638E-06   0.99260
FLUX  869  2265.00        1.323587E+14   3.1806E-06   3.2404E-06   0.98156
FLUX  870  2275.00        1.317769E+14   3.2028E-06   3.2172E-06   0.99554
FLUX  871  2285.00        1.312002E+14   3.1463E-06   3.1952E-06   0.98469
FLUX  872  2295.00        1.306285E+14   2.7348E-06   3.1730E-06   0.86191
FLUX  873  2305.00        1.300618E+14   2.9313E-06   3.1510E-06   0.93025
FLUX  874  2315.00        1.295000E+14   2.9329E-06   3.1293E-06   0.93723
FLUX  875  2325.00        1.289430E+14   2.5566E-06   3.1077E-06   0.82264
FLUX  876  2335.00        1.283908E+14   2.7495E-06   3.0864E-06   0.89083
FLUX  877  2345.00        1.278433E+14   2.8097E-06   3.0653E-06   0.91663
FLUX  878  2355.00        1.273004E+14   2.4343E-06   3.0443E-06   0.79960
FLUX  879  2365.00        1.267622E+14   2.6700E-06   3.0236E-06   0.88306
FLUX  880  2375.00        1.262284E+14   2.6903E-06   3.0031E-06   0.89586
FLUX  881  2385.00        1.256992E+14   2.3781E-06   2.9827E-06   0.79727
FLUX  882  2395.00        1.251743E+14   2.5641E-06   2.9626E-06   0.86550
FLUX  883  2405.00        1.246538E+14   2.6257E-06   2.9427E-06   0.89227
FLUX  884  2415.00        1.241377E+14   2.3641E-06   2.9229E-06   0.80880
FLUX  885  2425.00        1.236258E+14   2.4983E-06   2.9034E-06   0.86050
FLUX  886  2435.00        1.231181E+14   2.5562E-06   2.8840E-06   0.88635
FLUX  887  2445.00        1.226145E+14   2.4022E-06   2.8648E-06   0.83853
FLUX  888  2455.00        1.221151E+14   2.3938E-06   2.8458E-06   0.84116
FLUX  889  2465.00        1.216197E+14   2.5204E-06   2.8270E-06   0.89153
FLUX  890  2475.00        1.211283E+14   2.4362E-06   2.8084E-06   0.86746
FLUX  891  2485.00        1.206408E+14   2.3258E-06   2.7899E-06   0.83364
FLUX  892  2495.00        1.201573E+14   2.4307E-06   2.7716E-06   0.87701
FLUX  893  2505.00        1.196776E+14   2.5110E-06   2.7535E-06   0.91191
FLUX  894  2515.00        1.192018E+14   2.3114E-06   2.7356E-06   0.84494
FLUX  895  2525.00        1.187297E+14   2.4206E-06   2.7178E-06   0.89063
FLUX  896  2535.00        1.182613E+14   2.4430E-06   2.7002E-06   0.90473
FLUX  897  2545.00        1.177967E+14   2.3820E-06   2.6828E-06   0.88787
FLUX  898  2555.00        1.173356E+14   2.3703E-06   2.6655E-06   0.88927
FLUX  899  2565.00        1.168782E+14   2.3951E-06   2.6484E-06   0.90438
FLUX  900  2575.00        1.164243E+14   2.4208E-06   2.6314E-06   0.91996
FLUX  901  2585.00        1.159739E+14   2.3011E-06   2.6146E-06   0.88010
FLUX  902  2595.00        1.155270E+14   2.3537E-06   2.5979E-06   0.90600
FLUX  903  2605.00        1.150835E+14   2.3789E-06   2.5814E-06   0.92155
FLUX  904  2615.00        1.146434E+14   2.3521E-06   2.5651E-06   0.91696
FLUX  905  2625.00        1.142067E+14   2.3283E-06   2.5489E-06   0.91346
FLUX  906  2635.00        1.137732E+14   2.3427E-06   2.5328E-06   0.92495
FLUX  907  2645.00        1.133431E+14   2.3362E-06   2.5169E-06   0.92821
FLUX  908  2655.00        1.129162E+14   2.3194E-06   2.5011E-06   0.92736
FLUX  909  2665.00        1.124925E+14   2.2816E-06   2.4855E-06   0.91795
FLUX  910  2675.00        1.120720E+14   2.3449E-06   2.4700E-06   0.94934
FLUX  911  2685.00        1.116546E+14   2.3266E-06   2.4547E-06   0.94782
FLUX  912  2695.00        1.112403E+14   2.2912E-06   2.4394E-06   0.93924
FLUX  913  2705.00        1.108290E+14   2.3058E-06   2.4244E-06   0.95109
FLUX  914  2715.00        1.104208E+14   2.2975E-06   2.4094E-06   0.95355
FLUX  915  2725.00        1.100156E+14   2.2950E-06   2.3946E-06   0.95841
FLUX  916  2735.00        1.096133E+14   2.2670E-06   2.3800E-06   0.95254
FLUX  917  2745.00        1.092140E+14   2.2778E-06   2.3654E-06   0.96298
FLUX  918  2755.00        1.088176E+14   2.2776E-06   2.3510E-06   0.96876
FLUX  919  2765.00        1.084241E+14   2.2523E-06   2.3367E-06   0.96388
FLUX  920  2775.00        1.080333E+14   2.2332E-06   2.3226E-06   0.96154
FLUX  921  2785.00        1.076454E+14   2.2359E-06   2.3085E-06   0.96855
FLUX  922  2795.00        1.072603E+14   2.2413E-06   2.2946E-06   0.97677
FLUX  923  2805.00        1.068779E+14   2.2255E-06   2.2808E-06   0.97574
FLUX  924  2815.00        1.064982E+14   2.2080E-06   2.2671E-06   0.97390
FLUX  925  2825.00        1.061212E+14   2.2022E-06   2.2536E-06   0.97718
FLUX  926  2835.00        1.057469E+14   2.2030E-06   2.2402E-06   0.98340
FLUX  927  2845.00        1.053752E+14   2.1840E-06   2.2268E-06   0.98078
FLUX  928  2855.00        1.050061E+14   2.1736E-06   2.2136E-06   0.98190
FLUX  929  2865.00        1.046396E+14   2.1642E-06   2.2006E-06   0.98349
FLUX  930  2875.00        1.042757E+14   2.1565E-06   2.1876E-06   0.98578
FLUX  931  2885.00        1.039142E+14   2.1452E-06   2.1747E-06   0.98642
FLUX  932  2895.00        1.035553E+14   2.1354E-06   2.1619E-06   0.98771
FLUX  933  2905.00        1.031988E+14   2.1221E-06   2.1493E-06   0.98735
FLUX  934  2915.00        1.028448E+14   2.1148E-06   2.1368E-06   0.98974
FLUX  935  2925.00        1.024932E+14   2.0811E-06   2.1243E-06   0.97963
FLUX  936  2935.00        1.021440E+14   2.0912E-06   2.1120E-06   0.99016
FLUX  937  2945.00        1.017971E+14   2.0754E-06   2.0998E-06   0.98838
FLUX  938  2955.00        1.014526E+14   2.0668E-06   2.0877E-06   0.98999
FLUX  939  2965.00        1.011105E+14   2.0621E-06   2.0757E-06   0.99345
FLUX  940  2975.00        1.007706E+14   2.0524E-06   2.0638E-06   0.99449
FLUX  941  2985.00        1.004330E+14   2.0365E-06   2.0519E-06   0.99246
FLUX  942  2995.00        1.000977E+14   2.0229E-06   2.0402E-06   0.99152
FLUX  943  3005.00        9.976456E+13   2.0133E-06   2.0286E-06   0.99247
FLUX  944  3015.00        9.943367E+13   2.0084E-06   2.0171E-06   0.99571
FLUX  945  3025.00        9.910496E+13   1.9902E-06   2.0056E-06   0.99232
FLUX  946  3035.00        9.877842E+13   1.9772E-06   1.9943E-06   0.99143
FLUX  947  3045.00        9.845402E+13   1.9754E-06   1.9830E-06   0.99617
FLUX  948  3055.00        9.813175E+13   1.9603E-06   1.9717E-06   0.99420
FLUX  949  3065.00        9.781158E+13   1.9475E-06   1.9606E-06   0.99336
FLUX  950  3075.00        9.749350E+13   1.9426E-06   1.9495E-06   0.99649
FLUX  951  3085.00        9.717747E+13   1.9214E-06   1.9385E-06   0.99116
FLUX  952  3095.00        9.686349E+13   1.9162E-06   1.9276E-06   0.99408
FLUX  953  3105.00        9.655153E+13   1.9120E-06   1.9168E-06   0.99751
FLUX  954  3115.00        9.624157E+13   1.8832E-06   1.9061E-06   0.98799
FLUX  955  3125.00        9.593360E+13   1.8888E-06   1.8955E-06   0.99649
FLUX  956  3135.00        9.562759E+13   1.8799E-06   1.8849E-06   0.99736
FLUX  957  3145.00        9.532353E+13   1.8690E-06   1.8745E-06   0.99708
FLUX  958  3155.00        9.502139E+13   1.8534E-06   1.8641E-06   0.99427
FLUX  959  3165.00        9.472117E+13   1.8413E-06   1.8538E-06   0.99324
FLUX  960  3175.00        9.442283E+13   1.8385E-06   1.8436E-06   0.99725
FLUX  961  3185.00        9.412637E+13   1.8282E-06   1.8335E-06   0.99713
FLUX  962  3195.00        9.383177E+13   1.8207E-06   1.8234E-06   0.99852
FLUX  963  3210.00        9.339330E+13   1.8031E-06   1.8085E-06   0.99700
FLUX  964  3230.00        9.281502E+13   1.7820E-06   1.7889E-06   0.99616
FLUX  965  3250.00        9.224385E+13   1.7630E-06   1.7696E-06   0.99626
FLUX  966  3270.00        9.167966E+13   1.7427E-06   1.7506E-06   0.99545
FLUX  967  3290.00        9.112234E+13   1.7234E-06   1.7320E-06   0.99503
FLUX  968  3310.00        9.057175E+13   1.7042E-06   1.7136E-06   0.99452
FLUX  969  3330.00        9.002778E+13   1.6834E-06   1.6955E-06   0.99288
FLUX  970  3350.00        8.949030E+13   1.6723E-06   1.6777E-06   0.99681
FLUX  971  3370.00        8.895920E+13   1.6527E-06   1.6601E-06   0.99554
FLUX  972  3390.00        8.843437E+13   1.6315E-06   1.6428E-06   0.99309
FLUX  973  3410.00        8.791569E+13   1.6123E-06   1.6258E-06   0.99168
FLUX  974  3430.00        8.740306E+13   1.6030E-06   1.6090E-06   0.99621
FLUX  975  3450.00        8.689638E+13   1.5888E-06   1.5925E-06   0.99766
FLUX  976  3470.00        8.639553E+13   1.5707E-06   1.5763E-06   0.99648
FLUX  977  3490.00        8.590043E+13   1.5557E-06   1.5603E-06   0.99706
FLUX  978  3510.00        8.541097E+13   1.5420E-06   1.5445E-06   0.99836
FLUX  979  3530.00        8.492705E+13   1.5220E-06   1.5290E-06   0.99546
FLUX  980  3550.00        8.444859E+13   1.5102E-06   1.5137E-06   0.99768
FLUX  981  3570.00        8.397549E+13   1.4935E-06   1.4986E-06   0.99662
FLUX  982  3590.00        8.350766E+13   1.4778E-06   1.4837E-06   0.99602
FLUX  983  3610.00        8.304501E+13   1.4668E-06   1.4691E-06   0.99842
FLUX  984  3630.00        8.258747E+13   1.4522E-06   1.4547E-06   0.99831
FLUX  985  3650.00        8.213493E+13   1.4335E-06   1.4404E-06   0.99515
FLUX  986  3670.00        8.168733E+13   1.4175E-06   1.4264E-06   0.99376
FLUX  987  3690.00        8.124458E+13   1.3971E-06   1.4126E-06   0.98901
FLUX  988  3710.00        8.080660E+13   1.3814E-06   1.3990E-06   0.98743
FLUX  989  3730.00        8.037332E+13   1.3770E-06   1.3855E-06   0.99382
FLUX  990  3750.00        7.994467E+13   1.3550E-06   1.3723E-06   0.98742
FLUX  991  3770.00        7.952056E+13   1.3508E-06   1.3592E-06   0.99378
FLUX  992  3790.00        7.910092E+13   1.3367E-06   1.3464E-06   0.99280
FLUX  993  3810.00        7.868570E+13   1.3272E-06   1.3337E-06   0.99514
FLUX  994  3830.00        7.827480E+13   1.3178E-06   1.3212E-06   0.99745
FLUX  995  3850.00        7.786818E+13   1.3065E-06   1.3088E-06   0.99818
FLUX  996  3870.00        7.746576E+13   1.2870E-06   1.2967E-06   0.99250
FLUX  997  3890.00        7.706748E+13   1.2791E-06   1.2847E-06   0.99568
FLUX  998  3910.00        7.667327E+13   1.2703E-06   1.2728E-06   0.99804
FLUX  999  3930.00        7.628308E+13   1.2587E-06   1.2612E-06   0.99803
FLUX 1000  3950.00        7.589684E+13   1.2404E-06   1.2496E-06   0.99263
FLUX 1001  3970.00        7.551448E+13   1.2323E-06   1.2383E-06   0.99518
FLUX 1002  3990.00        7.513596E+13   1.2124E-06   1.2271E-06   0.98808
FLUX 1003  4010.00        7.476122E+13   1.2082E-06   1.2160E-06   0.99354
FLUX 1004  4030.00        7.439020E+13   1.2019E-06   1.2051E-06   0.99731
FLUX 1005  4050.00        7.402284E+13   1.1878E-06   1.1943E-06   0.99454
FLUX 1006  4070.00        7.365909E+13   1.1789E-06   1.1837E-06   0.99592
FLUX 1007  4090.00        7.329890E+13   1.1697E-06   1.1732E-06   0.99696
FLUX 1008  4110.00        7.294221E+13   1.1595E-06   1.1629E-06   0.99709
FLUX 1009  4130.00        7.258898E+13   1.1512E-06   1.1527E-06   0.99874
FLUX 1010  4150.00        7.223916E+13   1.1393E-06   1.1426E-06   0.99709
FLUX 1011  4170.00        7.189269E+13   1.1294E-06   1.1327E-06   0.99714
FLUX 1012  4190.00        7.154952E+13   1.1162E-06   1.1228E-06   0.99413
FLUX 1013  4210.00        7.120962E+13   1.1024E-06   1.1131E-06   0.99036
FLUX 1014  4230.00        7.087293E+13   1.1030E-06   1.1036E-06   0.99952
FLUX 1015  4250.00        7.053941E+13   1.0892E-06   1.0941E-06   0.99547
FLUX 1016  4270.00        7.020902E+13   1.0834E-06   1.0848E-06   0.99876
FLUX 1017  4290.00        6.988170E+13   1.0066E-06   1.0756E-06   0.93586
FLUX 1018  4310.00        6.955742E+13   9.1968E-07   1.0665E-06   0.86235
FLUX 1019  4330.00        6.923614E+13   9.3900E-07   1.0575E-06   0.88794
FLUX 1020  4350.00        6.891782E+13   8.7871E-07   1.0486E-06   0.83796
FLUX 1021  4370.00        6.860240E+13   8.4716E-07   1.0399E-06   0.81468
FLUX 1022  4390.00        6.828986E+13   8.3150E-07   1.0312E-06   0.80633
FLUX 1023  4410.00        6.798016E+13   7.8998E-07   1.0227E-06   0.77247
FLUX 1024  4430.00        6.767325E+13   7.7992E-07   1.0142E-06   0.76897
FLUX 1025  4450.00        6.736910E+13   7.7307E-07   1.0059E-06   0.76854
FLUX 1026  4470.00        6.706767E+13   7.3901E-07   9.9766E-07   0.74074
FLUX 1027  4490.00        6.676893E+13   7.5025E-07   9.8953E-07   0.75819
FLUX 1028  4510.00        6.647284E+13   7.3111E-07   9.8149E-07   0.74490
FLUX 1029  4530.00        6.617936E+13   7.1440E-07   9.7355E-07   0.73381
FLUX 1030  4550.00        6.588846E+13   7.2276E-07   9.6571E-07   0.74843
FLUX 1031  4570.00        6.560011E+13   7.2285E-07   9.5795E-07   0.75457
FLUX 1032  4590.00        6.531427E+13   6.9797E-07   9.5029E-07   0.73448
FLUX 1033  4610.00        6.503091E+13   7.1450E-07   9.4272E-07   0.75791
FLUX 1034  4630.00        6.475000E+13   7.0438E-07   9.3524E-07   0.75315
FLUX 1035  4650.00        6.447151E+13   7.0783E-07   9.2784E-07   0.76288
FLUX 1036  4670.00        6.419540E+13   7.1778E-07   9.2054E-07   0.77974
FLUX 1037  4690.00        6.392164E+13   7.0667E-07   9.1332E-07   0.77374
FLUX 1038  4710.00        6.365021E+13   6.9900E-07   9.0618E-07   0.77137
FLUX 1039  4730.00        6.338108E+13   7.1812E-07   8.9913E-07   0.79869
FLUX 1040  4750.00        6.311421E+13   7.0178E-07   8.9216E-07   0.78661
FLUX 1041  4770.00        6.284958E+13   6.9894E-07   8.8527E-07   0.78953
FLUX 1042  4790.00        6.258716E+13   7.0518E-07   8.7846E-07   0.80275
FLUX 1043  4810.00        6.232692E+13   6.8453E-07   8.7172E-07   0.78526
FLUX 1044  4830.00        6.206884E+13   7.0519E-07   8.6507E-07   0.81518
FLUX 1045  4850.00        6.181289E+13   6.9555E-07   8.5849E-07   0.81020
FLUX 1046  4870.00        6.155903E+13   6.8417E-07   8.5198E-07   0.80303
FLUX 1047  4890.00        6.130726E+13   6.7873E-07   8.4555E-07   0.80271
FLUX 1048  4910.00        6.105754E+13   6.7998E-07   8.3919E-07   0.81028
FLUX 1049  4930.00        6.080984E+13   6.7283E-07   8.3290E-07   0.80782
FLUX 1050  4950.00        6.056414E+13   6.6493E-07   8.2668E-07   0.80434
FLUX 1051  4970.00        6.032042E+13   6.7064E-07   8.2052E-07   0.81733
FLUX 1052  4990.00        6.007866E+13   6.6647E-07   8.1444E-07   0.81832
FLUX 1053  5010.00        5.983882E+13   6.6298E-07   8.0842E-07   0.82009
FLUX 1054  5030.00        5.960089E+13   6.5991E-07   8.0247E-07   0.82235
FLUX 1055  5050.00        5.936485E+13   6.4819E-07   7.9659E-07   0.81371
FLUX 1056  5070.00        5.913067E+13   6.5342E-07   7.9077E-07   0.82632
FLUX 1057  5090.00        5.889833E+13   6.4885E-07   7.8501E-07   0.82655
FLUX 1058  5110.00        5.866781E+13   6.4009E-07   7.7931E-07   0.82135
FLUX 1059  5130.00        5.843908E+13   6.4892E-07   7.7368E-07   0.83875
FLUX 1060  5150.00        5.821214E+13   6.3825E-07   7.6811E-07   0.83094
FLUX 1061  5170.00        5.798694E+13   6.4419E-07   7.6259E-07   0.84474
FLUX 1062  5190.00        5.776349E+13   6.3590E-07   7.5714E-07   0.83987
FLUX 1063  5210.00        5.754175E+13   6.3806E-07   7.5174E-07   0.84877
FLUX 1064  5230.00        5.732170E+13   6.2722E-07   7.4640E-07   0.84033
FLUX 1065  5250.00        5.710333E+13   6.3099E-07   7.4112E-07   0.85140
FLUX 1066  5270.00        5.688662E+13   6.3734E-07   7.3590E-07   0.86607
FLUX 1067  5290.00        5.667155E+13   6.2275E-07   7.3072E-07   0.85223
FLUX 1068  5310.00        5.645810E+13   6.2074E-07   7.2561E-07   0.85548
FLUX 1069  5330.00        5.624625E+13   6.2298E-07   7.2054E-07   0.86459
FLUX 1070  5350.00        5.603598E+13   6.2070E-07   7.1553E-07   0.86746
FLUX 1071  5370.00        5.582728E+13   6.2094E-07   7.1057E-07   0.87385
FLUX 1072  5390.00        5.562013E+13   6.1881E-07   7.0567E-07   0.87692
FLUX 1073  5410.00        5.541451E+13   6.1736E-07   7.0081E-07   0.88093
FLUX 1074  5430.00        5.521041E+13   6.0764E-07   6.9600E-07   0.87304
FLUX 1075  5450.00        5.500780E+13   6.1358E-07   6.9124E-07   0.88765
FLUX 1076  5470.00        5.480667E+13   6.0688E-07   6.8653E-07   0.88397
FLUX 1077  5490.00        5.460701E+13   6.0580E-07   6.8187E-07   0.88844
FLUX 1078  5510.00        5.440880E+13   6.0317E-07   6.7726E-07   0.89061
FLUX 1079  5530.00        5.421203E+13   6.1693E-07   6.7269E-07   0.91711
FLUX 1080  5550.00        5.401667E+13   5.9688E-07   6.6817E-07   0.89330
FLUX 1081  5570.00        5.382271E+13   6.0626E-07   6.6369E-07   0.91348
FLUX 1082  5590.00        5.363014E+13   5.9868E-07   6.5926E-07   0.90812
FLUX 1083  5610.00        5.343895E+13   6.0044E-07   6.5487E-07   0.91689
FLUX 1084  5630.00        5.324911E+13   5.9127E-07   6.5052E-07   0.90891
FLUX 1085  5650.00        5.306062E+13   5.9643E-07   6.4622E-07   0.92295
FLUX 1086  5670.00        5.287346E+13   5.9459E-07   6.4196E-07   0.92621
FLUX 1087  5690.00        5.268761E+13   5.8595E-07   6.3775E-07   0.91878
FLUX 1088  5710.00        5.250306E+13   5.9224E-07   6.3357E-07   0.93476
FLUX 1089  5730.00        5.231981E+13   5.8811E-07   6.2944E-07   0.93434
FLUX 1090  5750.00        5.213783E+13   5.8654E-07   6.2534E-07   0.93796
FLUX 1091  5770.00        5.195711E+13   5.8150E-07   6.2129E-07   0.93596
FLUX 1092  5790.00        5.177763E+13   5.8515E-07   6.1727E-07   0.94796
FLUX 1093  5810.00        5.159940E+13   5.7738E-07   6.1329E-07   0.94145
FLUX 1094  5830.00        5.142238E+13   5.7643E-07   6.0935E-07   0.94597
FLUX 1095  5850.00        5.124658E+13   5.7494E-07   6.0545E-07   0.94961
FLUX 1096  5870.00        5.107198E+13   5.6864E-07   6.0158E-07   0.94524
FLUX 1097  5890.00        5.089856E+13   5.6749E-07   5.9775E-07   0.94936
FLUX 1098  5910.00        5.072631E+13   5.6654E-07   5.9396E-07   0.95384
FLUX 1099  5930.00        5.055523E+13   5.6477E-07   5.9021E-07   0.95690
FLUX 1100  5950.00        5.038529E+13   5.6027E-07   5.8648E-07   0.95530
FLUX 1101  5970.00        5.021650E+13   5.6062E-07   5.8280E-07   0.96194
FLUX 1102  5990.00        5.004883E+13   5.5796E-07   5.7915E-07   0.96341
FLUX 1103  6010.00        4.988228E+13   5.5530E-07   5.7553E-07   0.96485
FLUX 1104  6030.00        4.971683E+13   5.5268E-07   5.7195E-07   0.96632
FLUX 1105  6050.00        4.955248E+13   5.4715E-07   5.6840E-07   0.96262
FLUX 1106  6070.00        4.938921E+13   5.4500E-07   5.6488E-07   0.96481
FLUX 1107  6090.00        4.922701E+13   5.4248E-07   5.6139E-07   0.96631
FLUX 1108  6110.00        4.906588E+13   5.3825E-07   5.5794E-07   0.96470
FLUX 1109  6130.00        4.890579E+13   5.3770E-07   5.5452E-07   0.96967
FLUX 1110  6150.00        4.874675E+13   5.3590E-07   5.5113E-07   0.97237
FLUX 1111  6170.00        4.858874E+13   5.3434E-07   5.4777E-07   0.97547
FLUX 1112  6190.00        4.843174E+13   5.3183E-07   5.4444E-07   0.97684
FLUX 1113  6210.00        4.827576E+13   5.2988E-07   5.4115E-07   0.97919
FLUX 1114  6230.00        4.812079E+13   5.2564E-07   5.3788E-07   0.97725
FLUX 1115  6250.00        4.796680E+13   5.2141E-07   5.3464E-07   0.97525
FLUX 1116  6270.00        4.781380E+13   5.1860E-07   5.3143E-07   0.97585
FLUX 1117  6290.00        4.766176E+13   5.1732E-07   5.2825E-07   0.97930
FLUX 1118  6310.00        4.751070E+13   5.1389E-07   5.2510E-07   0.97865
FLUX 1119  6330.00        4.736058E+13   5.1387E-07   5.2197E-07   0.98447
FLUX 1120  6350.00        4.721142E+13   5.0965E-07   5.1888E-07   0.98223
FLUX 1121  6370.00        4.706319E+13   5.0932E-07   5.1581E-07   0.98742
FLUX 1122  6390.00        4.691588E+13   5.0492E-07   5.1276E-07   0.98470
FLUX 1123  6420.00        4.669665E+13   5.0140E-07   5.0825E-07   0.98651
FLUX 1124  6460.00        4.640751E+13   4.9568E-07   5.0233E-07   0.98677
FLUX 1125  6500.00        4.612192E+13   4.9075E-07   4.9650E-07   0.98842
FLUX 1126  6540.00        4.583983E+13   4.8570E-07   4.9078E-07   0.98964
FLUX 1127  6580.00        4.556117E+13   4.8137E-07   4.8516E-07   0.99219
FLUX 1128  6620.00        4.528588E+13   4.7584E-07   4.7963E-07   0.99210
FLUX 1129  6660.00        4.501389E+13   4.7101E-07   4.7419E-07   0.99328
FLUX 1130  6700.00        4.474515E+13   4.6629E-07   4.6885E-07   0.99455
FLUX 1131  6740.00        4.447960E+13   4.6092E-07   4.6360E-07   0.99423
FLUX 1132  6780.00        4.421718E+13   4.5627E-07   4.5843E-07   0.99529
FLUX 1133  6820.00        4.395784E+13   4.5129E-07   4.5335E-07   0.99546
FLUX 1134  6860.00        4.370153E+13   4.4690E-07   4.4835E-07   0.99677
FLUX 1135  6900.00        4.344819E+13   4.4202E-07   4.4344E-07   0.99681
FLUX 1136  6940.00        4.319777E+13   4.3738E-07   4.3860E-07   0.99722
FLUX 1137  6980.00        4.295021E+13   4.3293E-07   4.3384E-07   0.99789
FLUX 1138  7020.00        4.270548E+13   4.2794E-07   4.2916E-07   0.99716
FLUX 1139  7060.00        4.246353E+13   4.2384E-07   4.2456E-07   0.99831
FLUX 1140  7100.00        4.222430E+13   4.1938E-07   4.2003E-07   0.99846
FLUX 1141  7140.00        4.198775E+13   4.1510E-07   4.1557E-07   0.99887
FLUX 1142  7180.00        4.175383E+13   4.1068E-07   4.1118E-07   0.99880
FLUX 1143  7220.00        4.152251E+13   4.0652E-07   4.0686E-07   0.99916
FLUX 1144  7260.00        4.129373E+13   4.0224E-07   4.0261E-07   0.99909
FLUX 1145  7300.00        4.106747E+13   3.9816E-07   3.9842E-07   0.99935
FLUX 1146  7340.00        4.084366E+13   3.9391E-07   3.9430E-07   0.99900
FLUX 1147  7380.00        4.062229E+13   3.9002E-07   3.9024E-07   0.99943
FLUX 1148  7420.00        4.040330E+13   3.8553E-07   3.8625E-07   0.99814
FLUX 1149  7460.00        4.018666E+13   3.8165E-07   3.8231E-07   0.99827
FLUX 1150  7500.00        3.997233E+13   3.7796E-07   3.7844E-07   0.99874
FLUX 1151  7540.00        3.976028E+13   3.7392E-07   3.7462E-07   0.99812
FLUX 1152  7580.00        3.955046E+13   3.7077E-07   3.7086E-07   0.99973
FLUX 1153  7620.00        3.934285E+13   3.6706E-07   3.6716E-07   0.99971
FLUX 1154  7660.00        3.913740E+13   3.6343E-07   3.6351E-07   0.99976
FLUX 1155  7700.00        3.893409E+13   3.5973E-07   3.5992E-07   0.99946
FLUX 1156  7740.00        3.873288E+13   3.5630E-07   3.5638E-07   0.99978
FLUX 1157  7780.00        3.853374E+13   3.5286E-07   3.5289E-07   0.99990
FLUX 1158  7820.00        3.833664E+13   3.4941E-07   3.4945E-07   0.99988
FLUX 1159  7860.00        3.814154E+13   3.4602E-07   3.4606E-07   0.99988
FLUX 1160  7900.00        3.794842E+13   3.4267E-07   3.4272E-07   0.99983
FLUX 1161  7940.00        3.775724E+13   3.3939E-07   3.3943E-07   0.99987
FLUX 1162  7980.00        3.756798E+13   3.3618E-07   3.3619E-07   0.99997
FLUX 1163  8020.00        3.738061E+13   3.3270E-07   3.3299E-07   0.99912
FLUX 1164  8060.00        3.719510E+13   3.2956E-07   3.2984E-07   0.99917
FLUX 1165  8100.00        3.701142E+13   3.2663E-07   3.2673E-07   0.99970
FLUX 1166  8140.00        3.682955E+13   3.2343E-07   3.2366E-07   0.99927
FLUX 1167  8180.00        3.664945E+13   3.2060E-07   3.2064E-07   0.99987
FLUX 1168  8220.00        3.647111E+13   3.1763E-07   3.1766E-07   0.99991
FLUX 1169  8260.00        3.629449E+13   3.1465E-07   3.1472E-07   0.99976
FLUX 1170  8300.00        3.611958E+13   3.1176E-07   3.1182E-07   0.99979
FLUX 1171  8340.00        3.594634E+13   3.0871E-07   3.0896E-07   0.99918
FLUX 1172  8380.00        3.577476E+13   3.0582E-07   3.0615E-07   0.99895
FLUX 1173  8420.00        3.560481E+13   3.0328E-07   3.0336E-07   0.99972
FLUX 1174  8460.00        3.543647E+13   3.0046E-07   3.0062E-07   0.99945
FLUX 1175  8500.00        3.526971E+13   2.9778E-07   2.9791E-07   0.99953
FLUX 1176  8540.00        3.510451E+13   2.9515E-07   2.9524E-07   0.99969
FLUX 1177  8580.00        3.494085E+13   2.9255E-07   2.9261E-07   0.99981
FLUX 1178  8620.00        3.477871E+13   2.8996E-07   2.9001E-07   0.99983
FLUX 1179  8660.00        3.461807E+13   2.8743E-07   2.8745E-07   0.99993
FLUX 1180  8700.00        3.445891E+13   2.8488E-07   2.8492E-07   0.99987
FLUX 1181  8740.00        3.430120E+13   2.8240E-07   2.8242E-07   0.99994
FLUX 1182  8780.00        3.414493E+13   2.7991E-07   2.7995E-07   0.99985
FLUX 1183  8820.00        3.399008E+13   2.7738E-07   2.7752E-07   0.99949
FLUX 1184  8860.00        3.383663E+13   2.7500E-07   2.7512E-07   0.99955
FLUX 1185  8900.00        3.368455E+13   2.7254E-07   2.7275E-07   0.99925
FLUX 1186  8940.00        3.353384E+13   2.7036E-07   2.7041E-07   0.99982
FLUX 1187  8980.00        3.338447E+13   2.6783E-07   2.6810E-07   0.99900
FLUX 1188  9020.00        3.323642E+13   2.6576E-07   2.6582E-07   0.99980
FLUX 1189  9060.00        3.308968E+13   2.6354E-07   2.6356E-07   0.99992
FLUX 1190  9100.00        3.294423E+13   2.6097E-07   2.6134E-07   0.99856
FLUX 1191  9140.00        3.280005E+13   2.5904E-07   2.5914E-07   0.99959
FLUX 1192  9180.00        3.265714E+13   2.5684E-07   2.5698E-07   0.99947
FLUX 1193  9220.00        3.251546E+13   2.5483E-07   2.5484E-07   0.99999
FLUX 1194  9260.00        3.237500E+13   2.5270E-07   2.5272E-07   0.99992
FLUX 1195  9300.00        3.223575E+13   2.5063E-07   2.5063E-07   0.99998
FLUX 1196  9340.00        3.209770E+13   2.4854E-07   2.4857E-07   0.99987
FLUX 1197  9380.00        3.196082E+13   2.4653E-07   2.4653E-07   0.99997
FLUX 1198  9420.00        3.182511E+13   2.4452E-07   2.4452E-07   0.99998
FLUX 1199  9460.00        3.169054E+13   2.4248E-07   2.4253E-07   0.99978
FLUX 1200  9500.00        3.155711E+13   2.4053E-07   2.4057E-07   0.99984
FLUX 1201  9540.00        3.142479E+13   2.3860E-07   2.3863E-07   0.99990
FLUX 1202  9580.00        3.129358E+13   2.3671E-07   2.3671E-07   0.99998
FLUX 1203  9620.00        3.116346E+13   2.3480E-07   2.3482E-07   0.99990
FLUX 1204  9660.00        3.103442E+13   2.3294E-07   2.3295E-07   0.99997
FLUX 1205  9700.00        3.090644E+13   2.3110E-07   2.3110E-07   0.99998
FLUX 1206  9740.00        3.077952E+13   2.2898E-07   2.2927E-07   0.99871
FLUX 1207  9780.00        3.065363E+13   2.2739E-07   2.2747E-07   0.99963
FLUX 1208  9820.00        3.052877E+13   2.2567E-07   2.2569E-07   0.99993
FLUX 1209  9860.00        3.040492E+13   2.2392E-07   2.2392E-07   0.99997
FLUX 1210  9900.00        3.028207E+13   2.2218E-07   2.2218E-07   0.99999
FLUX 1211  9940.00        3.016021E+13   2.2043E-07   2.2046E-07   0.99988
FLUX 1212  9980.00        3.003933E+13   2.1875E-07   2.1876E-07   0.99995
FLUX 1213 10020.00        2.991941E+13   2.1707E-07   2.1708E-07   0.99995
FLUX 1214 20000.00        1.498963E+13   5.6231E-08   5.6231E-08   1.00000
FLUX 1215 40000.00        7.494813E+12   1.4178E-08   1.4178E-08   1.00000
FLUX 1216 60000.00        4.996542E+12   6.2820E-09   6.2820E-09   1.00000
FLUX 1217 80000.00        3.747406E+12   3.5156E-09   3.5156E-09   1.00000
FLUX 1218100000.00        2.997925E+12   2.2378E-09   2.2378E-09   1.00000
FLUX 1219120000.00        2.498271E+12   1.5459E-09   1.5459E-09   1.00000
FLUX 1220140000.00        2.141375E+12   1.1301E-09   1.1301E-09   1.00000
FLUX 1221160000.00        1.873703E+12   8.6125E-10   8.6125E-10   1.00000
FLUX
