TEFF  42500.  GRAVITY 5.00000 LTE 
TITLE TEST MODEL WITH SDSC OPACITY  VTURB 2 KM/S                                
 OPACITY IFOP
FLUX    1     9.09        3.298047E+16   5.4914E-23   5.5051E-23   0.99752
FLUX    2     9.35        3.206337E+16   1.8467E-22   1.8505E-22   0.99792
FLUX    3     9.61        3.119589E+16   5.7978E-22   5.8335E-22   0.99388
FLUX    4     9.77        3.068501E+16   1.1476E-21   1.1477E-21   0.99990
FLUX    5     9.96        3.009965E+16   2.4929E-21   2.4930E-21   0.99997
FLUX    6    10.20        2.939142E+16   6.3756E-21   6.3758E-21   0.99997
FLUX    7    10.38        2.888174E+16   1.2549E-20   1.2549E-20   0.99998
FLUX    8    10.56        2.838944E+16   2.4140E-20   2.4140E-20   0.99998
FLUX    9    10.77        2.783589E+16   5.0391E-20   5.0393E-20   0.99998
FLUX   10    11.04        2.715512E+16   1.2433E-19   1.2461E-19   0.99780
FLUX   11    11.40        2.629759E+16   3.9015E-19   3.9016E-19   0.99997
FLUX   12    11.78        2.544928E+16   1.2097E-18   1.2109E-18   0.99903
FLUX   13    12.13        2.471496E+16   3.2324E-18   3.2325E-18   0.99997
FLUX   14    12.48        2.402183E+16   8.1802E-18   8.1815E-18   0.99984
FLUX   15    12.71        2.358714E+16   1.4662E-17   1.4662E-17   0.99998
FLUX   16    12.84        2.334833E+16   2.0207E-17   2.0209E-17   0.99989
FLUX   17    13.05        2.297261E+16   3.3488E-17   3.3512E-17   0.99929
FLUX   18    13.24        2.264294E+16   5.2176E-17   5.2267E-17   0.99825
FLUX   19    13.39        2.238928E+16   7.3568E-17   7.3616E-17   0.99935
FLUX   20    13.66        2.194674E+16   1.3355E-16   1.3416E-16   0.99543
FLUX   21    13.98        2.144438E+16   2.6580E-16   2.6583E-16   0.99991
FLUX   22    14.33        2.092062E+16   5.4274E-16   5.4384E-16   0.99799
FLUX   23    14.72        2.036634E+16   1.1433E-15   1.1640E-15   0.98218
FLUX   24    15.10        1.985381E+16   2.3605E-15   2.3609E-15   0.99983
FLUX   25    15.52        1.931653E+16   4.9743E-15   4.9748E-15   0.99992
FLUX   26    15.88        1.887862E+16   9.1730E-15   9.1743E-15   0.99986
FLUX   27    16.20        1.850571E+16   1.5560E-14   1.5675E-14   0.99271
FLUX   28    16.60        1.805979E+16   2.9391E-14   2.9393E-14   0.99991
FLUX   29    17.03        1.760379E+16   5.5897E-14   5.6112E-14   0.99617
FLUX   30    17.34        1.728907E+16   8.7142E-14   8.7851E-14   0.99192
FLUX   31    17.68        1.695659E+16   1.4156E-13   1.4192E-13   0.99743
FLUX   32    18.02        1.663665E+16   2.2444E-13   2.2474E-13   0.99868
FLUX   33    18.17        1.649931E+16   2.7073E-13   2.7563E-13   0.98223
FLUX   34    18.61        1.610922E+16   4.8306E-13   4.8467E-13   0.99668
FLUX   35    19.10        1.569594E+16   8.8146E-13   8.8449E-13   0.99657
FLUX   36    19.39        1.546119E+16   1.2491E-12   1.2519E-12   0.99780
FLUX   37    19.84        1.511051E+16   2.0922E-12   2.0977E-12   0.99737
FLUX   38    20.18        1.485592E+16   3.0200E-12   3.0476E-12   0.99096
FLUX   39    20.50        1.462402E+16   4.2772E-12   4.2871E-12   0.99769
FLUX   40    21.05        1.424192E+16   7.5370E-12   7.5441E-12   0.99906
FLUX   41    21.62        1.386644E+16   1.3103E-11   1.3176E-11   0.99450
FLUX   42    21.98        1.363933E+16   1.8483E-11   1.8486E-11   0.99988
FLUX   43    22.30        1.344361E+16   2.4686E-11   2.4777E-11   0.99633
FLUX   44    22.68        1.321836E+16   3.4633E-11   3.5493E-11   0.97577
FLUX   45    23.00        1.303446E+16   1.4837E-08   1.4262E-07   0.10403
FLUX   46    23.40        1.281165E+16   5.4511E-08   1.6492E-07   0.33053
FLUX   47    24.00        1.249135E+16   7.7575E-08   2.0225E-07   0.38356
FLUX   48    24.65        1.216197E+16   1.1407E-07   2.5971E-07   0.43922
FLUX   49    25.24        1.187767E+16   2.0485E-07   6.8181E-07   0.30044
FLUX   50    25.68        1.167416E+16   2.9548E-07   2.3074E-06   0.12806
FLUX   51    26.00        1.153048E+16   4.0156E-07   3.4874E-06   0.11515
FLUX   52    26.40        1.135578E+16   3.0224E-06   6.4987E-05   0.04651
FLUX   53    26.85        1.116546E+16   4.1068E-06   6.1669E-05   0.06660
FLUX   54    27.35        1.096133E+16   4.9040E-06   5.8237E-05   0.08421
FLUX   55    27.85        1.076454E+16   3.0954E-06   5.4924E-05   0.05636
FLUX   56    28.40        1.055607E+16   7.9394E-06   5.6945E-05   0.13942
FLUX   57    29.00        1.033767E+16   1.2155E-05   7.3778E-05   0.16475
FLUX   58    29.60        1.012813E+16   9.6863E-06   6.8985E-05   0.14041
FLUX   59    30.10        9.959884E+15   1.3769E-05   5.4187E-04   0.02541
FLUX   60    30.80        9.733523E+15   3.5162E-05   6.5512E-04   0.05367
FLUX   61    31.80        9.427437E+15   4.8046E-05   6.6749E-04   0.07198
FLUX   62    32.80        9.140015E+15   6.3156E-05   6.7813E-04   0.09313
FLUX   63    33.80        8.869601E+15   7.2573E-05   6.8710E-04   0.10562
FLUX   64    34.80        8.614727E+15   7.5256E-05   6.9552E-04   0.10820
FLUX   65    35.70        8.397549E+15   1.4647E-04   8.4368E-04   0.17361
FLUX   66    36.60        8.191052E+15   2.8668E-04   8.8799E-04   0.32284
FLUX   67    37.50        7.994467E+15   2.9593E-04   8.9774E-04   0.32964
FLUX   68    38.50        7.786818E+15   2.4342E-04   9.1506E-04   0.26601
FLUX   69    39.50        7.589684E+15   4.1511E-04   9.5478E-04   0.43477
FLUX   70    40.50        7.402284E+15   5.5249E-04   9.6350E-04   0.57342
FLUX   71    41.40        7.241365E+15   5.6834E-04   9.8222E-04   0.57863
FLUX   72    42.20        7.104088E+15   5.3214E-04   9.9078E-04   0.53709
FLUX   73    43.00        6.971919E+15   5.1380E-04   9.9761E-04   0.51503
FLUX   74    44.10        6.798016E+15   6.2808E-04   1.0073E-03   0.62351
FLUX   75    45.10        6.647284E+15   6.7702E-04   1.0166E-03   0.66595
FLUX   76    46.00        6.517228E+15   6.0341E-04   1.0252E-03   0.58858
FLUX   77    47.00        6.378564E+15   6.3266E-04   1.0357E-03   0.61087
FLUX   78    48.00        6.245677E+15   7.4682E-04   1.0463E-03   0.71380
FLUX   79    49.00        6.118214E+15   6.2163E-04   1.0584E-03   0.58736
FLUX   80    50.00        5.995850E+15   8.0271E-04   1.0700E-03   0.75022
FLUX   81    50.60        5.924753E+15   6.9533E-04   1.6329E-03   0.42584
FLUX   82    51.20        5.855322E+15   1.1937E-03   1.6441E-03   0.72603
FLUX   83    52.00        5.765240E+15   1.1369E-03   1.6580E-03   0.68569
FLUX   84    53.00        5.656462E+15   1.0705E-03   1.6751E-03   0.63907
FLUX   85    54.00        5.551713E+15   9.1491E-04   1.6922E-03   0.54067
FLUX   86    55.00        5.450773E+15   8.9449E-04   1.7097E-03   0.52317
FLUX   87    56.00        5.353438E+15   1.2188E-03   1.7271E-03   0.70570
FLUX   88    57.00        5.259518E+15   1.3684E-03   1.7443E-03   0.78453
FLUX   89    58.00        5.168836E+15   1.3574E-03   1.7614E-03   0.77067
FLUX   90    59.00        5.081229E+15   1.4051E-03   1.7782E-03   0.79018
FLUX   91    60.00        4.996542E+15   1.2115E-03   1.7949E-03   0.67496
FLUX   92    61.00        4.914631E+15   1.1970E-03   1.8115E-03   0.66077
FLUX   93    62.00        4.835363E+15   1.5318E-03   1.8278E-03   0.83805
FLUX   94    63.00        4.758611E+15   1.4743E-03   1.8439E-03   0.79956
FLUX   95    64.00        4.684258E+15   1.6327E-03   1.8605E-03   0.87756
FLUX   96    65.00        4.612192E+15   1.5823E-03   1.8768E-03   0.84309
FLUX   97    65.80        4.556117E+15   1.4791E-03   1.8898E-03   0.78270
FLUX   98    66.50        4.508158E+15   1.6738E-03   1.9009E-03   0.88052
FLUX   99    67.50        4.441370E+15   1.7784E-03   1.9166E-03   0.92789
FLUX  100    68.50        4.376533E+15   1.5808E-03   1.9321E-03   0.81819
FLUX  101    69.50        4.313561E+15   1.7910E-03   1.9472E-03   0.91977
FLUX  102    70.50        4.252376E+15   1.5040E-03   1.9621E-03   0.76654
FLUX  103    71.60        4.187046E+15   1.8827E-03   1.9781E-03   0.95177
FLUX  104    72.60        4.129373E+15   1.9257E-03   1.9924E-03   0.96653
FLUX  105    73.50        4.078810E+15   1.9592E-03   2.0051E-03   0.97712
FLUX  106    74.50        4.024060E+15   1.9066E-03   2.0190E-03   0.94432
FLUX  107    75.50        3.970762E+15   1.9121E-03   2.0326E-03   0.94072
FLUX  108    76.50        3.918856E+15   1.7419E-03   2.0458E-03   0.85147
FLUX  109    77.50        3.868290E+15   1.9273E-03   2.0586E-03   0.93619
FLUX  110    78.50        3.819013E+15   1.7639E-03   2.0711E-03   0.85167
FLUX  111    79.50        3.770975E+15   1.9202E-03   2.0832E-03   0.92176
FLUX  112    80.50        3.724130E+15   1.9940E-03   2.0949E-03   0.95182
FLUX  113    81.50        3.678436E+15   2.0303E-03   2.1062E-03   0.96393
FLUX  114    82.50        3.633848E+15   2.0553E-03   2.1173E-03   0.97071
FLUX  115    83.50        3.590329E+15   1.7219E-03   2.1280E-03   0.80919
FLUX  116    84.50        3.547840E+15   2.0617E-03   2.1383E-03   0.96418
FLUX  117    85.50        3.506345E+15   2.0372E-03   2.1482E-03   0.94830
FLUX  118    86.50        3.465809E+15   2.1129E-03   2.1577E-03   0.97923
FLUX  119    87.50        3.426200E+15   2.1271E-03   2.1668E-03   0.98165
FLUX  120    88.50        3.387486E+15   2.1246E-03   2.1756E-03   0.97653
FLUX  121    89.50        3.349637E+15   2.1382E-03   2.1840E-03   0.97900
FLUX  122    90.50        3.312624E+15   2.1198E-03   2.1920E-03   0.96705
FLUX  123    91.50        3.276421E+15   1.8218E-03   7.0971E-03   0.25670
FLUX  124    92.50        3.241000E+15   2.7758E-03   7.0398E-03   0.39431
FLUX  125    93.50        3.206337E+15   3.8582E-03   6.9825E-03   0.55255
FLUX  126    94.50        3.172407E+15   4.7153E-03   6.9253E-03   0.68088
FLUX  127    95.50        3.139188E+15   5.2450E-03   6.8681E-03   0.76367
FLUX  128    96.50        3.106658E+15   5.8076E-03   6.8111E-03   0.85267
FLUX  129    97.50        3.074795E+15   4.0561E-03   6.7542E-03   0.60053
FLUX  130    98.50        3.043579E+15   5.2936E-03   6.6974E-03   0.79039
FLUX  131    99.50        3.012990E+15   4.7458E-03   6.6408E-03   0.71464
FLUX  132   100.50        2.983010E+15   4.9302E-03   6.5844E-03   0.74876
FLUX  133   101.50        2.953621E+15   5.1791E-03   6.5283E-03   0.79332
FLUX  134   102.50        2.924805E+15   4.4038E-03   6.4725E-03   0.68038
FLUX  135   103.50        2.896546E+15   5.3590E-03   6.4171E-03   0.83511
FLUX  136   104.50        2.868828E+15   5.6647E-03   6.3620E-03   0.89040
FLUX  137   105.50        2.841635E+15   5.5858E-03   6.3071E-03   0.88563
FLUX  138   106.50        2.814953E+15   5.3047E-03   6.2527E-03   0.84839
FLUX  139   107.50        2.788767E+15   5.4273E-03   6.1986E-03   0.87556
FLUX  140   108.50        2.763065E+15   5.0508E-03   6.1449E-03   0.82196
FLUX  141   109.50        2.737831E+15   5.3674E-03   6.0915E-03   0.88113
FLUX  142   110.50        2.713054E+15   5.2448E-03   6.0385E-03   0.86857
FLUX  143   111.50        2.688722E+15   5.2349E-03   5.9859E-03   0.87453
FLUX  144   112.50        2.664822E+15   5.0185E-03   5.9337E-03   0.84576
FLUX  145   113.50        2.641344E+15   5.2144E-03   5.8819E-03   0.88650
FLUX  146   114.50        2.618275E+15   5.2250E-03   5.8306E-03   0.89614
FLUX  147   115.50        2.595606E+15   4.9852E-03   5.7797E-03   0.86254
FLUX  148   116.50        2.573326E+15   4.7939E-03   5.7292E-03   0.83674
FLUX  149   117.50        2.551426E+15   4.1585E-03   5.6793E-03   0.73221
FLUX  150   118.50        2.529895E+15   4.6325E-03   5.6297E-03   0.82286
FLUX  151   119.50        2.508724E+15   4.4996E-03   5.5806E-03   0.80628
FLUX  152   120.50        2.487905E+15   4.4777E-03   5.5320E-03   0.80941
FLUX  153   121.50        2.467428E+15   3.7301E-03   5.4838E-03   0.68020
FLUX  154   122.50        2.447286E+15   4.3168E-03   5.4360E-03   0.79411
FLUX  155   123.50        2.427470E+15   4.4012E-03   5.3888E-03   0.81673
FLUX  156   124.50        2.407972E+15   4.3860E-03   5.3420E-03   0.82104
FLUX  157   125.50        2.388785E+15   4.4617E-03   5.2957E-03   0.84252
FLUX  158   126.50        2.369901E+15   4.5264E-03   5.2499E-03   0.86219
FLUX  159   127.50        2.351314E+15   4.5849E-03   5.2045E-03   0.88095
FLUX  160   128.50        2.333016E+15   4.6003E-03   5.1596E-03   0.89159
FLUX  161   129.50        2.315000E+15   4.5708E-03   5.1152E-03   0.89357
FLUX  162   130.50        2.297261E+15   4.4912E-03   5.0712E-03   0.88562
FLUX  163   131.50        2.279791E+15   4.5758E-03   5.0277E-03   0.91011
FLUX  164   132.50        2.262585E+15   4.5209E-03   4.9847E-03   0.90697
FLUX  165   133.50        2.245637E+15   4.5030E-03   4.9421E-03   0.91116
FLUX  166   134.50        2.228941E+15   4.4930E-03   4.8999E-03   0.91696
FLUX  167   135.50        2.212491E+15   4.3704E-03   4.8582E-03   0.89960
FLUX  168   136.50        2.196282E+15   4.2667E-03   4.8170E-03   0.88577
FLUX  169   137.50        2.180309E+15   4.1629E-03   4.7762E-03   0.87161
FLUX  170   138.50        2.164567E+15   4.1640E-03   4.7358E-03   0.87927
FLUX  171   139.50        2.149050E+15   3.3788E-03   4.6958E-03   0.71953
FLUX  172   140.50        2.133754E+15   2.7476E-03   4.6563E-03   0.59008
FLUX  173   141.50        2.118675E+15   4.1547E-03   4.6173E-03   0.89982
FLUX  174   142.50        2.103807E+15   3.9111E-03   4.5786E-03   0.85421
FLUX  175   143.50        2.089146E+15   4.1206E-03   4.5404E-03   0.90755
FLUX  176   144.20        2.079005E+15   4.0049E-03   4.5139E-03   0.88723
FLUX  177   144.70        2.071821E+15   4.0121E-03   4.4951E-03   0.89255
FLUX  178   145.50        2.060430E+15   3.9212E-03   4.4652E-03   0.87817
FLUX  179   146.50        2.046365E+15   3.9474E-03   4.4282E-03   0.89144
FLUX  180   147.50        2.032492E+15   3.9300E-03   4.3916E-03   0.89489
FLUX  181   148.50        2.018805E+15   3.9998E-03   4.3554E-03   0.91834
FLUX  182   149.50        2.005301E+15   3.9290E-03   4.3196E-03   0.90958
FLUX  183   150.50        1.991977E+15   3.9414E-03   4.2842E-03   0.91998
FLUX  184   151.20        1.982755E+15   3.9273E-03   4.2597E-03   0.92196
FLUX  185   151.70        1.976220E+15   3.8870E-03   4.2423E-03   0.91625
FLUX  186   152.50        1.965852E+15   3.8690E-03   4.2147E-03   0.91798
FLUX  187   153.50        1.953046E+15   3.5864E-03   4.1805E-03   0.85789
FLUX  188   154.50        1.940405E+15   2.8736E-03   4.1467E-03   0.69299
FLUX  189   155.50        1.927926E+15   3.0344E-03   4.1133E-03   0.73770
FLUX  190   156.50        1.915607E+15   3.4457E-03   4.0802E-03   0.84450
FLUX  191   157.50        1.903444E+15   3.5626E-03   4.0475E-03   0.88021
FLUX  192   158.50        1.891435E+15   3.5508E-03   4.0151E-03   0.88435
FLUX  193   159.50        1.879577E+15   3.5781E-03   3.9831E-03   0.89833
FLUX  194   160.50        1.867866E+15   3.4293E-03   3.9514E-03   0.86787
FLUX  195   161.50        1.856300E+15   3.3593E-03   3.9200E-03   0.85696
FLUX  196   162.50        1.844877E+15   3.4033E-03   3.8891E-03   0.87509
FLUX  197   163.50        1.833593E+15   3.4023E-03   3.8584E-03   0.88179
FLUX  198   164.50        1.822447E+15   3.3162E-03   3.8281E-03   0.86628
FLUX  199   165.50        1.811435E+15   3.4628E-03   3.7981E-03   0.91171
FLUX  200   166.50        1.800556E+15   3.4250E-03   3.7685E-03   0.90886
FLUX  201   167.20        1.793017E+15   3.2640E-03   3.7479E-03   0.87087
FLUX  202   167.70        1.787671E+15   3.5473E-03   3.7333E-03   0.95019
FLUX  203   168.50        1.779184E+15   3.4921E-03   3.7101E-03   0.94124
FLUX  204   169.50        1.768687E+15   3.4683E-03   3.6814E-03   0.94210
FLUX  205   170.50        1.758314E+15   3.4133E-03   3.6530E-03   0.93437
FLUX  206   171.50        1.748061E+15   3.3334E-03   3.6250E-03   0.91957
FLUX  207   172.50        1.737928E+15   3.2806E-03   3.5972E-03   0.91199
FLUX  208   173.50        1.727911E+15   3.3825E-03   3.5697E-03   0.94755
FLUX  209   174.50        1.718009E+15   3.3727E-03   3.5426E-03   0.95204
FLUX  210   175.50        1.708219E+15   3.3240E-03   3.5157E-03   0.94546
FLUX  211   176.50        1.698541E+15   3.3040E-03   3.4891E-03   0.94694
FLUX  212   177.50        1.688972E+15   3.2599E-03   3.4628E-03   0.94139
FLUX  213   178.50        1.679510E+15   3.2938E-03   3.4369E-03   0.95838
FLUX  214   179.50        1.670153E+15   3.2296E-03   3.4111E-03   0.94678
FLUX  215   180.50        1.660900E+15   3.2188E-03   3.3857E-03   0.95070
FLUX  216   181.50        1.651749E+15   3.1968E-03   3.3605E-03   0.95129
FLUX  217   182.50        1.642699E+15   3.1607E-03   3.3356E-03   0.94754
FLUX  218   183.50        1.633747E+15   3.1700E-03   3.3110E-03   0.95740
FLUX  219   184.50        1.624892E+15   3.1536E-03   3.2867E-03   0.95951
FLUX  220   185.50        1.616132E+15   3.1468E-03   3.2625E-03   0.96452
FLUX  221   186.50        1.607466E+15   3.1370E-03   3.2387E-03   0.96862
FLUX  222   187.50        1.598893E+15   3.0819E-03   3.2151E-03   0.95859
FLUX  223   188.50        1.590411E+15   3.0538E-03   3.1917E-03   0.95679
FLUX  224   189.50        1.582018E+15   3.0863E-03   3.1686E-03   0.97404
FLUX  225   190.50        1.573714E+15   3.0757E-03   3.1457E-03   0.97775
FLUX  226   191.50        1.565496E+15   3.0515E-03   3.1230E-03   0.97709
FLUX  227   192.50        1.557364E+15   2.9496E-03   3.1006E-03   0.95129
FLUX  228   193.50        1.549315E+15   3.0294E-03   3.0784E-03   0.98407
FLUX  229   194.50        1.541350E+15   3.0173E-03   3.0565E-03   0.98717
FLUX  230   195.50        1.533465E+15   2.9302E-03   3.0348E-03   0.96556
FLUX  231   196.70        1.524110E+15   2.9623E-03   3.0090E-03   0.98447
FLUX  232   197.60        1.517169E+15   2.9446E-03   2.9899E-03   0.98484
FLUX  233   198.40        1.511051E+15   2.9438E-03   2.9731E-03   0.99015
FLUX  234   199.50        1.502719E+15   2.9142E-03   2.9501E-03   0.98783
FLUX  235   200.50        1.495224E+15   2.9139E-03   2.9295E-03   0.99466
FLUX  236   201.50        1.487804E+15   2.8928E-03   2.9091E-03   0.99440
FLUX  237   202.50        1.480457E+15   2.8738E-03   2.8889E-03   0.99479
FLUX  238   203.50        1.473182E+15   2.8453E-03   2.8689E-03   0.99179
FLUX  239   204.50        1.465978E+15   2.8141E-03   2.8491E-03   0.98773
FLUX  240   205.50        1.458844E+15   2.1104E-03   2.9446E-03   0.71672
FLUX  241   206.50        1.451780E+15   2.2710E-03   2.9239E-03   0.77671
FLUX  242   207.40        1.445480E+15   2.7586E-03   2.9055E-03   0.94944
FLUX  243   207.80        1.442697E+15   2.7968E-03   2.8974E-03   0.96526
FLUX  244   208.50        1.437854E+15   2.7995E-03   2.8833E-03   0.97094
FLUX  245   209.50        1.430990E+15   2.7795E-03   2.8633E-03   0.97075
FLUX  246   210.50        1.424192E+15   2.7493E-03   2.8435E-03   0.96689
FLUX  247   211.50        1.417459E+15   2.7812E-03   2.8238E-03   0.98490
FLUX  248   212.50        1.410788E+15   2.7396E-03   2.8044E-03   0.97689
FLUX  249   213.50        1.404180E+15   2.7419E-03   2.7852E-03   0.98445
FLUX  250   214.50        1.397634E+15   2.7147E-03   2.7662E-03   0.98139
FLUX  251   215.50        1.391148E+15   2.7221E-03   2.7473E-03   0.99081
FLUX  252   216.50        1.384723E+15   2.6210E-03   2.7287E-03   0.96055
FLUX  253   217.50        1.378356E+15   2.6883E-03   2.7102E-03   0.99193
FLUX  254   218.50        1.372048E+15   2.6243E-03   2.6919E-03   0.97490
FLUX  255   219.50        1.365797E+15   2.6661E-03   2.6738E-03   0.99712
FLUX  256   220.50        1.359603E+15   2.6445E-03   2.6559E-03   0.99574
FLUX  257   221.50        1.353465E+15   2.5701E-03   2.6381E-03   0.97423
FLUX  258   222.50        1.347382E+15   2.6065E-03   2.6205E-03   0.99467
FLUX  259   223.50        1.341353E+15   2.5929E-03   2.6031E-03   0.99610
FLUX  260   224.50        1.335379E+15   2.5691E-03   2.5859E-03   0.99353
FLUX  261   225.50        1.329457E+15   2.5063E-03   2.5688E-03   0.97568
FLUX  262   226.50        1.323587E+15   2.5397E-03   2.5519E-03   0.99524
FLUX  263   227.50        1.317769E+15   2.5317E-03   2.5351E-03   0.99864
FLUX  264   228.50        1.312002E+15   2.4904E-03   2.5185E-03   0.98883
FLUX  265   229.50        1.306285E+15   2.4502E-03   2.5021E-03   0.97925
FLUX  266   230.50        1.300618E+15   2.4144E-03   2.4858E-03   0.97128
FLUX  267   231.50        1.295000E+15   2.4399E-03   2.4697E-03   0.98791
FLUX  268   232.50        1.289430E+15   2.4410E-03   2.4538E-03   0.99480
FLUX  269   233.50        1.283908E+15   2.4291E-03   2.4380E-03   0.99636
FLUX  270   234.50        1.278433E+15   2.4039E-03   2.4223E-03   0.99238
FLUX  271   235.50        1.273004E+15   2.3770E-03   2.4068E-03   0.98763
FLUX  272   236.50        1.267622E+15   2.3595E-03   2.3915E-03   0.98665
FLUX  273   237.50        1.262284E+15   2.3299E-03   2.3762E-03   0.98052
FLUX  274   238.50        1.256992E+15   2.2318E-03   2.3612E-03   0.94519
FLUX  275   239.50        1.251743E+15   2.2910E-03   2.3462E-03   0.97644
FLUX  276   240.50        1.246538E+15   2.2847E-03   2.3314E-03   0.97997
FLUX  277   241.50        1.241377E+15   2.2790E-03   2.3168E-03   0.98372
FLUX  278   242.50        1.236258E+15   2.2832E-03   2.3022E-03   0.99173
FLUX  279   243.50        1.231181E+15   2.2609E-03   2.2878E-03   0.98822
FLUX  280   244.50        1.226145E+15   2.2511E-03   2.2736E-03   0.99013
FLUX  281   245.50        1.221151E+15   2.2266E-03   2.2594E-03   0.98546
FLUX  282   246.50        1.216197E+15   2.2240E-03   2.2454E-03   0.99045
FLUX  283   247.50        1.211283E+15   2.2197E-03   2.2315E-03   0.99469
FLUX  284   248.50        1.206408E+15   2.1892E-03   2.2178E-03   0.98711
FLUX  285   249.50        1.201573E+15   1.9701E-03   2.2042E-03   0.89382
FLUX  286   250.50        1.196776E+15   2.1543E-03   2.1907E-03   0.98340
FLUX  287   251.30        1.192967E+15   2.0028E-03   2.1799E-03   0.91873
FLUX  288   251.80        1.190598E+15   2.1065E-03   2.1733E-03   0.96928
FLUX  289   252.50        1.187297E+15   2.1267E-03   2.1640E-03   0.98275
FLUX  290   253.50        1.182613E+15   2.1354E-03   2.1509E-03   0.99282
FLUX  291   254.50        1.177967E+15   2.1253E-03   2.1379E-03   0.99413
FLUX  292   255.50        1.173356E+15   2.1083E-03   2.1250E-03   0.99214
FLUX  293   256.50        1.168782E+15   2.0980E-03   2.1122E-03   0.99326
FLUX  294   257.50        1.164243E+15   2.0845E-03   2.0995E-03   0.99283
FLUX  295   258.50        1.159739E+15   2.0738E-03   2.0870E-03   0.99369
FLUX  296   259.50        1.155270E+15   2.0363E-03   2.0745E-03   0.98158
FLUX  297   260.50        1.150835E+15   2.0492E-03   2.0630E-03   0.99328
FLUX  298   261.50        1.146434E+15   2.0239E-03   2.0508E-03   0.98691
FLUX  299   262.50        1.142067E+15   2.0261E-03   2.0387E-03   0.99385
FLUX  300   263.50        1.137732E+15   2.0183E-03   2.0266E-03   0.99588
FLUX  301   264.50        1.133431E+15   1.9998E-03   2.0147E-03   0.99260
FLUX  302   265.50        1.129162E+15   1.9939E-03   2.0029E-03   0.99549
FLUX  303   266.50        1.124925E+15   1.9790E-03   1.9912E-03   0.99386
FLUX  304   267.50        1.120720E+15   1.9468E-03   1.9796E-03   0.98344
FLUX  305   268.50        1.116546E+15   1.9520E-03   1.9681E-03   0.99184
FLUX  306   269.50        1.112403E+15   1.9375E-03   1.9567E-03   0.99020
FLUX  307   270.50        1.108290E+15   1.9404E-03   1.9454E-03   0.99745
FLUX  308   271.50        1.104208E+15   1.9231E-03   1.9342E-03   0.99426
FLUX  309   272.50        1.100156E+15   1.9119E-03   1.9231E-03   0.99421
FLUX  310   273.50        1.096133E+15   1.8371E-03   1.9120E-03   0.96082
FLUX  311   274.50        1.092140E+15   1.8964E-03   1.9011E-03   0.99753
FLUX  312   275.50        1.088176E+15   1.8827E-03   1.8903E-03   0.99598
FLUX  313   276.50        1.084241E+15   1.8708E-03   1.8796E-03   0.99532
FLUX  314   277.50        1.080333E+15   1.8620E-03   1.8689E-03   0.99633
FLUX  315   278.50        1.076454E+15   1.8435E-03   1.8583E-03   0.99203
FLUX  316   279.50        1.072603E+15   1.8224E-03   1.8479E-03   0.98621
FLUX  317   280.50        1.068779E+15   1.8261E-03   1.8375E-03   0.99378
FLUX  318   281.50        1.064982E+15   1.8192E-03   1.8272E-03   0.99566
FLUX  319   282.50        1.061212E+15   1.8061E-03   1.8170E-03   0.99400
FLUX  320   283.50        1.057469E+15   1.7989E-03   1.8068E-03   0.99562
FLUX  321   284.50        1.053752E+15   1.7933E-03   1.7968E-03   0.99809
FLUX  322   285.50        1.050061E+15   1.7822E-03   1.7868E-03   0.99740
FLUX  323   286.50        1.046396E+15   1.7643E-03   1.7769E-03   0.99291
FLUX  324   287.50        1.042757E+15   1.7563E-03   1.7671E-03   0.99389
FLUX  325   288.50        1.039142E+15   1.7510E-03   1.7574E-03   0.99635
FLUX  326   289.50        1.035553E+15   1.7405E-03   1.7477E-03   0.99583
FLUX  327   291.00        1.030215E+15   1.7245E-03   1.7334E-03   0.99483
FLUX  328   293.00        1.023183E+15   1.7104E-03   1.7146E-03   0.99758
FLUX  329   295.00        1.016246E+15   1.6904E-03   1.6961E-03   0.99665
FLUX  330   297.00        1.009402E+15   1.6678E-03   1.6779E-03   0.99404
FLUX  331   299.00        1.002651E+15   1.6434E-03   1.6599E-03   0.99007
FLUX  332   301.00        9.959884E+14   1.6267E-03   1.6423E-03   0.99051
FLUX  333   303.00        9.894142E+14   1.6017E-03   1.6249E-03   0.98571
FLUX  334   305.00        9.829262E+14   1.5923E-03   1.6078E-03   0.99038
FLUX  335   307.00        9.765228E+14   1.5748E-03   1.5909E-03   0.98985
FLUX  336   309.00        9.702023E+14   1.5645E-03   1.5744E-03   0.99376
FLUX  337   311.00        9.639630E+14   1.5505E-03   1.5581E-03   0.99517
FLUX  338   313.00        9.578035E+14   1.5320E-03   1.5421E-03   0.99339
FLUX  339   315.00        9.517222E+14   1.5210E-03   1.5263E-03   0.99649
FLUX  340   317.00        9.457177E+14   1.5034E-03   1.5108E-03   0.99515
FLUX  341   319.00        9.397884E+14   1.4901E-03   1.4954E-03   0.99646
FLUX  342   321.00        9.339330E+14   1.4488E-03   1.4803E-03   0.97867
FLUX  343   323.00        9.281502E+14   1.4620E-03   1.4655E-03   0.99760
FLUX  344   325.00        9.224385E+14   1.4490E-03   1.4508E-03   0.99878
FLUX  345   327.00        9.167966E+14   1.4207E-03   1.4364E-03   0.98911
FLUX  346   329.00        9.112234E+14   1.4162E-03   1.4222E-03   0.99579
FLUX  347   331.00        9.057175E+14   1.4014E-03   1.4081E-03   0.99524
FLUX  348   333.00        9.002778E+14   1.3873E-03   1.3943E-03   0.99498
FLUX  349   335.00        8.949030E+14   1.3655E-03   1.3807E-03   0.98899
FLUX  350   337.00        8.895920E+14   1.3584E-03   1.3673E-03   0.99347
FLUX  351   339.00        8.843437E+14   1.3473E-03   1.3541E-03   0.99501
FLUX  352   341.00        8.791569E+14   1.3337E-03   1.3411E-03   0.99450
FLUX  353   343.00        8.740306E+14   1.3252E-03   1.3291E-03   0.99703
FLUX  354   345.00        8.689638E+14   1.3042E-03   1.3164E-03   0.99073
FLUX  355   347.00        8.639553E+14   1.2988E-03   1.3039E-03   0.99609
FLUX  356   349.00        8.590043E+14   1.2876E-03   1.2916E-03   0.99689
FLUX  357   351.00        8.541097E+14   1.2776E-03   1.2795E-03   0.99850
FLUX  358   353.00        8.492705E+14   1.2632E-03   1.2675E-03   0.99664
FLUX  359   355.00        8.444859E+14   1.2518E-03   1.2557E-03   0.99690
FLUX  360   357.00        8.397549E+14   1.2419E-03   1.2440E-03   0.99829
FLUX  361   359.00        8.350766E+14   1.2294E-03   1.2326E-03   0.99742
FLUX  362   361.00        8.304501E+14   1.2161E-03   1.2212E-03   0.99581
FLUX  363   363.00        8.258747E+14   1.2048E-03   1.2101E-03   0.99567
FLUX  364   364.00        8.236058E+14   1.1772E-03   1.2045E-03   0.97734
FLUX  365   365.00        8.213493E+14   1.2011E-03   1.2825E-03   0.93658
FLUX  366   367.00        8.168733E+14   1.1887E-03   1.2705E-03   0.93566
FLUX  367   369.00        8.124458E+14   1.1748E-03   1.2592E-03   0.93291
FLUX  368   371.00        8.080660E+14   1.1430E-03   1.2476E-03   0.91615
FLUX  369   373.00        8.037332E+14   1.1302E-03   1.2361E-03   0.91435
FLUX  370   375.00        7.994467E+14   1.1182E-03   1.2248E-03   0.91296
FLUX  371   377.00        7.952056E+14   1.1033E-03   1.2136E-03   0.90914
FLUX  372   379.00        7.910092E+14   1.1121E-03   1.2026E-03   0.92475
FLUX  373   381.00        7.868570E+14   1.1305E-03   1.1917E-03   0.94866
FLUX  374   383.00        7.827480E+14   1.0743E-03   1.1810E-03   0.90967
FLUX  375   385.00        7.786818E+14   1.1310E-03   1.1704E-03   0.96639
FLUX  376   387.00        7.746576E+14   1.1350E-03   1.1599E-03   0.97850
FLUX  377   389.00        7.706748E+14   1.0296E-03   1.1496E-03   0.89560
FLUX  378   391.00        7.667327E+14   1.1268E-03   1.1394E-03   0.98896
FLUX  379   393.00        7.628308E+14   1.1140E-03   1.1294E-03   0.98641
FLUX  380   395.00        7.589684E+14   1.1009E-03   1.1195E-03   0.98346
FLUX  381   397.00        7.551448E+14   9.8733E-04   1.1097E-03   0.88974
FLUX  382   399.00        7.513596E+14   1.0856E-03   1.1000E-03   0.98685
FLUX  383   401.00        7.476122E+14   1.0819E-03   1.0905E-03   0.99216
FLUX  384   403.00        7.439020E+14   1.0645E-03   1.0811E-03   0.98466
FLUX  385   405.00        7.402284E+14   1.0674E-03   1.0718E-03   0.99593
FLUX  386   407.00        7.365909E+14   1.0514E-03   1.0626E-03   0.98946
FLUX  387   409.00        7.329890E+14   1.0084E-03   1.0535E-03   0.95719
FLUX  388   411.00        7.294221E+14   9.4998E-04   1.0446E-03   0.90942
FLUX  389   413.00        7.258898E+14   1.0238E-03   1.0358E-03   0.98846
FLUX  390   415.00        7.223916E+14   1.0187E-03   1.0271E-03   0.99186
FLUX  391   417.00        7.189269E+14   1.0143E-03   1.0185E-03   0.99596
FLUX  392   419.00        7.154952E+14   1.0059E-03   1.0100E-03   0.99593
FLUX  393   421.00        7.120962E+14   9.8948E-04   1.0016E-03   0.98793
FLUX  394   423.00        7.087293E+14   9.9173E-04   9.9328E-04   0.99844
FLUX  395   425.00        7.053941E+14   9.8207E-04   9.8509E-04   0.99693
FLUX  396   427.00        7.020902E+14   9.7380E-04   9.7701E-04   0.99672
FLUX  397   429.00        6.988170E+14   9.6576E-04   9.6902E-04   0.99664
FLUX  398   431.00        6.955742E+14   9.5370E-04   9.6113E-04   0.99228
FLUX  399   433.00        6.923614E+14   9.0986E-04   9.5333E-04   0.95440
FLUX  400   435.00        6.891782E+14   8.6994E-04   9.4563E-04   0.91995
FLUX  401   437.00        6.860240E+14   9.3063E-04   9.3803E-04   0.99212
FLUX  402   439.00        6.828986E+14   9.1964E-04   9.3051E-04   0.98832
FLUX  403   441.00        6.798016E+14   9.1516E-04   9.2308E-04   0.99142
FLUX  404   443.00        6.767325E+14   9.1147E-04   9.1574E-04   0.99533
FLUX  405   445.00        6.736910E+14   9.0336E-04   9.0849E-04   0.99435
FLUX  406   447.00        6.706767E+14   8.8872E-04   9.0133E-04   0.98601
FLUX  407   449.00        6.676893E+14   8.9046E-04   8.9425E-04   0.99576
FLUX  408   451.00        6.647284E+14   8.7859E-04   8.8725E-04   0.99024
FLUX  409   453.00        6.617936E+14   8.7335E-04   8.8033E-04   0.99207
FLUX  410   455.00        6.588846E+14   8.5588E-04   8.7349E-04   0.97984
FLUX  411   457.00        6.560011E+14   8.6200E-04   8.6673E-04   0.99454
FLUX  412   459.00        6.531427E+14   8.5427E-04   8.6005E-04   0.99328
FLUX  413   461.00        6.503091E+14   8.4914E-04   8.5344E-04   0.99496
FLUX  414   463.00        6.475000E+14   8.3849E-04   8.4691E-04   0.99006
FLUX  415   465.00        6.447151E+14   8.1819E-04   8.4045E-04   0.97352
FLUX  416   467.00        6.419540E+14   8.2723E-04   8.3407E-04   0.99180
FLUX  417   469.00        6.392164E+14   7.9293E-04   8.2775E-04   0.95793
FLUX  418   471.00        6.365021E+14   8.1654E-04   8.2151E-04   0.99394
FLUX  419   473.00        6.338108E+14   8.1492E-04   8.1534E-04   0.99949
FLUX  420   475.00        6.311421E+14   8.0898E-04   8.0924E-04   0.99969
FLUX  421   477.00        6.284958E+14   8.0285E-04   8.0320E-04   0.99956
FLUX  422   479.00        6.258716E+14   7.9659E-04   7.9724E-04   0.99919
FLUX  423   481.00        6.232692E+14   7.9064E-04   7.9133E-04   0.99913
FLUX  424   483.00        6.206884E+14   7.8304E-04   7.8550E-04   0.99687
FLUX  425   485.00        6.181289E+14   7.5467E-04   7.7973E-04   0.96786
FLUX  426   487.00        6.155903E+14   7.0978E-04   7.7402E-04   0.91701
FLUX  427   489.00        6.130726E+14   7.6422E-04   7.6837E-04   0.99460
FLUX  428   491.00        6.105754E+14   7.6123E-04   7.6279E-04   0.99796
FLUX  429   493.00        6.080984E+14   7.5218E-04   7.5726E-04   0.99329
FLUX  430   495.00        6.056414E+14   7.5078E-04   7.5180E-04   0.99865
FLUX  431   497.00        6.032042E+14   7.4613E-04   7.4639E-04   0.99965
FLUX  432   499.00        6.007866E+14   7.4096E-04   7.4104E-04   0.99989
FLUX  433   501.00        5.983882E+14   7.3189E-04   7.3575E-04   0.99475
FLUX  434   503.00        5.960089E+14   7.2951E-04   7.3052E-04   0.99862
FLUX  435   505.00        5.936485E+14   7.2405E-04   7.2534E-04   0.99822
FLUX  436   507.00        5.913067E+14   7.1984E-04   7.2022E-04   0.99948
FLUX  437   509.00        5.889833E+14   7.1503E-04   7.1515E-04   0.99983
FLUX  438   511.00        5.866781E+14   7.1003E-04   7.1013E-04   0.99986
FLUX  439   513.00        5.843908E+14   7.0492E-04   7.0517E-04   0.99965
FLUX  440   515.00        5.821214E+14   6.9996E-04   7.0025E-04   0.99958
FLUX  441   517.00        5.798694E+14   6.9513E-04   6.9539E-04   0.99963
FLUX  442   519.00        5.776349E+14   6.9037E-04   6.9058E-04   0.99969
FLUX  443   521.00        5.754175E+14   6.8558E-04   6.8582E-04   0.99965
FLUX  444   523.00        5.732170E+14   6.8106E-04   6.8111E-04   0.99993
FLUX  445   525.00        5.710333E+14   6.7542E-04   6.7645E-04   0.99848
FLUX  446   527.00        5.688662E+14   6.7027E-04   6.7183E-04   0.99768
FLUX  447   529.00        5.667155E+14   6.6720E-04   6.6726E-04   0.99991
FLUX  448   531.00        5.645810E+14   6.6262E-04   6.6274E-04   0.99982
FLUX  449   533.00        5.624625E+14   6.5809E-04   6.5826E-04   0.99973
FLUX  450   535.00        5.603598E+14   6.5379E-04   6.5383E-04   0.99993
FLUX  451   537.00        5.582728E+14   6.4938E-04   6.4945E-04   0.99990
FLUX  452   539.00        5.562013E+14   6.4500E-04   6.4510E-04   0.99985
FLUX  453   541.00        5.541451E+14   6.2834E-04   6.4080E-04   0.98056
FLUX  454   543.00        5.521041E+14   6.3648E-04   6.3654E-04   0.99990
FLUX  455   545.00        5.500780E+14   6.3231E-04   6.3233E-04   0.99998
FLUX  456   547.00        5.480667E+14   6.2802E-04   6.2815E-04   0.99980
FLUX  457   549.00        5.460701E+14   6.2397E-04   6.2402E-04   0.99992
FLUX  458   551.00        5.440880E+14   6.1915E-04   6.1992E-04   0.99875
FLUX  459   553.00        5.421203E+14   6.1581E-04   6.1587E-04   0.99991
FLUX  460   555.00        5.401667E+14   6.1184E-04   6.1185E-04   0.99998
FLUX  461   557.00        5.382271E+14   6.0758E-04   6.0788E-04   0.99950
FLUX  462   559.00        5.363014E+14   6.0192E-04   6.0394E-04   0.99666
FLUX  463   561.00        5.343895E+14   6.0003E-04   6.0004E-04   0.99998
FLUX  464   563.00        5.324911E+14   5.9617E-04   5.9618E-04   0.99998
FLUX  465   565.00        5.306062E+14   5.9231E-04   5.9236E-04   0.99992
FLUX  466   567.00        5.287346E+14   5.8849E-04   5.8857E-04   0.99987
FLUX  467   569.00        5.268761E+14   5.7524E-04   5.8482E-04   0.98363
FLUX  468   571.00        5.250306E+14   5.7842E-04   5.8292E-04   0.99228
FLUX  469   573.00        5.231981E+14   5.7764E-04   5.7922E-04   0.99728
FLUX  470   575.00        5.213783E+14   5.7377E-04   5.7555E-04   0.99689
FLUX  471   577.00        5.195711E+14   5.7054E-04   5.7193E-04   0.99757
FLUX  472   579.00        5.177763E+14   5.6705E-04   5.6833E-04   0.99774
FLUX  473   581.00        5.159940E+14   5.5932E-04   5.6477E-04   0.99035
FLUX  474   583.00        5.142238E+14   5.5865E-04   5.6124E-04   0.99539
FLUX  475   585.00        5.124658E+14   5.5653E-04   5.5775E-04   0.99782
FLUX  476   587.00        5.107198E+14   5.4636E-04   5.5428E-04   0.98571
FLUX  477   589.00        5.089856E+14   5.4914E-04   5.5085E-04   0.99690
FLUX  478   591.00        5.072631E+14   5.4644E-04   5.4745E-04   0.99815
FLUX  479   593.00        5.055523E+14   5.4298E-04   5.4409E-04   0.99797
FLUX  480   595.00        5.038529E+14   5.3957E-04   5.4075E-04   0.99781
FLUX  481   597.00        5.021650E+14   5.3627E-04   5.3744E-04   0.99782
FLUX  482   599.00        5.004883E+14   5.3406E-04   5.3417E-04   0.99981
FLUX  483   601.00        4.988228E+14   5.2964E-04   5.3092E-04   0.99759
FLUX  484   603.00        4.971683E+14   5.2615E-04   5.2770E-04   0.99705
FLUX  485   605.00        4.955248E+14   5.2423E-04   5.2451E-04   0.99946
FLUX  486   607.00        4.938921E+14   5.1975E-04   5.2136E-04   0.99692
FLUX  487   609.00        4.922701E+14   5.1812E-04   5.1823E-04   0.99980
FLUX  488   611.00        4.906588E+14   5.1404E-04   5.1512E-04   0.99790
FLUX  489   613.00        4.890579E+14   5.1118E-04   5.1205E-04   0.99831
FLUX  490   615.00        4.874675E+14   5.0875E-04   5.0900E-04   0.99950
FLUX  491   617.00        4.858874E+14   5.0411E-04   5.0598E-04   0.99629
FLUX  492   619.00        4.843174E+14   5.0298E-04   5.0299E-04   0.99997
FLUX  493   621.00        4.827576E+14   5.0002E-04   5.0003E-04   0.99998
FLUX  494   623.00        4.812079E+14   4.9518E-04   4.9709E-04   0.99616
FLUX  495   625.00        4.796680E+14   4.9412E-04   4.9417E-04   0.99990
FLUX  496   627.00        4.781380E+14   4.9124E-04   4.9128E-04   0.99992
FLUX  497   629.00        4.766176E+14   4.8841E-04   4.8842E-04   0.99998
FLUX  498   631.00        4.751070E+14   4.8342E-04   4.8558E-04   0.99554
FLUX  499   633.00        4.736058E+14   4.8276E-04   4.8277E-04   0.99998
FLUX  500   635.00        4.721142E+14   4.7986E-04   4.7998E-04   0.99975
FLUX  501   637.00        4.706319E+14   4.7720E-04   4.7721E-04   0.99997
FLUX  502   639.00        4.691588E+14   4.7438E-04   4.7447E-04   0.99981
FLUX  503   641.00        4.676950E+14   4.6949E-04   4.7175E-04   0.99520
FLUX  504   643.00        4.662403E+14   4.6905E-04   4.6906E-04   0.99999
FLUX  505   645.00        4.647946E+14   4.6603E-04   4.6639E-04   0.99923
FLUX  506   647.00        4.633578E+14   4.6327E-04   4.6374E-04   0.99899
FLUX  507   649.00        4.619299E+14   4.6077E-04   4.6111E-04   0.99926
FLUX  508   651.00        4.605108E+14   4.5804E-04   4.5851E-04   0.99898
FLUX  509   653.00        4.591003E+14   4.5264E-04   4.5592E-04   0.99280
FLUX  510   655.00        4.576985E+14   4.4505E-04   4.5336E-04   0.98166
FLUX  511   657.00        4.563052E+14   4.1353E-04   4.5082E-04   0.91728
FLUX  512   659.00        4.549203E+14   4.4644E-04   4.4830E-04   0.99585
FLUX  513   661.00        4.535439E+14   4.4570E-04   4.4580E-04   0.99976
FLUX  514   663.00        4.521757E+14   4.4332E-04   4.4333E-04   0.99998
FLUX  515   665.00        4.508158E+14   4.4086E-04   4.4090E-04   0.99990
FLUX  516   667.00        4.494640E+14   4.3596E-04   4.3846E-04   0.99429
FLUX  517   669.00        4.481203E+14   4.3107E-04   4.3605E-04   0.98860
FLUX  518   671.00        4.467846E+14   4.3294E-04   4.3365E-04   0.99836
FLUX  519   673.00        4.454569E+14   4.3080E-04   4.3127E-04   0.99890
FLUX  520   675.00        4.441370E+14   4.2842E-04   4.2892E-04   0.99885
FLUX  521   677.00        4.428250E+14   4.2644E-04   4.2658E-04   0.99967
FLUX  522   679.00        4.415206E+14   4.2425E-04   4.2426E-04   0.99998
FLUX  523   681.00        4.402239E+14   4.2195E-04   4.2196E-04   0.99998
FLUX  524   683.00        4.389348E+14   4.1967E-04   4.1967E-04   0.99998
FLUX  525   685.00        4.376533E+14   4.1736E-04   4.1741E-04   0.99988
FLUX  526   687.00        4.363792E+14   4.1504E-04   4.1516E-04   0.99971
FLUX  527   689.00        4.351125E+14   4.0987E-04   4.1294E-04   0.99257
FLUX  528   691.00        4.338531E+14   4.1060E-04   4.1073E-04   0.99969
FLUX  529   693.00        4.326010E+14   4.0853E-04   4.0854E-04   0.99999
FLUX  530   695.00        4.313561E+14   4.0635E-04   4.0636E-04   0.99998
FLUX  531   697.00        4.301184E+14   4.0420E-04   4.0420E-04   0.99999
FLUX  532   699.00        4.288877E+14   4.0205E-04   4.0206E-04   0.99998
FLUX  533   701.00        4.276641E+14   3.9994E-04   3.9994E-04   0.99999
FLUX  534   703.00        4.264474E+14   3.9725E-04   3.9783E-04   0.99853
FLUX  535   705.00        4.252376E+14   3.9543E-04   3.9574E-04   0.99920
FLUX  536   707.00        4.240347E+14   3.9111E-04   3.9367E-04   0.99349
FLUX  537   709.00        4.228385E+14   3.9160E-04   3.9161E-04   0.99998
FLUX  538   711.00        4.216491E+14   3.8944E-04   3.8957E-04   0.99966
FLUX  539   713.00        4.204663E+14   3.8740E-04   3.8755E-04   0.99963
FLUX  540   715.00        4.192902E+14   3.8553E-04   3.8554E-04   0.99999
FLUX  541   717.00        4.181206E+14   3.8102E-04   3.8354E-04   0.99343
FLUX  542   719.00        4.169576E+14   3.8090E-04   3.8156E-04   0.99826
FLUX  543   721.00        4.158010E+14   3.7959E-04   3.7960E-04   0.99999
FLUX  544   723.00        4.146508E+14   3.7760E-04   3.7765E-04   0.99986
FLUX  545   725.00        4.135069E+14   3.7570E-04   3.7572E-04   0.99995
FLUX  546   727.00        4.123693E+14   3.7379E-04   3.7380E-04   0.99998
FLUX  547   729.00        4.112380E+14   3.7094E-04   3.7189E-04   0.99744
FLUX  548   731.00        4.101129E+14   3.6973E-04   3.7001E-04   0.99926
FLUX  549   733.00        4.089939E+14   3.6812E-04   3.6813E-04   0.99998
FLUX  550   735.00        4.078810E+14   3.6626E-04   3.6627E-04   0.99998
FLUX  551   737.00        4.067741E+14   3.6428E-04   3.6442E-04   0.99962
FLUX  552   739.00        4.056732E+14   3.6252E-04   3.6259E-04   0.99980
FLUX  553   741.00        4.045783E+14   3.6062E-04   3.6077E-04   0.99959
FLUX  554   743.00        4.034892E+14   3.5896E-04   3.5896E-04   0.99999
FLUX  555   745.00        4.024060E+14   3.5683E-04   3.5718E-04   0.99902
FLUX  556   747.00        4.013286E+14   3.5532E-04   3.5540E-04   0.99977
FLUX  557   749.00        4.002570E+14   3.5291E-04   3.5364E-04   0.99794
FLUX  558   751.00        3.991911E+14   3.5170E-04   3.5188E-04   0.99948
FLUX  559   753.00        3.981308E+14   3.5011E-04   3.5014E-04   0.99990
FLUX  560   755.00        3.970762E+14   3.4834E-04   3.4842E-04   0.99978
FLUX  561   757.00        3.960271E+14   3.4660E-04   3.4670E-04   0.99971
FLUX  562   759.00        3.949835E+14   3.4146E-04   3.4500E-04   0.98974
FLUX  563   761.00        3.939455E+14   3.4302E-04   3.4331E-04   0.99913
FLUX  564   763.00        3.929128E+14   3.4154E-04   3.4164E-04   0.99970
FLUX  565   765.00        3.918856E+14   3.3989E-04   3.3997E-04   0.99974
FLUX  566   767.00        3.908638E+14   3.3829E-04   3.3832E-04   0.99990
FLUX  567   769.00        3.898472E+14   3.3614E-04   3.3668E-04   0.99840
FLUX  568   771.00        3.888359E+14   3.3480E-04   3.3505E-04   0.99925
FLUX  569   773.00        3.878299E+14   3.3289E-04   3.3344E-04   0.99835
FLUX  570   775.00        3.868290E+14   3.3156E-04   3.3183E-04   0.99918
FLUX  571   777.00        3.858333E+14   3.3023E-04   3.3024E-04   0.99998
FLUX  572   779.00        3.848427E+14   3.2859E-04   3.2866E-04   0.99979
FLUX  573   781.00        3.838572E+14   3.2705E-04   3.2709E-04   0.99989
FLUX  574   783.00        3.828768E+14   3.2546E-04   3.2553E-04   0.99979
FLUX  575   785.00        3.819013E+14   3.2341E-04   3.2402E-04   0.99812
FLUX  576   787.00        3.809307E+14   3.2221E-04   3.2249E-04   0.99913
FLUX  577   789.00        3.799651E+14   3.2081E-04   3.2096E-04   0.99953
FLUX  578   791.00        3.790044E+14   3.1941E-04   3.1944E-04   0.99989
FLUX  579   793.00        3.780485E+14   3.1793E-04   3.1794E-04   0.99997
FLUX  580   795.00        3.770975E+14   3.1638E-04   3.1644E-04   0.99980
FLUX  581   797.00        3.761512E+14   3.1459E-04   3.1496E-04   0.99883
FLUX  582   799.00        3.752096E+14   3.1342E-04   3.1348E-04   0.99979
FLUX  583   801.00        3.742728E+14   3.1190E-04   3.1202E-04   0.99962
FLUX  584   803.00        3.733406E+14   3.1027E-04   3.1057E-04   0.99906
FLUX  585   805.00        3.724130E+14   3.0906E-04   3.0912E-04   0.99980
FLUX  586   807.00        3.714901E+14   3.0767E-04   3.0769E-04   0.99993
FLUX  587   809.00        3.705717E+14   3.0617E-04   3.0627E-04   0.99968
FLUX  588   811.00        3.696578E+14   3.0474E-04   3.0485E-04   0.99963
FLUX  589   813.00        3.687485E+14   3.0344E-04   3.0345E-04   0.99998
FLUX  590   815.00        3.678436E+14   3.0194E-04   3.0205E-04   0.99961
FLUX  591   817.00        3.669431E+14   3.0038E-04   3.0067E-04   0.99903
FLUX  592   819.00        3.660470E+14   2.9794E-04   2.9929E-04   0.99548
FLUX  593   821.00        3.651553E+14   2.8473E-04   3.0159E-04   0.94410
FLUX  594   823.00        3.642679E+14   2.8186E-04   3.0021E-04   0.93888
FLUX  595   825.00        3.633848E+14   2.8215E-04   2.9884E-04   0.94417
FLUX  596   827.00        3.625060E+14   2.8093E-04   2.9749E-04   0.94435
FLUX  597   829.00        3.616315E+14   2.7988E-04   2.9614E-04   0.94509
FLUX  598   831.00        3.607611E+14   2.7879E-04   2.9479E-04   0.94572
FLUX  599   833.00        3.598950E+14   2.7755E-04   2.9346E-04   0.94579
FLUX  600   835.00        3.590329E+14   2.7657E-04   2.9214E-04   0.94671
FLUX  601   837.00        3.581750E+14   2.7726E-04   2.9082E-04   0.95338
FLUX  602   839.00        3.573212E+14   2.7663E-04   2.8951E-04   0.95550
FLUX  603   841.00        3.564715E+14   2.7658E-04   2.8822E-04   0.95964
FLUX  604   843.00        3.556257E+14   2.7978E-04   2.8693E-04   0.97508
FLUX  605   845.00        3.547840E+14   2.7820E-04   2.8565E-04   0.97395
FLUX  606   847.00        3.539463E+14   2.7720E-04   2.8437E-04   0.97479
FLUX  607   849.00        3.531125E+14   2.7866E-04   2.8311E-04   0.98429
FLUX  608   851.00        3.522826E+14   2.7742E-04   2.8185E-04   0.98426
FLUX  609   853.00        3.514566E+14   2.7627E-04   2.8061E-04   0.98456
FLUX  610   855.00        3.506345E+14   2.7482E-04   2.7937E-04   0.98370
FLUX  611   857.00        3.498162E+14   2.7414E-04   2.7814E-04   0.98562
FLUX  612   859.00        3.490017E+14   2.7154E-04   2.7691E-04   0.98057
FLUX  613   861.00        3.481911E+14   2.7117E-04   2.7570E-04   0.98355
FLUX  614   863.00        3.473841E+14   2.7124E-04   2.7449E-04   0.98815
FLUX  615   865.00        3.465809E+14   2.6881E-04   2.7329E-04   0.98359
FLUX  616   867.00        3.457814E+14   2.6509E-04   2.7210E-04   0.97421
FLUX  617   869.00        3.449856E+14   2.6781E-04   2.7092E-04   0.98851
FLUX  618   871.00        3.441935E+14   2.6729E-04   2.6974E-04   0.99088
FLUX  619   873.00        3.434049E+14   2.6464E-04   2.6858E-04   0.98533
FLUX  620   875.00        3.426200E+14   2.5864E-04   2.6742E-04   0.96718
FLUX  621   877.00        3.418387E+14   2.6141E-04   2.6626E-04   0.98175
FLUX  622   879.00        3.410609E+14   2.6338E-04   2.6512E-04   0.99345
FLUX  623   881.00        3.402866E+14   2.6221E-04   2.6398E-04   0.99331
FLUX  624   883.00        3.395159E+14   2.6081E-04   2.6285E-04   0.99225
FLUX  625   885.00        3.387486E+14   2.5522E-04   2.6172E-04   0.97516
FLUX  626   887.00        3.379848E+14   2.4972E-04   2.6061E-04   0.95822
FLUX  627   889.00        3.372244E+14   2.5633E-04   2.5950E-04   0.98778
FLUX  628   891.00        3.364675E+14   2.5718E-04   2.5840E-04   0.99530
FLUX  629   893.00        3.357139E+14   2.5575E-04   2.5730E-04   0.99398
FLUX  630   895.00        3.349637E+14   2.5539E-04   2.5621E-04   0.99681
FLUX  631   897.00        3.342168E+14   2.5405E-04   2.5513E-04   0.99578
FLUX  632   899.00        3.334733E+14   2.5053E-04   2.5406E-04   0.98613
FLUX  633   901.00        3.327331E+14   2.4045E-04   2.5299E-04   0.95043
FLUX  634   903.00        3.319961E+14   2.4367E-04   2.5193E-04   0.96723
FLUX  635   905.00        3.312624E+14   2.4883E-04   2.5087E-04   0.99188
FLUX  636   907.00        3.305320E+14   2.4854E-04   2.4982E-04   0.99488
FLUX  637   909.00        3.298047E+14   2.4849E-04   2.4878E-04   0.99883
FLUX  638   911.00        3.290807E+14   2.4684E-04   2.4774E-04   0.99634
FLUX  639   913.00        3.283598E+14   2.4668E-04   2.4672E-04   0.99986
FLUX  640   915.00        3.276421E+14   2.4569E-04   2.4569E-04   0.99997
FLUX  641   917.00        3.269275E+14   2.4412E-04   2.4468E-04   0.99772
FLUX  642   919.00        3.262160E+14   2.4238E-04   2.4367E-04   0.99474
FLUX  643   921.00        3.255076E+14   2.3760E-04   2.4266E-04   0.97915
FLUX  644   923.00        3.248023E+14   2.2495E-04   2.4167E-04   0.93085
FLUX  645   925.00        3.241000E+14   2.3503E-04   2.4067E-04   0.97653
FLUX  646   927.00        3.234008E+14   2.3825E-04   2.3969E-04   0.99398
FLUX  647   929.00        3.227045E+14   2.3825E-04   2.3871E-04   0.99809
FLUX  648   931.00        3.220113E+14   2.3745E-04   2.3774E-04   0.99881
FLUX  649   933.00        3.213210E+14   2.3667E-04   2.3677E-04   0.99959
FLUX  650   935.00        3.206337E+14   2.3153E-04   2.3581E-04   0.98184
FLUX  651   937.00        3.199493E+14   2.3374E-04   2.3485E-04   0.99529
FLUX  652   939.00        3.192678E+14   2.3385E-04   2.3390E-04   0.99976
FLUX  653   941.00        3.185893E+14   2.3273E-04   2.3296E-04   0.99901
FLUX  654   943.00        3.179136E+14   2.3187E-04   2.3202E-04   0.99936
FLUX  655   945.00        3.172407E+14   2.3103E-04   2.3109E-04   0.99977
FLUX  656   947.00        3.165707E+14   2.2982E-04   2.3016E-04   0.99851
FLUX  657   949.00        3.159036E+14   2.2877E-04   2.2924E-04   0.99798
FLUX  658   951.00        3.152392E+14   2.2637E-04   2.2832E-04   0.99147
FLUX  659   953.00        3.145776E+14   2.2125E-04   2.2741E-04   0.97292
FLUX  660   955.00        3.139188E+14   2.0869E-04   2.2651E-04   0.92135
FLUX  661   957.00        3.132628E+14   2.2117E-04   2.2561E-04   0.98035
FLUX  662   959.00        3.126095E+14   2.2357E-04   2.2471E-04   0.99492
FLUX  663   961.00        3.119589E+14   2.2341E-04   2.2382E-04   0.99818
FLUX  664   963.00        3.113110E+14   2.2258E-04   2.2294E-04   0.99840
FLUX  665   965.00        3.106658E+14   2.2204E-04   2.2206E-04   0.99989
FLUX  666   967.00        3.100233E+14   2.2118E-04   2.2119E-04   0.99999
FLUX  667   969.00        3.093834E+14   2.2029E-04   2.2032E-04   0.99989
FLUX  668   971.00        3.087461E+14   2.1786E-04   2.1945E-04   0.99273
FLUX  669   973.00        3.081115E+14   2.1835E-04   2.1860E-04   0.99889
FLUX  670   975.00        3.074795E+14   2.1774E-04   2.1774E-04   0.99999
FLUX  671   977.00        3.068501E+14   2.1578E-04   2.1689E-04   0.99487
FLUX  672   979.00        3.062232E+14   2.1605E-04   2.1605E-04   0.99997
FLUX  673   981.00        3.055989E+14   2.1521E-04   2.1521E-04   0.99998
FLUX  674   983.00        3.049771E+14   2.1429E-04   2.1438E-04   0.99956
FLUX  675   985.00        3.043579E+14   2.1354E-04   2.1355E-04   0.99997
FLUX  676   987.00        3.037411E+14   2.1272E-04   2.1273E-04   0.99998
FLUX  677   989.00        3.031269E+14   2.1188E-04   2.1191E-04   0.99988
FLUX  678   991.00        3.025151E+14   2.1101E-04   2.1109E-04   0.99962
FLUX  679   993.00        3.019058E+14   2.1028E-04   2.1028E-04   0.99998
FLUX  680   995.00        3.012990E+14   2.0947E-04   2.0948E-04   0.99999
FLUX  681   997.00        3.006946E+14   2.0866E-04   2.0868E-04   0.99991
FLUX  682   999.00        3.000926E+14   2.0763E-04   2.0788E-04   0.99881
FLUX  683  1002.50        2.990449E+14   2.0148E-04   2.0650E-04   0.97570
FLUX  684  1007.50        2.975608E+14   1.9767E-04   2.0455E-04   0.96638
FLUX  685  1012.50        2.960914E+14   1.9893E-04   2.0262E-04   0.98177
FLUX  686  1017.50        2.946364E+14   2.0072E-04   2.0073E-04   0.99998
FLUX  687  1022.50        2.931956E+14   1.9882E-04   1.9886E-04   0.99981
FLUX  688  1027.50        2.917689E+14   1.9692E-04   1.9701E-04   0.99953
FLUX  689  1032.50        2.903559E+14   1.9482E-04   1.9519E-04   0.99810
FLUX  690  1037.50        2.889566E+14   1.9338E-04   1.9340E-04   0.99989
FLUX  691  1042.50        2.875707E+14   1.9113E-04   1.9163E-04   0.99737
FLUX  692  1047.50        2.861981E+14   1.8989E-04   1.8989E-04   0.99999
FLUX  693  1052.50        2.848385E+14   1.8815E-04   1.8817E-04   0.99994
FLUX  694  1057.50        2.834917E+14   1.8646E-04   1.8647E-04   0.99997
FLUX  695  1062.50        2.821576E+14   1.8479E-04   1.8479E-04   0.99998
FLUX  696  1067.50        2.808361E+14   1.8308E-04   1.8314E-04   0.99968
FLUX  697  1072.50        2.795268E+14   1.8150E-04   1.8151E-04   0.99999
FLUX  698  1077.50        2.782297E+14   1.7989E-04   1.7990E-04   0.99998
FLUX  699  1082.50        2.769446E+14   1.7751E-04   1.7831E-04   0.99551
FLUX  700  1087.50        2.756713E+14   1.7639E-04   1.7674E-04   0.99802
FLUX  701  1092.50        2.744096E+14   1.6673E-04   1.7519E-04   0.95171
FLUX  702  1097.50        2.731595E+14   1.7120E-04   1.7367E-04   0.98583
FLUX  703  1102.50        2.719206E+14   1.7193E-04   1.7216E-04   0.99865
FLUX  704  1107.50        2.706930E+14   1.7067E-04   1.7067E-04   0.99998
FLUX  705  1112.50        2.694764E+14   1.6920E-04   1.6920E-04   0.99998
FLUX  706  1117.50        2.682707E+14   1.6785E-04   1.6785E-04   0.99999
FLUX  707  1122.50        2.670757E+14   1.6639E-04   1.6642E-04   0.99983
FLUX  708  1127.50        2.658914E+14   1.6498E-04   1.6501E-04   0.99981
FLUX  709  1132.50        2.647174E+14   1.6356E-04   1.6361E-04   0.99972
FLUX  710  1137.50        2.635538E+14   1.6221E-04   1.6223E-04   0.99989
FLUX  711  1142.50        2.624004E+14   1.6087E-04   1.6087E-04   0.99997
FLUX  712  1147.50        2.612571E+14   1.5952E-04   1.5953E-04   0.99996
FLUX  713  1152.50        2.601236E+14   1.5820E-04   1.5820E-04   0.99999
FLUX  714  1157.50        2.590000E+14   1.5685E-04   1.5689E-04   0.99977
FLUX  715  1162.50        2.578860E+14   1.5405E-04   1.5559E-04   0.99010
FLUX  716  1167.50        2.567816E+14   1.5368E-04   1.5431E-04   0.99588
FLUX  717  1172.50        2.556866E+14   1.5304E-04   1.5305E-04   0.99998
FLUX  718  1177.50        2.546008E+14   1.5180E-04   1.5180E-04   1.00000
FLUX  719  1182.50        2.535243E+14   1.5053E-04   1.5057E-04   0.99975
FLUX  720  1187.50        2.524568E+14   1.4933E-04   1.4935E-04   0.99989
FLUX  721  1192.50        2.513983E+14   1.4813E-04   1.4814E-04   0.99991
FLUX  722  1197.50        2.503486E+14   1.4649E-04   1.4696E-04   0.99684
FLUX  723  1202.50        2.493077E+14   1.4578E-04   1.4578E-04   1.00000
FLUX  724  1207.50        2.482754E+14   1.4460E-04   1.4462E-04   0.99985
FLUX  725  1212.50        2.472515E+14   1.4343E-04   1.4347E-04   0.99970
FLUX  726  1217.50        2.462361E+14   1.4234E-04   1.4234E-04   0.99998
FLUX  727  1222.50        2.452290E+14   1.4121E-04   1.4122E-04   0.99997
FLUX  728  1227.50        2.442301E+14   1.4011E-04   1.4011E-04   1.00000
FLUX  729  1232.50        2.432394E+14   1.3901E-04   1.3902E-04   0.99995
FLUX  730  1237.50        2.422566E+14   1.3793E-04   1.3793E-04   0.99999
FLUX  731  1242.50        2.412817E+14   1.3686E-04   1.3687E-04   0.99999
FLUX  732  1247.50        2.403146E+14   1.3581E-04   1.3581E-04   0.99999
FLUX  733  1252.50        2.393553E+14   1.3470E-04   1.3476E-04   0.99949
FLUX  734  1257.50        2.384036E+14   1.3372E-04   1.3373E-04   0.99988
FLUX  735  1262.50        2.374594E+14   1.3271E-04   1.3271E-04   0.99998
FLUX  736  1267.50        2.365227E+14   1.3170E-04   1.3170E-04   0.99999
FLUX  737  1272.50        2.355933E+14   1.3069E-04   1.3070E-04   0.99989
FLUX  738  1277.50        2.346712E+14   1.2844E-04   1.2972E-04   0.99016
FLUX  739  1282.50        2.337563E+14   1.2196E-04   1.2874E-04   0.94730
FLUX  740  1287.50        2.328485E+14   1.2725E-04   1.2777E-04   0.99586
FLUX  741  1292.50        2.319478E+14   1.2682E-04   1.2682E-04   0.99998
FLUX  742  1297.50        2.310539E+14   1.2571E-04   1.2588E-04   0.99871
FLUX  743  1302.50        2.301670E+14   1.2493E-04   1.2494E-04   0.99992
FLUX  744  1307.50        2.292868E+14   1.2402E-04   1.2402E-04   1.00000
FLUX  745  1312.50        2.284133E+14   1.2311E-04   1.2311E-04   1.00000
FLUX  746  1317.50        2.275465E+14   1.2220E-04   1.2220E-04   0.99998
FLUX  747  1322.50        2.266862E+14   1.2131E-04   1.2131E-04   1.00000
FLUX  748  1327.50        2.258324E+14   1.2043E-04   1.2043E-04   1.00000
FLUX  749  1332.50        2.249850E+14   1.1955E-04   1.1955E-04   0.99999
FLUX  750  1337.50        2.241439E+14   1.1869E-04   1.1869E-04   0.99999
FLUX  751  1342.50        2.233091E+14   1.1781E-04   1.1783E-04   0.99983
FLUX  752  1347.50        2.224805E+14   1.1699E-04   1.1699E-04   0.99998
FLUX  753  1352.50        2.216580E+14   1.1615E-04   1.1615E-04   0.99995
FLUX  754  1357.50        2.208416E+14   1.1532E-04   1.1532E-04   1.00000
FLUX  755  1362.50        2.200312E+14   1.1450E-04   1.1450E-04   0.99998
FLUX  756  1367.50        2.192267E+14   1.1369E-04   1.1369E-04   0.99999
FLUX  757  1372.50        2.184281E+14   1.1288E-04   1.1289E-04   0.99986
FLUX  758  1377.50        2.176352E+14   1.1210E-04   1.1210E-04   0.99998
FLUX  759  1382.50        2.168481E+14   1.1131E-04   1.1131E-04   1.00000
FLUX  760  1387.50        2.160667E+14   1.1053E-04   1.1053E-04   0.99999
FLUX  761  1392.50        2.152908E+14   1.0976E-04   1.0977E-04   0.99995
FLUX  762  1397.50        2.145206E+14   1.0900E-04   1.0900E-04   1.00000
FLUX  763  1402.50        2.137558E+14   1.0824E-04   1.0825E-04   0.99992
FLUX  764  1407.50        2.129964E+14   1.0751E-04   1.0751E-04   1.00000
FLUX  765  1412.50        2.122425E+14   1.0677E-04   1.0677E-04   0.99998
FLUX  766  1417.50        2.114938E+14   1.0602E-04   1.0604E-04   0.99989
FLUX  767  1422.50        2.107504E+14   1.0531E-04   1.0531E-04   1.00000
FLUX  768  1427.50        2.100123E+14   1.0460E-04   1.0460E-04   0.99999
FLUX  769  1432.50        2.092792E+14   1.0388E-04   1.0389E-04   0.99990
FLUX  770  1437.50        2.085513E+14   1.0318E-04   1.0319E-04   0.99994
FLUX  771  1442.50        2.078284E+14   1.0249E-04   1.0249E-04   1.00000
FLUX  772  1447.50        2.071105E+14   1.0181E-04   1.0181E-04   1.00000
FLUX  773  1452.50        2.063976E+14   1.0113E-04   1.0113E-04   1.00000
FLUX  774  1457.00        2.057601E+14   1.0052E-04   1.0052E-04   0.99999
FLUX  775  1462.00        2.050564E+14   1.0001E-04   1.0021E-04   0.99809
FLUX  776  1467.50        2.042879E+14   9.9475E-05   9.9475E-05   1.00000
FLUX  777  1472.50        2.035942E+14   9.8816E-05   9.8818E-05   0.99998
FLUX  778  1477.50        2.029052E+14   9.7508E-05   9.8168E-05   0.99328
FLUX  779  1482.50        2.022209E+14   9.7522E-05   9.7523E-05   0.99999
FLUX  780  1487.50        2.015412E+14   9.6884E-05   9.6886E-05   0.99998
FLUX  781  1492.50        2.008660E+14   9.6252E-05   9.6254E-05   0.99997
FLUX  782  1497.50        2.001953E+14   9.5626E-05   9.5629E-05   0.99997
FLUX  783  1502.50        1.995291E+14   9.4929E-05   9.5009E-05   0.99915
FLUX  784  1507.50        1.988673E+14   9.4151E-05   9.4396E-05   0.99741
FLUX  785  1512.50        1.982099E+14   9.3545E-05   9.3788E-05   0.99740
FLUX  786  1517.50        1.975568E+14   9.2918E-05   9.3187E-05   0.99712
FLUX  787  1522.50        1.969080E+14   9.2318E-05   9.2591E-05   0.99706
FLUX  788  1527.50        1.962635E+14   9.1703E-05   9.2001E-05   0.99677
FLUX  789  1532.50        1.956232E+14   9.1056E-05   9.1416E-05   0.99606
FLUX  790  1537.50        1.949870E+14   9.0503E-05   9.0837E-05   0.99632
FLUX  791  1542.50        1.943549E+14   8.9871E-05   9.0263E-05   0.99565
FLUX  792  1547.50        1.937270E+14   8.9355E-05   8.9695E-05   0.99620
FLUX  793  1552.50        1.931031E+14   8.8736E-05   8.9132E-05   0.99555
FLUX  794  1557.50        1.924831E+14   8.8152E-05   8.8575E-05   0.99522
FLUX  795  1562.50        1.918672E+14   8.7708E-05   8.8022E-05   0.99643
FLUX  796  1567.50        1.912552E+14   8.7020E-05   8.7475E-05   0.99480
FLUX  797  1572.50        1.906471E+14   8.6464E-05   8.6933E-05   0.99461
FLUX  798  1577.50        1.900428E+14   8.6137E-05   8.6396E-05   0.99701
FLUX  799  1582.50        1.894423E+14   8.5549E-05   8.5863E-05   0.99634
FLUX  800  1587.50        1.888457E+14   8.4682E-05   8.5336E-05   0.99233
FLUX  801  1592.50        1.882527E+14   8.4441E-05   8.4813E-05   0.99562
FLUX  802  1597.50        1.876635E+14   8.4243E-05   8.4295E-05   0.99938
FLUX  803  1605.00        1.867866E+14   8.3225E-05   8.3527E-05   0.99639
FLUX  804  1615.00        1.856300E+14   8.1950E-05   8.2519E-05   0.99310
FLUX  805  1625.00        1.844877E+14   8.1527E-05   8.1529E-05   0.99997
FLUX  806  1635.00        1.833593E+14   8.0156E-05   8.0557E-05   0.99502
FLUX  807  1645.00        1.822447E+14   7.8881E-05   7.9602E-05   0.99094
FLUX  808  1655.00        1.811435E+14   7.8654E-05   7.8664E-05   0.99987
FLUX  809  1665.00        1.800556E+14   7.7734E-05   7.7742E-05   0.99989
FLUX  810  1675.00        1.789806E+14   7.6363E-05   7.6836E-05   0.99384
FLUX  811  1685.00        1.779184E+14   7.5044E-05   7.5946E-05   0.98813
FLUX  812  1695.00        1.768687E+14   7.5056E-05   7.5071E-05   0.99980
FLUX  813  1705.00        1.758314E+14   7.4055E-05   7.4211E-05   0.99790
FLUX  814  1715.00        1.748061E+14   7.3365E-05   7.3366E-05   0.99999
FLUX  815  1725.00        1.737928E+14   7.2465E-05   7.2535E-05   0.99904
FLUX  816  1735.00        1.727911E+14   7.0341E-05   7.1718E-05   0.98080
FLUX  817  1745.00        1.718009E+14   7.0689E-05   7.0914E-05   0.99683
FLUX  818  1755.00        1.708219E+14   7.0123E-05   7.0124E-05   0.99999
FLUX  819  1765.00        1.698541E+14   6.9347E-05   6.9347E-05   1.00000
FLUX  820  1775.00        1.688972E+14   6.8581E-05   6.8583E-05   0.99998
FLUX  821  1785.00        1.679510E+14   6.7831E-05   6.7831E-05   0.99999
FLUX  822  1795.00        1.670153E+14   6.7091E-05   6.7092E-05   0.99999
FLUX  823  1805.00        1.660900E+14   6.6334E-05   6.6364E-05   0.99955
FLUX  824  1815.00        1.651749E+14   6.4175E-05   6.5648E-05   0.97756
FLUX  825  1825.00        1.642699E+14   6.4583E-05   6.4944E-05   0.99444
FLUX  826  1835.00        1.633747E+14   6.4250E-05   6.4251E-05   0.99998
FLUX  827  1845.00        1.624892E+14   6.3568E-05   6.3569E-05   0.99999
FLUX  828  1855.00        1.616132E+14   6.2898E-05   6.2909E-05   0.99982
FLUX  829  1865.00        1.607466E+14   6.1399E-05   6.2248E-05   0.98635
FLUX  830  1875.00        1.598893E+14   5.9625E-05   6.1598E-05   0.96797
FLUX  831  1885.00        1.590411E+14   6.0913E-05   6.0957E-05   0.99928
FLUX  832  1895.00        1.582018E+14   6.0325E-05   6.0327E-05   0.99998
FLUX  833  1905.00        1.573714E+14   5.9636E-05   5.9706E-05   0.99883
FLUX  834  1915.00        1.565496E+14   5.9094E-05   5.9094E-05   0.99999
FLUX  835  1925.00        1.557364E+14   5.8491E-05   5.8492E-05   0.99999
FLUX  836  1935.00        1.549315E+14   5.7789E-05   5.7899E-05   0.99811
FLUX  837  1945.00        1.541350E+14   5.5599E-05   5.7315E-05   0.97006
FLUX  838  1955.00        1.533465E+14   5.6603E-05   5.6739E-05   0.99761
FLUX  839  1965.00        1.525662E+14   5.6172E-05   5.6172E-05   0.99999
FLUX  840  1975.00        1.517937E+14   5.5614E-05   5.5614E-05   1.00000
FLUX  841  1985.00        1.510290E+14   5.5062E-05   5.5064E-05   0.99998
FLUX  842  1995.00        1.502719E+14   5.4519E-05   5.4521E-05   0.99996
FLUX  843  2005.00        1.495224E+14   5.3987E-05   5.3987E-05   1.00000
FLUX  844  2015.00        1.487804E+14   5.3461E-05   5.3461E-05   1.00000
FLUX  845  2025.00        1.480457E+14   5.2942E-05   5.2942E-05   1.00000
FLUX  846  2035.00        1.473182E+14   5.2431E-05   5.2431E-05   1.00000
FLUX  847  2045.00        1.465978E+14   5.1923E-05   5.1927E-05   0.99992
FLUX  848  2055.00        1.458844E+14   5.1400E-05   5.1430E-05   0.99943
FLUX  849  2065.00        1.451780E+14   5.0940E-05   5.0940E-05   1.00000
FLUX  850  2075.00        1.444783E+14   5.0445E-05   5.0457E-05   0.99976
FLUX  851  2085.00        1.437854E+14   4.9980E-05   4.9981E-05   0.99998
FLUX  852  2095.00        1.430990E+14   4.9511E-05   4.9511E-05   1.00000
FLUX  853  2105.00        1.424192E+14   4.9048E-05   4.9048E-05   0.99999
FLUX  854  2115.00        1.417459E+14   4.8533E-05   4.8592E-05   0.99879
FLUX  855  2125.00        1.410788E+14   4.8142E-05   4.8142E-05   1.00000
FLUX  856  2135.00        1.404180E+14   4.7697E-05   4.7698E-05   0.99999
FLUX  857  2145.00        1.397634E+14   4.7255E-05   4.7260E-05   0.99991
FLUX  858  2155.00        1.391148E+14   4.6753E-05   4.6828E-05   0.99840
FLUX  859  2165.00        1.384723E+14   4.4819E-05   4.6402E-05   0.96589
FLUX  860  2175.00        1.378356E+14   4.5822E-05   4.5981E-05   0.99653
FLUX  861  2185.00        1.372048E+14   4.5560E-05   4.5567E-05   0.99985
FLUX  862  2195.00        1.365797E+14   4.5157E-05   4.5158E-05   0.99999
FLUX  863  2205.00        1.359603E+14   4.4754E-05   4.4754E-05   1.00000
FLUX  864  2215.00        1.353465E+14   4.4356E-05   4.4356E-05   1.00000
FLUX  865  2225.00        1.347382E+14   4.3962E-05   4.3963E-05   0.99998
FLUX  866  2235.00        1.341353E+14   4.3575E-05   4.3575E-05   1.00000
FLUX  867  2245.00        1.335379E+14   4.3191E-05   4.3192E-05   0.99998
FLUX  868  2255.00        1.329457E+14   4.2814E-05   4.2814E-05   0.99999
FLUX  869  2265.00        1.323587E+14   4.2441E-05   4.2441E-05   1.00000
FLUX  870  2275.00        1.317769E+14   4.2073E-05   4.2073E-05   1.00000
FLUX  871  2285.00        1.312002E+14   4.1763E-05   4.1764E-05   0.99998
FLUX  872  2295.00        1.306285E+14   4.1405E-05   4.1405E-05   1.00000
FLUX  873  2305.00        1.300618E+14   4.1049E-05   4.1050E-05   0.99995
FLUX  874  2315.00        1.295000E+14   4.0700E-05   4.0700E-05   1.00000
FLUX  875  2325.00        1.289430E+14   4.0355E-05   4.0355E-05   1.00000
FLUX  876  2335.00        1.283908E+14   4.0013E-05   4.0014E-05   0.99999
FLUX  877  2345.00        1.278433E+14   3.9676E-05   3.9677E-05   0.99999
FLUX  878  2355.00        1.273004E+14   3.9343E-05   3.9344E-05   0.99999
FLUX  879  2365.00        1.267622E+14   3.9015E-05   3.9015E-05   0.99999
FLUX  880  2375.00        1.262284E+14   3.8690E-05   3.8691E-05   0.99998
FLUX  881  2385.00        1.256992E+14   3.8370E-05   3.8370E-05   0.99998
FLUX  882  2395.00        1.251743E+14   3.8053E-05   3.8054E-05   0.99998
FLUX  883  2405.00        1.246538E+14   3.7740E-05   3.7741E-05   0.99998
FLUX  884  2415.00        1.241377E+14   3.7431E-05   3.7432E-05   0.99997
FLUX  885  2425.00        1.236258E+14   3.7120E-05   3.7127E-05   0.99982
FLUX  886  2435.00        1.231181E+14   3.6825E-05   3.6826E-05   0.99997
FLUX  887  2445.00        1.226145E+14   3.6527E-05   3.6528E-05   0.99997
FLUX  888  2455.00        1.221151E+14   3.6232E-05   3.6234E-05   0.99997
FLUX  889  2465.00        1.216197E+14   3.5920E-05   3.5943E-05   0.99938
FLUX  890  2475.00        1.211283E+14   3.5622E-05   3.5656E-05   0.99907
FLUX  891  2485.00        1.206408E+14   3.5371E-05   3.5372E-05   0.99997
FLUX  892  2495.00        1.201573E+14   3.5046E-05   3.5091E-05   0.99870
FLUX  893  2505.00        1.196776E+14   3.4814E-05   3.4814E-05   0.99999
FLUX  894  2515.00        1.192018E+14   3.4539E-05   3.4540E-05   0.99997
FLUX  895  2525.00        1.187297E+14   3.4182E-05   3.4270E-05   0.99744
FLUX  896  2535.00        1.182613E+14   3.3980E-05   3.4002E-05   0.99936
FLUX  897  2545.00        1.177967E+14   3.3737E-05   3.3737E-05   0.99998
FLUX  898  2555.00        1.173356E+14   3.3436E-05   3.3476E-05   0.99881
FLUX  899  2565.00        1.168782E+14   3.3100E-05   3.3218E-05   0.99645
FLUX  900  2575.00        1.164243E+14   3.2941E-05   3.2962E-05   0.99936
FLUX  901  2585.00        1.159739E+14   3.2709E-05   3.2709E-05   0.99998
FLUX  902  2595.00        1.155270E+14   3.2459E-05   3.2460E-05   0.99997
FLUX  903  2605.00        1.150835E+14   3.2117E-05   3.2213E-05   0.99701
FLUX  904  2615.00        1.146434E+14   3.1715E-05   3.1969E-05   0.99205
FLUX  905  2625.00        1.142067E+14   3.0492E-05   3.1727E-05   0.96106
FLUX  906  2635.00        1.137732E+14   3.1351E-05   3.1489E-05   0.99564
FLUX  907  2645.00        1.133431E+14   3.1250E-05   3.1253E-05   0.99991
FLUX  908  2655.00        1.129162E+14   3.1009E-05   3.1019E-05   0.99965
FLUX  909  2665.00        1.124925E+14   3.0724E-05   3.0789E-05   0.99791
FLUX  910  2675.00        1.120720E+14   3.0348E-05   3.0560E-05   0.99305
FLUX  911  2685.00        1.116546E+14   3.0270E-05   3.0335E-05   0.99788
FLUX  912  2695.00        1.112403E+14   3.0111E-05   3.0112E-05   0.99998
FLUX  913  2705.00        1.108290E+14   2.9891E-05   2.9891E-05   0.99999
FLUX  914  2715.00        1.104208E+14   2.9672E-05   2.9672E-05   1.00000
FLUX  915  2725.00        1.100156E+14   2.9456E-05   2.9456E-05   0.99999
FLUX  916  2735.00        1.096133E+14   2.9242E-05   2.9243E-05   0.99999
FLUX  917  2745.00        1.092140E+14   2.8996E-05   2.9031E-05   0.99879
FLUX  918  2755.00        1.088176E+14   2.8568E-05   2.8822E-05   0.99116
FLUX  919  2765.00        1.084241E+14   2.8471E-05   2.8615E-05   0.99497
FLUX  920  2775.00        1.080333E+14   2.8410E-05   2.8411E-05   0.99997
FLUX  921  2785.00        1.076454E+14   2.8208E-05   2.8208E-05   0.99998
FLUX  922  2795.00        1.072603E+14   2.8008E-05   2.8008E-05   1.00000
FLUX  923  2805.00        1.068779E+14   2.7809E-05   2.7810E-05   0.99999
FLUX  924  2815.00        1.064982E+14   2.7613E-05   2.7613E-05   0.99999
FLUX  925  2825.00        1.061212E+14   2.7419E-05   2.7419E-05   0.99999
FLUX  926  2835.00        1.057469E+14   2.7227E-05   2.7227E-05   1.00000
FLUX  927  2845.00        1.053752E+14   2.7037E-05   2.7037E-05   0.99999
FLUX  928  2855.00        1.050061E+14   2.6845E-05   2.6849E-05   0.99986
FLUX  929  2865.00        1.046396E+14   2.6528E-05   2.6663E-05   0.99494
FLUX  930  2875.00        1.042757E+14   2.6112E-05   2.6479E-05   0.98615
FLUX  931  2885.00        1.039142E+14   2.6247E-05   2.6296E-05   0.99814
FLUX  932  2895.00        1.035553E+14   2.6115E-05   2.6116E-05   0.99998
FLUX  933  2905.00        1.031988E+14   2.5937E-05   2.5937E-05   0.99999
FLUX  934  2915.00        1.028448E+14   2.5760E-05   2.5760E-05   1.00000
FLUX  935  2925.00        1.024932E+14   2.5585E-05   2.5585E-05   1.00000
FLUX  936  2935.00        1.021440E+14   2.5412E-05   2.5412E-05   1.00000
FLUX  937  2945.00        1.017971E+14   2.5240E-05   2.5241E-05   0.99999
FLUX  938  2955.00        1.014526E+14   2.5071E-05   2.5071E-05   1.00000
FLUX  939  2965.00        1.011105E+14   2.4903E-05   2.4903E-05   1.00000
FLUX  940  2975.00        1.007706E+14   2.4736E-05   2.4736E-05   1.00000
FLUX  941  2985.00        1.004330E+14   2.4571E-05   2.4572E-05   1.00000
FLUX  942  2995.00        1.000977E+14   2.4408E-05   2.4408E-05   1.00000
FLUX  943  3005.00        9.976456E+13   2.4247E-05   2.4247E-05   0.99999
FLUX  944  3015.00        9.943367E+13   2.4086E-05   2.4087E-05   0.99998
FLUX  945  3025.00        9.910496E+13   2.3896E-05   2.3929E-05   0.99864
FLUX  946  3035.00        9.877842E+13   2.3390E-05   2.3772E-05   0.98396
FLUX  947  3045.00        9.845402E+13   2.3368E-05   2.3616E-05   0.98947
FLUX  948  3055.00        9.813175E+13   2.3446E-05   2.3463E-05   0.99929
FLUX  949  3065.00        9.781158E+13   2.3310E-05   2.3310E-05   0.99998
FLUX  950  3075.00        9.749350E+13   2.3159E-05   2.3159E-05   0.99999
FLUX  951  3085.00        9.717747E+13   2.3009E-05   2.3010E-05   0.99997
FLUX  952  3095.00        9.686349E+13   2.2862E-05   2.2862E-05   1.00000
FLUX  953  3105.00        9.655153E+13   2.2715E-05   2.2715E-05   0.99999
FLUX  954  3115.00        9.624157E+13   2.2570E-05   2.2570E-05   1.00000
FLUX  955  3125.00        9.593360E+13   2.2426E-05   2.2426E-05   1.00000
FLUX  956  3135.00        9.562759E+13   2.2284E-05   2.2284E-05   1.00000
FLUX  957  3145.00        9.532353E+13   2.2143E-05   2.2143E-05   1.00000
FLUX  958  3155.00        9.502139E+13   2.2003E-05   2.2003E-05   1.00000
FLUX  959  3165.00        9.472117E+13   2.1865E-05   2.1865E-05   1.00000
FLUX  960  3175.00        9.442283E+13   2.1728E-05   2.1728E-05   1.00000
FLUX  961  3185.00        9.412637E+13   2.1592E-05   2.1592E-05   1.00000
FLUX  962  3195.00        9.383177E+13   2.1457E-05   2.1457E-05   1.00000
FLUX  963  3210.00        9.339330E+13   2.1257E-05   2.1257E-05   1.00000
FLUX  964  3230.00        9.281502E+13   2.0995E-05   2.0996E-05   1.00000
FLUX  965  3250.00        9.224385E+13   2.0738E-05   2.0738E-05   1.00000
FLUX  966  3270.00        9.167966E+13   2.0485E-05   2.0486E-05   0.99997
FLUX  967  3290.00        9.112234E+13   1.9891E-05   2.0251E-05   0.98222
FLUX  968  3310.00        9.057175E+13   1.9924E-05   2.0008E-05   0.99581
FLUX  969  3330.00        9.002778E+13   1.9767E-05   1.9768E-05   0.99994
FLUX  970  3350.00        8.949030E+13   1.9533E-05   1.9533E-05   1.00000
FLUX  971  3370.00        8.895920E+13   1.9302E-05   1.9302E-05   1.00000
FLUX  972  3390.00        8.843437E+13   1.9076E-05   1.9076E-05   1.00000
FLUX  973  3410.00        8.791569E+13   1.8853E-05   1.8853E-05   1.00000
FLUX  974  3430.00        8.740306E+13   1.8633E-05   1.8634E-05   0.99999
FLUX  975  3450.00        8.689638E+13   1.8418E-05   1.8418E-05   0.99999
FLUX  976  3470.00        8.639553E+13   1.8206E-05   1.8207E-05   0.99999
FLUX  977  3490.00        8.590043E+13   1.7998E-05   1.7999E-05   0.99999
FLUX  978  3510.00        8.541097E+13   1.7794E-05   1.7794E-05   0.99999
FLUX  979  3530.00        8.492705E+13   1.7593E-05   1.7593E-05   0.99999
FLUX  980  3550.00        8.444859E+13   1.7395E-05   1.7395E-05   0.99999
FLUX  981  3570.00        8.397549E+13   1.7201E-05   1.7201E-05   0.99999
FLUX  982  3590.00        8.350766E+13   1.7009E-05   1.7010E-05   0.99999
FLUX  983  3610.00        8.304501E+13   1.6821E-05   1.6822E-05   0.99998
FLUX  984  3630.00        8.258747E+13   1.6636E-05   1.6637E-05   0.99998
FLUX  985  3650.00        8.213493E+13   1.6454E-05   1.6455E-05   0.99998
FLUX  986  3670.00        8.168733E+13   1.6276E-05   1.6276E-05   0.99998
FLUX  987  3690.00        8.124458E+13   1.6099E-05   1.6100E-05   0.99997
FLUX  988  3710.00        8.080660E+13   1.5916E-05   1.5926E-05   0.99931
FLUX  989  3730.00        8.037332E+13   1.5581E-05   1.5756E-05   0.98892
FLUX  990  3750.00        7.994467E+13   1.5343E-05   1.5588E-05   0.98429
FLUX  991  3770.00        7.952056E+13   1.5420E-05   1.5423E-05   0.99980
FLUX  992  3790.00        7.910092E+13   1.5260E-05   1.5260E-05   0.99998
FLUX  993  3810.00        7.868570E+13   1.5090E-05   1.5100E-05   0.99935
FLUX  994  3830.00        7.827480E+13   1.4936E-05   1.4943E-05   0.99958
FLUX  995  3850.00        7.786818E+13   1.4787E-05   1.4788E-05   0.99999
FLUX  996  3870.00        7.746576E+13   1.4635E-05   1.4635E-05   0.99999
FLUX  997  3890.00        7.706748E+13   1.4484E-05   1.4484E-05   0.99997
FLUX  998  3910.00        7.667327E+13   1.4306E-05   1.4336E-05   0.99791
FLUX  999  3930.00        7.628308E+13   1.4190E-05   1.4191E-05   0.99998
FLUX 1000  3950.00        7.589684E+13   1.4047E-05   1.4047E-05   0.99999
FLUX 1001  3970.00        7.551448E+13   1.3905E-05   1.3905E-05   1.00000
FLUX 1002  3990.00        7.513596E+13   1.3766E-05   1.3766E-05   1.00000
FLUX 1003  4010.00        7.476122E+13   1.3603E-05   1.3629E-05   0.99812
FLUX 1004  4030.00        7.439020E+13   1.3440E-05   1.3493E-05   0.99602
FLUX 1005  4050.00        7.402284E+13   1.3055E-05   1.3360E-05   0.97717
FLUX 1006  4070.00        7.365909E+13   1.3222E-05   1.3229E-05   0.99949
FLUX 1007  4090.00        7.329890E+13   1.3099E-05   1.3099E-05   1.00000
FLUX 1008  4110.00        7.294221E+13   1.2971E-05   1.2971E-05   1.00000
FLUX 1009  4130.00        7.258898E+13   1.2842E-05   1.2846E-05   0.99970
FLUX 1010  4150.00        7.223916E+13   1.2716E-05   1.2722E-05   0.99956
FLUX 1011  4170.00        7.189269E+13   1.2536E-05   1.2600E-05   0.99492
FLUX 1012  4190.00        7.154952E+13   1.2471E-05   1.2479E-05   0.99932
FLUX 1013  4210.00        7.120962E+13   1.2360E-05   1.2360E-05   0.99999
FLUX 1014  4230.00        7.087293E+13   1.2243E-05   1.2243E-05   1.00000
FLUX 1015  4250.00        7.053941E+13   1.2126E-05   1.2128E-05   0.99986
FLUX 1016  4270.00        7.020902E+13   1.2014E-05   1.2014E-05   1.00000
FLUX 1017  4290.00        6.988170E+13   1.1895E-05   1.1902E-05   0.99946
FLUX 1018  4310.00        6.955742E+13   1.1791E-05   1.1791E-05   1.00000
FLUX 1019  4330.00        6.923614E+13   1.1682E-05   1.1682E-05   0.99999
FLUX 1020  4350.00        6.891782E+13   1.1574E-05   1.1574E-05   0.99997
FLUX 1021  4370.00        6.860240E+13   1.1392E-05   1.1468E-05   0.99339
FLUX 1022  4390.00        6.828986E+13   1.1332E-05   1.1363E-05   0.99726
FLUX 1023  4410.00        6.798016E+13   1.1260E-05   1.1260E-05   0.99998
FLUX 1024  4430.00        6.767325E+13   1.1158E-05   1.1158E-05   1.00000
FLUX 1025  4450.00        6.736910E+13   1.1057E-05   1.1058E-05   1.00000
FLUX 1026  4470.00        6.706767E+13   1.0962E-05   1.0962E-05   1.00000
FLUX 1027  4490.00        6.676893E+13   1.0865E-05   1.0865E-05   1.00000
FLUX 1028  4510.00        6.647284E+13   1.0768E-05   1.0768E-05   0.99999
FLUX 1029  4530.00        6.617936E+13   1.0672E-05   1.0672E-05   1.00000
FLUX 1030  4550.00        6.588846E+13   1.0578E-05   1.0578E-05   1.00000
FLUX 1031  4570.00        6.560011E+13   1.0485E-05   1.0485E-05   1.00000
FLUX 1032  4590.00        6.531427E+13   1.0394E-05   1.0394E-05   1.00000
FLUX 1033  4610.00        6.503091E+13   1.0302E-05   1.0303E-05   0.99991
FLUX 1034  4630.00        6.475000E+13   1.0206E-05   1.0214E-05   0.99924
FLUX 1035  4650.00        6.447151E+13   9.8362E-06   1.0126E-05   0.97142
FLUX 1036  4670.00        6.419540E+13   9.8991E-06   1.0039E-05   0.98611
FLUX 1037  4690.00        6.392164E+13   9.9247E-06   9.9526E-06   0.99720
FLUX 1038  4710.00        6.365021E+13   9.8675E-06   9.8677E-06   0.99998
FLUX 1039  4730.00        6.338108E+13   9.7838E-06   9.7839E-06   1.00000
FLUX 1040  4750.00        6.311421E+13   9.7010E-06   9.7011E-06   0.99999
FLUX 1041  4770.00        6.284958E+13   9.6194E-06   9.6194E-06   1.00000
FLUX 1042  4790.00        6.258716E+13   9.5387E-06   9.5387E-06   1.00000
FLUX 1043  4810.00        6.232692E+13   9.4590E-06   9.4590E-06   1.00000
FLUX 1044  4830.00        6.206884E+13   9.3803E-06   9.3803E-06   1.00000
FLUX 1045  4850.00        6.181289E+13   9.3026E-06   9.3026E-06   1.00000
FLUX 1046  4870.00        6.155903E+13   9.2258E-06   9.2258E-06   1.00000
FLUX 1047  4890.00        6.130726E+13   9.1500E-06   9.1500E-06   1.00000
FLUX 1048  4910.00        6.105754E+13   9.0750E-06   9.0750E-06   1.00000
FLUX 1049  4930.00        6.080984E+13   9.0010E-06   9.0010E-06   1.00000
FLUX 1050  4950.00        6.056414E+13   8.9279E-06   8.9279E-06   1.00000
FLUX 1051  4970.00        6.032042E+13   8.8556E-06   8.8557E-06   1.00000
FLUX 1052  4990.00        6.007866E+13   8.7843E-06   8.7843E-06   1.00000
FLUX 1053  5010.00        5.983882E+13   8.7138E-06   8.7138E-06   1.00000
FLUX 1054  5030.00        5.960089E+13   8.6441E-06   8.6441E-06   1.00000
FLUX 1055  5050.00        5.936485E+13   8.5752E-06   8.5752E-06   1.00000
FLUX 1056  5070.00        5.913067E+13   8.5071E-06   8.5072E-06   1.00000
FLUX 1057  5090.00        5.889833E+13   8.4398E-06   8.4399E-06   0.99999
FLUX 1058  5110.00        5.866781E+13   8.3522E-06   8.3734E-06   0.99746
FLUX 1059  5130.00        5.843908E+13   8.1685E-06   8.3078E-06   0.98324
FLUX 1060  5150.00        5.821214E+13   8.2302E-06   8.2428E-06   0.99846
FLUX 1061  5170.00        5.798694E+13   8.1786E-06   8.1786E-06   0.99999
FLUX 1062  5190.00        5.776349E+13   8.1152E-06   8.1152E-06   1.00000
FLUX 1063  5210.00        5.754175E+13   8.0525E-06   8.0525E-06   1.00000
FLUX 1064  5230.00        5.732170E+13   7.9905E-06   7.9905E-06   1.00000
FLUX 1065  5250.00        5.710333E+13   7.9292E-06   7.9292E-06   1.00000
FLUX 1066  5270.00        5.688662E+13   7.8686E-06   7.8687E-06   1.00000
FLUX 1067  5290.00        5.667155E+13   7.8088E-06   7.8088E-06   1.00000
FLUX 1068  5310.00        5.645810E+13   7.7495E-06   7.7495E-06   1.00000
FLUX 1069  5330.00        5.624625E+13   7.6910E-06   7.6910E-06   1.00000
FLUX 1070  5350.00        5.603598E+13   7.6331E-06   7.6331E-06   1.00000
FLUX 1071  5370.00        5.582728E+13   7.5758E-06   7.5758E-06   1.00000
FLUX 1072  5390.00        5.562013E+13   7.5192E-06   7.5192E-06   1.00000
FLUX 1073  5410.00        5.541451E+13   7.4632E-06   7.4632E-06   1.00000
FLUX 1074  5430.00        5.521041E+13   7.4079E-06   7.4079E-06   1.00000
FLUX 1075  5450.00        5.500780E+13   7.3531E-06   7.3531E-06   1.00000
FLUX 1076  5470.00        5.480667E+13   7.2990E-06   7.2990E-06   1.00000
FLUX 1077  5490.00        5.460701E+13   7.2454E-06   7.2454E-06   1.00000
FLUX 1078  5510.00        5.440880E+13   7.1924E-06   7.1924E-06   1.00000
FLUX 1079  5530.00        5.421203E+13   7.1400E-06   7.1400E-06   1.00000
FLUX 1080  5550.00        5.401667E+13   7.0882E-06   7.0882E-06   1.00000
FLUX 1081  5570.00        5.382271E+13   7.0369E-06   7.0369E-06   1.00000
FLUX 1082  5590.00        5.363014E+13   6.9861E-06   6.9861E-06   1.00000
FLUX 1083  5610.00        5.343895E+13   6.9359E-06   6.9359E-06   1.00000
FLUX 1084  5630.00        5.324911E+13   6.8863E-06   6.8863E-06   1.00000
FLUX 1085  5650.00        5.306062E+13   6.8372E-06   6.8372E-06   1.00000
FLUX 1086  5670.00        5.287346E+13   6.7885E-06   6.7885E-06   1.00000
FLUX 1087  5690.00        5.268761E+13   6.7404E-06   6.7404E-06   1.00000
FLUX 1088  5710.00        5.250306E+13   6.6928E-06   6.6928E-06   1.00000
FLUX 1089  5730.00        5.231981E+13   6.6457E-06   6.6457E-06   1.00000
FLUX 1090  5750.00        5.213783E+13   6.5991E-06   6.5991E-06   1.00000
FLUX 1091  5770.00        5.195711E+13   6.5530E-06   6.5530E-06   1.00000
FLUX 1092  5790.00        5.177763E+13   6.5074E-06   6.5074E-06   1.00000
FLUX 1093  5810.00        5.159940E+13   6.4622E-06   6.4622E-06   1.00000
FLUX 1094  5830.00        5.142238E+13   6.4175E-06   6.4175E-06   1.00000
FLUX 1095  5850.00        5.124658E+13   6.3748E-06   6.3748E-06   0.99999
FLUX 1096  5870.00        5.107198E+13   6.3309E-06   6.3310E-06   0.99998
FLUX 1097  5890.00        5.089856E+13   6.2645E-06   6.2877E-06   0.99632
FLUX 1098  5910.00        5.072631E+13   6.0935E-06   6.2447E-06   0.97578
FLUX 1099  5930.00        5.055523E+13   6.1895E-06   6.2023E-06   0.99794
FLUX 1100  5950.00        5.038529E+13   6.1601E-06   6.1602E-06   0.99999
FLUX 1101  5970.00        5.021650E+13   6.1185E-06   6.1186E-06   1.00000
FLUX 1102  5990.00        5.004883E+13   6.0773E-06   6.0773E-06   1.00000
FLUX 1103  6010.00        4.988228E+13   6.0365E-06   6.0365E-06   1.00000
FLUX 1104  6030.00        4.971683E+13   5.9961E-06   5.9961E-06   0.99999
FLUX 1105  6050.00        4.955248E+13   5.9561E-06   5.9561E-06   1.00000
FLUX 1106  6070.00        4.938921E+13   5.9165E-06   5.9165E-06   1.00000
FLUX 1107  6090.00        4.922701E+13   5.8773E-06   5.8773E-06   1.00000
FLUX 1108  6110.00        4.906588E+13   5.8385E-06   5.8385E-06   1.00000
FLUX 1109  6130.00        4.890579E+13   5.8001E-06   5.8001E-06   1.00000
FLUX 1110  6150.00        4.874675E+13   5.7620E-06   5.7620E-06   1.00000
FLUX 1111  6170.00        4.858874E+13   5.7243E-06   5.7243E-06   1.00000
FLUX 1112  6190.00        4.843174E+13   5.6869E-06   5.6869E-06   1.00000
FLUX 1113  6210.00        4.827576E+13   5.6500E-06   5.6500E-06   1.00000
FLUX 1114  6230.00        4.812079E+13   5.6133E-06   5.6133E-06   1.00000
FLUX 1115  6250.00        4.796680E+13   5.5771E-06   5.5771E-06   1.00000
FLUX 1116  6270.00        4.781380E+13   5.5411E-06   5.5411E-06   1.00000
FLUX 1117  6290.00        4.766176E+13   5.5056E-06   5.5056E-06   1.00000
FLUX 1118  6310.00        4.751070E+13   5.4703E-06   5.4703E-06   1.00000
FLUX 1119  6330.00        4.736058E+13   5.4354E-06   5.4354E-06   1.00000
FLUX 1120  6350.00        4.721142E+13   5.4008E-06   5.4008E-06   1.00000
FLUX 1121  6370.00        4.706319E+13   5.3666E-06   5.3666E-06   1.00000
FLUX 1122  6390.00        4.691588E+13   5.3327E-06   5.3327E-06   1.00000
FLUX 1123  6420.00        4.669665E+13   5.2823E-06   5.2824E-06   1.00000
FLUX 1124  6460.00        4.640751E+13   5.2164E-06   5.2164E-06   1.00000
FLUX 1125  6500.00        4.612192E+13   5.1516E-06   5.1516E-06   1.00000
FLUX 1126  6540.00        4.583983E+13   5.0880E-06   5.0880E-06   1.00000
FLUX 1127  6580.00        4.556117E+13   5.0256E-06   5.0256E-06   1.00000
FLUX 1128  6620.00        4.528588E+13   4.9644E-06   4.9644E-06   1.00000
FLUX 1129  6660.00        4.501389E+13   4.9042E-06   4.9042E-06   1.00000
FLUX 1130  6700.00        4.474515E+13   4.8451E-06   4.8451E-06   1.00000
FLUX 1131  6740.00        4.447960E+13   4.7871E-06   4.7871E-06   1.00000
FLUX 1132  6780.00        4.421718E+13   4.7301E-06   4.7301E-06   1.00000
FLUX 1133  6820.00        4.395784E+13   4.6741E-06   4.6741E-06   1.00000
FLUX 1134  6860.00        4.370153E+13   4.6190E-06   4.6190E-06   1.00000
FLUX 1135  6900.00        4.344819E+13   4.5650E-06   4.5650E-06   1.00000
FLUX 1136  6940.00        4.319777E+13   4.5118E-06   4.5118E-06   1.00000
FLUX 1137  6980.00        4.295021E+13   4.4596E-06   4.4596E-06   1.00000
FLUX 1138  7020.00        4.270548E+13   4.4083E-06   4.4083E-06   1.00000
FLUX 1139  7060.00        4.246353E+13   4.3578E-06   4.3578E-06   1.00000
FLUX 1140  7100.00        4.222430E+13   4.3082E-06   4.3082E-06   1.00000
FLUX 1141  7140.00        4.198775E+13   4.2595E-06   4.2595E-06   1.00000
FLUX 1142  7180.00        4.175383E+13   4.2115E-06   4.2115E-06   1.00000
FLUX 1143  7220.00        4.152251E+13   4.1644E-06   4.1644E-06   1.00000
FLUX 1144  7260.00        4.129373E+13   4.1180E-06   4.1180E-06   1.00000
FLUX 1145  7300.00        4.106747E+13   4.0724E-06   4.0724E-06   1.00000
FLUX 1146  7340.00        4.084366E+13   4.0276E-06   4.0276E-06   1.00000
FLUX 1147  7380.00        4.062229E+13   3.9834E-06   3.9834E-06   1.00000
FLUX 1148  7420.00        4.040330E+13   3.9364E-06   3.9401E-06   0.99906
FLUX 1149  7460.00        4.018666E+13   3.8148E-06   3.8974E-06   0.97882
FLUX 1150  7500.00        3.997233E+13   3.7757E-06   3.8554E-06   0.97934
FLUX 1151  7540.00        3.976028E+13   3.8110E-06   3.8140E-06   0.99920
FLUX 1152  7580.00        3.955046E+13   3.7733E-06   3.7733E-06   1.00000
FLUX 1153  7620.00        3.934285E+13   3.7333E-06   3.7333E-06   1.00000
FLUX 1154  7660.00        3.913740E+13   3.6939E-06   3.6939E-06   1.00000
FLUX 1155  7700.00        3.893409E+13   3.6551E-06   3.6551E-06   1.00000
FLUX 1156  7740.00        3.873288E+13   3.6169E-06   3.6169E-06   1.00000
FLUX 1157  7780.00        3.853374E+13   3.5793E-06   3.5793E-06   1.00000
FLUX 1158  7820.00        3.833664E+13   3.5422E-06   3.5423E-06   1.00000
FLUX 1159  7860.00        3.814154E+13   3.5058E-06   3.5058E-06   1.00000
FLUX 1160  7900.00        3.794842E+13   3.4699E-06   3.4699E-06   1.00000
FLUX 1161  7940.00        3.775724E+13   3.4345E-06   3.4345E-06   1.00000
FLUX 1162  7980.00        3.756798E+13   3.3997E-06   3.3997E-06   1.00000
FLUX 1163  8020.00        3.738061E+13   3.3654E-06   3.3654E-06   1.00000
FLUX 1164  8060.00        3.719510E+13   3.3316E-06   3.3316E-06   1.00000
FLUX 1165  8100.00        3.701142E+13   3.2983E-06   3.2983E-06   1.00000
FLUX 1166  8140.00        3.682955E+13   3.2655E-06   3.2655E-06   1.00000
FLUX 1167  8180.00        3.664945E+13   3.2332E-06   3.2332E-06   1.00000
FLUX 1168  8220.00        3.647111E+13   3.2013E-06   3.2013E-06   1.00000
FLUX 1169  8260.00        3.629449E+13   3.1699E-06   3.1699E-06   1.00000
FLUX 1170  8300.00        3.611958E+13   3.1390E-06   3.1390E-06   1.00000
FLUX 1171  8340.00        3.594634E+13   3.1085E-06   3.1085E-06   1.00000
FLUX 1172  8380.00        3.577476E+13   3.0785E-06   3.0785E-06   1.00000
FLUX 1173  8420.00        3.560481E+13   3.0489E-06   3.0489E-06   1.00000
FLUX 1174  8460.00        3.543647E+13   3.0197E-06   3.0197E-06   1.00000
FLUX 1175  8500.00        3.526971E+13   2.9909E-06   2.9909E-06   1.00000
FLUX 1176  8540.00        3.510451E+13   2.9625E-06   2.9625E-06   1.00000
FLUX 1177  8580.00        3.494085E+13   2.9346E-06   2.9346E-06   1.00000
FLUX 1178  8620.00        3.477871E+13   2.9070E-06   2.9070E-06   1.00000
FLUX 1179  8660.00        3.461807E+13   2.8798E-06   2.8798E-06   1.00000
FLUX 1180  8700.00        3.445891E+13   2.8530E-06   2.8530E-06   1.00000
FLUX 1181  8740.00        3.430120E+13   2.8265E-06   2.8265E-06   1.00000
FLUX 1182  8780.00        3.414493E+13   2.8004E-06   2.8004E-06   1.00000
FLUX 1183  8820.00        3.399008E+13   2.7747E-06   2.7747E-06   1.00000
FLUX 1184  8860.00        3.383663E+13   2.7493E-06   2.7493E-06   1.00000
FLUX 1185  8900.00        3.368455E+13   2.7243E-06   2.7243E-06   1.00000
FLUX 1186  8940.00        3.353384E+13   2.6996E-06   2.6996E-06   1.00000
FLUX 1187  8980.00        3.338447E+13   2.6752E-06   2.6752E-06   1.00000
FLUX 1188  9020.00        3.323642E+13   2.6512E-06   2.6512E-06   1.00000
FLUX 1189  9060.00        3.308968E+13   2.6275E-06   2.6275E-06   1.00000
FLUX 1190  9100.00        3.294423E+13   2.6041E-06   2.6041E-06   1.00000
FLUX 1191  9140.00        3.280005E+13   2.5810E-06   2.5810E-06   1.00000
FLUX 1192  9180.00        3.265714E+13   2.5582E-06   2.5582E-06   1.00000
FLUX 1193  9220.00        3.251546E+13   2.5357E-06   2.5357E-06   1.00000
FLUX 1194  9260.00        3.237500E+13   2.5135E-06   2.5135E-06   1.00000
FLUX 1195  9300.00        3.223575E+13   2.4916E-06   2.4916E-06   1.00000
FLUX 1196  9340.00        3.209770E+13   2.4699E-06   2.4699E-06   1.00000
FLUX 1197  9380.00        3.196082E+13   2.4486E-06   2.4486E-06   1.00000
FLUX 1198  9420.00        3.182511E+13   2.4275E-06   2.4275E-06   1.00000
FLUX 1199  9460.00        3.169054E+13   2.4067E-06   2.4067E-06   1.00000
FLUX 1200  9500.00        3.155711E+13   2.3861E-06   2.3861E-06   1.00000
FLUX 1201  9540.00        3.142479E+13   2.3658E-06   2.3658E-06   1.00000
FLUX 1202  9580.00        3.129358E+13   2.3458E-06   2.3458E-06   1.00000
FLUX 1203  9620.00        3.116346E+13   2.3260E-06   2.3260E-06   1.00000
FLUX 1204  9660.00        3.103442E+13   2.3065E-06   2.3065E-06   1.00000
FLUX 1205  9700.00        3.090644E+13   2.2872E-06   2.2872E-06   1.00000
FLUX 1206  9740.00        3.077952E+13   2.2681E-06   2.2681E-06   1.00000
FLUX 1207  9780.00        3.065363E+13   2.2493E-06   2.2493E-06   1.00000
FLUX 1208  9820.00        3.052877E+13   2.2307E-06   2.2307E-06   1.00000
FLUX 1209  9860.00        3.040492E+13   2.2124E-06   2.2124E-06   1.00000
FLUX 1210  9900.00        3.028207E+13   2.1942E-06   2.1942E-06   1.00000
FLUX 1211  9940.00        3.016021E+13   2.1763E-06   2.1763E-06   1.00000
FLUX 1212  9980.00        3.003933E+13   2.1586E-06   2.1586E-06   1.00000
FLUX 1213 10020.00        2.991941E+13   2.1411E-06   2.1411E-06   1.00000
FLUX 1214 20000.00        1.498963E+13   5.2314E-07   5.2314E-07   1.00000
FLUX 1215 40000.00        7.494813E+12   1.2681E-07   1.2681E-07   1.00000
FLUX 1216 60000.00        4.996542E+12   5.5295E-08   5.5295E-08   1.00000
FLUX 1217 80000.00        3.747406E+12   3.0662E-08   3.0662E-08   1.00000
FLUX 1218100000.00        2.997925E+12   1.9399E-08   1.9399E-08   1.00000
FLUX 1219120000.00        2.498271E+12   1.3341E-08   1.3341E-08   1.00000
FLUX 1220140000.00        2.141375E+12   9.7195E-09   9.7195E-09   1.00000
FLUX 1221160000.00        1.873703E+12   7.3864E-09   7.3864E-09   1.00000
FLUX
