TEFF  14000.  GRAVITY 4.50000 LTE 
TITLE TEST MODEL WITH SDSC OPACITY  VTURB 2 KM/S                                
 OPACITY IFOP
FLUX   45    23.00        1.303446E+16   4.6520E-32   4.6655E-32   0.99710
FLUX   46    23.40        1.281165E+16   1.3812E-31   1.3848E-31   0.99742
FLUX   47    24.00        1.249135E+16   6.6563E-31   6.6715E-31   0.99772
FLUX   48    24.65        1.216197E+16   3.3890E-30   3.3960E-30   0.99793
FLUX   49    25.24        1.187767E+16   1.3951E-29   1.3951E-29   0.99997
FLUX   50    25.68        1.167416E+16   3.8534E-29   3.8541E-29   0.99983
FLUX   51    26.00        1.153048E+16   7.9158E-29   7.9160E-29   0.99997
FLUX   52    26.40        1.135578E+16   1.9044E-28   1.9044E-28   0.99997
FLUX   53    26.85        1.116546E+16   4.9433E-28   4.9434E-28   0.99998
FLUX   54    27.35        1.096133E+16   1.3787E-27   1.3788E-27   0.99992
FLUX   55    27.85        1.076454E+16   3.7418E-27   3.7419E-27   0.99998
FLUX   56    28.40        1.055607E+16   1.0781E-26   1.0781E-26   0.99997
FLUX   57    29.00        1.033767E+16   3.2754E-26   3.2755E-26   0.99997
FLUX   58    29.60        1.012813E+16   9.5060E-26   9.5062E-26   0.99998
FLUX   59    30.10        9.959884E+15   2.2539E-25   2.2547E-25   0.99961
FLUX   60    30.80        9.733523E+15   7.2166E-25   7.2172E-25   0.99991
FLUX   61    31.80        9.427437E+15   3.4992E-24   3.4992E-24   0.99998
FLUX   62    32.80        9.140015E+15   1.5528E-23   1.5530E-23   0.99989
FLUX   63    33.80        8.869601E+15   6.3339E-23   6.3340E-23   0.99999
FLUX   64    34.80        8.614727E+15   2.3984E-22   2.3986E-22   0.99992
FLUX   65    35.70        8.397549E+15   7.5800E-22   7.5827E-22   0.99964
FLUX   66    36.60        8.191052E+15   2.2416E-21   2.2422E-21   0.99974
FLUX   67    37.50        7.994467E+15   6.2804E-21   6.2930E-21   0.99800
FLUX   68    38.50        7.786818E+15   1.8758E-20   1.8775E-20   0.99909
FLUX   69    39.50        7.589684E+15   5.2986E-20   5.3055E-20   0.99870
FLUX   70    40.50        7.402284E+15   1.4262E-19   1.4271E-19   0.99940
FLUX   71    41.40        7.241365E+15   3.3409E-19   3.3426E-19   0.99949
FLUX   72    42.20        7.104088E+15   6.9030E-19   6.9144E-19   0.99835
FLUX   73    43.00        6.971919E+15   1.3838E-18   1.3920E-18   0.99411
FLUX   74    44.10        6.798016E+15   3.4947E-18   3.4987E-18   0.99886
FLUX   75    45.10        6.647284E+15   7.7699E-18   7.7759E-18   0.99923
FLUX   76    46.00        6.517228E+15   1.5484E-17   1.5495E-17   0.99928
FLUX   77    47.00        6.378564E+15   3.2307E-17   3.2336E-17   0.99908
FLUX   78    48.00        6.245677E+15   6.5363E-17   6.5416E-17   0.99920
FLUX   79    49.00        6.118214E+15   1.2865E-16   1.2868E-16   0.99978
FLUX   80    50.00        5.995850E+15   2.4606E-16   2.4609E-16   0.99989
FLUX   81    50.60        5.924753E+15   6.6511E-15   1.0123E-14   0.65703
FLUX   82    51.20        5.855322E+15   1.3945E-14   1.4672E-14   0.95044
FLUX   83    52.00        5.765240E+15   2.0589E-14   2.1546E-14   0.95557
FLUX   84    53.00        5.656462E+15   3.3043E-14   3.4284E-14   0.96380
FLUX   85    54.00        5.551713E+15   4.9906E-14   5.3659E-14   0.93007
FLUX   86    55.00        5.450773E+15   8.1425E-14   8.2713E-14   0.98443
FLUX   87    56.00        5.353438E+15   1.2364E-13   1.2560E-13   0.98445
FLUX   88    57.00        5.259518E+15   1.8771E-13   1.8801E-13   0.99841
FLUX   89    58.00        5.168836E+15   2.6103E-13   2.8294E-13   0.92257
FLUX   90    59.00        5.081229E+15   4.0366E-13   4.1183E-13   0.98016
FLUX   91    60.00        4.996542E+15   5.8181E-13   5.9220E-13   0.98245
FLUX   92    61.00        4.914631E+15   8.4100E-13   8.4172E-13   0.99914
FLUX   93    62.00        4.835363E+15   1.1710E-12   1.1832E-12   0.98971
FLUX   94    63.00        4.758611E+15   1.6448E-12   1.6458E-12   0.99935
FLUX   95    64.00        4.684258E+15   2.2308E-12   2.2676E-12   0.98378
FLUX   96    65.00        4.612192E+15   3.0813E-12   3.0945E-12   0.99574
FLUX   97    65.80        4.556117E+15   3.9369E-12   3.9417E-12   0.99878
FLUX   98    66.50        4.508158E+15   4.8001E-12   4.8485E-12   0.99002
FLUX   99    67.50        4.441370E+15   6.3632E-12   6.4699E-12   0.98350
FLUX  100    68.50        4.376533E+15   8.4662E-12   8.5625E-12   0.98875
FLUX  101    69.50        4.313561E+15   1.1218E-11   1.1243E-11   0.99780
FLUX  102    70.50        4.252376E+15   1.4553E-11   1.4649E-11   0.99346
FLUX  103    71.60        4.187046E+15   1.9257E-11   1.9434E-11   0.99085
FLUX  104    72.60        4.129373E+15   2.4842E-11   2.4945E-11   0.99587
FLUX  105    73.50        4.078810E+15   3.0779E-11   3.1057E-11   0.99105
FLUX  106    74.50        4.024060E+15   3.9169E-11   3.9379E-11   0.99466
FLUX  107    75.50        3.970762E+15   4.9379E-11   4.9619E-11   0.99516
FLUX  108    76.50        3.918856E+15   6.1704E-11   6.2189E-11   0.99220
FLUX  109    77.50        3.868290E+15   7.7246E-11   7.7447E-11   0.99741
FLUX  110    78.50        3.819013E+15   9.5868E-11   9.5914E-11   0.99952
FLUX  111    79.50        3.770975E+15   1.1695E-10   1.1815E-10   0.98984
FLUX  112    80.50        3.724130E+15   1.4392E-10   1.4478E-10   0.99401
FLUX  113    81.50        3.678436E+15   1.7533E-10   1.7655E-10   0.99310
FLUX  114    82.50        3.633848E+15   2.1280E-10   2.1425E-10   0.99323
FLUX  115    83.50        3.590329E+15   2.5402E-10   2.5882E-10   0.98147
FLUX  116    84.50        3.547840E+15   3.0893E-10   3.1126E-10   0.99253
FLUX  117    85.50        3.506345E+15   3.6884E-10   3.7273E-10   0.98955
FLUX  118    86.50        3.465809E+15   4.4228E-10   4.4443E-10   0.99515
FLUX  119    87.50        3.426200E+15   5.2359E-10   5.2779E-10   0.99204
FLUX  120    88.50        3.387486E+15   6.2389E-10   6.2437E-10   0.99923
FLUX  121    89.50        3.349637E+15   7.3459E-10   7.3583E-10   0.99831
FLUX  122    90.50        3.312624E+15   8.4987E-10   8.6403E-10   0.98361
FLUX  123    91.50        3.276421E+15   6.0992E-09   3.8801E-05   0.00016
FLUX  124    92.50        3.241000E+15   2.8387E-08   3.8882E-05   0.00073
FLUX  125    93.50        3.206337E+15   4.6092E-08   3.8977E-05   0.00118
FLUX  126    94.50        3.172407E+15   1.1208E-07   3.9083E-05   0.00287
FLUX  127    95.50        3.139188E+15   6.5019E-07   3.9203E-05   0.01659
FLUX  128    96.50        3.106658E+15   1.0650E-06   3.9338E-05   0.02707
FLUX  129    97.50        3.074795E+15   2.8570E-07   3.9494E-05   0.00723
FLUX  130    98.50        3.043579E+15   4.2697E-06   3.9663E-05   0.10765
FLUX  131    99.50        3.012990E+15   5.6061E-06   3.9847E-05   0.14069
FLUX  132   100.50        2.983010E+15   8.4486E-06   4.0043E-05   0.21099
FLUX  133   101.50        2.953621E+15   4.1413E-06   4.0254E-05   0.10288
FLUX  134   102.50        2.924805E+15   2.1964E-07   4.4096E-05   0.00498
FLUX  135   103.50        2.896546E+15   2.4304E-06   4.4283E-05   0.05488
FLUX  136   104.50        2.868828E+15   1.2641E-05   4.4486E-05   0.28416
FLUX  137   105.50        2.841635E+15   1.8060E-05   4.4700E-05   0.40403
FLUX  138   106.50        2.814953E+15   1.5761E-05   4.4929E-05   0.35081
FLUX  139   107.50        2.788767E+15   1.9629E-05   4.5172E-05   0.43454
FLUX  140   108.50        2.763065E+15   1.6589E-05   4.5429E-05   0.36516
FLUX  141   109.50        2.737831E+15   2.0602E-05   4.5701E-05   0.45080
FLUX  142   110.50        2.713054E+15   2.6373E-05   7.5225E-05   0.35059
FLUX  143   111.50        2.688722E+15   2.6141E-05   7.5371E-05   0.34683
FLUX  144   112.50        2.664822E+15   2.8674E-05   7.5488E-05   0.37985
FLUX  145   113.50        2.641344E+15   3.2772E-05   7.7003E-05   0.42559
FLUX  146   114.50        2.618275E+15   2.9552E-05   7.7127E-05   0.38315
FLUX  147   115.50        2.595606E+15   3.3603E-05   7.7245E-05   0.43502
FLUX  148   116.50        2.573326E+15   3.7750E-05   7.7360E-05   0.48798
FLUX  149   117.50        2.551426E+15   3.4745E-05   7.7858E-05   0.44626
FLUX  150   118.50        2.529895E+15   3.3135E-05   7.7976E-05   0.42494
FLUX  151   119.50        2.508724E+15   8.5196E-06   7.8093E-05   0.10910
FLUX  152   120.50        2.487905E+15   7.7068E-06   7.8207E-05   0.09854
FLUX  153   121.50        2.467428E+15   6.9606E-07   7.8319E-05   0.00889
FLUX  154   122.50        2.447286E+15   4.6312E-06   7.9317E-05   0.05839
FLUX  155   123.50        2.427470E+15   2.9902E-05   7.9430E-05   0.37646
FLUX  156   124.50        2.407972E+15   4.5232E-05   8.5540E-05   0.52878
FLUX  157   125.50        2.388785E+15   4.3654E-05   8.5591E-05   0.51003
FLUX  158   126.50        2.369901E+15   2.5534E-05   8.5637E-05   0.29817
FLUX  159   127.50        2.351314E+15   5.4335E-05   8.5679E-05   0.63418
FLUX  160   128.50        2.333016E+15   6.1900E-05   8.5719E-05   0.72212
FLUX  161   129.50        2.315000E+15   5.1696E-05   8.5756E-05   0.60282
FLUX  162   130.50        2.297261E+15   4.5364E-05   8.5789E-05   0.52879
FLUX  163   131.50        2.279791E+15   6.0029E-05   8.5822E-05   0.69946
FLUX  164   132.50        2.262585E+15   6.0107E-05   8.5863E-05   0.70003
FLUX  165   133.50        2.245637E+15   5.3006E-05   8.5901E-05   0.61706
FLUX  166   134.50        2.228941E+15   6.5873E-05   8.5936E-05   0.76653
FLUX  167   135.50        2.212491E+15   6.2808E-05   8.5968E-05   0.73060
FLUX  168   136.50        2.196282E+15   5.6348E-05   8.5997E-05   0.65523
FLUX  169   137.50        2.180309E+15   6.4199E-05   8.6026E-05   0.74628
FLUX  170   138.50        2.164567E+15   6.6725E-05   8.6052E-05   0.77541
FLUX  171   139.50        2.149050E+15   6.7886E-05   8.6075E-05   0.78868
FLUX  172   140.50        2.133754E+15   6.8787E-05   8.6098E-05   0.79894
FLUX  173   141.50        2.118675E+15   6.3618E-05   8.6122E-05   0.73870
FLUX  174   142.50        2.103807E+15   6.6997E-05   8.6177E-05   0.77744
FLUX  175   143.50        2.089146E+15   6.3780E-05   8.6196E-05   0.73995
FLUX  176   144.20        2.079005E+15   6.9864E-05   8.6208E-05   0.81041
FLUX  177   144.70        2.071821E+15   7.3004E-05   8.6496E-05   0.84401
FLUX  178   145.50        2.060430E+15   7.1330E-05   8.6504E-05   0.82459
FLUX  179   146.50        2.046365E+15   6.7381E-05   8.6511E-05   0.77887
FLUX  180   147.50        2.032492E+15   6.4972E-05   8.6516E-05   0.75098
FLUX  181   148.50        2.018805E+15   6.7209E-05   8.6519E-05   0.77681
FLUX  182   149.50        2.005301E+15   7.0980E-05   8.6520E-05   0.82038
FLUX  183   150.50        1.991977E+15   6.9579E-05   8.6519E-05   0.80421
FLUX  184   151.20        1.982755E+15   6.4446E-05   8.6516E-05   0.74491
FLUX  185   151.70        1.976220E+15   7.0221E-05   8.6513E-05   0.81167
FLUX  186   152.50        1.965852E+15   6.2523E-05   8.6670E-05   0.72139
FLUX  187   153.50        1.953046E+15   5.6425E-05   8.6661E-05   0.65110
FLUX  188   154.50        1.940405E+15   6.9266E-05   8.6651E-05   0.79938
FLUX  189   155.50        1.927926E+15   6.3998E-05   8.6638E-05   0.73868
FLUX  190   156.50        1.915607E+15   6.1555E-05   8.6625E-05   0.71060
FLUX  191   157.50        1.903444E+15   6.4105E-05   8.6612E-05   0.74014
FLUX  192   158.50        1.891435E+15   6.9264E-05   8.6595E-05   0.79986
FLUX  193   159.50        1.879577E+15   7.1740E-05   8.6577E-05   0.82863
FLUX  194   160.50        1.867866E+15   6.8276E-05   8.6557E-05   0.78880
FLUX  195   161.50        1.856300E+15   6.9856E-05   8.6536E-05   0.80724
FLUX  196   162.50        1.844877E+15   6.5540E-05   8.6514E-05   0.75756
FLUX  197   163.50        1.833593E+15   6.8446E-05   8.6490E-05   0.79137
FLUX  198   164.50        1.822447E+15   6.9993E-05   8.6465E-05   0.80949
FLUX  199   165.50        1.811435E+15   6.3036E-05   8.6439E-05   0.72925
FLUX  200   166.50        1.800556E+15   7.0225E-05   8.6413E-05   0.81267
FLUX  201   167.20        1.793017E+15   6.2333E-05   8.6395E-05   0.72149
FLUX  202   167.70        1.787671E+15   6.8428E-05   8.6427E-05   0.79175
FLUX  203   168.50        1.779184E+15   7.4101E-05   8.6405E-05   0.85760
FLUX  204   169.50        1.768687E+15   7.0672E-05   8.6376E-05   0.81819
FLUX  205   170.50        1.758314E+15   6.7245E-05   8.6346E-05   0.77879
FLUX  206   171.50        1.748061E+15   6.3518E-05   8.6315E-05   0.73588
FLUX  207   172.50        1.737928E+15   6.3236E-05   8.6283E-05   0.73290
FLUX  208   173.50        1.727911E+15   6.7302E-05   8.6249E-05   0.78032
FLUX  209   174.50        1.718009E+15   6.6719E-05   8.6214E-05   0.77388
FLUX  210   175.50        1.708219E+15   7.2622E-05   8.6178E-05   0.84269
FLUX  211   176.50        1.698541E+15   6.4949E-05   8.6142E-05   0.75398
FLUX  212   177.50        1.688972E+15   7.0435E-05   8.6105E-05   0.81801
FLUX  213   178.50        1.679510E+15   7.1839E-05   8.6067E-05   0.83469
FLUX  214   179.50        1.670153E+15   7.5904E-05   8.6028E-05   0.88232
FLUX  215   180.50        1.660900E+15   7.4858E-05   8.5989E-05   0.87056
FLUX  216   181.50        1.651749E+15   7.2418E-05   8.5949E-05   0.84257
FLUX  217   182.50        1.642699E+15   7.2309E-05   8.5909E-05   0.84170
FLUX  218   183.50        1.633747E+15   7.0228E-05   8.5876E-05   0.81778
FLUX  219   184.50        1.624892E+15   6.6417E-05   8.5842E-05   0.77371
FLUX  220   185.50        1.616132E+15   6.6939E-05   8.5808E-05   0.78011
FLUX  221   186.50        1.607466E+15   6.8391E-05   8.5773E-05   0.79735
FLUX  222   187.50        1.598893E+15   7.4315E-05   8.5738E-05   0.86677
FLUX  223   188.50        1.590411E+15   7.0735E-05   8.5702E-05   0.82536
FLUX  224   189.50        1.582018E+15   6.9172E-05   8.5666E-05   0.80746
FLUX  225   190.50        1.573714E+15   7.1944E-05   8.5629E-05   0.84019
FLUX  226   191.50        1.565496E+15   7.0834E-05   8.5642E-05   0.82710
FLUX  227   192.50        1.557364E+15   7.0954E-05   8.5605E-05   0.82885
FLUX  228   193.50        1.549315E+15   7.2879E-05   8.5566E-05   0.85173
FLUX  229   194.50        1.541350E+15   7.4481E-05   8.5527E-05   0.87085
FLUX  230   195.50        1.533465E+15   7.1653E-05   8.5487E-05   0.83817
FLUX  231   196.70        1.524110E+15   7.7067E-05   8.5442E-05   0.90198
FLUX  232   197.60        1.517169E+15   7.8976E-05   8.5408E-05   0.92470
FLUX  233   198.40        1.511051E+15   7.5884E-05   8.5390E-05   0.88868
FLUX  234   199.50        1.502719E+15   7.3186E-05   8.5348E-05   0.85750
FLUX  235   200.50        1.495224E+15   7.5650E-05   8.5308E-05   0.88679
FLUX  236   201.50        1.487804E+15   7.2483E-05   8.5269E-05   0.85006
FLUX  237   202.50        1.480457E+15   7.7075E-05   8.5229E-05   0.90433
FLUX  238   203.50        1.473182E+15   7.4321E-05   8.5188E-05   0.87244
FLUX  239   204.50        1.465978E+15   7.6494E-05   8.5147E-05   0.89837
FLUX  240   205.50        1.458844E+15   7.3553E-05   8.5106E-05   0.86426
FLUX  241   206.50        1.451780E+15   7.4742E-05   8.5064E-05   0.87865
FLUX  242   207.40        1.445480E+15   7.6960E-05   8.5026E-05   0.90514
FLUX  243   207.80        1.442697E+15   7.6388E-05   8.5018E-05   0.89850
FLUX  244   208.50        1.437854E+15   7.7993E-05   8.4988E-05   0.91770
FLUX  245   209.50        1.430990E+15   7.4579E-05   8.4945E-05   0.87797
FLUX  246   210.50        1.424192E+15   7.5455E-05   8.4902E-05   0.88872
FLUX  247   211.50        1.417459E+15   7.5920E-05   8.4859E-05   0.89467
FLUX  248   212.50        1.410788E+15   7.7027E-05   8.4815E-05   0.90817
FLUX  249   213.50        1.404180E+15   7.1541E-05   8.4772E-05   0.84393
FLUX  250   214.50        1.397634E+15   7.5666E-05   8.4728E-05   0.89305
FLUX  251   215.50        1.391148E+15   7.7447E-05   8.4684E-05   0.91454
FLUX  252   216.50        1.384723E+15   7.4652E-05   8.4640E-05   0.88200
FLUX  253   217.50        1.378356E+15   7.4095E-05   8.4596E-05   0.87588
FLUX  254   218.50        1.372048E+15   7.3037E-05   8.4551E-05   0.86382
FLUX  255   219.50        1.365797E+15   7.6976E-05   8.4505E-05   0.91090
FLUX  256   220.50        1.359603E+15   7.4441E-05   8.4460E-05   0.88137
FLUX  257   221.50        1.353465E+15   7.1534E-05   8.4414E-05   0.84742
FLUX  258   222.50        1.347382E+15   6.8794E-05   8.4368E-05   0.81540
FLUX  259   223.50        1.341353E+15   7.4770E-05   8.4322E-05   0.88672
FLUX  260   224.50        1.335379E+15   6.9746E-05   8.4276E-05   0.82759
FLUX  261   225.50        1.329457E+15   6.8778E-05   8.4230E-05   0.81655
FLUX  262   226.50        1.323587E+15   7.0343E-05   8.4184E-05   0.83559
FLUX  263   227.50        1.317769E+15   7.3304E-05   8.4138E-05   0.87124
FLUX  264   228.50        1.312002E+15   7.4885E-05   8.4091E-05   0.89052
FLUX  265   229.50        1.306285E+15   7.2492E-05   8.4045E-05   0.86254
FLUX  266   230.50        1.300618E+15   7.0087E-05   8.3998E-05   0.83439
FLUX  267   231.50        1.295000E+15   6.7612E-05   8.3952E-05   0.80537
FLUX  268   232.50        1.289430E+15   5.7092E-05   8.3905E-05   0.68043
FLUX  269   233.50        1.283908E+15   6.5297E-05   8.3858E-05   0.77866
FLUX  270   234.50        1.278433E+15   6.3177E-05   8.3811E-05   0.75381
FLUX  271   235.50        1.273004E+15   6.7327E-05   8.3764E-05   0.80377
FLUX  272   236.50        1.267622E+15   6.2799E-05   8.3716E-05   0.75014
FLUX  273   237.50        1.262284E+15   6.4678E-05   8.3669E-05   0.77303
FLUX  274   238.50        1.256992E+15   6.0707E-05   8.3621E-05   0.72598
FLUX  275   239.50        1.251743E+15   6.6262E-05   8.3574E-05   0.79286
FLUX  276   240.50        1.246538E+15   6.3067E-05   8.3526E-05   0.75505
FLUX  277   241.50        1.241377E+15   6.4659E-05   8.3479E-05   0.77455
FLUX  278   242.50        1.236258E+15   6.7340E-05   8.3431E-05   0.80713
FLUX  279   243.50        1.231181E+15   6.4366E-05   8.3383E-05   0.77193
FLUX  280   244.50        1.226145E+15   6.9131E-05   8.3335E-05   0.82955
FLUX  281   245.50        1.221151E+15   6.6892E-05   8.3287E-05   0.80315
FLUX  282   246.50        1.216197E+15   6.7766E-05   8.3239E-05   0.81411
FLUX  283   247.50        1.211283E+15   6.5292E-05   8.3190E-05   0.78485
FLUX  284   248.50        1.206408E+15   7.0099E-05   8.3141E-05   0.84313
FLUX  285   249.50        1.201573E+15   6.8409E-05   8.3092E-05   0.82329
FLUX  286   250.50        1.196776E+15   7.2635E-05   8.3044E-05   0.87466
FLUX  287   251.30        1.192967E+15   6.8021E-05   8.3005E-05   0.81949
FLUX  288   251.80        1.190598E+15   7.0200E-05   8.2981E-05   0.84598
FLUX  289   252.50        1.187297E+15   6.6338E-05   8.2947E-05   0.79976
FLUX  290   253.50        1.182613E+15   6.7296E-05   8.2903E-05   0.81174
FLUX  291   254.50        1.177967E+15   6.6171E-05   8.2858E-05   0.79860
FLUX  292   255.50        1.173356E+15   6.9543E-05   8.2814E-05   0.83975
FLUX  293   256.50        1.168782E+15   6.9115E-05   8.2769E-05   0.83503
FLUX  294   257.50        1.164243E+15   7.3350E-05   8.2724E-05   0.88668
FLUX  295   258.50        1.159739E+15   7.3180E-05   8.2679E-05   0.88511
FLUX  296   259.50        1.155270E+15   7.3589E-05   8.2634E-05   0.89053
FLUX  297   260.50        1.150835E+15   7.0906E-05   8.2656E-05   0.85784
FLUX  298   261.50        1.146434E+15   7.1067E-05   8.2609E-05   0.86029
FLUX  299   262.50        1.142067E+15   7.2574E-05   8.2561E-05   0.87903
FLUX  300   263.50        1.137732E+15   7.3365E-05   8.2514E-05   0.88912
FLUX  301   264.50        1.133431E+15   7.7510E-05   8.2466E-05   0.93991
FLUX  302   265.50        1.129162E+15   7.6831E-05   8.2418E-05   0.93222
FLUX  303   266.50        1.124925E+15   7.3379E-05   8.2369E-05   0.89086
FLUX  304   267.50        1.120720E+15   7.6194E-05   8.2321E-05   0.92557
FLUX  305   268.50        1.116546E+15   7.5435E-05   8.2273E-05   0.91689
FLUX  306   269.50        1.112403E+15   7.4300E-05   8.2224E-05   0.90362
FLUX  307   270.50        1.108290E+15   7.5594E-05   8.2176E-05   0.91990
FLUX  308   271.50        1.104208E+15   7.3285E-05   8.2127E-05   0.89234
FLUX  309   272.50        1.100156E+15   7.3886E-05   8.2078E-05   0.90019
FLUX  310   273.50        1.096133E+15   7.7283E-05   8.2029E-05   0.94215
FLUX  311   274.50        1.092140E+15   7.0768E-05   8.1980E-05   0.86324
FLUX  312   275.50        1.088176E+15   7.0734E-05   8.1930E-05   0.86334
FLUX  313   276.50        1.084241E+15   7.3054E-05   8.1881E-05   0.89220
FLUX  314   277.50        1.080333E+15   7.5629E-05   8.1831E-05   0.92422
FLUX  315   278.50        1.076454E+15   7.5822E-05   8.1781E-05   0.92713
FLUX  316   279.50        1.072603E+15   6.3402E-05   8.1731E-05   0.77575
FLUX  317   280.50        1.068779E+15   6.8648E-05   8.1681E-05   0.84044
FLUX  318   281.50        1.064982E+15   7.7344E-05   8.1630E-05   0.94749
FLUX  319   282.50        1.061212E+15   7.7280E-05   8.1580E-05   0.94729
FLUX  320   283.50        1.057469E+15   7.4867E-05   8.1529E-05   0.91829
FLUX  321   284.50        1.053752E+15   7.2956E-05   8.1478E-05   0.89540
FLUX  322   285.50        1.050061E+15   7.3911E-05   8.1427E-05   0.90770
FLUX  323   286.50        1.046396E+15   7.6243E-05   8.1376E-05   0.93692
FLUX  324   287.50        1.042757E+15   7.4980E-05   8.1324E-05   0.92199
FLUX  325   288.50        1.039142E+15   7.6100E-05   8.1273E-05   0.93635
FLUX  326   289.50        1.035553E+15   7.5802E-05   8.1221E-05   0.93329
FLUX  327   291.00        1.030215E+15   7.8937E-05   8.1143E-05   0.97281
FLUX  328   293.00        1.023183E+15   7.7570E-05   8.1039E-05   0.95719
FLUX  329   295.00        1.016246E+15   7.7610E-05   8.0934E-05   0.95893
FLUX  330   297.00        1.009402E+15   7.7860E-05   8.0828E-05   0.96328
FLUX  331   299.00        1.002651E+15   7.8058E-05   8.0721E-05   0.96701
FLUX  332   301.00        9.959884E+14   7.9550E-05   8.0613E-05   0.98681
FLUX  333   303.00        9.894142E+14   7.9458E-05   8.0504E-05   0.98700
FLUX  334   305.00        9.829262E+14   7.8996E-05   8.0395E-05   0.98260
FLUX  335   307.00        9.765228E+14   7.8703E-05   8.0285E-05   0.98030
FLUX  336   309.00        9.702023E+14   7.9399E-05   8.0174E-05   0.99033
FLUX  337   311.00        9.639630E+14   7.8464E-05   8.0062E-05   0.98005
FLUX  338   313.00        9.578035E+14   7.8529E-05   7.9952E-05   0.98220
FLUX  339   315.00        9.517222E+14   7.8767E-05   7.9840E-05   0.98657
FLUX  340   317.00        9.457177E+14   7.8502E-05   7.9728E-05   0.98463
FLUX  341   319.00        9.397884E+14   7.6937E-05   7.9615E-05   0.96636
FLUX  342   321.00        9.339330E+14   7.8213E-05   7.9502E-05   0.98378
FLUX  343   323.00        9.281502E+14   7.8122E-05   7.9387E-05   0.98406
FLUX  344   325.00        9.224385E+14   7.8039E-05   7.9273E-05   0.98444
FLUX  345   327.00        9.167966E+14   7.8363E-05   7.9157E-05   0.98998
FLUX  346   329.00        9.112234E+14   7.8334E-05   7.9039E-05   0.99108
FLUX  347   331.00        9.057175E+14   7.8590E-05   7.8921E-05   0.99580
FLUX  348   333.00        9.002778E+14   7.8235E-05   7.8802E-05   0.99280
FLUX  349   335.00        8.949030E+14   7.7764E-05   7.8682E-05   0.98834
FLUX  350   337.00        8.895920E+14   7.7725E-05   7.8561E-05   0.98937
FLUX  351   339.00        8.843437E+14   7.7498E-05   7.8439E-05   0.98800
FLUX  352   341.00        8.791569E+14   7.7804E-05   7.8317E-05   0.99346
FLUX  353   343.00        8.740306E+14   7.7599E-05   7.8203E-05   0.99228
FLUX  354   345.00        8.689638E+14   7.7589E-05   7.8078E-05   0.99374
FLUX  355   347.00        8.639553E+14   7.7231E-05   7.7952E-05   0.99075
FLUX  356   349.00        8.590043E+14   7.7187E-05   7.7826E-05   0.99179
FLUX  357   351.00        8.541097E+14   7.7470E-05   7.7698E-05   0.99706
FLUX  358   353.00        8.492705E+14   7.7463E-05   7.7570E-05   0.99862
FLUX  359   355.00        8.444859E+14   7.7362E-05   7.7441E-05   0.99898
FLUX  360   357.00        8.397549E+14   7.7168E-05   7.7312E-05   0.99814
FLUX  361   359.00        8.350766E+14   7.6923E-05   7.7182E-05   0.99665
FLUX  362   361.00        8.304501E+14   7.6923E-05   7.7052E-05   0.99833
FLUX  363   363.00        8.258747E+14   7.6696E-05   7.6919E-05   0.99710
FLUX  364   364.00        8.236058E+14   7.6789E-05   7.6854E-05   0.99915
FLUX  365   365.00        8.213493E+14   7.7346E-05   1.5936E-04   0.48535
FLUX  366   367.00        8.168733E+14   7.6899E-05   1.5840E-04   0.48548
FLUX  367   369.00        8.124458E+14   7.2416E-05   1.5819E-04   0.45779
FLUX  368   371.00        8.080660E+14   7.2332E-05   1.5723E-04   0.46005
FLUX  369   373.00        8.037332E+14   7.2589E-05   1.5627E-04   0.46450
FLUX  370   375.00        7.994467E+14   8.4695E-05   1.5533E-04   0.54526
FLUX  371   377.00        7.952056E+14   8.7219E-05   1.5439E-04   0.56492
FLUX  372   379.00        7.910092E+14   1.0079E-04   1.5346E-04   0.65674
FLUX  373   381.00        7.868570E+14   1.1380E-04   1.5255E-04   0.74598
FLUX  374   383.00        7.827480E+14   9.5520E-05   1.5163E-04   0.62994
FLUX  375   385.00        7.786818E+14   1.2261E-04   1.5073E-04   0.81344
FLUX  376   387.00        7.746576E+14   1.3473E-04   1.4984E-04   0.89918
FLUX  377   389.00        7.706748E+14   8.7604E-05   1.4895E-04   0.58815
FLUX  378   391.00        7.667327E+14   1.3543E-04   1.4807E-04   0.91462
FLUX  379   393.00        7.628308E+14   1.3929E-04   1.4720E-04   0.94631
FLUX  380   395.00        7.589684E+14   1.3532E-04   1.4633E-04   0.92476
FLUX  381   397.00        7.551448E+14   8.6265E-05   1.4547E-04   0.59299
FLUX  382   399.00        7.513596E+14   1.3139E-04   1.4462E-04   0.90853
FLUX  383   401.00        7.476122E+14   1.4033E-04   1.4378E-04   0.97604
FLUX  384   403.00        7.439020E+14   1.3861E-04   1.4294E-04   0.96970
FLUX  385   405.00        7.402284E+14   1.4033E-04   1.4211E-04   0.98746
FLUX  386   407.00        7.365909E+14   1.3688E-04   1.4129E-04   0.96875
FLUX  387   409.00        7.329890E+14   1.1466E-04   1.4048E-04   0.81623
FLUX  388   411.00        7.294221E+14   9.3615E-05   1.3967E-04   0.67026
FLUX  389   413.00        7.258898E+14   1.3059E-04   1.3887E-04   0.94034
FLUX  390   415.00        7.223916E+14   1.3563E-04   1.3808E-04   0.98224
FLUX  391   417.00        7.189269E+14   1.3591E-04   1.3730E-04   0.98992
FLUX  392   419.00        7.154952E+14   1.3559E-04   1.3652E-04   0.99318
FLUX  393   421.00        7.120962E+14   1.3509E-04   1.3574E-04   0.99515
FLUX  394   423.00        7.087293E+14   1.3430E-04   1.3498E-04   0.99495
FLUX  395   425.00        7.053941E+14   1.3324E-04   1.3422E-04   0.99271
FLUX  396   427.00        7.020902E+14   1.3153E-04   1.3346E-04   0.98548
FLUX  397   429.00        6.988170E+14   1.3127E-04   1.3272E-04   0.98909
FLUX  398   431.00        6.955742E+14   1.2771E-04   1.3198E-04   0.96769
FLUX  399   433.00        6.923614E+14   1.0378E-04   1.3124E-04   0.79074
FLUX  400   435.00        6.891782E+14   9.1751E-05   1.3051E-04   0.70301
FLUX  401   437.00        6.860240E+14   1.2476E-04   1.2979E-04   0.96127
FLUX  402   439.00        6.828986E+14   1.2615E-04   1.2907E-04   0.97734
FLUX  403   441.00        6.798016E+14   1.2751E-04   1.2837E-04   0.99333
FLUX  404   443.00        6.767325E+14   1.2635E-04   1.2766E-04   0.98970
FLUX  405   445.00        6.736910E+14   1.2661E-04   1.2696E-04   0.99719
FLUX  406   447.00        6.706767E+14   1.2362E-04   1.2627E-04   0.97903
FLUX  407   449.00        6.676893E+14   1.2364E-04   1.2558E-04   0.98453
FLUX  408   451.00        6.647284E+14   1.2419E-04   1.2490E-04   0.99432
FLUX  409   453.00        6.617936E+14   1.2356E-04   1.2423E-04   0.99462
FLUX  410   455.00        6.588846E+14   1.2226E-04   1.2356E-04   0.98955
FLUX  411   457.00        6.560011E+14   1.2270E-04   1.2289E-04   0.99845
FLUX  412   459.00        6.531427E+14   1.2155E-04   1.2223E-04   0.99446
FLUX  413   461.00        6.503091E+14   1.2146E-04   1.2158E-04   0.99902
FLUX  414   463.00        6.475000E+14   1.1999E-04   1.2093E-04   0.99222
FLUX  415   465.00        6.447151E+14   1.2008E-04   1.2028E-04   0.99831
FLUX  416   467.00        6.419540E+14   1.1924E-04   1.1964E-04   0.99662
FLUX  417   469.00        6.392164E+14   1.1873E-04   1.1901E-04   0.99771
FLUX  418   471.00        6.365021E+14   1.1657E-04   1.1838E-04   0.98469
FLUX  419   473.00        6.338108E+14   1.1728E-04   1.1775E-04   0.99599
FLUX  420   475.00        6.311421E+14   1.1645E-04   1.1713E-04   0.99415
FLUX  421   477.00        6.284958E+14   1.1618E-04   1.1652E-04   0.99706
FLUX  422   479.00        6.258716E+14   1.1530E-04   1.1591E-04   0.99474
FLUX  423   481.00        6.232692E+14   1.1388E-04   1.1531E-04   0.98764
FLUX  424   483.00        6.206884E+14   1.1097E-04   1.1471E-04   0.96743
FLUX  425   485.00        6.181289E+14   9.3406E-05   1.1411E-04   0.81856
FLUX  426   487.00        6.155903E+14   7.9840E-05   1.1352E-04   0.70332
FLUX  427   489.00        6.130726E+14   1.0790E-04   1.1293E-04   0.95548
FLUX  428   491.00        6.105754E+14   1.1078E-04   1.1235E-04   0.98599
FLUX  429   493.00        6.080984E+14   1.0987E-04   1.1177E-04   0.98294
FLUX  430   495.00        6.056414E+14   1.1063E-04   1.1120E-04   0.99490
FLUX  431   497.00        6.032042E+14   1.1041E-04   1.1063E-04   0.99800
FLUX  432   499.00        6.007866E+14   1.0969E-04   1.1007E-04   0.99662
FLUX  433   501.00        5.983882E+14   1.0766E-04   1.0951E-04   0.98312
FLUX  434   503.00        5.960089E+14   1.0808E-04   1.0895E-04   0.99202
FLUX  435   505.00        5.936485E+14   1.0600E-04   1.0840E-04   0.97781
FLUX  436   507.00        5.913067E+14   1.0723E-04   1.0785E-04   0.99421
FLUX  437   509.00        5.889833E+14   1.0669E-04   1.0731E-04   0.99417
FLUX  438   511.00        5.866781E+14   1.0588E-04   1.0677E-04   0.99167
FLUX  439   513.00        5.843908E+14   1.0572E-04   1.0624E-04   0.99512
FLUX  440   515.00        5.821214E+14   1.0465E-04   1.0571E-04   0.98993
FLUX  441   517.00        5.798694E+14   1.0410E-04   1.0518E-04   0.98973
FLUX  442   519.00        5.776349E+14   1.0390E-04   1.0466E-04   0.99271
FLUX  443   521.00        5.754175E+14   1.0296E-04   1.0414E-04   0.98861
FLUX  444   523.00        5.732170E+14   1.0250E-04   1.0363E-04   0.98907
FLUX  445   525.00        5.710333E+14   1.0247E-04   1.0312E-04   0.99374
FLUX  446   527.00        5.688662E+14   1.0139E-04   1.0261E-04   0.98808
FLUX  447   529.00        5.667155E+14   1.0177E-04   1.0211E-04   0.99669
FLUX  448   531.00        5.645810E+14   1.0083E-04   1.0161E-04   0.99232
FLUX  449   533.00        5.624625E+14   1.0066E-04   1.0111E-04   0.99547
FLUX  450   535.00        5.603598E+14   1.0019E-04   1.0062E-04   0.99572
FLUX  451   537.00        5.582728E+14   9.9762E-05   1.0013E-04   0.99629
FLUX  452   539.00        5.562013E+14   9.9206E-05   9.9648E-05   0.99556
FLUX  453   541.00        5.541451E+14   9.8584E-05   9.9167E-05   0.99412
FLUX  454   543.00        5.521041E+14   9.8202E-05   9.8689E-05   0.99507
FLUX  455   545.00        5.500780E+14   9.7868E-05   9.8214E-05   0.99648
FLUX  456   547.00        5.480667E+14   9.7253E-05   9.7743E-05   0.99499
FLUX  457   549.00        5.460701E+14   9.6891E-05   9.7275E-05   0.99605
FLUX  458   551.00        5.440880E+14   9.6435E-05   9.6811E-05   0.99612
FLUX  459   553.00        5.421203E+14   9.6125E-05   9.6350E-05   0.99766
FLUX  460   555.00        5.401667E+14   9.5651E-05   9.5893E-05   0.99748
FLUX  461   557.00        5.382271E+14   9.5200E-05   9.5439E-05   0.99750
FLUX  462   559.00        5.363014E+14   9.4771E-05   9.4988E-05   0.99771
FLUX  463   561.00        5.343895E+14   9.4440E-05   9.4540E-05   0.99893
FLUX  464   563.00        5.324911E+14   9.4026E-05   9.4096E-05   0.99926
FLUX  465   565.00        5.306062E+14   9.3233E-05   9.3655E-05   0.99550
FLUX  466   567.00        5.287346E+14   9.2881E-05   9.3216E-05   0.99640
FLUX  467   569.00        5.268761E+14   9.2636E-05   9.2781E-05   0.99843
FLUX  468   571.00        5.250306E+14   9.2227E-05   9.2349E-05   0.99868
FLUX  469   573.00        5.231981E+14   9.1841E-05   9.1920E-05   0.99914
FLUX  470   575.00        5.213783E+14   9.1410E-05   9.1494E-05   0.99908
FLUX  471   577.00        5.195711E+14   9.0993E-05   9.1071E-05   0.99914
FLUX  472   579.00        5.177763E+14   9.0462E-05   9.0651E-05   0.99791
FLUX  473   581.00        5.159940E+14   9.0097E-05   9.0234E-05   0.99848
FLUX  474   583.00        5.142238E+14   8.9730E-05   8.9820E-05   0.99900
FLUX  475   585.00        5.124658E+14   8.9307E-05   8.9409E-05   0.99886
FLUX  476   587.00        5.107198E+14   8.7730E-05   8.9001E-05   0.98572
FLUX  477   589.00        5.089856E+14   8.8316E-05   8.8595E-05   0.99685
FLUX  478   591.00        5.072631E+14   8.8090E-05   8.8193E-05   0.99883
FLUX  479   593.00        5.055523E+14   8.7764E-05   8.7793E-05   0.99967
FLUX  480   595.00        5.038529E+14   8.6958E-05   8.7396E-05   0.99498
FLUX  481   597.00        5.021650E+14   8.6839E-05   8.7002E-05   0.99812
FLUX  482   599.00        5.004883E+14   8.6196E-05   8.6611E-05   0.99522
FLUX  483   601.00        4.988228E+14   8.6168E-05   8.6222E-05   0.99938
FLUX  484   603.00        4.971683E+14   8.5789E-05   8.5836E-05   0.99945
FLUX  485   605.00        4.955248E+14   8.5377E-05   8.5452E-05   0.99912
FLUX  486   607.00        4.938921E+14   8.4981E-05   8.5072E-05   0.99893
FLUX  487   609.00        4.922701E+14   8.4609E-05   8.4694E-05   0.99899
FLUX  488   611.00        4.906588E+14   8.4288E-05   8.4318E-05   0.99964
FLUX  489   613.00        4.890579E+14   8.3892E-05   8.3945E-05   0.99938
FLUX  490   615.00        4.874675E+14   8.3049E-05   8.3574E-05   0.99372
FLUX  491   617.00        4.858874E+14   8.3122E-05   8.3206E-05   0.99899
FLUX  492   619.00        4.843174E+14   8.2808E-05   8.2840E-05   0.99961
FLUX  493   621.00        4.827576E+14   8.2440E-05   8.2477E-05   0.99955
FLUX  494   623.00        4.812079E+14   8.2001E-05   8.2116E-05   0.99861
FLUX  495   625.00        4.796680E+14   8.1339E-05   8.1757E-05   0.99489
FLUX  496   627.00        4.781380E+14   8.1345E-05   8.1402E-05   0.99930
FLUX  497   629.00        4.766176E+14   8.0984E-05   8.1048E-05   0.99922
FLUX  498   631.00        4.751070E+14   8.0561E-05   8.0697E-05   0.99833
FLUX  499   633.00        4.736058E+14   8.0262E-05   8.0348E-05   0.99893
FLUX  500   635.00        4.721142E+14   7.8913E-05   8.0001E-05   0.98640
FLUX  501   637.00        4.706319E+14   7.8898E-05   7.9656E-05   0.99047
FLUX  502   639.00        4.691588E+14   7.9207E-05   7.9314E-05   0.99864
FLUX  503   641.00        4.676950E+14   7.8772E-05   7.8974E-05   0.99743
FLUX  504   643.00        4.662403E+14   7.8565E-05   7.8637E-05   0.99909
FLUX  505   645.00        4.647946E+14   7.8011E-05   7.8301E-05   0.99630
FLUX  506   647.00        4.633578E+14   7.7786E-05   7.7968E-05   0.99767
FLUX  507   649.00        4.619299E+14   7.7215E-05   7.7636E-05   0.99457
FLUX  508   651.00        4.605108E+14   7.6575E-05   7.7307E-05   0.99053
FLUX  509   653.00        4.591003E+14   7.5205E-05   7.6980E-05   0.97693
FLUX  510   655.00        4.576985E+14   6.8232E-05   7.6655E-05   0.89011
FLUX  511   657.00        4.563052E+14   5.8006E-05   7.6333E-05   0.75991
FLUX  512   659.00        4.549203E+14   7.2846E-05   7.6012E-05   0.95835
FLUX  513   661.00        4.535439E+14   7.4825E-05   7.5693E-05   0.98853
FLUX  514   663.00        4.521757E+14   7.4956E-05   7.5377E-05   0.99443
FLUX  515   665.00        4.508158E+14   7.4855E-05   7.5064E-05   0.99722
FLUX  516   667.00        4.494640E+14   7.4405E-05   7.4752E-05   0.99537
FLUX  517   669.00        4.481203E+14   7.4120E-05   7.4441E-05   0.99569
FLUX  518   671.00        4.467846E+14   7.4047E-05   7.4132E-05   0.99884
FLUX  519   673.00        4.454569E+14   7.3738E-05   7.3825E-05   0.99881
FLUX  520   675.00        4.441370E+14   7.3450E-05   7.3520E-05   0.99904
FLUX  521   677.00        4.428250E+14   7.3172E-05   7.3217E-05   0.99939
FLUX  522   679.00        4.415206E+14   7.2832E-05   7.2916E-05   0.99885
FLUX  523   681.00        4.402239E+14   7.2546E-05   7.2617E-05   0.99902
FLUX  524   683.00        4.389348E+14   7.2192E-05   7.2320E-05   0.99823
FLUX  525   685.00        4.376533E+14   7.1929E-05   7.2024E-05   0.99868
FLUX  526   687.00        4.363792E+14   7.1661E-05   7.1731E-05   0.99903
FLUX  527   689.00        4.351125E+14   7.1365E-05   7.1439E-05   0.99896
FLUX  528   691.00        4.338531E+14   7.1073E-05   7.1149E-05   0.99894
FLUX  529   693.00        4.326010E+14   7.0708E-05   7.0860E-05   0.99785
FLUX  530   695.00        4.313561E+14   7.0500E-05   7.0574E-05   0.99895
FLUX  531   697.00        4.301184E+14   7.0240E-05   7.0290E-05   0.99929
FLUX  532   699.00        4.288877E+14   6.9982E-05   7.0007E-05   0.99965
FLUX  533   701.00        4.276641E+14   6.9620E-05   6.9725E-05   0.99848
FLUX  534   703.00        4.264474E+14   6.9394E-05   6.9446E-05   0.99925
FLUX  535   705.00        4.252376E+14   6.8975E-05   6.9168E-05   0.99721
FLUX  536   707.00        4.240347E+14   6.8595E-05   6.8892E-05   0.99569
FLUX  537   709.00        4.228385E+14   6.8594E-05   6.8618E-05   0.99966
FLUX  538   711.00        4.216491E+14   6.8231E-05   6.8345E-05   0.99834
FLUX  539   713.00        4.204663E+14   6.7999E-05   6.8073E-05   0.99891
FLUX  540   715.00        4.192902E+14   6.7721E-05   6.7804E-05   0.99878
FLUX  541   717.00        4.181206E+14   6.7489E-05   6.7536E-05   0.99930
FLUX  542   719.00        4.169576E+14   6.7242E-05   6.7269E-05   0.99959
FLUX  543   721.00        4.158010E+14   6.6980E-05   6.7005E-05   0.99963
FLUX  544   723.00        4.146508E+14   6.6608E-05   6.6741E-05   0.99799
FLUX  545   725.00        4.135069E+14   6.6402E-05   6.6480E-05   0.99882
FLUX  546   727.00        4.123693E+14   6.6200E-05   6.6220E-05   0.99970
FLUX  547   729.00        4.112380E+14   6.5859E-05   6.5961E-05   0.99845
FLUX  548   731.00        4.101129E+14   6.5673E-05   6.5705E-05   0.99952
FLUX  549   733.00        4.089939E+14   6.5426E-05   6.5449E-05   0.99964
FLUX  550   735.00        4.078810E+14   6.5190E-05   6.5195E-05   0.99992
FLUX  551   737.00        4.067741E+14   6.4934E-05   6.4943E-05   0.99987
FLUX  552   739.00        4.056732E+14   6.4684E-05   6.4692E-05   0.99988
FLUX  553   741.00        4.045783E+14   6.4403E-05   6.4443E-05   0.99939
FLUX  554   743.00        4.034892E+14   6.4058E-05   6.4195E-05   0.99787
FLUX  555   745.00        4.024060E+14   6.3876E-05   6.3948E-05   0.99887
FLUX  556   747.00        4.013286E+14   6.3553E-05   6.3703E-05   0.99764
FLUX  557   749.00        4.002570E+14   6.3380E-05   6.3460E-05   0.99875
FLUX  558   751.00        3.991911E+14   6.3142E-05   6.3217E-05   0.99880
FLUX  559   753.00        3.981308E+14   6.2948E-05   6.2976E-05   0.99955
FLUX  560   755.00        3.970762E+14   6.2711E-05   6.2737E-05   0.99958
FLUX  561   757.00        3.960271E+14   6.2477E-05   6.2499E-05   0.99965
FLUX  562   759.00        3.949835E+14   6.2224E-05   6.2262E-05   0.99938
FLUX  563   761.00        3.939455E+14   6.2022E-05   6.2027E-05   0.99992
FLUX  564   763.00        3.929128E+14   6.1775E-05   6.1793E-05   0.99970
FLUX  565   765.00        3.918856E+14   6.1525E-05   6.1560E-05   0.99943
FLUX  566   767.00        3.908638E+14   6.1298E-05   6.1329E-05   0.99950
FLUX  567   769.00        3.898472E+14   6.1066E-05   6.1099E-05   0.99946
FLUX  568   771.00        3.888359E+14   6.0828E-05   6.0870E-05   0.99931
FLUX  569   773.00        3.878299E+14   6.0615E-05   6.0643E-05   0.99955
FLUX  570   775.00        3.868290E+14   6.0384E-05   6.0417E-05   0.99946
FLUX  571   777.00        3.858333E+14   5.9372E-05   6.0192E-05   0.98638
FLUX  572   779.00        3.848427E+14   5.9936E-05   5.9969E-05   0.99945
FLUX  573   781.00        3.838572E+14   5.9741E-05   5.9746E-05   0.99991
FLUX  574   783.00        3.828768E+14   5.9510E-05   5.9525E-05   0.99975
FLUX  575   785.00        3.819013E+14   5.9135E-05   5.9307E-05   0.99709
FLUX  576   787.00        3.809307E+14   5.8832E-05   5.9088E-05   0.99567
FLUX  577   789.00        3.799651E+14   5.8536E-05   5.8871E-05   0.99431
FLUX  578   791.00        3.790044E+14   5.8606E-05   5.8655E-05   0.99918
FLUX  579   793.00        3.780485E+14   5.8427E-05   5.8440E-05   0.99978
FLUX  580   795.00        3.770975E+14   5.7989E-05   5.8226E-05   0.99593
FLUX  581   797.00        3.761512E+14   5.7998E-05   5.8013E-05   0.99973
FLUX  582   799.00        3.752096E+14   5.7392E-05   5.7802E-05   0.99291
FLUX  583   801.00        3.742728E+14   5.7577E-05   5.7592E-05   0.99974
FLUX  584   803.00        3.733406E+14   5.7356E-05   5.7383E-05   0.99954
FLUX  585   805.00        3.724130E+14   5.7143E-05   5.7175E-05   0.99944
FLUX  586   807.00        3.714901E+14   5.6949E-05   5.6968E-05   0.99967
FLUX  587   809.00        3.705717E+14   5.6727E-05   5.6762E-05   0.99939
FLUX  588   811.00        3.696578E+14   5.6514E-05   5.6557E-05   0.99923
FLUX  589   813.00        3.687485E+14   5.6327E-05   5.6354E-05   0.99952
FLUX  590   815.00        3.678436E+14   5.6128E-05   5.6152E-05   0.99959
FLUX  591   817.00        3.669431E+14   5.5938E-05   5.5950E-05   0.99979
FLUX  592   819.00        3.660470E+14   5.5669E-05   5.5750E-05   0.99854
FLUX  593   821.00        3.651553E+14   5.5454E-05   6.2799E-05   0.88304
FLUX  594   823.00        3.642679E+14   5.5158E-05   6.2557E-05   0.88172
FLUX  595   825.00        3.633848E+14   5.5275E-05   6.2317E-05   0.88699
FLUX  596   827.00        3.625060E+14   5.5150E-05   6.2080E-05   0.88836
FLUX  597   829.00        3.616315E+14   5.4853E-05   6.1843E-05   0.88697
FLUX  598   831.00        3.607611E+14   5.4757E-05   6.1607E-05   0.88881
FLUX  599   833.00        3.598950E+14   5.4499E-05   6.1372E-05   0.88802
FLUX  600   835.00        3.590329E+14   5.4224E-05   6.1139E-05   0.88690
FLUX  601   837.00        3.581750E+14   5.3924E-05   6.0906E-05   0.88536
FLUX  602   839.00        3.573212E+14   5.3426E-05   6.0676E-05   0.88052
FLUX  603   841.00        3.564715E+14   5.3038E-05   6.0446E-05   0.87745
FLUX  604   843.00        3.556257E+14   5.2363E-05   6.0218E-05   0.86955
FLUX  605   845.00        3.547840E+14   5.1787E-05   5.9991E-05   0.86325
FLUX  606   847.00        3.539463E+14   5.1342E-05   5.9765E-05   0.85905
FLUX  607   849.00        3.531125E+14   5.1668E-05   5.9541E-05   0.86778
FLUX  608   851.00        3.522826E+14   5.0477E-05   5.9318E-05   0.85097
FLUX  609   853.00        3.514566E+14   5.1967E-05   5.9096E-05   0.87937
FLUX  610   855.00        3.506345E+14   4.8753E-05   5.8875E-05   0.82808
FLUX  611   857.00        3.498162E+14   5.2906E-05   5.8656E-05   0.90197
FLUX  612   859.00        3.490017E+14   4.9595E-05   5.8438E-05   0.84869
FLUX  613   861.00        3.481911E+14   4.9037E-05   5.8221E-05   0.84226
FLUX  614   863.00        3.473841E+14   5.3748E-05   5.8005E-05   0.92661
FLUX  615   865.00        3.465809E+14   5.1182E-05   5.7790E-05   0.88564
FLUX  616   867.00        3.457814E+14   4.5608E-05   5.7577E-05   0.79213
FLUX  617   869.00        3.449856E+14   5.2497E-05   5.7365E-05   0.91514
FLUX  618   871.00        3.441935E+14   5.4496E-05   5.7154E-05   0.95349
FLUX  619   873.00        3.434049E+14   5.2059E-05   5.6944E-05   0.91421
FLUX  620   875.00        3.426200E+14   4.4163E-05   5.6736E-05   0.77840
FLUX  621   877.00        3.418387E+14   5.0063E-05   5.6528E-05   0.88562
FLUX  622   879.00        3.410609E+14   5.4089E-05   5.6322E-05   0.96035
FLUX  623   881.00        3.402866E+14   5.4627E-05   5.6117E-05   0.97344
FLUX  624   883.00        3.395159E+14   5.3313E-05   5.5913E-05   0.95350
FLUX  625   885.00        3.387486E+14   4.8325E-05   5.5710E-05   0.86743
FLUX  626   887.00        3.379848E+14   4.3071E-05   5.5508E-05   0.77595
FLUX  627   889.00        3.372244E+14   5.1279E-05   5.5308E-05   0.92716
FLUX  628   891.00        3.364675E+14   5.3597E-05   5.5108E-05   0.97259
FLUX  629   893.00        3.357139E+14   5.3946E-05   5.4910E-05   0.98246
FLUX  630   895.00        3.349637E+14   5.3949E-05   5.4712E-05   0.98605
FLUX  631   897.00        3.342168E+14   5.3228E-05   5.4516E-05   0.97638
FLUX  632   899.00        3.334733E+14   5.0841E-05   5.4321E-05   0.93594
FLUX  633   901.00        3.327331E+14   4.2643E-05   5.4127E-05   0.78784
FLUX  634   903.00        3.319961E+14   4.5532E-05   5.3933E-05   0.84422
FLUX  635   905.00        3.312624E+14   5.1276E-05   5.3741E-05   0.95413
FLUX  636   907.00        3.305320E+14   5.2291E-05   5.3550E-05   0.97649
FLUX  637   909.00        3.298047E+14   5.2486E-05   5.3360E-05   0.98362
FLUX  638   911.00        3.290807E+14   5.2677E-05   5.3171E-05   0.99071
FLUX  639   913.00        3.283598E+14   5.2506E-05   5.2983E-05   0.99100
FLUX  640   915.00        3.276421E+14   5.2371E-05   5.2796E-05   0.99195
FLUX  641   917.00        3.269275E+14   5.1825E-05   5.2610E-05   0.98508
FLUX  642   919.00        3.262160E+14   5.0680E-05   5.2425E-05   0.96671
FLUX  643   921.00        3.255076E+14   4.7451E-05   5.2241E-05   0.90832
FLUX  644   923.00        3.248023E+14   3.9340E-05   5.2058E-05   0.75569
FLUX  645   925.00        3.241000E+14   4.6130E-05   5.1876E-05   0.88923
FLUX  646   927.00        3.234008E+14   4.9201E-05   5.1695E-05   0.95177
FLUX  647   929.00        3.227045E+14   5.0702E-05   5.1515E-05   0.98422
FLUX  648   931.00        3.220113E+14   5.0936E-05   5.1335E-05   0.99222
FLUX  649   933.00        3.213210E+14   5.0850E-05   5.1157E-05   0.99400
FLUX  650   935.00        3.206337E+14   5.0790E-05   5.0980E-05   0.99627
FLUX  651   937.00        3.199493E+14   5.0645E-05   5.0803E-05   0.99688
FLUX  652   939.00        3.192678E+14   5.0384E-05   5.0628E-05   0.99518
FLUX  653   941.00        3.185893E+14   4.9833E-05   5.0454E-05   0.98770
FLUX  654   943.00        3.179136E+14   5.0072E-05   5.0280E-05   0.99586
FLUX  655   945.00        3.172407E+14   4.9877E-05   5.0107E-05   0.99540
FLUX  656   947.00        3.165707E+14   4.9532E-05   4.9935E-05   0.99191
FLUX  657   949.00        3.159036E+14   4.9043E-05   4.9764E-05   0.98551
FLUX  658   951.00        3.152392E+14   4.7883E-05   4.9594E-05   0.96550
FLUX  659   953.00        3.145776E+14   4.4186E-05   4.9425E-05   0.89399
FLUX  660   955.00        3.139188E+14   3.7551E-05   4.9257E-05   0.76234
FLUX  661   957.00        3.132628E+14   4.4775E-05   4.9089E-05   0.91212
FLUX  662   959.00        3.126095E+14   4.7544E-05   4.8923E-05   0.97181
FLUX  663   961.00        3.119589E+14   4.8147E-05   4.8757E-05   0.98749
FLUX  664   963.00        3.113110E+14   4.7876E-05   4.8592E-05   0.98526
FLUX  665   965.00        3.106658E+14   4.8242E-05   4.8428E-05   0.99615
FLUX  666   967.00        3.100233E+14   4.8039E-05   4.8265E-05   0.99532
FLUX  667   969.00        3.093834E+14   4.8036E-05   4.8103E-05   0.99862
FLUX  668   971.00        3.087461E+14   4.7916E-05   4.7941E-05   0.99948
FLUX  669   973.00        3.081115E+14   4.7755E-05   4.7780E-05   0.99947
FLUX  670   975.00        3.074795E+14   4.7587E-05   4.7620E-05   0.99931
FLUX  671   977.00        3.068501E+14   4.7456E-05   4.7461E-05   0.99989
FLUX  672   979.00        3.062232E+14   4.7287E-05   4.7302E-05   0.99968
FLUX  673   981.00        3.055989E+14   4.7114E-05   4.7145E-05   0.99936
FLUX  674   983.00        3.049771E+14   4.6912E-05   4.6988E-05   0.99837
FLUX  675   985.00        3.043579E+14   4.6793E-05   4.6832E-05   0.99916
FLUX  676   987.00        3.037411E+14   4.6626E-05   4.6677E-05   0.99892
FLUX  677   989.00        3.031269E+14   4.6382E-05   4.6522E-05   0.99700
FLUX  678   991.00        3.025151E+14   4.6276E-05   4.6369E-05   0.99801
FLUX  679   993.00        3.019058E+14   4.6072E-05   4.6216E-05   0.99689
FLUX  680   995.00        3.012990E+14   4.5862E-05   4.6063E-05   0.99563
FLUX  681   997.00        3.006946E+14   4.5590E-05   4.5912E-05   0.99298
FLUX  682   999.00        3.000926E+14   4.5182E-05   4.5761E-05   0.98734
FLUX  683  1002.50        2.990449E+14   4.1653E-05   4.5499E-05   0.91547
FLUX  684  1007.50        2.975608E+14   4.0126E-05   4.5129E-05   0.88913
FLUX  685  1012.50        2.960914E+14   4.4136E-05   4.4763E-05   0.98599
FLUX  686  1017.50        2.946364E+14   4.4243E-05   4.4402E-05   0.99641
FLUX  687  1022.50        2.931956E+14   4.4013E-05   4.4045E-05   0.99926
FLUX  688  1027.50        2.917689E+14   4.3674E-05   4.3693E-05   0.99957
FLUX  689  1032.50        2.903559E+14   4.3295E-05   4.3345E-05   0.99886
FLUX  690  1037.50        2.889566E+14   4.2980E-05   4.3001E-05   0.99952
FLUX  691  1042.50        2.875707E+14   4.2650E-05   4.2661E-05   0.99975
FLUX  692  1047.50        2.861981E+14   4.2291E-05   4.2325E-05   0.99919
FLUX  693  1052.50        2.848385E+14   4.1933E-05   4.1993E-05   0.99859
FLUX  694  1057.50        2.834917E+14   4.1634E-05   4.1665E-05   0.99926
FLUX  695  1062.50        2.821576E+14   4.1328E-05   4.1340E-05   0.99970
FLUX  696  1067.50        2.808361E+14   4.0827E-05   4.1020E-05   0.99529
FLUX  697  1072.50        2.795268E+14   4.0639E-05   4.0703E-05   0.99841
FLUX  698  1077.50        2.782297E+14   4.0342E-05   4.0391E-05   0.99879
FLUX  699  1082.50        2.769446E+14   3.9771E-05   4.0081E-05   0.99227
FLUX  700  1087.50        2.756713E+14   3.9187E-05   3.9775E-05   0.98520
FLUX  701  1092.50        2.744096E+14   3.4245E-05   3.9473E-05   0.86754
FLUX  702  1097.50        2.731595E+14   3.6879E-05   3.9175E-05   0.94140
FLUX  703  1102.50        2.719206E+14   3.8558E-05   3.8879E-05   0.99174
FLUX  704  1107.50        2.706930E+14   3.8505E-05   3.8587E-05   0.99787
FLUX  705  1112.50        2.694764E+14   3.8288E-05   3.8299E-05   0.99973
FLUX  706  1117.50        2.682707E+14   3.7999E-05   3.8013E-05   0.99961
FLUX  707  1122.50        2.670757E+14   3.7722E-05   3.7731E-05   0.99976
FLUX  708  1127.50        2.658914E+14   3.7226E-05   3.7452E-05   0.99395
FLUX  709  1132.50        2.647174E+14   3.6998E-05   3.7176E-05   0.99522
FLUX  710  1137.50        2.635538E+14   3.6891E-05   3.6903E-05   0.99967
FLUX  711  1142.50        2.624004E+14   3.6620E-05   3.6633E-05   0.99964
FLUX  712  1147.50        2.612571E+14   3.6361E-05   3.6366E-05   0.99987
FLUX  713  1152.50        2.601236E+14   3.6098E-05   3.6102E-05   0.99990
FLUX  714  1157.50        2.590000E+14   3.5836E-05   3.5841E-05   0.99989
FLUX  715  1162.50        2.578860E+14   3.5522E-05   3.5582E-05   0.99831
FLUX  716  1167.50        2.567816E+14   3.5264E-05   3.5327E-05   0.99824
FLUX  717  1172.50        2.556866E+14   3.5062E-05   3.5074E-05   0.99966
FLUX  718  1177.50        2.546008E+14   3.4699E-05   3.4824E-05   0.99642
FLUX  719  1182.50        2.535243E+14   3.4556E-05   3.4576E-05   0.99940
FLUX  720  1187.50        2.524568E+14   3.4290E-05   3.4332E-05   0.99878
FLUX  721  1192.50        2.513983E+14   3.4088E-05   3.4090E-05   0.99997
FLUX  722  1197.50        2.503486E+14   3.3819E-05   3.3850E-05   0.99909
FLUX  723  1202.50        2.493077E+14   3.3608E-05   3.3613E-05   0.99986
FLUX  724  1207.50        2.482754E+14   3.3373E-05   3.3378E-05   0.99983
FLUX  725  1212.50        2.472515E+14   3.3135E-05   3.3146E-05   0.99966
FLUX  726  1217.50        2.462361E+14   3.2911E-05   3.2917E-05   0.99983
FLUX  727  1222.50        2.452290E+14   3.2681E-05   3.2690E-05   0.99974
FLUX  728  1227.50        2.442301E+14   3.2449E-05   3.2465E-05   0.99953
FLUX  729  1232.50        2.432394E+14   3.2229E-05   3.2242E-05   0.99961
FLUX  730  1237.50        2.422566E+14   3.2012E-05   3.2022E-05   0.99970
FLUX  731  1242.50        2.412817E+14   3.1803E-05   3.1804E-05   0.99997
FLUX  732  1247.50        2.403146E+14   3.1530E-05   3.1588E-05   0.99815
FLUX  733  1252.50        2.393553E+14   3.1366E-05   3.1375E-05   0.99974
FLUX  734  1257.50        2.384036E+14   3.1118E-05   3.1163E-05   0.99856
FLUX  735  1262.50        2.374594E+14   3.0938E-05   3.0954E-05   0.99948
FLUX  736  1267.50        2.365227E+14   3.0690E-05   3.0747E-05   0.99814
FLUX  737  1272.50        2.355933E+14   3.0353E-05   3.0542E-05   0.99381
FLUX  738  1277.50        2.346712E+14   2.9387E-05   3.0339E-05   0.96862
FLUX  739  1282.50        2.337563E+14   2.6191E-05   3.0138E-05   0.86903
FLUX  740  1287.50        2.328485E+14   2.9251E-05   2.9939E-05   0.97704
FLUX  741  1292.50        2.319478E+14   2.9595E-05   2.9742E-05   0.99506
FLUX  742  1297.50        2.310539E+14   2.9507E-05   2.9547E-05   0.99864
FLUX  743  1302.50        2.301670E+14   2.9353E-05   2.9354E-05   0.99997
FLUX  744  1307.50        2.292868E+14   2.9160E-05   2.9162E-05   0.99993
FLUX  745  1312.50        2.284133E+14   2.8972E-05   2.8973E-05   0.99998
FLUX  746  1317.50        2.275465E+14   2.8749E-05   2.8786E-05   0.99872
FLUX  747  1322.50        2.266862E+14   2.8599E-05   2.8600E-05   0.99998
FLUX  748  1327.50        2.258324E+14   2.8415E-05   2.8416E-05   0.99999
FLUX  749  1332.50        2.249850E+14   2.8233E-05   2.8234E-05   0.99998
FLUX  750  1337.50        2.241439E+14   2.8053E-05   2.8053E-05   0.99998
FLUX  751  1342.50        2.233091E+14   2.7868E-05   2.7875E-05   0.99977
FLUX  752  1347.50        2.224805E+14   2.7690E-05   2.7698E-05   0.99972
FLUX  753  1352.50        2.216580E+14   2.7510E-05   2.7522E-05   0.99956
FLUX  754  1357.50        2.208416E+14   2.7341E-05   2.7349E-05   0.99971
FLUX  755  1362.50        2.200312E+14   2.7169E-05   2.7177E-05   0.99971
FLUX  756  1367.50        2.192267E+14   2.6989E-05   2.7006E-05   0.99935
FLUX  757  1372.50        2.184281E+14   2.6823E-05   2.6838E-05   0.99944
FLUX  758  1377.50        2.176352E+14   2.6669E-05   2.6671E-05   0.99993
FLUX  759  1382.50        2.168481E+14   2.6503E-05   2.6505E-05   0.99994
FLUX  760  1387.50        2.160667E+14   2.6340E-05   2.6341E-05   0.99997
FLUX  761  1392.50        2.152908E+14   2.6174E-05   2.6179E-05   0.99983
FLUX  762  1397.50        2.145206E+14   2.6015E-05   2.6018E-05   0.99990
FLUX  763  1402.50        2.137558E+14   2.5858E-05   2.5858E-05   0.99998
FLUX  764  1407.50        2.129964E+14   2.5698E-05   2.5700E-05   0.99993
FLUX  765  1412.50        2.122425E+14   2.5540E-05   2.5544E-05   0.99986
FLUX  766  1417.50        2.114938E+14   2.5388E-05   2.5389E-05   0.99998
FLUX  767  1422.50        2.107504E+14   2.5234E-05   2.5235E-05   0.99998
FLUX  768  1427.50        2.100123E+14   2.5082E-05   2.5083E-05   0.99999
FLUX  769  1432.50        2.092792E+14   2.4930E-05   2.4932E-05   0.99994
FLUX  770  1437.50        2.085513E+14   2.4780E-05   2.4782E-05   0.99990
FLUX  771  1442.50        2.078284E+14   2.4598E-05   2.4634E-05   0.99852
FLUX  772  1447.50        2.071105E+14   2.4482E-05   2.4487E-05   0.99979
FLUX  773  1452.50        2.063976E+14   2.4323E-05   2.4342E-05   0.99924
FLUX  774  1457.00        2.057601E+14   2.4211E-05   2.4212E-05   0.99998
FLUX  775  1462.00        2.050564E+14   2.4412E-05   2.4888E-05   0.98087
FLUX  776  1467.50        2.042879E+14   2.4720E-05   2.4723E-05   0.99986
FLUX  777  1472.50        2.035942E+14   2.4491E-05   2.4575E-05   0.99656
FLUX  778  1477.50        2.029052E+14   2.4226E-05   2.4429E-05   0.99171
FLUX  779  1482.50        2.022209E+14   2.3979E-05   2.4283E-05   0.98748
FLUX  780  1487.50        2.015412E+14   2.3710E-05   2.4139E-05   0.98221
FLUX  781  1492.50        2.008660E+14   2.3485E-05   2.3997E-05   0.97866
FLUX  782  1497.50        2.001953E+14   2.3246E-05   2.3855E-05   0.97445
FLUX  783  1502.50        1.995291E+14   2.3057E-05   2.3715E-05   0.97225
FLUX  784  1507.50        1.988673E+14   2.2867E-05   2.3576E-05   0.96992
FLUX  785  1512.50        1.982099E+14   2.2598E-05   2.3438E-05   0.96416
FLUX  786  1517.50        1.975568E+14   2.2430E-05   2.3302E-05   0.96260
FLUX  787  1522.50        1.969080E+14   2.2300E-05   2.3166E-05   0.96263
FLUX  788  1527.50        1.962635E+14   2.2096E-05   2.3032E-05   0.95937
FLUX  789  1532.50        1.956232E+14   2.1898E-05   2.2899E-05   0.95631
FLUX  790  1537.50        1.949870E+14   2.1869E-05   2.2767E-05   0.96055
FLUX  791  1542.50        1.943549E+14   2.1579E-05   2.2636E-05   0.95327
FLUX  792  1547.50        1.937270E+14   2.1630E-05   2.2507E-05   0.96103
FLUX  793  1552.50        1.931031E+14   2.1445E-05   2.2378E-05   0.95831
FLUX  794  1557.50        1.924831E+14   2.1112E-05   2.2251E-05   0.94882
FLUX  795  1562.50        1.918672E+14   2.1515E-05   2.2124E-05   0.97244
FLUX  796  1567.50        1.912552E+14   2.0949E-05   2.1999E-05   0.95226
FLUX  797  1572.50        1.906471E+14   2.0673E-05   2.1875E-05   0.94505
FLUX  798  1577.50        1.900428E+14   2.1288E-05   2.1752E-05   0.97866
FLUX  799  1582.50        1.894423E+14   2.1065E-05   2.1630E-05   0.97387
FLUX  800  1587.50        1.888457E+14   1.9933E-05   2.1509E-05   0.92674
FLUX  801  1592.50        1.882527E+14   2.0571E-05   2.1389E-05   0.96177
FLUX  802  1597.50        1.876635E+14   2.1049E-05   2.1270E-05   0.98963
FLUX  803  1605.00        1.867866E+14   2.0500E-05   2.1093E-05   0.97187
FLUX  804  1615.00        1.856300E+14   1.9744E-05   2.0861E-05   0.94645
FLUX  805  1625.00        1.844877E+14   2.0480E-05   2.0633E-05   0.99259
FLUX  806  1635.00        1.833593E+14   1.9754E-05   2.0408E-05   0.96794
FLUX  807  1645.00        1.822447E+14   1.9026E-05   2.0187E-05   0.94248
FLUX  808  1655.00        1.811435E+14   1.9867E-05   1.9970E-05   0.99481
FLUX  809  1665.00        1.800556E+14   1.9676E-05   1.9756E-05   0.99593
FLUX  810  1675.00        1.789806E+14   1.8882E-05   1.9546E-05   0.96604
FLUX  811  1685.00        1.779184E+14   1.8146E-05   1.9339E-05   0.93832
FLUX  812  1695.00        1.768687E+14   1.9037E-05   1.9135E-05   0.99487
FLUX  813  1705.00        1.758314E+14   1.8913E-05   1.8935E-05   0.99886
FLUX  814  1715.00        1.748061E+14   1.8714E-05   1.8738E-05   0.99874
FLUX  815  1725.00        1.737928E+14   1.8396E-05   1.8543E-05   0.99203
FLUX  816  1735.00        1.727911E+14   1.6905E-05   1.8352E-05   0.92115
FLUX  817  1745.00        1.718009E+14   1.7837E-05   1.8164E-05   0.98197
FLUX  818  1755.00        1.708219E+14   1.7941E-05   1.7979E-05   0.99793
FLUX  819  1765.00        1.698541E+14   1.7787E-05   1.7796E-05   0.99949
FLUX  820  1775.00        1.688972E+14   1.7605E-05   1.7616E-05   0.99936
FLUX  821  1785.00        1.679510E+14   1.7432E-05   1.7439E-05   0.99961
FLUX  822  1795.00        1.670153E+14   1.7257E-05   1.7265E-05   0.99956
FLUX  823  1805.00        1.660900E+14   1.6962E-05   1.7093E-05   0.99233
FLUX  824  1815.00        1.651749E+14   1.5684E-05   1.6924E-05   0.92675
FLUX  825  1825.00        1.642699E+14   1.6318E-05   1.6757E-05   0.97380
FLUX  826  1835.00        1.633747E+14   1.6548E-05   1.6593E-05   0.99731
FLUX  827  1845.00        1.624892E+14   1.6427E-05   1.6431E-05   0.99977
FLUX  828  1855.00        1.616132E+14   1.6248E-05   1.6272E-05   0.99858
FLUX  829  1865.00        1.607466E+14   1.5981E-05   1.6114E-05   0.99174
FLUX  830  1875.00        1.598893E+14   1.4765E-05   1.5960E-05   0.92517
FLUX  831  1885.00        1.590411E+14   1.5653E-05   1.5807E-05   0.99027
FLUX  832  1895.00        1.582018E+14   1.5640E-05   1.5657E-05   0.99892
FLUX  833  1905.00        1.573714E+14   1.5503E-05   1.5508E-05   0.99965
FLUX  834  1915.00        1.565496E+14   1.5360E-05   1.5362E-05   0.99987
FLUX  835  1925.00        1.557364E+14   1.5193E-05   1.5218E-05   0.99835
FLUX  836  1935.00        1.549315E+14   1.4903E-05   1.5076E-05   0.98852
FLUX  837  1945.00        1.541350E+14   1.3736E-05   1.4936E-05   0.91968
FLUX  838  1955.00        1.533465E+14   1.4627E-05   1.4798E-05   0.98846
FLUX  839  1965.00        1.525662E+14   1.4644E-05   1.4661E-05   0.99879
FLUX  840  1975.00        1.517937E+14   1.4526E-05   1.4527E-05   0.99990
FLUX  841  1985.00        1.510290E+14   1.4394E-05   1.4395E-05   0.99997
FLUX  842  1995.00        1.502719E+14   1.4264E-05   1.4264E-05   0.99998
FLUX  843  2005.00        1.495224E+14   1.4135E-05   1.4135E-05   0.99999
FLUX  844  2015.00        1.487804E+14   1.4008E-05   1.4008E-05   0.99999
FLUX  845  2025.00        1.480457E+14   1.3882E-05   1.3882E-05   0.99999
FLUX  846  2035.00        1.473182E+14   1.3758E-05   1.3759E-05   0.99998
FLUX  847  2045.00        1.465978E+14   1.3636E-05   1.3636E-05   0.99998
FLUX  848  2055.00        1.458844E+14   1.3513E-05   1.3516E-05   0.99979
FLUX  849  2065.00        1.451780E+14   1.3397E-05   1.3397E-05   0.99998
FLUX  850  2075.00        1.444783E+14   1.3279E-05   1.3280E-05   0.99998
FLUX  851  2085.00        1.437854E+14   1.3164E-05   1.3164E-05   0.99999
FLUX  852  2095.00        1.430990E+14   1.3049E-05   1.3050E-05   0.99994
FLUX  853  2105.00        1.424192E+14   1.2936E-05   1.2937E-05   0.99995
FLUX  854  2115.00        1.417459E+14   1.2820E-05   1.2825E-05   0.99958
FLUX  855  2125.00        1.410788E+14   1.2713E-05   1.2716E-05   0.99978
FLUX  856  2135.00        1.404180E+14   1.2603E-05   1.2607E-05   0.99966
FLUX  857  2145.00        1.397634E+14   1.2480E-05   1.2500E-05   0.99840
FLUX  858  2155.00        1.391148E+14   1.2274E-05   1.2394E-05   0.99029
FLUX  859  2165.00        1.384723E+14   1.1355E-05   1.2290E-05   0.92391
FLUX  860  2175.00        1.378356E+14   1.1995E-05   1.2187E-05   0.98424
FLUX  861  2185.00        1.372048E+14   1.2060E-05   1.2085E-05   0.99790
FLUX  862  2195.00        1.365797E+14   1.1982E-05   1.1984E-05   0.99984
FLUX  863  2205.00        1.359603E+14   1.1885E-05   1.1885E-05   0.99998
FLUX  864  2215.00        1.353465E+14   1.1786E-05   1.1787E-05   0.99990
FLUX  865  2225.00        1.347382E+14   1.1690E-05   1.1690E-05   0.99998
FLUX  866  2235.00        1.341353E+14   1.1595E-05   1.1595E-05   0.99998
FLUX  867  2245.00        1.335379E+14   1.1500E-05   1.1500E-05   1.00000
FLUX  868  2255.00        1.329457E+14   1.1407E-05   1.1407E-05   0.99999
FLUX  869  2265.00        1.323587E+14   1.1315E-05   1.1315E-05   1.00000
FLUX  870  2275.00        1.317769E+14   1.1224E-05   1.1224E-05   0.99999
FLUX  871  2285.00        1.312002E+14   1.1164E-05   1.1266E-05   0.99100
FLUX  872  2295.00        1.306285E+14   1.1175E-05   1.1175E-05   0.99997
FLUX  873  2305.00        1.300618E+14   1.1086E-05   1.1086E-05   0.99998
FLUX  874  2315.00        1.295000E+14   1.0990E-05   1.0998E-05   0.99935
FLUX  875  2325.00        1.289430E+14   1.0877E-05   1.0910E-05   0.99699
FLUX  876  2335.00        1.283908E+14   1.0774E-05   1.0824E-05   0.99540
FLUX  877  2345.00        1.278433E+14   1.0674E-05   1.0739E-05   0.99398
FLUX  878  2355.00        1.273004E+14   1.0575E-05   1.0654E-05   0.99258
FLUX  879  2365.00        1.267622E+14   1.0484E-05   1.0571E-05   0.99172
FLUX  880  2375.00        1.262284E+14   1.0388E-05   1.0489E-05   0.99039
FLUX  881  2385.00        1.256992E+14   1.0297E-05   1.0408E-05   0.98938
FLUX  882  2395.00        1.251743E+14   1.0215E-05   1.0327E-05   0.98909
FLUX  883  2405.00        1.246538E+14   1.0121E-05   1.0248E-05   0.98761
FLUX  884  2415.00        1.241377E+14   1.0027E-05   1.0169E-05   0.98599
FLUX  885  2425.00        1.236258E+14   9.9457E-06   1.0092E-05   0.98553
FLUX  886  2435.00        1.231181E+14   9.8770E-06   1.0015E-05   0.98622
FLUX  887  2445.00        1.226145E+14   9.7842E-06   9.9392E-06   0.98441
FLUX  888  2455.00        1.221151E+14   9.7250E-06   9.8642E-06   0.98589
FLUX  889  2465.00        1.216197E+14   9.6284E-06   9.7900E-06   0.98349
FLUX  890  2475.00        1.211283E+14   9.5723E-06   9.7167E-06   0.98514
FLUX  891  2485.00        1.206408E+14   9.5232E-06   9.6442E-06   0.98745
FLUX  892  2495.00        1.201573E+14   9.3840E-06   9.5725E-06   0.98031
FLUX  893  2505.00        1.196776E+14   9.4727E-06   9.5016E-06   0.99696
FLUX  894  2515.00        1.192018E+14   9.3441E-06   9.4315E-06   0.99073
FLUX  895  2525.00        1.187297E+14   9.1353E-06   9.3622E-06   0.97577
FLUX  896  2535.00        1.182613E+14   9.1753E-06   9.2936E-06   0.98726
FLUX  897  2545.00        1.177967E+14   9.1640E-06   9.2258E-06   0.99330
FLUX  898  2555.00        1.173356E+14   9.0304E-06   9.1587E-06   0.98599
FLUX  899  2565.00        1.168782E+14   8.8145E-06   9.0924E-06   0.96943
FLUX  900  2575.00        1.164243E+14   8.9255E-06   9.0268E-06   0.98879
FLUX  901  2585.00        1.159739E+14   8.9185E-06   8.9619E-06   0.99517
FLUX  902  2595.00        1.155270E+14   8.8410E-06   8.8976E-06   0.99364
FLUX  903  2605.00        1.150835E+14   8.6542E-06   8.8341E-06   0.97964
FLUX  904  2615.00        1.146434E+14   8.4064E-06   8.7713E-06   0.95841
FLUX  905  2625.00        1.142067E+14   8.0272E-06   8.7091E-06   0.92170
FLUX  906  2635.00        1.137732E+14   8.4788E-06   8.6476E-06   0.98049
FLUX  907  2645.00        1.133431E+14   8.5402E-06   8.5867E-06   0.99458
FLUX  908  2655.00        1.129162E+14   8.4847E-06   8.5265E-06   0.99510
FLUX  909  2665.00        1.124925E+14   8.3457E-06   8.4669E-06   0.98569
FLUX  910  2675.00        1.120720E+14   8.0232E-06   8.4079E-06   0.95424
FLUX  911  2685.00        1.116546E+14   8.2309E-06   8.3496E-06   0.98579
FLUX  912  2695.00        1.112403E+14   8.2621E-06   8.2918E-06   0.99642
FLUX  913  2705.00        1.108290E+14   8.2330E-06   8.2347E-06   0.99980
FLUX  914  2715.00        1.104208E+14   8.1779E-06   8.1781E-06   0.99998
FLUX  915  2725.00        1.100156E+14   8.1219E-06   8.1221E-06   0.99997
FLUX  916  2735.00        1.096133E+14   8.0484E-06   8.0667E-06   0.99773
FLUX  917  2745.00        1.092140E+14   7.9398E-06   8.0119E-06   0.99100
FLUX  918  2755.00        1.088176E+14   7.5816E-06   7.9576E-06   0.95274
FLUX  919  2765.00        1.084241E+14   7.6913E-06   7.9039E-06   0.97310
FLUX  920  2775.00        1.080333E+14   7.8102E-06   7.8507E-06   0.99484
FLUX  921  2785.00        1.076454E+14   7.7930E-06   7.7981E-06   0.99935
FLUX  922  2795.00        1.072603E+14   7.7458E-06   7.7460E-06   0.99998
FLUX  923  2805.00        1.068779E+14   7.6942E-06   7.6944E-06   0.99998
FLUX  924  2815.00        1.064982E+14   7.6428E-06   7.6433E-06   0.99994
FLUX  925  2825.00        1.061212E+14   7.5921E-06   7.5927E-06   0.99992
FLUX  926  2835.00        1.057469E+14   7.5418E-06   7.5426E-06   0.99988
FLUX  927  2845.00        1.053752E+14   7.4881E-06   7.4931E-06   0.99933
FLUX  928  2855.00        1.050061E+14   7.4090E-06   7.4440E-06   0.99530
FLUX  929  2865.00        1.046396E+14   7.2271E-06   7.3953E-06   0.97725
FLUX  930  2875.00        1.042757E+14   6.9244E-06   7.3472E-06   0.94246
FLUX  931  2885.00        1.039142E+14   7.2188E-06   7.2995E-06   0.98894
FLUX  932  2895.00        1.035553E+14   7.2322E-06   7.2523E-06   0.99723
FLUX  933  2905.00        1.031988E+14   7.2054E-06   7.2056E-06   0.99997
FLUX  934  2915.00        1.028448E+14   7.1582E-06   7.1593E-06   0.99985
FLUX  935  2925.00        1.024932E+14   7.1132E-06   7.1134E-06   0.99997
FLUX  936  2935.00        1.021440E+14   7.0675E-06   7.0680E-06   0.99993
FLUX  937  2945.00        1.017971E+14   7.0227E-06   7.0230E-06   0.99995
FLUX  938  2955.00        1.014526E+14   6.9784E-06   6.9785E-06   1.00000
FLUX  939  2965.00        1.011105E+14   6.9343E-06   6.9343E-06   0.99999
FLUX  940  2975.00        1.007706E+14   6.8906E-06   6.8906E-06   0.99999
FLUX  941  2985.00        1.004330E+14   6.8473E-06   6.8473E-06   0.99999
FLUX  942  2995.00        1.000977E+14   6.8043E-06   6.8044E-06   0.99999
FLUX  943  3005.00        9.976456E+13   6.7614E-06   6.7619E-06   0.99991
FLUX  944  3015.00        9.943367E+13   6.7070E-06   6.7198E-06   0.99809
FLUX  945  3025.00        9.910496E+13   6.6227E-06   6.6781E-06   0.99170
FLUX  946  3035.00        9.877842E+13   6.2955E-06   6.6368E-06   0.94858
FLUX  947  3045.00        9.845402E+13   6.3578E-06   6.5959E-06   0.96390
FLUX  948  3055.00        9.813175E+13   6.5127E-06   6.5553E-06   0.99350
FLUX  949  3065.00        9.781158E+13   6.5075E-06   6.5152E-06   0.99882
FLUX  950  3075.00        9.749350E+13   6.4751E-06   6.4754E-06   0.99997
FLUX  951  3085.00        9.717747E+13   6.4325E-06   6.4359E-06   0.99947
FLUX  952  3095.00        9.686349E+13   6.3966E-06   6.3968E-06   0.99997
FLUX  953  3105.00        9.655153E+13   6.3580E-06   6.3581E-06   0.99998
FLUX  954  3115.00        9.624157E+13   6.3196E-06   6.3197E-06   0.99998
FLUX  955  3125.00        9.593360E+13   6.2813E-06   6.2817E-06   0.99994
FLUX  956  3135.00        9.562759E+13   6.2439E-06   6.2440E-06   0.99998
FLUX  957  3145.00        9.532353E+13   6.2062E-06   6.2066E-06   0.99994
FLUX  958  3155.00        9.502139E+13   6.1695E-06   6.1696E-06   0.99999
FLUX  959  3165.00        9.472117E+13   6.1326E-06   6.1329E-06   0.99994
FLUX  960  3175.00        9.442283E+13   6.0964E-06   6.0965E-06   0.99997
FLUX  961  3185.00        9.412637E+13   6.0605E-06   6.0605E-06   0.99999
FLUX  962  3195.00        9.383177E+13   6.0247E-06   6.0248E-06   0.99998
FLUX  963  3210.00        9.339330E+13   5.9717E-06   5.9718E-06   0.99999
FLUX  964  3230.00        9.281502E+13   5.9022E-06   5.9022E-06   0.99999
FLUX  965  3250.00        9.224385E+13   5.8338E-06   5.8339E-06   0.99998
FLUX  966  3270.00        9.167966E+13   5.7542E-06   5.7667E-06   0.99783
FLUX  967  3290.00        9.112234E+13   5.4567E-06   5.7292E-06   0.95244
FLUX  968  3310.00        9.057175E+13   5.5724E-06   5.6638E-06   0.98387
FLUX  969  3330.00        9.002778E+13   5.5943E-06   5.5995E-06   0.99908
FLUX  970  3350.00        8.949030E+13   5.5361E-06   5.5363E-06   0.99997
FLUX  971  3370.00        8.895920E+13   5.4727E-06   5.4742E-06   0.99973
FLUX  972  3390.00        8.843437E+13   5.4046E-06   5.4131E-06   0.99844
FLUX  973  3410.00        8.791569E+13   5.3388E-06   5.3530E-06   0.99735
FLUX  974  3430.00        8.740306E+13   5.2771E-06   5.2939E-06   0.99682
FLUX  975  3450.00        8.689638E+13   5.2168E-06   5.2358E-06   0.99636
FLUX  976  3470.00        8.639553E+13   5.1582E-06   5.1787E-06   0.99605
FLUX  977  3490.00        8.590043E+13   5.0980E-06   5.1225E-06   0.99523
FLUX  978  3510.00        8.541097E+13   5.0417E-06   5.0672E-06   0.99498
FLUX  979  3530.00        8.492705E+13   4.9873E-06   5.0127E-06   0.99493
FLUX  980  3550.00        8.444859E+13   4.9313E-06   4.9592E-06   0.99438
FLUX  981  3570.00        8.397549E+13   4.8749E-06   4.9065E-06   0.99357
FLUX  982  3590.00        8.350766E+13   4.8247E-06   4.8546E-06   0.99383
FLUX  983  3610.00        8.304501E+13   4.7713E-06   4.8036E-06   0.99329
FLUX  984  3630.00        8.258747E+13   4.7242E-06   4.7533E-06   0.99386
FLUX  985  3650.00        8.213493E+13   4.6689E-06   4.7039E-06   0.99257
FLUX  986  3670.00        8.168733E+13   4.6299E-06   4.6552E-06   0.99456
FLUX  987  3690.00        8.124458E+13   4.5644E-06   4.6072E-06   0.99069
FLUX  988  3710.00        8.080660E+13   4.5290E-06   4.5600E-06   0.99320
FLUX  989  3730.00        8.037332E+13   4.3924E-06   4.5135E-06   0.97316
FLUX  990  3750.00        7.994467E+13   4.2990E-06   4.4678E-06   0.96223
FLUX  991  3770.00        7.952056E+13   4.3961E-06   4.4227E-06   0.99400
FLUX  992  3790.00        7.910092E+13   4.3626E-06   4.3783E-06   0.99641
FLUX  993  3810.00        7.868570E+13   4.2894E-06   4.3345E-06   0.98958
FLUX  994  3830.00        7.827480E+13   4.2515E-06   4.2914E-06   0.99069
FLUX  995  3850.00        7.786818E+13   4.2411E-06   4.2490E-06   0.99813
FLUX  996  3870.00        7.746576E+13   4.2032E-06   4.2072E-06   0.99905
FLUX  997  3890.00        7.706748E+13   4.1390E-06   4.1660E-06   0.99353
FLUX  998  3910.00        7.667327E+13   4.0575E-06   4.1254E-06   0.98355
FLUX  999  3930.00        7.628308E+13   4.0703E-06   4.0854E-06   0.99632
FLUX 1000  3950.00        7.589684E+13   4.0449E-06   4.0459E-06   0.99974
FLUX 1001  3970.00        7.551448E+13   4.0070E-06   4.0071E-06   0.99999
FLUX 1002  3990.00        7.513596E+13   3.9685E-06   3.9688E-06   0.99994
FLUX 1003  4010.00        7.476122E+13   3.8777E-06   3.9310E-06   0.98645
FLUX 1004  4030.00        7.439020E+13   3.8264E-06   3.8938E-06   0.98270
FLUX 1005  4050.00        7.402284E+13   3.7021E-06   3.8571E-06   0.95983
FLUX 1006  4070.00        7.365909E+13   3.8014E-06   3.8209E-06   0.99491
FLUX 1007  4090.00        7.329890E+13   3.7848E-06   3.7852E-06   0.99990
FLUX 1008  4110.00        7.294221E+13   3.7499E-06   3.7500E-06   0.99998
FLUX 1009  4130.00        7.258898E+13   3.7138E-06   3.7153E-06   0.99959
FLUX 1010  4150.00        7.223916E+13   3.6604E-06   3.6811E-06   0.99438
FLUX 1011  4170.00        7.189269E+13   3.5505E-06   3.6473E-06   0.97346
FLUX 1012  4190.00        7.154952E+13   3.5911E-06   3.6140E-06   0.99368
FLUX 1013  4210.00        7.120962E+13   3.5797E-06   3.5812E-06   0.99960
FLUX 1014  4230.00        7.087293E+13   3.5487E-06   3.5488E-06   0.99999
FLUX 1015  4250.00        7.053941E+13   3.5168E-06   3.5168E-06   0.99999
FLUX 1016  4270.00        7.020902E+13   3.4853E-06   3.4853E-06   1.00000
FLUX 1017  4290.00        6.988170E+13   3.4541E-06   3.4542E-06   0.99998
FLUX 1018  4310.00        6.955742E+13   3.4234E-06   3.4235E-06   0.99999
FLUX 1019  4330.00        6.923614E+13   3.3931E-06   3.3932E-06   0.99998
FLUX 1020  4350.00        6.891782E+13   3.3518E-06   3.3633E-06   0.99660
FLUX 1021  4370.00        6.860240E+13   3.2397E-06   3.3338E-06   0.97178
FLUX 1022  4390.00        6.828986E+13   3.2617E-06   3.3046E-06   0.98701
FLUX 1023  4410.00        6.798016E+13   3.2717E-06   3.2759E-06   0.99871
FLUX 1024  4430.00        6.767325E+13   3.2475E-06   3.2475E-06   0.99999
FLUX 1025  4450.00        6.736910E+13   3.2195E-06   3.2195E-06   0.99999
FLUX 1026  4470.00        6.706767E+13   3.1997E-06   3.1997E-06   0.99999
FLUX 1027  4490.00        6.676893E+13   3.1723E-06   3.1723E-06   0.99999
FLUX 1028  4510.00        6.647284E+13   3.1453E-06   3.1453E-06   1.00000
FLUX 1029  4530.00        6.617936E+13   3.1183E-06   3.1186E-06   0.99990
FLUX 1030  4550.00        6.588846E+13   3.0922E-06   3.0923E-06   0.99999
FLUX 1031  4570.00        6.560011E+13   3.0662E-06   3.0662E-06   0.99997
FLUX 1032  4590.00        6.531427E+13   3.0405E-06   3.0405E-06   0.99997
FLUX 1033  4610.00        6.503091E+13   3.0132E-06   3.0152E-06   0.99936
FLUX 1034  4630.00        6.475000E+13   2.9732E-06   2.9901E-06   0.99433
FLUX 1035  4650.00        6.447151E+13   2.8250E-06   2.9654E-06   0.95266
FLUX 1036  4670.00        6.419540E+13   2.8184E-06   2.9409E-06   0.95834
FLUX 1037  4690.00        6.392164E+13   2.8860E-06   2.9168E-06   0.98945
FLUX 1038  4710.00        6.365021E+13   2.8884E-06   2.8930E-06   0.99842
FLUX 1039  4730.00        6.338108E+13   2.8693E-06   2.8694E-06   0.99998
FLUX 1040  4750.00        6.311421E+13   2.8458E-06   2.8461E-06   0.99987
FLUX 1041  4770.00        6.284958E+13   2.8231E-06   2.8232E-06   0.99999
FLUX 1042  4790.00        6.258716E+13   2.8004E-06   2.8004E-06   1.00000
FLUX 1043  4810.00        6.232692E+13   2.7780E-06   2.7780E-06   1.00000
FLUX 1044  4830.00        6.206884E+13   2.7558E-06   2.7558E-06   1.00000
FLUX 1045  4850.00        6.181289E+13   2.7339E-06   2.7339E-06   1.00000
FLUX 1046  4870.00        6.155903E+13   2.7123E-06   2.7123E-06   1.00000
FLUX 1047  4890.00        6.130726E+13   2.6909E-06   2.6909E-06   1.00000
FLUX 1048  4910.00        6.105754E+13   2.6697E-06   2.6697E-06   1.00000
FLUX 1049  4930.00        6.080984E+13   2.6488E-06   2.6489E-06   1.00000
FLUX 1050  4950.00        6.056414E+13   2.6282E-06   2.6282E-06   1.00000
FLUX 1051  4970.00        6.032042E+13   2.6078E-06   2.6078E-06   1.00000
FLUX 1052  4990.00        6.007866E+13   2.5876E-06   2.5876E-06   1.00000
FLUX 1053  5010.00        5.983882E+13   2.5677E-06   2.5677E-06   0.99999
FLUX 1054  5030.00        5.960089E+13   2.5479E-06   2.5480E-06   0.99998
FLUX 1055  5050.00        5.936485E+13   2.5285E-06   2.5285E-06   0.99999
FLUX 1056  5070.00        5.913067E+13   2.5092E-06   2.5092E-06   0.99998
FLUX 1057  5090.00        5.889833E+13   2.4877E-06   2.4902E-06   0.99902
FLUX 1058  5110.00        5.866781E+13   2.4484E-06   2.4713E-06   0.99074
FLUX 1059  5130.00        5.843908E+13   2.3467E-06   2.4527E-06   0.95676
FLUX 1060  5150.00        5.821214E+13   2.4176E-06   2.4343E-06   0.99312
FLUX 1061  5170.00        5.798694E+13   2.4146E-06   2.4161E-06   0.99939
FLUX 1062  5190.00        5.776349E+13   2.3981E-06   2.3981E-06   0.99999
FLUX 1063  5210.00        5.754175E+13   2.3803E-06   2.3803E-06   0.99999
FLUX 1064  5230.00        5.732170E+13   2.3627E-06   2.3627E-06   1.00000
FLUX 1065  5250.00        5.710333E+13   2.3453E-06   2.3453E-06   1.00000
FLUX 1066  5270.00        5.688662E+13   2.3280E-06   2.3281E-06   0.99997
FLUX 1067  5290.00        5.667155E+13   2.3110E-06   2.3110E-06   1.00000
FLUX 1068  5310.00        5.645810E+13   2.2942E-06   2.2942E-06   1.00000
FLUX 1069  5330.00        5.624625E+13   2.2775E-06   2.2775E-06   1.00000
FLUX 1070  5350.00        5.603598E+13   2.2611E-06   2.2611E-06   1.00000
FLUX 1071  5370.00        5.582728E+13   2.2448E-06   2.2448E-06   1.00000
FLUX 1072  5390.00        5.562013E+13   2.2286E-06   2.2286E-06   0.99999
FLUX 1073  5410.00        5.541451E+13   2.2127E-06   2.2127E-06   1.00000
FLUX 1074  5430.00        5.521041E+13   2.1969E-06   2.1969E-06   1.00000
FLUX 1075  5450.00        5.500780E+13   2.1813E-06   2.1813E-06   1.00000
FLUX 1076  5470.00        5.480667E+13   2.1658E-06   2.1658E-06   1.00000
FLUX 1077  5490.00        5.460701E+13   2.1506E-06   2.1506E-06   1.00000
FLUX 1078  5510.00        5.440880E+13   2.1354E-06   2.1354E-06   1.00000
FLUX 1079  5530.00        5.421203E+13   2.1205E-06   2.1205E-06   1.00000
FLUX 1080  5550.00        5.401667E+13   2.1057E-06   2.1057E-06   1.00000
FLUX 1081  5570.00        5.382271E+13   2.0910E-06   2.0910E-06   0.99999
FLUX 1082  5590.00        5.363014E+13   2.0765E-06   2.0765E-06   0.99999
FLUX 1083  5610.00        5.343895E+13   2.0621E-06   2.0622E-06   0.99999
FLUX 1084  5630.00        5.324911E+13   2.0479E-06   2.0479E-06   1.00000
FLUX 1085  5650.00        5.306062E+13   2.0339E-06   2.0339E-06   1.00000
FLUX 1086  5670.00        5.287346E+13   2.0200E-06   2.0200E-06   1.00000
FLUX 1087  5690.00        5.268761E+13   2.0062E-06   2.0062E-06   1.00000
FLUX 1088  5710.00        5.250306E+13   1.9926E-06   1.9926E-06   1.00000
FLUX 1089  5730.00        5.231981E+13   1.9791E-06   1.9791E-06   1.00000
FLUX 1090  5750.00        5.213783E+13   1.9657E-06   1.9657E-06   1.00000
FLUX 1091  5770.00        5.195711E+13   1.9525E-06   1.9525E-06   1.00000
FLUX 1092  5790.00        5.177763E+13   1.9394E-06   1.9394E-06   1.00000
FLUX 1093  5810.00        5.159940E+13   1.9264E-06   1.9264E-06   1.00000
FLUX 1094  5830.00        5.142238E+13   1.9136E-06   1.9136E-06   0.99999
FLUX 1095  5850.00        5.124658E+13   1.9034E-06   1.9034E-06   0.99998
FLUX 1096  5870.00        5.107198E+13   1.8878E-06   1.8908E-06   0.99840
FLUX 1097  5890.00        5.089856E+13   1.8581E-06   1.8783E-06   0.98921
FLUX 1098  5910.00        5.072631E+13   1.7771E-06   1.8660E-06   0.95235
FLUX 1099  5930.00        5.055523E+13   1.8399E-06   1.8537E-06   0.99255
FLUX 1100  5950.00        5.038529E+13   1.8400E-06   1.8416E-06   0.99910
FLUX 1101  5970.00        5.021650E+13   1.8296E-06   1.8296E-06   0.99998
FLUX 1102  5990.00        5.004883E+13   1.8177E-06   1.8177E-06   0.99999
FLUX 1103  6010.00        4.988228E+13   1.8060E-06   1.8060E-06   1.00000
FLUX 1104  6030.00        4.971683E+13   1.7943E-06   1.7943E-06   1.00000
FLUX 1105  6050.00        4.955248E+13   1.7828E-06   1.7828E-06   1.00000
FLUX 1106  6070.00        4.938921E+13   1.7713E-06   1.7713E-06   1.00000
FLUX 1107  6090.00        4.922701E+13   1.7600E-06   1.7600E-06   1.00000
FLUX 1108  6110.00        4.906588E+13   1.7488E-06   1.7488E-06   1.00000
FLUX 1109  6130.00        4.890579E+13   1.7377E-06   1.7377E-06   1.00000
FLUX 1110  6150.00        4.874675E+13   1.7267E-06   1.7267E-06   1.00000
FLUX 1111  6170.00        4.858874E+13   1.7158E-06   1.7158E-06   1.00000
FLUX 1112  6190.00        4.843174E+13   1.7050E-06   1.7050E-06   1.00000
FLUX 1113  6210.00        4.827576E+13   1.6943E-06   1.6943E-06   1.00000
FLUX 1114  6230.00        4.812079E+13   1.6837E-06   1.6837E-06   1.00000
FLUX 1115  6250.00        4.796680E+13   1.6732E-06   1.6732E-06   1.00000
FLUX 1116  6270.00        4.781380E+13   1.6628E-06   1.6628E-06   1.00000
FLUX 1117  6290.00        4.766176E+13   1.6525E-06   1.6525E-06   1.00000
FLUX 1118  6310.00        4.751070E+13   1.6423E-06   1.6423E-06   1.00000
FLUX 1119  6330.00        4.736058E+13   1.6322E-06   1.6322E-06   0.99999
FLUX 1120  6350.00        4.721142E+13   1.6222E-06   1.6222E-06   1.00000
FLUX 1121  6370.00        4.706319E+13   1.6122E-06   1.6122E-06   1.00000
FLUX 1122  6390.00        4.691588E+13   1.6024E-06   1.6024E-06   1.00000
FLUX 1123  6420.00        4.669665E+13   1.5878E-06   1.5878E-06   1.00000
FLUX 1124  6460.00        4.640751E+13   1.5687E-06   1.5687E-06   1.00000
FLUX 1125  6500.00        4.612192E+13   1.5499E-06   1.5499E-06   1.00000
FLUX 1126  6540.00        4.583983E+13   1.5314E-06   1.5314E-06   1.00000
FLUX 1127  6580.00        4.556117E+13   1.5133E-06   1.5133E-06   1.00000
FLUX 1128  6620.00        4.528588E+13   1.4954E-06   1.4955E-06   0.99996
FLUX 1129  6660.00        4.501389E+13   1.4779E-06   1.4779E-06   1.00000
FLUX 1130  6700.00        4.474515E+13   1.4607E-06   1.4607E-06   1.00000
FLUX 1131  6740.00        4.447960E+13   1.4438E-06   1.4438E-06   1.00000
FLUX 1132  6780.00        4.421718E+13   1.4272E-06   1.4272E-06   1.00000
FLUX 1133  6820.00        4.395784E+13   1.4109E-06   1.4109E-06   1.00000
FLUX 1134  6860.00        4.370153E+13   1.3948E-06   1.3948E-06   0.99998
FLUX 1135  6900.00        4.344819E+13   1.3790E-06   1.3790E-06   1.00000
FLUX 1136  6940.00        4.319777E+13   1.3635E-06   1.3635E-06   0.99998
FLUX 1137  6980.00        4.295021E+13   1.3482E-06   1.3482E-06   1.00000
FLUX 1138  7020.00        4.270548E+13   1.3332E-06   1.3332E-06   0.99999
FLUX 1139  7060.00        4.246353E+13   1.3185E-06   1.3185E-06   0.99999
FLUX 1140  7100.00        4.222430E+13   1.3040E-06   1.3040E-06   1.00000
FLUX 1141  7140.00        4.198775E+13   1.2896E-06   1.2897E-06   0.99995
FLUX 1142  7180.00        4.175383E+13   1.2756E-06   1.2756E-06   0.99998
FLUX 1143  7220.00        4.152251E+13   1.2618E-06   1.2618E-06   0.99999
FLUX 1144  7260.00        4.129373E+13   1.2482E-06   1.2482E-06   0.99998
FLUX 1145  7300.00        4.106747E+13   1.2348E-06   1.2348E-06   1.00000
FLUX 1146  7340.00        4.084366E+13   1.2217E-06   1.2217E-06   0.99999
FLUX 1147  7380.00        4.062229E+13   1.2087E-06   1.2087E-06   0.99998
FLUX 1148  7420.00        4.040330E+13   1.1933E-06   1.1960E-06   0.99773
FLUX 1149  7460.00        4.018666E+13   1.1471E-06   1.1835E-06   0.96930
FLUX 1150  7500.00        3.997233E+13   1.1318E-06   1.1711E-06   0.96644
FLUX 1151  7540.00        3.976028E+13   1.1551E-06   1.1590E-06   0.99666
FLUX 1152  7580.00        3.955046E+13   1.1470E-06   1.1470E-06   0.99998
FLUX 1153  7620.00        3.934285E+13   1.1353E-06   1.1353E-06   0.99999
FLUX 1154  7660.00        3.913740E+13   1.1237E-06   1.1237E-06   0.99999
FLUX 1155  7700.00        3.893409E+13   1.1122E-06   1.1122E-06   1.00000
FLUX 1156  7740.00        3.873288E+13   1.1010E-06   1.1010E-06   0.99999
FLUX 1157  7780.00        3.853374E+13   1.0899E-06   1.0899E-06   1.00000
FLUX 1158  7820.00        3.833664E+13   1.0790E-06   1.0790E-06   1.00000
FLUX 1159  7860.00        3.814154E+13   1.0683E-06   1.0683E-06   1.00000
FLUX 1160  7900.00        3.794842E+13   1.0577E-06   1.0577E-06   1.00000
FLUX 1161  7940.00        3.775724E+13   1.0472E-06   1.0472E-06   1.00000
FLUX 1162  7980.00        3.756798E+13   1.0370E-06   1.0370E-06   1.00000
FLUX 1163  8020.00        3.738061E+13   1.0268E-06   1.0268E-06   1.00000
FLUX 1164  8060.00        3.719510E+13   1.0168E-06   1.0168E-06   1.00000
FLUX 1165  8100.00        3.701142E+13   1.0070E-06   1.0070E-06   1.00000
FLUX 1166  8140.00        3.682955E+13   9.9729E-07   9.9729E-07   1.00000
FLUX 1167  8180.00        3.664945E+13   9.8773E-07   9.8773E-07   1.00000
FLUX 1168  8220.00        3.647111E+13   9.7830E-07   9.7830E-07   1.00000
FLUX 1169  8260.00        3.629449E+13   9.6901E-07   9.6901E-07   1.00000
FLUX 1170  8300.00        3.611958E+13   9.5985E-07   9.5985E-07   1.00000
FLUX 1171  8340.00        3.594634E+13   9.5081E-07   9.5081E-07   1.00000
FLUX 1172  8380.00        3.577476E+13   9.4190E-07   9.4191E-07   0.99999
FLUX 1173  8420.00        3.560481E+13   9.3312E-07   9.3312E-07   1.00000
FLUX 1174  8460.00        3.543647E+13   9.2446E-07   9.2446E-07   1.00000
FLUX 1175  8500.00        3.526971E+13   9.1592E-07   9.1592E-07   1.00000
FLUX 1176  8540.00        3.510451E+13   9.0749E-07   9.0750E-07   1.00000
FLUX 1177  8580.00        3.494085E+13   8.9918E-07   8.9919E-07   1.00000
FLUX 1178  8620.00        3.477871E+13   8.9099E-07   8.9099E-07   1.00000
FLUX 1179  8660.00        3.461807E+13   8.8290E-07   8.8290E-07   1.00000
FLUX 1180  8700.00        3.445891E+13   8.7493E-07   8.7493E-07   1.00000
FLUX 1181  8740.00        3.430120E+13   8.6706E-07   8.6706E-07   1.00000
FLUX 1182  8780.00        3.414493E+13   8.5929E-07   8.5929E-07   1.00000
FLUX 1183  8820.00        3.399008E+13   8.5163E-07   8.5163E-07   1.00000
FLUX 1184  8860.00        3.383663E+13   8.4407E-07   8.4407E-07   1.00000
FLUX 1185  8900.00        3.368455E+13   8.3661E-07   8.3661E-07   1.00000
FLUX 1186  8940.00        3.353384E+13   8.2925E-07   8.2925E-07   1.00000
FLUX 1187  8980.00        3.338447E+13   8.2199E-07   8.2199E-07   1.00000
FLUX 1188  9020.00        3.323642E+13   8.1482E-07   8.1482E-07   1.00000
FLUX 1189  9060.00        3.308968E+13   8.0774E-07   8.0774E-07   1.00000
FLUX 1190  9100.00        3.294423E+13   8.0075E-07   8.0075E-07   1.00000
FLUX 1191  9140.00        3.280005E+13   7.9386E-07   7.9386E-07   1.00000
FLUX 1192  9180.00        3.265714E+13   7.8705E-07   7.8705E-07   1.00000
FLUX 1193  9220.00        3.251546E+13   7.8033E-07   7.8033E-07   1.00000
FLUX 1194  9260.00        3.237500E+13   7.7369E-07   7.7369E-07   1.00000
FLUX 1195  9300.00        3.223575E+13   7.6713E-07   7.6714E-07   1.00000
FLUX 1196  9340.00        3.209770E+13   7.6066E-07   7.6066E-07   1.00000
FLUX 1197  9380.00        3.196082E+13   7.5427E-07   7.5427E-07   1.00000
FLUX 1198  9420.00        3.182511E+13   7.4796E-07   7.4796E-07   1.00000
FLUX 1199  9460.00        3.169054E+13   7.4173E-07   7.4173E-07   1.00000
FLUX 1200  9500.00        3.155711E+13   7.3557E-07   7.3557E-07   1.00000
FLUX 1201  9540.00        3.142479E+13   7.2949E-07   7.2949E-07   1.00000
FLUX 1202  9580.00        3.129358E+13   7.2349E-07   7.2349E-07   1.00000
FLUX 1203  9620.00        3.116346E+13   7.1756E-07   7.1756E-07   1.00000
FLUX 1204  9660.00        3.103442E+13   7.1170E-07   7.1170E-07   1.00000
FLUX 1205  9700.00        3.090644E+13   7.0590E-07   7.0591E-07   0.99999
FLUX 1206  9740.00        3.077952E+13   7.0019E-07   7.0019E-07   1.00000
FLUX 1207  9780.00        3.065363E+13   6.9454E-07   6.9454E-07   1.00000
FLUX 1208  9820.00        3.052877E+13   6.8896E-07   6.8896E-07   1.00000
FLUX 1209  9860.00        3.040492E+13   6.8344E-07   6.8344E-07   1.00000
FLUX 1210  9900.00        3.028207E+13   6.7799E-07   6.7799E-07   1.00000
FLUX 1211  9940.00        3.016021E+13   6.7260E-07   6.7260E-07   1.00000
FLUX 1212  9980.00        3.003933E+13   6.6728E-07   6.6728E-07   1.00000
FLUX 1213 10020.00        2.991941E+13   6.6202E-07   6.6202E-07   1.00000
FLUX 1214 20000.00        1.498963E+13   1.6657E-07   1.6657E-07   1.00000
FLUX 1215 40000.00        7.494813E+12   4.1010E-08   4.1010E-08   1.00000
FLUX 1216 60000.00        4.996542E+12   1.7977E-08   1.7977E-08   1.00000
FLUX 1217 80000.00        3.747406E+12   9.9994E-09   9.9994E-09   1.00000
FLUX 1218100000.00        2.997925E+12   6.3407E-09   6.3407E-09   1.00000
FLUX 1219120000.00        2.498271E+12   4.3691E-09   4.3691E-09   1.00000
FLUX 1220140000.00        2.141375E+12   3.1886E-09   3.1886E-09   1.00000
FLUX 1221160000.00        1.873703E+12   2.4272E-09   2.4272E-09   1.00000
FLUX
