TEFF  20000.  GRAVITY 5.00000 LTE 
TITLE TEST MODEL WITH SDSC OPACITY  VTURB 2 KM/S                                
 OPACITY IFOP
FLUX   45    23.00        1.303446E+16   2.3929E-23   2.6787E-23   0.89333
FLUX   46    23.40        1.281165E+16   5.6635E-23   5.7566E-23   0.98383
FLUX   47    24.00        1.249135E+16   1.7325E-22   1.7335E-22   0.99942
FLUX   48    24.65        1.216197E+16   5.4012E-22   5.4037E-22   0.99954
FLUX   49    25.24        1.187767E+16   1.4462E-21   1.4463E-21   0.99997
FLUX   50    25.68        1.167416E+16   2.9118E-21   2.9313E-21   0.99333
FLUX   51    26.00        1.153048E+16   4.8358E-21   4.8359E-21   0.99998
FLUX   52    26.40        1.135578E+16   8.8909E-21   8.8912E-21   0.99997
FLUX   53    26.85        1.116546E+16   1.7184E-20   1.7184E-20   0.99997
FLUX   54    27.35        1.096133E+16   3.4826E-20   3.4846E-20   0.99942
FLUX   55    27.85        1.076454E+16   6.9402E-20   6.9403E-20   0.99998
FLUX   56    28.40        1.055607E+16   1.4427E-19   1.4428E-19   0.99997
FLUX   57    29.00        1.033767E+16   3.0950E-19   3.0953E-19   0.99991
FLUX   58    29.60        1.012813E+16   6.4121E-19   6.4141E-19   0.99970
FLUX   59    30.10        9.959884E+15   1.1594E-18   1.1601E-18   0.99942
FLUX   60    30.80        9.733523E+15   2.5654E-18   2.5840E-18   0.99281
FLUX   61    31.80        9.427437E+15   7.6063E-18   7.6078E-18   0.99981
FLUX   62    32.80        9.140015E+15   2.0925E-17   2.1081E-17   0.99262
FLUX   63    33.80        8.869601E+15   5.5078E-17   5.5079E-17   0.99998
FLUX   64    34.80        8.614727E+15   1.3706E-16   1.3710E-16   0.99972
FLUX   65    35.70        8.397549E+15   3.0361E-16   3.0589E-16   0.99256
FLUX   66    36.60        8.191052E+15   6.4292E-16   6.4353E-16   0.99905
FLUX   67    37.50        7.994467E+15   1.2988E-15   1.3043E-15   0.99572
FLUX   68    38.50        7.786818E+15   2.7524E-15   2.7602E-15   0.99716
FLUX   69    39.50        7.589684E+15   5.6156E-15   5.6337E-15   0.99680
FLUX   70    40.50        7.402284E+15   1.1078E-14   1.1123E-14   0.99599
FLUX   71    41.40        7.241365E+15   1.9963E-14   1.9996E-14   0.99837
FLUX   72    42.20        7.104088E+15   3.2832E-14   3.3024E-14   0.99417
FLUX   73    43.00        6.971919E+15   5.2926E-14   5.3514E-14   0.98901
FLUX   74    44.10        6.798016E+15   1.0066E-13   1.0120E-13   0.99464
FLUX   75    45.10        6.647284E+15   1.7535E-13   1.7584E-13   0.99725
FLUX   76    46.00        6.517228E+15   2.8259E-13   2.8347E-13   0.99691
FLUX   77    47.00        6.378564E+15   4.7104E-13   4.7221E-13   0.99753
FLUX   78    48.00        6.245677E+15   7.6814E-13   7.6996E-13   0.99764
FLUX   79    49.00        6.118214E+15   1.2319E-12   1.2331E-12   0.99905
FLUX   80    50.00        5.995850E+15   1.9346E-12   1.9354E-12   0.99958
FLUX   81    50.60        5.924753E+15   1.1079E-10   2.4687E-10   0.44879
FLUX   82    51.20        5.855322E+15   4.6993E-10   5.7330E-10   0.81968
FLUX   83    52.00        5.765240E+15   6.1211E-10   7.3391E-10   0.83405
FLUX   84    53.00        5.656462E+15   8.8764E-10   9.8874E-10   0.89775
FLUX   85    54.00        5.551713E+15   1.0798E-09   1.3172E-09   0.81972
FLUX   86    55.00        5.450773E+15   1.6616E-09   1.7369E-09   0.95662
FLUX   87    56.00        5.353438E+15   2.1370E-09   2.2673E-09   0.94254
FLUX   88    57.00        5.259518E+15   2.8802E-09   2.9313E-09   0.98257
FLUX   89    58.00        5.168836E+15   3.1703E-09   3.8269E-09   0.82842
FLUX   90    59.00        5.081229E+15   4.5413E-09   4.8533E-09   0.93572
FLUX   91    60.00        4.996542E+15   5.8838E-09   6.1050E-09   0.96377
FLUX   92    61.00        4.914631E+15   7.5994E-09   7.6204E-09   0.99724
FLUX   93    62.00        4.835363E+15   9.2662E-09   9.4420E-09   0.98137
FLUX   94    63.00        4.758611E+15   1.1526E-08   1.1617E-08   0.99215
FLUX   95    64.00        4.684258E+15   1.3499E-08   1.4201E-08   0.95057
FLUX   96    65.00        4.612192E+15   1.6775E-08   1.7251E-08   0.97242
FLUX   97    65.80        4.556117E+15   1.9976E-08   2.0067E-08   0.99546
FLUX   98    66.50        4.508158E+15   2.2255E-08   2.2835E-08   0.97462
FLUX   99    67.50        4.441370E+15   2.5959E-08   2.7331E-08   0.94980
FLUX  100    68.50        4.376533E+15   3.0941E-08   3.2534E-08   0.95104
FLUX  101    69.50        4.313561E+15   3.7975E-08   3.8525E-08   0.98573
FLUX  102    70.50        4.252376E+15   4.4189E-08   4.5390E-08   0.97354
FLUX  103    71.60        4.187046E+15   5.2613E-08   5.4063E-08   0.97319
FLUX  104    72.60        4.129373E+15   6.0762E-08   6.3071E-08   0.96338
FLUX  105    73.50        4.078810E+15   6.9135E-08   7.2190E-08   0.95768
FLUX  106    74.50        4.024060E+15   8.1692E-08   8.3545E-08   0.97782
FLUX  107    75.50        3.970762E+15   9.4760E-08   9.6292E-08   0.98408
FLUX  108    76.50        3.918856E+15   1.0880E-07   1.1058E-07   0.98389
FLUX  109    77.50        3.868290E+15   1.2554E-07   1.2647E-07   0.99269
FLUX  110    78.50        3.819013E+15   1.4340E-07   1.4411E-07   0.99503
FLUX  111    79.50        3.770975E+15   1.6037E-07   1.6365E-07   0.97996
FLUX  112    80.50        3.724130E+15   1.8128E-07   1.8520E-07   0.97884
FLUX  113    81.50        3.678436E+15   2.0230E-07   2.0891E-07   0.96836
FLUX  114    82.50        3.633848E+15   2.3069E-07   2.3493E-07   0.98194
FLUX  115    83.50        3.590329E+15   2.4774E-07   2.6340E-07   0.94052
FLUX  116    84.50        3.547840E+15   2.8202E-07   2.9447E-07   0.95772
FLUX  117    85.50        3.506345E+15   3.1380E-07   3.2829E-07   0.95585
FLUX  118    86.50        3.465809E+15   3.5177E-07   3.6498E-07   0.96382
FLUX  119    87.50        3.426200E+15   3.9352E-07   4.0470E-07   0.97238
FLUX  120    88.50        3.387486E+15   4.4171E-07   4.4760E-07   0.98683
FLUX  121    89.50        3.349637E+15   4.8703E-07   4.9384E-07   0.98622
FLUX  122    90.50        3.312624E+15   5.1714E-07   5.4355E-07   0.95141
FLUX  123    91.50        3.276421E+15   7.7563E-07   5.6223E-04   0.00138
FLUX  124    92.50        3.241000E+15   2.5763E-06   5.5693E-04   0.00463
FLUX  125    93.50        3.206337E+15   5.6756E-06   5.5175E-04   0.01029
FLUX  126    94.50        3.172407E+15   2.1997E-05   5.4669E-04   0.04024
FLUX  127    95.50        3.139188E+15   6.9840E-05   5.4174E-04   0.12892
FLUX  128    96.50        3.106658E+15   1.0414E-04   5.3692E-04   0.19396
FLUX  129    97.50        3.074795E+15   1.9772E-05   5.3229E-04   0.03714
FLUX  130    98.50        3.043579E+15   1.8095E-04   5.2775E-04   0.34287
FLUX  131    99.50        3.012990E+15   1.8480E-04   5.2332E-04   0.35313
FLUX  132   100.50        2.983010E+15   2.4949E-04   5.1899E-04   0.48073
FLUX  133   101.50        2.953621E+15   1.8075E-04   5.1477E-04   0.35112
FLUX  134   102.50        2.924805E+15   1.9866E-05   5.1409E-04   0.03864
FLUX  135   103.50        2.896546E+15   1.1777E-04   5.0998E-04   0.23093
FLUX  136   104.50        2.868828E+15   3.1917E-04   5.0595E-04   0.63083
FLUX  137   105.50        2.841635E+15   3.3056E-04   5.0202E-04   0.65846
FLUX  138   106.50        2.814953E+15   2.6336E-04   4.9820E-04   0.52863
FLUX  139   107.50        2.788767E+15   3.2748E-04   4.9446E-04   0.66230
FLUX  140   108.50        2.763065E+15   2.6903E-04   4.9082E-04   0.54812
FLUX  141   109.50        2.737831E+15   3.3596E-04   4.8725E-04   0.68951
FLUX  142   110.50        2.713054E+15   3.0791E-04   5.0116E-04   0.61440
FLUX  143   111.50        2.688722E+15   2.8783E-04   4.9749E-04   0.57857
FLUX  144   112.50        2.664822E+15   2.7623E-04   4.9387E-04   0.55931
FLUX  145   113.50        2.641344E+15   3.3769E-04   4.9119E-04   0.68749
FLUX  146   114.50        2.618275E+15   2.9247E-04   4.8771E-04   0.59968
FLUX  147   115.50        2.595606E+15   3.2022E-04   4.8430E-04   0.66121
FLUX  148   116.50        2.573326E+15   3.4056E-04   4.8095E-04   0.70809
FLUX  149   117.50        2.551426E+15   2.6606E-04   4.7802E-04   0.55660
FLUX  150   118.50        2.529895E+15   3.4644E-04   4.7479E-04   0.72966
FLUX  151   119.50        2.508724E+15   2.3681E-04   4.7162E-04   0.50211
FLUX  152   120.50        2.487905E+15   1.5749E-04   4.6851E-04   0.33614
FLUX  153   121.50        2.467428E+15   3.6002E-05   4.6545E-04   0.07735
FLUX  154   122.50        2.447286E+15   1.6431E-04   4.6328E-04   0.35467
FLUX  155   123.50        2.427470E+15   3.2994E-04   4.6033E-04   0.71673
FLUX  156   124.50        2.407972E+15   3.6279E-04   4.6042E-04   0.78797
FLUX  157   125.50        2.388785E+15   3.4685E-04   4.5752E-04   0.75811
FLUX  158   126.50        2.369901E+15   2.8499E-04   4.5468E-04   0.62680
FLUX  159   127.50        2.351314E+15   3.7046E-04   4.5188E-04   0.81983
FLUX  160   128.50        2.333016E+15   3.8077E-04   4.4912E-04   0.84781
FLUX  161   129.50        2.315000E+15   2.9935E-04   4.4641E-04   0.67058
FLUX  162   130.50        2.297261E+15   3.0643E-04   4.4374E-04   0.69056
FLUX  163   131.50        2.279791E+15   3.7612E-04   4.4112E-04   0.85266
FLUX  164   132.50        2.262585E+15   3.5120E-04   4.3858E-04   0.80079
FLUX  165   133.50        2.245637E+15   3.1776E-04   4.3607E-04   0.72870
FLUX  166   134.50        2.228941E+15   3.6524E-04   4.3360E-04   0.84233
FLUX  167   135.50        2.212491E+15   3.5689E-04   4.3117E-04   0.82771
FLUX  168   136.50        2.196282E+15   3.2785E-04   4.2877E-04   0.76463
FLUX  169   137.50        2.180309E+15   3.4039E-04   4.2642E-04   0.79825
FLUX  170   138.50        2.164567E+15   3.4938E-04   4.2410E-04   0.82382
FLUX  171   139.50        2.149050E+15   3.1732E-04   4.2181E-04   0.75229
FLUX  172   140.50        2.133754E+15   3.3312E-04   4.1956E-04   0.79399
FLUX  173   141.50        2.118675E+15   3.3033E-04   4.1735E-04   0.79150
FLUX  174   142.50        2.103807E+15   3.3837E-04   4.1520E-04   0.81497
FLUX  175   143.50        2.089146E+15   3.3922E-04   4.1304E-04   0.82127
FLUX  176   144.20        2.079005E+15   3.5309E-04   4.1155E-04   0.85795
FLUX  177   144.70        2.071821E+15   3.5102E-04   4.1066E-04   0.85479
FLUX  178   145.50        2.060430E+15   3.4527E-04   4.0898E-04   0.84423
FLUX  179   146.50        2.046365E+15   3.2555E-04   4.0690E-04   0.80007
FLUX  180   147.50        2.032492E+15   3.2664E-04   4.0485E-04   0.80680
FLUX  181   148.50        2.018805E+15   3.2148E-04   4.0283E-04   0.79805
FLUX  182   149.50        2.005301E+15   3.2707E-04   4.0083E-04   0.81600
FLUX  183   150.50        1.991977E+15   3.0711E-04   3.9885E-04   0.76999
FLUX  184   151.20        1.982755E+15   2.7988E-04   3.9748E-04   0.70415
FLUX  185   151.70        1.976220E+15   2.9432E-04   3.9651E-04   0.74228
FLUX  186   152.50        1.965852E+15   2.9605E-04   3.9498E-04   0.74953
FLUX  187   153.50        1.953046E+15   2.6633E-04   3.9308E-04   0.67754
FLUX  188   154.50        1.940405E+15   2.8491E-04   3.9120E-04   0.72828
FLUX  189   155.50        1.927926E+15   2.7283E-04   3.8935E-04   0.70073
FLUX  190   156.50        1.915607E+15   2.8032E-04   3.8751E-04   0.72338
FLUX  191   157.50        1.903444E+15   2.9824E-04   3.8570E-04   0.77325
FLUX  192   158.50        1.891435E+15   3.0281E-04   3.8390E-04   0.78878
FLUX  193   159.50        1.879577E+15   3.0925E-04   3.8212E-04   0.80929
FLUX  194   160.50        1.867866E+15   3.0761E-04   3.8037E-04   0.80871
FLUX  195   161.50        1.856300E+15   3.1012E-04   3.7863E-04   0.81906
FLUX  196   162.50        1.844877E+15   3.0112E-04   3.7691E-04   0.79891
FLUX  197   163.50        1.833593E+15   3.1586E-04   3.7521E-04   0.84182
FLUX  198   164.50        1.822447E+15   3.1625E-04   3.7353E-04   0.84665
FLUX  199   165.50        1.811435E+15   3.0086E-04   3.7187E-04   0.80904
FLUX  200   166.50        1.800556E+15   3.2582E-04   3.7024E-04   0.88004
FLUX  201   167.20        1.793017E+15   3.1506E-04   3.6911E-04   0.85358
FLUX  202   167.70        1.787671E+15   3.2193E-04   3.6830E-04   0.87409
FLUX  203   168.50        1.779184E+15   3.2998E-04   3.6703E-04   0.89907
FLUX  204   169.50        1.768687E+15   3.1817E-04   3.6544E-04   0.87063
FLUX  205   170.50        1.758314E+15   3.0597E-04   3.6388E-04   0.84086
FLUX  206   171.50        1.748061E+15   2.9273E-04   3.6233E-04   0.80793
FLUX  207   172.50        1.737928E+15   2.9102E-04   3.6079E-04   0.80663
FLUX  208   173.50        1.727911E+15   3.0680E-04   3.5926E-04   0.85397
FLUX  209   174.50        1.718009E+15   2.9712E-04   3.5775E-04   0.83052
FLUX  210   175.50        1.708219E+15   3.1186E-04   3.5626E-04   0.87537
FLUX  211   176.50        1.698541E+15   2.9174E-04   3.5477E-04   0.82232
FLUX  212   177.50        1.688972E+15   2.9824E-04   3.5330E-04   0.84414
FLUX  213   178.50        1.679510E+15   3.0356E-04   3.5184E-04   0.86277
FLUX  214   179.50        1.670153E+15   3.1583E-04   3.5040E-04   0.90136
FLUX  215   180.50        1.660900E+15   3.1745E-04   3.4896E-04   0.90970
FLUX  216   181.50        1.651749E+15   2.9541E-04   3.4754E-04   0.85001
FLUX  217   182.50        1.642699E+15   3.0700E-04   3.4614E-04   0.88692
FLUX  218   183.50        1.633747E+15   2.9557E-04   3.4477E-04   0.85729
FLUX  219   184.50        1.624892E+15   2.7661E-04   3.4341E-04   0.80548
FLUX  220   185.50        1.616132E+15   2.7311E-04   3.4206E-04   0.79841
FLUX  221   186.50        1.607466E+15   2.8008E-04   3.4073E-04   0.82200
FLUX  222   187.50        1.598893E+15   3.0229E-04   3.3941E-04   0.89066
FLUX  223   188.50        1.590411E+15   2.7745E-04   3.3809E-04   0.82062
FLUX  224   189.50        1.582018E+15   2.6420E-04   3.3679E-04   0.78447
FLUX  225   190.50        1.573714E+15   2.8560E-04   3.3550E-04   0.85125
FLUX  226   191.50        1.565496E+15   2.7207E-04   3.3430E-04   0.81383
FLUX  227   192.50        1.557364E+15   2.6780E-04   3.3304E-04   0.80411
FLUX  228   193.50        1.549315E+15   2.7932E-04   3.3178E-04   0.84189
FLUX  229   194.50        1.541350E+15   2.8740E-04   3.3053E-04   0.86953
FLUX  230   195.50        1.533465E+15   2.6882E-04   3.2929E-04   0.81637
FLUX  231   196.70        1.524110E+15   2.9065E-04   3.2786E-04   0.88652
FLUX  232   197.60        1.517169E+15   3.0282E-04   3.2679E-04   0.92664
FLUX  233   198.40        1.511051E+15   2.8428E-04   3.2586E-04   0.87238
FLUX  234   199.50        1.502719E+15   2.7961E-04   3.2458E-04   0.86147
FLUX  235   200.50        1.495224E+15   2.8867E-04   3.2341E-04   0.89256
FLUX  236   201.50        1.487804E+15   2.8358E-04   3.2226E-04   0.87998
FLUX  237   202.50        1.480457E+15   2.9965E-04   3.2111E-04   0.93315
FLUX  238   203.50        1.473182E+15   2.8136E-04   3.1997E-04   0.87933
FLUX  239   204.50        1.465978E+15   2.8595E-04   3.1884E-04   0.89685
FLUX  240   205.50        1.458844E+15   2.7828E-04   3.1772E-04   0.87586
FLUX  241   206.50        1.451780E+15   2.8550E-04   3.1660E-04   0.90176
FLUX  242   207.40        1.445480E+15   2.9529E-04   3.1561E-04   0.93562
FLUX  243   207.80        1.442697E+15   2.7984E-04   3.1516E-04   0.88793
FLUX  244   208.50        1.437854E+15   2.8938E-04   3.1440E-04   0.92042
FLUX  245   209.50        1.430990E+15   2.7667E-04   3.1330E-04   0.88307
FLUX  246   210.50        1.424192E+15   2.8573E-04   3.1222E-04   0.91518
FLUX  247   211.50        1.417459E+15   2.8642E-04   3.1114E-04   0.92055
FLUX  248   212.50        1.410788E+15   2.9304E-04   3.1007E-04   0.94509
FLUX  249   213.50        1.404180E+15   2.8555E-04   3.0900E-04   0.92410
FLUX  250   214.50        1.397634E+15   2.8119E-04   3.0794E-04   0.91312
FLUX  251   215.50        1.391148E+15   2.9031E-04   3.0689E-04   0.94596
FLUX  252   216.50        1.384723E+15   2.8640E-04   3.0585E-04   0.93642
FLUX  253   217.50        1.378356E+15   2.8518E-04   3.0481E-04   0.93559
FLUX  254   218.50        1.372048E+15   2.8155E-04   3.0378E-04   0.92681
FLUX  255   219.50        1.365797E+15   2.8819E-04   3.0276E-04   0.95188
FLUX  256   220.50        1.359603E+15   2.8271E-04   3.0174E-04   0.93693
FLUX  257   221.50        1.353465E+15   2.7919E-04   3.0073E-04   0.92837
FLUX  258   222.50        1.347382E+15   2.7128E-04   2.9972E-04   0.90511
FLUX  259   223.50        1.341353E+15   2.8040E-04   2.9872E-04   0.93867
FLUX  260   224.50        1.335379E+15   2.7767E-04   2.9773E-04   0.93263
FLUX  261   225.50        1.329457E+15   2.7142E-04   2.9674E-04   0.91468
FLUX  262   226.50        1.323587E+15   2.7720E-04   2.9576E-04   0.93728
FLUX  263   227.50        1.317769E+15   2.7900E-04   2.9478E-04   0.94647
FLUX  264   228.50        1.312002E+15   2.8158E-04   2.9381E-04   0.95839
FLUX  265   229.50        1.306285E+15   2.7336E-04   2.9285E-04   0.93347
FLUX  266   230.50        1.300618E+15   2.7297E-04   2.9189E-04   0.93520
FLUX  267   231.50        1.295000E+15   2.6697E-04   2.9093E-04   0.91762
FLUX  268   232.50        1.289430E+15   2.2762E-04   2.8999E-04   0.78492
FLUX  269   233.50        1.283908E+15   2.5820E-04   2.8905E-04   0.89330
FLUX  270   234.50        1.278433E+15   2.5530E-04   2.8811E-04   0.88613
FLUX  271   235.50        1.273004E+15   2.6000E-04   2.8718E-04   0.90534
FLUX  272   236.50        1.267622E+15   2.5367E-04   2.8626E-04   0.88615
FLUX  273   237.50        1.262284E+15   2.5679E-04   2.8534E-04   0.89996
FLUX  274   238.50        1.256992E+15   2.5096E-04   2.8442E-04   0.88236
FLUX  275   239.50        1.251743E+15   2.5991E-04   2.8352E-04   0.91675
FLUX  276   240.50        1.246538E+15   2.5200E-04   2.8261E-04   0.89167
FLUX  277   241.50        1.241377E+15   2.5491E-04   2.8172E-04   0.90485
FLUX  278   242.50        1.236258E+15   2.5845E-04   2.8082E-04   0.92031
FLUX  279   243.50        1.231181E+15   2.4984E-04   2.7994E-04   0.89248
FLUX  280   244.50        1.226145E+15   2.5693E-04   2.7906E-04   0.92073
FLUX  281   245.50        1.221151E+15   2.5608E-04   2.7818E-04   0.92057
FLUX  282   246.50        1.216197E+15   2.5393E-04   2.7731E-04   0.91571
FLUX  283   247.50        1.211283E+15   2.5073E-04   2.7644E-04   0.90698
FLUX  284   248.50        1.206408E+15   2.5766E-04   2.7558E-04   0.93498
FLUX  285   249.50        1.201573E+15   2.5049E-04   2.7472E-04   0.91180
FLUX  286   250.50        1.196776E+15   2.5800E-04   2.7386E-04   0.94207
FLUX  287   251.30        1.192967E+15   2.4741E-04   2.7318E-04   0.90565
FLUX  288   251.80        1.190598E+15   2.5559E-04   2.7276E-04   0.93703
FLUX  289   252.50        1.187297E+15   2.4792E-04   2.7217E-04   0.91090
FLUX  290   253.50        1.182613E+15   2.4727E-04   2.7134E-04   0.91128
FLUX  291   254.50        1.177967E+15   2.4445E-04   2.7051E-04   0.90367
FLUX  292   255.50        1.173356E+15   2.5094E-04   2.6969E-04   0.93048
FLUX  293   256.50        1.168782E+15   2.4993E-04   2.6888E-04   0.92954
FLUX  294   257.50        1.164243E+15   2.5479E-04   2.6806E-04   0.95050
FLUX  295   258.50        1.159739E+15   2.5610E-04   2.6725E-04   0.95825
FLUX  296   259.50        1.155270E+15   2.5587E-04   2.6645E-04   0.96030
FLUX  297   260.50        1.150835E+15   2.5108E-04   2.6769E-04   0.93796
FLUX  298   261.50        1.146434E+15   2.5143E-04   2.6686E-04   0.94221
FLUX  299   262.50        1.142067E+15   2.5113E-04   2.6603E-04   0.94400
FLUX  300   263.50        1.137732E+15   2.5158E-04   2.6521E-04   0.94860
FLUX  301   264.50        1.133431E+15   2.5797E-04   2.6440E-04   0.97569
FLUX  302   265.50        1.129162E+15   2.5757E-04   2.6359E-04   0.97717
FLUX  303   266.50        1.124925E+15   2.5204E-04   2.6278E-04   0.95915
FLUX  304   267.50        1.120720E+15   2.5581E-04   2.6198E-04   0.97644
FLUX  305   268.50        1.116546E+15   2.5486E-04   2.6118E-04   0.97580
FLUX  306   269.50        1.112403E+15   2.5166E-04   2.6039E-04   0.96647
FLUX  307   270.50        1.108290E+15   2.5238E-04   2.5960E-04   0.97220
FLUX  308   271.50        1.104208E+15   2.4921E-04   2.5881E-04   0.96289
FLUX  309   272.50        1.100156E+15   2.4730E-04   2.5803E-04   0.95842
FLUX  310   273.50        1.096133E+15   2.5181E-04   2.5726E-04   0.97881
FLUX  311   274.50        1.092140E+15   2.4213E-04   2.5649E-04   0.94402
FLUX  312   275.50        1.088176E+15   2.4263E-04   2.5572E-04   0.94883
FLUX  313   276.50        1.084241E+15   2.4464E-04   2.5495E-04   0.95956
FLUX  314   277.50        1.080333E+15   2.4896E-04   2.5420E-04   0.97940
FLUX  315   278.50        1.076454E+15   2.4798E-04   2.5344E-04   0.97848
FLUX  316   279.50        1.072603E+15   2.3088E-04   2.5269E-04   0.91371
FLUX  317   280.50        1.068779E+15   2.3966E-04   2.5194E-04   0.95126
FLUX  318   281.50        1.064982E+15   2.4800E-04   2.5119E-04   0.98729
FLUX  319   282.50        1.061212E+15   2.4566E-04   2.5045E-04   0.98085
FLUX  320   283.50        1.057469E+15   2.3753E-04   2.4971E-04   0.95120
FLUX  321   284.50        1.053752E+15   2.3944E-04   2.4898E-04   0.96168
FLUX  322   285.50        1.050061E+15   2.4138E-04   2.4825E-04   0.97231
FLUX  323   286.50        1.046396E+15   2.4475E-04   2.4752E-04   0.98882
FLUX  324   287.50        1.042757E+15   2.4214E-04   2.4680E-04   0.98112
FLUX  325   288.50        1.039142E+15   2.4195E-04   2.4608E-04   0.98321
FLUX  326   289.50        1.035553E+15   2.4219E-04   2.4536E-04   0.98708
FLUX  327   291.00        1.030215E+15   2.4214E-04   2.4429E-04   0.99119
FLUX  328   293.00        1.023183E+15   2.3954E-04   2.4288E-04   0.98624
FLUX  329   295.00        1.016246E+15   2.3701E-04   2.4148E-04   0.98149
FLUX  330   297.00        1.009402E+15   2.3765E-04   2.4010E-04   0.98981
FLUX  331   299.00        1.002651E+15   2.3570E-04   2.3873E-04   0.98733
FLUX  332   301.00        9.959884E+14   2.3563E-04   2.3737E-04   0.99268
FLUX  333   303.00        9.894142E+14   2.3549E-04   2.3603E-04   0.99773
FLUX  334   305.00        9.829262E+14   2.3379E-04   2.3469E-04   0.99617
FLUX  335   307.00        9.765228E+14   2.3218E-04   2.3337E-04   0.99490
FLUX  336   309.00        9.702023E+14   2.3109E-04   2.3206E-04   0.99582
FLUX  337   311.00        9.639630E+14   2.2950E-04   2.3077E-04   0.99450
FLUX  338   313.00        9.578035E+14   2.2887E-04   2.2970E-04   0.99639
FLUX  339   315.00        9.517222E+14   2.2741E-04   2.2842E-04   0.99557
FLUX  340   317.00        9.457177E+14   2.2582E-04   2.2716E-04   0.99411
FLUX  341   319.00        9.397884E+14   2.2212E-04   2.2591E-04   0.98323
FLUX  342   321.00        9.339330E+14   2.2342E-04   2.2467E-04   0.99444
FLUX  343   323.00        9.281502E+14   2.2262E-04   2.2344E-04   0.99635
FLUX  344   325.00        9.224385E+14   2.2140E-04   2.2222E-04   0.99633
FLUX  345   327.00        9.167966E+14   2.2050E-04   2.2101E-04   0.99768
FLUX  346   329.00        9.112234E+14   2.1920E-04   2.1981E-04   0.99723
FLUX  347   331.00        9.057175E+14   2.1846E-04   2.1862E-04   0.99926
FLUX  348   333.00        9.002778E+14   2.1717E-04   2.1744E-04   0.99877
FLUX  349   335.00        8.949030E+14   2.1557E-04   2.1627E-04   0.99675
FLUX  350   337.00        8.895920E+14   2.1476E-04   2.1511E-04   0.99838
FLUX  351   339.00        8.843437E+14   2.1368E-04   2.1396E-04   0.99870
FLUX  352   341.00        8.791569E+14   2.1267E-04   2.1282E-04   0.99930
FLUX  353   343.00        8.740306E+14   2.1093E-04   2.1272E-04   0.99159
FLUX  354   345.00        8.689638E+14   2.0961E-04   2.1158E-04   0.99071
FLUX  355   347.00        8.639553E+14   2.0894E-04   2.1044E-04   0.99289
FLUX  356   349.00        8.590043E+14   2.0793E-04   2.0931E-04   0.99338
FLUX  357   351.00        8.541097E+14   2.0730E-04   2.0820E-04   0.99571
FLUX  358   353.00        8.492705E+14   2.0627E-04   2.0709E-04   0.99602
FLUX  359   355.00        8.444859E+14   2.0522E-04   2.0599E-04   0.99626
FLUX  360   357.00        8.397549E+14   2.0472E-04   2.0491E-04   0.99910
FLUX  361   359.00        8.350766E+14   2.0254E-04   2.0383E-04   0.99371
FLUX  362   361.00        8.304501E+14   2.0172E-04   2.0276E-04   0.99491
FLUX  363   363.00        8.258747E+14   2.0064E-04   2.0169E-04   0.99476
FLUX  364   364.00        8.236058E+14   2.0116E-04   2.0117E-04   0.99997
FLUX  365   365.00        8.213493E+14   2.0072E-04   3.0713E-04   0.65354
FLUX  366   367.00        8.168733E+14   2.0037E-04   3.0478E-04   0.65740
FLUX  367   369.00        8.124458E+14   1.9604E-04   3.0650E-04   0.63961
FLUX  368   371.00        8.080660E+14   1.8677E-04   3.0417E-04   0.61405
FLUX  369   373.00        8.037332E+14   1.8095E-04   3.0186E-04   0.59946
FLUX  370   375.00        7.994467E+14   1.9102E-04   2.9959E-04   0.63762
FLUX  371   377.00        7.952056E+14   1.9218E-04   2.9734E-04   0.64632
FLUX  372   379.00        7.910092E+14   2.0930E-04   2.9512E-04   0.70922
FLUX  373   381.00        7.868570E+14   2.2849E-04   2.9292E-04   0.78005
FLUX  374   383.00        7.827480E+14   1.9789E-04   2.9075E-04   0.68062
FLUX  375   385.00        7.786818E+14   2.4245E-04   2.8860E-04   0.84008
FLUX  376   387.00        7.746576E+14   2.5753E-04   2.8648E-04   0.89895
FLUX  377   389.00        7.706748E+14   1.8566E-04   2.8437E-04   0.65288
FLUX  378   391.00        7.667327E+14   2.6091E-04   2.8230E-04   0.92425
FLUX  379   393.00        7.628308E+14   2.6509E-04   2.8024E-04   0.94593
FLUX  380   395.00        7.589684E+14   2.5905E-04   2.7821E-04   0.93114
FLUX  381   397.00        7.551448E+14   1.8130E-04   2.7620E-04   0.65640
FLUX  382   399.00        7.513596E+14   2.5120E-04   2.7422E-04   0.91605
FLUX  383   401.00        7.476122E+14   2.6451E-04   2.7225E-04   0.97155
FLUX  384   403.00        7.439020E+14   2.5673E-04   2.7031E-04   0.94977
FLUX  385   405.00        7.402284E+14   2.6477E-04   2.6839E-04   0.98652
FLUX  386   407.00        7.365909E+14   2.5721E-04   2.6649E-04   0.96517
FLUX  387   409.00        7.329890E+14   2.2236E-04   2.6461E-04   0.84032
FLUX  388   411.00        7.294221E+14   1.8984E-04   2.6276E-04   0.72248
FLUX  389   413.00        7.258898E+14   2.4580E-04   2.6092E-04   0.94203
FLUX  390   415.00        7.223916E+14   2.5188E-04   2.5911E-04   0.97212
FLUX  391   417.00        7.189269E+14   2.5370E-04   2.5731E-04   0.98595
FLUX  392   419.00        7.154952E+14   2.5371E-04   2.5554E-04   0.99285
FLUX  393   421.00        7.120962E+14   2.5288E-04   2.5378E-04   0.99646
FLUX  394   423.00        7.087293E+14   2.5068E-04   2.5204E-04   0.99460
FLUX  395   425.00        7.053941E+14   2.4838E-04   2.5032E-04   0.99224
FLUX  396   427.00        7.020902E+14   2.4251E-04   2.4862E-04   0.97542
FLUX  397   429.00        6.988170E+14   2.4379E-04   2.4694E-04   0.98724
FLUX  398   431.00        6.955742E+14   2.3747E-04   2.4527E-04   0.96818
FLUX  399   433.00        6.923614E+14   2.0028E-04   2.4362E-04   0.82208
FLUX  400   435.00        6.891782E+14   1.8196E-04   2.4199E-04   0.75191
FLUX  401   437.00        6.860240E+14   2.3075E-04   2.4038E-04   0.95995
FLUX  402   439.00        6.828986E+14   2.3175E-04   2.3878E-04   0.97055
FLUX  403   441.00        6.798016E+14   2.3483E-04   2.3720E-04   0.99002
FLUX  404   443.00        6.767325E+14   2.3275E-04   2.3564E-04   0.98777
FLUX  405   445.00        6.736910E+14   2.3318E-04   2.3408E-04   0.99615
FLUX  406   447.00        6.706767E+14   2.2077E-04   2.3255E-04   0.94935
FLUX  407   449.00        6.676893E+14   2.2803E-04   2.3103E-04   0.98703
FLUX  408   451.00        6.647284E+14   2.2910E-04   2.2952E-04   0.99814
FLUX  409   453.00        6.617936E+14   2.2700E-04   2.2803E-04   0.99545
FLUX  410   455.00        6.588846E+14   2.2566E-04   2.2656E-04   0.99605
FLUX  411   457.00        6.560011E+14   2.2450E-04   2.2510E-04   0.99735
FLUX  412   459.00        6.531427E+14   2.2304E-04   2.2365E-04   0.99724
FLUX  413   461.00        6.503091E+14   2.2124E-04   2.2222E-04   0.99558
FLUX  414   463.00        6.475000E+14   2.1931E-04   2.2081E-04   0.99323
FLUX  415   465.00        6.447151E+14   2.1787E-04   2.1940E-04   0.99302
FLUX  416   467.00        6.419540E+14   2.1718E-04   2.1801E-04   0.99619
FLUX  417   469.00        6.392164E+14   2.1632E-04   2.1664E-04   0.99851
FLUX  418   471.00        6.365021E+14   2.1029E-04   2.1528E-04   0.97683
FLUX  419   473.00        6.338108E+14   2.1208E-04   2.1393E-04   0.99138
FLUX  420   475.00        6.311421E+14   2.1057E-04   2.1259E-04   0.99051
FLUX  421   477.00        6.284958E+14   2.1080E-04   2.1127E-04   0.99782
FLUX  422   479.00        6.258716E+14   2.0879E-04   2.0995E-04   0.99443
FLUX  423   481.00        6.232692E+14   2.0576E-04   2.0866E-04   0.98611
FLUX  424   483.00        6.206884E+14   2.0116E-04   2.0737E-04   0.97003
FLUX  425   485.00        6.181289E+14   1.7499E-04   2.0610E-04   0.84907
FLUX  426   487.00        6.155903E+14   1.5467E-04   2.0483E-04   0.75510
FLUX  427   489.00        6.130726E+14   1.9559E-04   2.0359E-04   0.96073
FLUX  428   491.00        6.105754E+14   1.9959E-04   2.0235E-04   0.98639
FLUX  429   493.00        6.080984E+14   1.9488E-04   2.0112E-04   0.96895
FLUX  430   495.00        6.056414E+14   1.9905E-04   1.9991E-04   0.99574
FLUX  431   497.00        6.032042E+14   1.9848E-04   1.9870E-04   0.99886
FLUX  432   499.00        6.007866E+14   1.9709E-04   1.9751E-04   0.99788
FLUX  433   501.00        5.983882E+14   1.9116E-04   1.9633E-04   0.97366
FLUX  434   503.00        5.960089E+14   1.9413E-04   1.9516E-04   0.99474
FLUX  435   505.00        5.936485E+14   1.8992E-04   1.9400E-04   0.97895
FLUX  436   507.00        5.913067E+14   1.9236E-04   1.9285E-04   0.99744
FLUX  437   509.00        5.889833E+14   1.9114E-04   1.9171E-04   0.99700
FLUX  438   511.00        5.866781E+14   1.8961E-04   1.9058E-04   0.99488
FLUX  439   513.00        5.843908E+14   1.8815E-04   1.8947E-04   0.99308
FLUX  440   515.00        5.821214E+14   1.8680E-04   1.8836E-04   0.99176
FLUX  441   517.00        5.798694E+14   1.8666E-04   1.8726E-04   0.99681
FLUX  442   519.00        5.776349E+14   1.8557E-04   1.8617E-04   0.99681
FLUX  443   521.00        5.754175E+14   1.8313E-04   1.8509E-04   0.98942
FLUX  444   523.00        5.732170E+14   1.8336E-04   1.8402E-04   0.99641
FLUX  445   525.00        5.710333E+14   1.8243E-04   1.8296E-04   0.99714
FLUX  446   527.00        5.688662E+14   1.8116E-04   1.8191E-04   0.99588
FLUX  447   529.00        5.667155E+14   1.8059E-04   1.8086E-04   0.99850
FLUX  448   531.00        5.645810E+14   1.7935E-04   1.7983E-04   0.99735
FLUX  449   533.00        5.624625E+14   1.7827E-04   1.7881E-04   0.99701
FLUX  450   535.00        5.603598E+14   1.7689E-04   1.7779E-04   0.99489
FLUX  451   537.00        5.582728E+14   1.7653E-04   1.7679E-04   0.99855
FLUX  452   539.00        5.562013E+14   1.7550E-04   1.7579E-04   0.99831
FLUX  453   541.00        5.541451E+14   1.7438E-04   1.7480E-04   0.99759
FLUX  454   543.00        5.521041E+14   1.7303E-04   1.7382E-04   0.99543
FLUX  455   545.00        5.500780E+14   1.7224E-04   1.7285E-04   0.99647
FLUX  456   547.00        5.480667E+14   1.7123E-04   1.7189E-04   0.99616
FLUX  457   549.00        5.460701E+14   1.7061E-04   1.7094E-04   0.99807
FLUX  458   551.00        5.440880E+14   1.6956E-04   1.6999E-04   0.99745
FLUX  459   553.00        5.421203E+14   1.6872E-04   1.6905E-04   0.99806
FLUX  460   555.00        5.401667E+14   1.6790E-04   1.6812E-04   0.99868
FLUX  461   557.00        5.382271E+14   1.6693E-04   1.6720E-04   0.99838
FLUX  462   559.00        5.363014E+14   1.6606E-04   1.6628E-04   0.99867
FLUX  463   561.00        5.343895E+14   1.6507E-04   1.6538E-04   0.99818
FLUX  464   563.00        5.324911E+14   1.6441E-04   1.6448E-04   0.99958
FLUX  465   565.00        5.306062E+14   1.6250E-04   1.6358E-04   0.99337
FLUX  466   567.00        5.287346E+14   1.6168E-04   1.6270E-04   0.99372
FLUX  467   569.00        5.268761E+14   1.6122E-04   1.6182E-04   0.99625
FLUX  468   571.00        5.250306E+14   1.6067E-04   1.6095E-04   0.99827
FLUX  469   573.00        5.231981E+14   1.5992E-04   1.6009E-04   0.99893
FLUX  470   575.00        5.213783E+14   1.5904E-04   1.5923E-04   0.99879
FLUX  471   577.00        5.195711E+14   1.5829E-04   1.5839E-04   0.99941
FLUX  472   579.00        5.177763E+14   1.5741E-04   1.5754E-04   0.99912
FLUX  473   581.00        5.159940E+14   1.5654E-04   1.5671E-04   0.99890
FLUX  474   583.00        5.142238E+14   1.5572E-04   1.5588E-04   0.99894
FLUX  475   585.00        5.124658E+14   1.5492E-04   1.5506E-04   0.99912
FLUX  476   587.00        5.107198E+14   1.4848E-04   1.5424E-04   0.96265
FLUX  477   589.00        5.089856E+14   1.5248E-04   1.5344E-04   0.99377
FLUX  478   591.00        5.072631E+14   1.5242E-04   1.5263E-04   0.99863
FLUX  479   593.00        5.055523E+14   1.5169E-04   1.5184E-04   0.99904
FLUX  480   595.00        5.038529E+14   1.5044E-04   1.5105E-04   0.99601
FLUX  481   597.00        5.021650E+14   1.5013E-04   1.5026E-04   0.99912
FLUX  482   599.00        5.004883E+14   1.4898E-04   1.4949E-04   0.99660
FLUX  483   601.00        4.988228E+14   1.4867E-04   1.4872E-04   0.99972
FLUX  484   603.00        4.971683E+14   1.4786E-04   1.4795E-04   0.99941
FLUX  485   605.00        4.955248E+14   1.4712E-04   1.4719E-04   0.99951
FLUX  486   607.00        4.938921E+14   1.4636E-04   1.4644E-04   0.99943
FLUX  487   609.00        4.922701E+14   1.4557E-04   1.4569E-04   0.99914
FLUX  488   611.00        4.906588E+14   1.4491E-04   1.4495E-04   0.99973
FLUX  489   613.00        4.890579E+14   1.4420E-04   1.4422E-04   0.99984
FLUX  490   615.00        4.874675E+14   1.4288E-04   1.4349E-04   0.99578
FLUX  491   617.00        4.858874E+14   1.4264E-04   1.4277E-04   0.99913
FLUX  492   619.00        4.843174E+14   1.4201E-04   1.4205E-04   0.99975
FLUX  493   621.00        4.827576E+14   1.4129E-04   1.4134E-04   0.99968
FLUX  494   623.00        4.812079E+14   1.4053E-04   1.4063E-04   0.99931
FLUX  495   625.00        4.796680E+14   1.3956E-04   1.3993E-04   0.99735
FLUX  496   627.00        4.781380E+14   1.3912E-04   1.3923E-04   0.99918
FLUX  497   629.00        4.766176E+14   1.3844E-04   1.3854E-04   0.99927
FLUX  498   631.00        4.751070E+14   1.3764E-04   1.3786E-04   0.99843
FLUX  499   633.00        4.736058E+14   1.3708E-04   1.3718E-04   0.99930
FLUX  500   635.00        4.721142E+14   1.3534E-04   1.3650E-04   0.99147
FLUX  501   637.00        4.706319E+14   1.3506E-04   1.3583E-04   0.99435
FLUX  502   639.00        4.691588E+14   1.3501E-04   1.3516E-04   0.99886
FLUX  503   641.00        4.676950E+14   1.3418E-04   1.3450E-04   0.99761
FLUX  504   643.00        4.662403E+14   1.3381E-04   1.3385E-04   0.99973
FLUX  505   645.00        4.647946E+14   1.3301E-04   1.3320E-04   0.99862
FLUX  506   647.00        4.633578E+14   1.3223E-04   1.3255E-04   0.99753
FLUX  507   649.00        4.619299E+14   1.3136E-04   1.3191E-04   0.99579
FLUX  508   651.00        4.605108E+14   1.3024E-04   1.3128E-04   0.99211
FLUX  509   653.00        4.591003E+14   1.2818E-04   1.3065E-04   0.98112
FLUX  510   655.00        4.576985E+14   1.1847E-04   1.3002E-04   0.91119
FLUX  511   657.00        4.563052E+14   1.0369E-04   1.2940E-04   0.80134
FLUX  512   659.00        4.549203E+14   1.2364E-04   1.2878E-04   0.96013
FLUX  513   661.00        4.535439E+14   1.2690E-04   1.2817E-04   0.99012
FLUX  514   663.00        4.521757E+14   1.2701E-04   1.2756E-04   0.99568
FLUX  515   665.00        4.508158E+14   1.2676E-04   1.2702E-04   0.99797
FLUX  516   667.00        4.494640E+14   1.2485E-04   1.2642E-04   0.98755
FLUX  517   669.00        4.481203E+14   1.2427E-04   1.2582E-04   0.98763
FLUX  518   671.00        4.467846E+14   1.2510E-04   1.2523E-04   0.99895
FLUX  519   673.00        4.454569E+14   1.2454E-04   1.2464E-04   0.99917
FLUX  520   675.00        4.441370E+14   1.2399E-04   1.2406E-04   0.99941
FLUX  521   677.00        4.428250E+14   1.2345E-04   1.2348E-04   0.99976
FLUX  522   679.00        4.415206E+14   1.2252E-04   1.2291E-04   0.99690
FLUX  523   681.00        4.402239E+14   1.2222E-04   1.2233E-04   0.99904
FLUX  524   683.00        4.389348E+14   1.2163E-04   1.2177E-04   0.99887
FLUX  525   685.00        4.376533E+14   1.2113E-04   1.2120E-04   0.99942
FLUX  526   687.00        4.363792E+14   1.2060E-04   1.2064E-04   0.99963
FLUX  527   689.00        4.351125E+14   1.2003E-04   1.2009E-04   0.99951
FLUX  528   691.00        4.338531E+14   1.1948E-04   1.1954E-04   0.99953
FLUX  529   693.00        4.326010E+14   1.1878E-04   1.1899E-04   0.99823
FLUX  530   695.00        4.313561E+14   1.1839E-04   1.1844E-04   0.99957
FLUX  531   697.00        4.301184E+14   1.1788E-04   1.1790E-04   0.99981
FLUX  532   699.00        4.288877E+14   1.1732E-04   1.1737E-04   0.99958
FLUX  533   701.00        4.276641E+14   1.1676E-04   1.1683E-04   0.99934
FLUX  534   703.00        4.264474E+14   1.1623E-04   1.1631E-04   0.99931
FLUX  535   705.00        4.252376E+14   1.1561E-04   1.1578E-04   0.99849
FLUX  536   707.00        4.240347E+14   1.1338E-04   1.1526E-04   0.98368
FLUX  537   709.00        4.228385E+14   1.1473E-04   1.1474E-04   0.99987
FLUX  538   711.00        4.216491E+14   1.1399E-04   1.1423E-04   0.99792
FLUX  539   713.00        4.204663E+14   1.1352E-04   1.1372E-04   0.99832
FLUX  540   715.00        4.192902E+14   1.1311E-04   1.1321E-04   0.99914
FLUX  541   717.00        4.181206E+14   1.1265E-04   1.1270E-04   0.99948
FLUX  542   719.00        4.169576E+14   1.1219E-04   1.1220E-04   0.99985
FLUX  543   721.00        4.158010E+14   1.1169E-04   1.1171E-04   0.99987
FLUX  544   723.00        4.146508E+14   1.1029E-04   1.1121E-04   0.99171
FLUX  545   725.00        4.135069E+14   1.1064E-04   1.1072E-04   0.99926
FLUX  546   727.00        4.123693E+14   1.1022E-04   1.1023E-04   0.99990
FLUX  547   729.00        4.112380E+14   1.0889E-04   1.0975E-04   0.99215
FLUX  548   731.00        4.101129E+14   1.0924E-04   1.0927E-04   0.99972
FLUX  549   733.00        4.089939E+14   1.0878E-04   1.0879E-04   0.99988
FLUX  550   735.00        4.078810E+14   1.0832E-04   1.0832E-04   0.99998
FLUX  551   737.00        4.067741E+14   1.0784E-04   1.0785E-04   0.99997
FLUX  552   739.00        4.056732E+14   1.0737E-04   1.0738E-04   0.99997
FLUX  553   741.00        4.045783E+14   1.0691E-04   1.0691E-04   0.99997
FLUX  554   743.00        4.034892E+14   1.0632E-04   1.0645E-04   0.99874
FLUX  555   745.00        4.024060E+14   1.0595E-04   1.0600E-04   0.99946
FLUX  556   747.00        4.013286E+14   1.0540E-04   1.0555E-04   0.99863
FLUX  557   749.00        4.002570E+14   1.0500E-04   1.0509E-04   0.99912
FLUX  558   751.00        3.991911E+14   1.0457E-04   1.0464E-04   0.99929
FLUX  559   753.00        3.981308E+14   1.0415E-04   1.0420E-04   0.99957
FLUX  560   755.00        3.970762E+14   1.0372E-04   1.0375E-04   0.99970
FLUX  561   757.00        3.960271E+14   1.0329E-04   1.0331E-04   0.99978
FLUX  562   759.00        3.949835E+14   1.0283E-04   1.0287E-04   0.99956
FLUX  563   761.00        3.939455E+14   1.0243E-04   1.0244E-04   0.99990
FLUX  564   763.00        3.929128E+14   1.0198E-04   1.0200E-04   0.99981
FLUX  565   765.00        3.918856E+14   1.0155E-04   1.0157E-04   0.99977
FLUX  566   767.00        3.908638E+14   1.0113E-04   1.0115E-04   0.99986
FLUX  567   769.00        3.898472E+14   1.0069E-04   1.0072E-04   0.99973
FLUX  568   771.00        3.888359E+14   1.0028E-04   1.0030E-04   0.99977
FLUX  569   773.00        3.878299E+14   9.9859E-05   9.9880E-05   0.99979
FLUX  570   775.00        3.868290E+14   9.9432E-05   9.9463E-05   0.99968
FLUX  571   777.00        3.858333E+14   9.8195E-05   9.9049E-05   0.99137
FLUX  572   779.00        3.848427E+14   9.8623E-05   9.8638E-05   0.99985
FLUX  573   781.00        3.838572E+14   9.8172E-05   9.8229E-05   0.99942
FLUX  574   783.00        3.828768E+14   9.7820E-05   9.7823E-05   0.99997
FLUX  575   785.00        3.819013E+14   9.7237E-05   9.7492E-05   0.99739
FLUX  576   787.00        3.809307E+14   9.6791E-05   9.7090E-05   0.99692
FLUX  577   789.00        3.799651E+14   9.6199E-05   9.6690E-05   0.99492
FLUX  578   791.00        3.790044E+14   9.6150E-05   9.6293E-05   0.99851
FLUX  579   793.00        3.780485E+14   9.5768E-05   9.5899E-05   0.99863
FLUX  580   795.00        3.770975E+14   9.5143E-05   9.5507E-05   0.99619
FLUX  581   797.00        3.761512E+14   9.4962E-05   9.5118E-05   0.99836
FLUX  582   799.00        3.752096E+14   9.4284E-05   9.4730E-05   0.99529
FLUX  583   801.00        3.742728E+14   9.4197E-05   9.4346E-05   0.99843
FLUX  584   803.00        3.733406E+14   9.3858E-05   9.3963E-05   0.99888
FLUX  585   805.00        3.724130E+14   9.3472E-05   9.3583E-05   0.99881
FLUX  586   807.00        3.714901E+14   9.3171E-05   9.3205E-05   0.99964
FLUX  587   809.00        3.705717E+14   9.2658E-05   9.2830E-05   0.99815
FLUX  588   811.00        3.696578E+14   9.2307E-05   9.2457E-05   0.99838
FLUX  589   813.00        3.687485E+14   9.2026E-05   9.2086E-05   0.99935
FLUX  590   815.00        3.678436E+14   9.1562E-05   9.1717E-05   0.99831
FLUX  591   817.00        3.669431E+14   9.1322E-05   9.1351E-05   0.99968
FLUX  592   819.00        3.660470E+14   9.0882E-05   9.0987E-05   0.99885
FLUX  593   821.00        3.651553E+14   9.0107E-05   9.7503E-05   0.92415
FLUX  594   823.00        3.642679E+14   8.9779E-05   9.7099E-05   0.92462
FLUX  595   825.00        3.633848E+14   8.9766E-05   9.6697E-05   0.92832
FLUX  596   827.00        3.625060E+14   8.9213E-05   9.6341E-05   0.92601
FLUX  597   829.00        3.616315E+14   8.9051E-05   9.5945E-05   0.92815
FLUX  598   831.00        3.607611E+14   8.8749E-05   9.5550E-05   0.92882
FLUX  599   833.00        3.598950E+14   8.8397E-05   9.5158E-05   0.92895
FLUX  600   835.00        3.590329E+14   8.7935E-05   9.4769E-05   0.92789
FLUX  601   837.00        3.581750E+14   8.7495E-05   9.4382E-05   0.92704
FLUX  602   839.00        3.573212E+14   8.7345E-05   9.3997E-05   0.92923
FLUX  603   841.00        3.564715E+14   8.7054E-05   9.3615E-05   0.92991
FLUX  604   843.00        3.556257E+14   8.6129E-05   9.3235E-05   0.92379
FLUX  605   845.00        3.547840E+14   8.5055E-05   9.2857E-05   0.91598
FLUX  606   847.00        3.539463E+14   8.5431E-05   9.2482E-05   0.92376
FLUX  607   849.00        3.531125E+14   8.4354E-05   9.2109E-05   0.91580
FLUX  608   851.00        3.522826E+14   8.4084E-05   9.1739E-05   0.91656
FLUX  609   853.00        3.514566E+14   8.3595E-05   9.1370E-05   0.91491
FLUX  610   855.00        3.506345E+14   8.2411E-05   9.1004E-05   0.90557
FLUX  611   857.00        3.498162E+14   8.3892E-05   9.0640E-05   0.92555
FLUX  612   859.00        3.490017E+14   8.1130E-05   9.0279E-05   0.89866
FLUX  613   861.00        3.481911E+14   8.1210E-05   8.9919E-05   0.90314
FLUX  614   863.00        3.473841E+14   8.3954E-05   8.9562E-05   0.93739
FLUX  615   865.00        3.465809E+14   8.1315E-05   8.9206E-05   0.91154
FLUX  616   867.00        3.457814E+14   7.7529E-05   8.8853E-05   0.87256
FLUX  617   869.00        3.449856E+14   8.2551E-05   8.8502E-05   0.93276
FLUX  618   871.00        3.441935E+14   8.4266E-05   8.8153E-05   0.95591
FLUX  619   873.00        3.434049E+14   8.1215E-05   8.7806E-05   0.92494
FLUX  620   875.00        3.426200E+14   7.4526E-05   8.7461E-05   0.85211
FLUX  621   877.00        3.418387E+14   7.9086E-05   8.7118E-05   0.90780
FLUX  622   879.00        3.410609E+14   8.3429E-05   8.6777E-05   0.96141
FLUX  623   881.00        3.402866E+14   8.3982E-05   8.6438E-05   0.97158
FLUX  624   883.00        3.395159E+14   8.2332E-05   8.6101E-05   0.95622
FLUX  625   885.00        3.387486E+14   7.6408E-05   8.5766E-05   0.89088
FLUX  626   887.00        3.379848E+14   7.1612E-05   8.5433E-05   0.83822
FLUX  627   889.00        3.372244E+14   7.9630E-05   8.5102E-05   0.93569
FLUX  628   891.00        3.364675E+14   8.2406E-05   8.4773E-05   0.97208
FLUX  629   893.00        3.357139E+14   8.2891E-05   8.4446E-05   0.98158
FLUX  630   895.00        3.349637E+14   8.2856E-05   8.4121E-05   0.98496
FLUX  631   897.00        3.342168E+14   8.1756E-05   8.3798E-05   0.97563
FLUX  632   899.00        3.334733E+14   7.8140E-05   8.3476E-05   0.93608
FLUX  633   901.00        3.327331E+14   6.9416E-05   8.3157E-05   0.83476
FLUX  634   903.00        3.319961E+14   7.2406E-05   8.2839E-05   0.87406
FLUX  635   905.00        3.312624E+14   7.8866E-05   8.2523E-05   0.95569
FLUX  636   907.00        3.305320E+14   8.0051E-05   8.2209E-05   0.97375
FLUX  637   909.00        3.298047E+14   8.0690E-05   8.1897E-05   0.98527
FLUX  638   911.00        3.290807E+14   8.0913E-05   8.1586E-05   0.99175
FLUX  639   913.00        3.283598E+14   8.0680E-05   8.1278E-05   0.99265
FLUX  640   915.00        3.276421E+14   8.0297E-05   8.0971E-05   0.99168
FLUX  641   917.00        3.269275E+14   7.9372E-05   8.0666E-05   0.98396
FLUX  642   919.00        3.262160E+14   7.7876E-05   8.0362E-05   0.96907
FLUX  643   921.00        3.255076E+14   7.3220E-05   8.0061E-05   0.91456
FLUX  644   923.00        3.248023E+14   6.4386E-05   7.9760E-05   0.80724
FLUX  645   925.00        3.241000E+14   7.1869E-05   7.9462E-05   0.90445
FLUX  646   927.00        3.234008E+14   7.5836E-05   7.9166E-05   0.95795
FLUX  647   929.00        3.227045E+14   7.7700E-05   7.8871E-05   0.98515
FLUX  648   931.00        3.220113E+14   7.7752E-05   7.8577E-05   0.98949
FLUX  649   933.00        3.213210E+14   7.7848E-05   7.8286E-05   0.99440
FLUX  650   935.00        3.206337E+14   7.7678E-05   7.7996E-05   0.99593
FLUX  651   937.00        3.199493E+14   7.7483E-05   7.7707E-05   0.99711
FLUX  652   939.00        3.192678E+14   7.7165E-05   7.7421E-05   0.99670
FLUX  653   941.00        3.185893E+14   7.6452E-05   7.7135E-05   0.99114
FLUX  654   943.00        3.179136E+14   7.6574E-05   7.6852E-05   0.99639
FLUX  655   945.00        3.172407E+14   7.6204E-05   7.6570E-05   0.99522
FLUX  656   947.00        3.165707E+14   7.5366E-05   7.6289E-05   0.98789
FLUX  657   949.00        3.159036E+14   7.4875E-05   7.6010E-05   0.98506
FLUX  658   951.00        3.152392E+14   7.2787E-05   7.5733E-05   0.96110
FLUX  659   953.00        3.145776E+14   6.8002E-05   7.5457E-05   0.90121
FLUX  660   955.00        3.139188E+14   6.0632E-05   7.5183E-05   0.80647
FLUX  661   957.00        3.132628E+14   6.8916E-05   7.4910E-05   0.91999
FLUX  662   959.00        3.126095E+14   7.2501E-05   7.4639E-05   0.97137
FLUX  663   961.00        3.119589E+14   7.3309E-05   7.4369E-05   0.98576
FLUX  664   963.00        3.113110E+14   7.3047E-05   7.4100E-05   0.98578
FLUX  665   965.00        3.106658E+14   7.3553E-05   7.3833E-05   0.99621
FLUX  666   967.00        3.100233E+14   7.3322E-05   7.3568E-05   0.99665
FLUX  667   969.00        3.093834E+14   7.3181E-05   7.3304E-05   0.99832
FLUX  668   971.00        3.087461E+14   7.2832E-05   7.3042E-05   0.99714
FLUX  669   973.00        3.081115E+14   7.2769E-05   7.2780E-05   0.99985
FLUX  670   975.00        3.074795E+14   7.2488E-05   7.2520E-05   0.99955
FLUX  671   977.00        3.068501E+14   7.2260E-05   7.2262E-05   0.99997
FLUX  672   979.00        3.062232E+14   7.1997E-05   7.2005E-05   0.99988
FLUX  673   981.00        3.055989E+14   7.1732E-05   7.1749E-05   0.99976
FLUX  674   983.00        3.049771E+14   7.1435E-05   7.1495E-05   0.99916
FLUX  675   985.00        3.043579E+14   7.1224E-05   7.1242E-05   0.99974
FLUX  676   987.00        3.037411E+14   7.0947E-05   7.0991E-05   0.99938
FLUX  677   989.00        3.031269E+14   7.0626E-05   7.0741E-05   0.99838
FLUX  678   991.00        3.025151E+14   7.0143E-05   7.0492E-05   0.99506
FLUX  679   993.00        3.019058E+14   7.0040E-05   7.0244E-05   0.99710
FLUX  680   995.00        3.012990E+14   6.9695E-05   6.9998E-05   0.99567
FLUX  681   997.00        3.006946E+14   6.9246E-05   6.9753E-05   0.99273
FLUX  682   999.00        3.000926E+14   6.8604E-05   6.9510E-05   0.98697
FLUX  683  1002.50        2.990449E+14   6.3762E-05   6.9087E-05   0.92292
FLUX  684  1007.50        2.975608E+14   6.1937E-05   6.8489E-05   0.90434
FLUX  685  1012.50        2.960914E+14   6.6986E-05   6.7899E-05   0.98656
FLUX  686  1017.50        2.946364E+14   6.7118E-05   6.7316E-05   0.99705
FLUX  687  1022.50        2.931956E+14   6.6690E-05   6.6741E-05   0.99924
FLUX  688  1027.50        2.917689E+14   6.6157E-05   6.6174E-05   0.99975
FLUX  689  1032.50        2.903559E+14   6.5349E-05   6.5613E-05   0.99598
FLUX  690  1037.50        2.889566E+14   6.5046E-05   6.5060E-05   0.99979
FLUX  691  1042.50        2.875707E+14   6.4507E-05   6.4513E-05   0.99990
FLUX  692  1047.50        2.861981E+14   6.3956E-05   6.3974E-05   0.99973
FLUX  693  1052.50        2.848385E+14   6.3408E-05   6.3441E-05   0.99947
FLUX  694  1057.50        2.834917E+14   6.2895E-05   6.2915E-05   0.99968
FLUX  695  1062.50        2.821576E+14   6.2389E-05   6.2396E-05   0.99989
FLUX  696  1067.50        2.808361E+14   6.1680E-05   6.1883E-05   0.99671
FLUX  697  1072.50        2.795268E+14   6.1344E-05   6.1377E-05   0.99947
FLUX  698  1077.50        2.782297E+14   6.0823E-05   6.0876E-05   0.99912
FLUX  699  1082.50        2.769446E+14   5.9502E-05   6.0382E-05   0.98543
FLUX  700  1087.50        2.756713E+14   5.9008E-05   5.9894E-05   0.98521
FLUX  701  1092.50        2.744096E+14   5.2509E-05   5.9412E-05   0.88382
FLUX  702  1097.50        2.731595E+14   5.5785E-05   5.8935E-05   0.94654
FLUX  703  1102.50        2.719206E+14   5.7805E-05   5.8465E-05   0.98871
FLUX  704  1107.50        2.706930E+14   5.7872E-05   5.8000E-05   0.99779
FLUX  705  1112.50        2.694764E+14   5.7534E-05   5.7541E-05   0.99988
FLUX  706  1117.50        2.682707E+14   5.7072E-05   5.7087E-05   0.99975
FLUX  707  1122.50        2.670757E+14   5.6607E-05   5.6638E-05   0.99945
FLUX  708  1127.50        2.658914E+14   5.6005E-05   5.6195E-05   0.99662
FLUX  709  1132.50        2.647174E+14   5.5619E-05   5.5758E-05   0.99752
FLUX  710  1137.50        2.635538E+14   5.5317E-05   5.5325E-05   0.99986
FLUX  711  1142.50        2.624004E+14   5.4880E-05   5.4897E-05   0.99968
FLUX  712  1147.50        2.612571E+14   5.4471E-05   5.4475E-05   0.99993
FLUX  713  1152.50        2.601236E+14   5.4052E-05   5.4057E-05   0.99990
FLUX  714  1157.50        2.590000E+14   5.3634E-05   5.3644E-05   0.99980
FLUX  715  1162.50        2.578860E+14   5.3191E-05   5.3236E-05   0.99916
FLUX  716  1167.50        2.567816E+14   5.2797E-05   5.2833E-05   0.99933
FLUX  717  1172.50        2.556866E+14   5.2419E-05   5.2434E-05   0.99972
FLUX  718  1177.50        2.546008E+14   5.1934E-05   5.2039E-05   0.99797
FLUX  719  1182.50        2.535243E+14   5.1640E-05   5.1649E-05   0.99981
FLUX  720  1187.50        2.524568E+14   5.1241E-05   5.1264E-05   0.99957
FLUX  721  1192.50        2.513983E+14   5.0881E-05   5.0882E-05   0.99998
FLUX  722  1197.50        2.503486E+14   5.0255E-05   5.0505E-05   0.99504
FLUX  723  1202.50        2.493077E+14   5.0131E-05   5.0132E-05   0.99998
FLUX  724  1207.50        2.482754E+14   4.9760E-05   4.9764E-05   0.99994
FLUX  725  1212.50        2.472515E+14   4.9393E-05   4.9399E-05   0.99989
FLUX  726  1217.50        2.462361E+14   4.9034E-05   4.9038E-05   0.99992
FLUX  727  1222.50        2.452290E+14   4.8677E-05   4.8682E-05   0.99991
FLUX  728  1227.50        2.442301E+14   4.8322E-05   4.8329E-05   0.99985
FLUX  729  1232.50        2.432394E+14   4.7971E-05   4.7980E-05   0.99981
FLUX  730  1237.50        2.422566E+14   4.7629E-05   4.7635E-05   0.99987
FLUX  731  1242.50        2.412817E+14   4.7293E-05   4.7293E-05   0.99998
FLUX  732  1247.50        2.403146E+14   4.6908E-05   4.6956E-05   0.99899
FLUX  733  1252.50        2.393553E+14   4.6542E-05   4.6622E-05   0.99828
FLUX  734  1257.50        2.384036E+14   4.6252E-05   4.6291E-05   0.99916
FLUX  735  1262.50        2.374594E+14   4.5949E-05   4.5964E-05   0.99966
FLUX  736  1267.50        2.365227E+14   4.5545E-05   4.5641E-05   0.99790
FLUX  737  1272.50        2.355933E+14   4.5035E-05   4.5321E-05   0.99369
FLUX  738  1277.50        2.346712E+14   4.3451E-05   4.5004E-05   0.96548
FLUX  739  1282.50        2.337563E+14   3.9608E-05   4.4691E-05   0.88626
FLUX  740  1287.50        2.328485E+14   4.3395E-05   4.4381E-05   0.97778
FLUX  741  1292.50        2.319478E+14   4.3851E-05   4.4074E-05   0.99494
FLUX  742  1297.50        2.310539E+14   4.3545E-05   4.3771E-05   0.99484
FLUX  743  1302.50        2.301670E+14   4.3469E-05   4.3470E-05   0.99997
FLUX  744  1307.50        2.292868E+14   4.3172E-05   4.3173E-05   0.99998
FLUX  745  1312.50        2.284133E+14   4.2878E-05   4.2879E-05   0.99999
FLUX  746  1317.50        2.275465E+14   4.2563E-05   4.2587E-05   0.99944
FLUX  747  1322.50        2.266862E+14   4.2298E-05   4.2299E-05   0.99999
FLUX  748  1327.50        2.258324E+14   4.2013E-05   4.2014E-05   0.99999
FLUX  749  1332.50        2.249850E+14   4.1731E-05   4.1731E-05   0.99999
FLUX  750  1337.50        2.241439E+14   4.1451E-05   4.1452E-05   0.99999
FLUX  751  1342.50        2.233091E+14   4.1147E-05   4.1175E-05   0.99933
FLUX  752  1347.50        2.224805E+14   4.0896E-05   4.0901E-05   0.99990
FLUX  753  1352.50        2.216580E+14   4.0623E-05   4.0629E-05   0.99983
FLUX  754  1357.50        2.208416E+14   4.0357E-05   4.0361E-05   0.99991
FLUX  755  1362.50        2.200312E+14   4.0090E-05   4.0095E-05   0.99989
FLUX  756  1367.50        2.192267E+14   3.9822E-05   3.9831E-05   0.99976
FLUX  757  1372.50        2.184281E+14   3.9564E-05   3.9571E-05   0.99983
FLUX  758  1377.50        2.176352E+14   3.9312E-05   3.9313E-05   0.99999
FLUX  759  1382.50        2.168481E+14   3.9057E-05   3.9057E-05   0.99999
FLUX  760  1387.50        2.160667E+14   3.8803E-05   3.8804E-05   0.99999
FLUX  761  1392.50        2.152908E+14   3.8546E-05   3.8553E-05   0.99981
FLUX  762  1397.50        2.145206E+14   3.8300E-05   3.8305E-05   0.99989
FLUX  763  1402.50        2.137558E+14   3.8058E-05   3.8059E-05   0.99999
FLUX  764  1407.50        2.129964E+14   3.7813E-05   3.7815E-05   0.99994
FLUX  765  1412.50        2.122425E+14   3.7571E-05   3.7574E-05   0.99992
FLUX  766  1417.50        2.114938E+14   3.7335E-05   3.7335E-05   0.99999
FLUX  767  1422.50        2.107504E+14   3.7099E-05   3.7099E-05   0.99999
FLUX  768  1427.50        2.100123E+14   3.6864E-05   3.6865E-05   0.99999
FLUX  769  1432.50        2.092792E+14   3.6632E-05   3.6632E-05   0.99998
FLUX  770  1437.50        2.085513E+14   3.6402E-05   3.6403E-05   0.99997
FLUX  771  1442.50        2.078284E+14   3.6154E-05   3.6175E-05   0.99943
FLUX  772  1447.50        2.071105E+14   3.5942E-05   3.5949E-05   0.99980
FLUX  773  1452.50        2.063976E+14   3.5717E-05   3.5726E-05   0.99975
FLUX  774  1457.00        2.057601E+14   3.5526E-05   3.5527E-05   0.99999
FLUX  775  1462.00        2.050564E+14   3.5582E-05   3.5985E-05   0.98880
FLUX  776  1467.50        2.042879E+14   3.5739E-05   3.5739E-05   0.99998
FLUX  777  1472.50        2.035942E+14   3.5510E-05   3.5518E-05   0.99977
FLUX  778  1477.50        2.029052E+14   3.5211E-05   3.5298E-05   0.99753
FLUX  779  1482.50        2.022209E+14   3.4921E-05   3.5081E-05   0.99542
FLUX  780  1487.50        2.015412E+14   3.4615E-05   3.4866E-05   0.99282
FLUX  781  1492.50        2.008660E+14   3.4328E-05   3.4652E-05   0.99064
FLUX  782  1497.50        2.001953E+14   3.4037E-05   3.4441E-05   0.98826
FLUX  783  1502.50        1.995291E+14   3.3784E-05   3.4231E-05   0.98692
FLUX  784  1507.50        1.988673E+14   3.3464E-05   3.4024E-05   0.98354
FLUX  785  1512.50        1.982099E+14   3.3255E-05   3.3818E-05   0.98335
FLUX  786  1517.50        1.975568E+14   3.3025E-05   3.3614E-05   0.98247
FLUX  787  1522.50        1.969080E+14   3.2756E-05   3.3412E-05   0.98037
FLUX  788  1527.50        1.962635E+14   3.2508E-05   3.3212E-05   0.97880
FLUX  789  1532.50        1.956232E+14   3.2253E-05   3.3014E-05   0.97696
FLUX  790  1537.50        1.949870E+14   3.2106E-05   3.2817E-05   0.97832
FLUX  791  1542.50        1.943549E+14   3.1807E-05   3.2622E-05   0.97499
FLUX  792  1547.50        1.937270E+14   3.1679E-05   3.2429E-05   0.97687
FLUX  793  1552.50        1.931031E+14   3.1410E-05   3.2238E-05   0.97433
FLUX  794  1557.50        1.924831E+14   3.1195E-05   3.2048E-05   0.97339
FLUX  795  1562.50        1.918672E+14   3.1206E-05   3.1860E-05   0.97946
FLUX  796  1567.50        1.912552E+14   3.0772E-05   3.1674E-05   0.97155
FLUX  797  1572.50        1.906471E+14   3.0570E-05   3.1489E-05   0.97083
FLUX  798  1577.50        1.900428E+14   3.0770E-05   3.1306E-05   0.98289
FLUX  799  1582.50        1.894423E+14   3.0494E-05   3.1124E-05   0.97975
FLUX  800  1587.50        1.888457E+14   2.9740E-05   3.0944E-05   0.96110
FLUX  801  1592.50        1.882527E+14   3.0017E-05   3.0766E-05   0.97568
FLUX  802  1597.50        1.876635E+14   3.0312E-05   3.0589E-05   0.99095
FLUX  803  1605.00        1.867866E+14   2.9704E-05   3.0326E-05   0.97949
FLUX  804  1615.00        1.856300E+14   2.8980E-05   2.9982E-05   0.96660
FLUX  805  1625.00        1.844877E+14   2.9418E-05   2.9643E-05   0.99241
FLUX  806  1635.00        1.833593E+14   2.8583E-05   2.9310E-05   0.97520
FLUX  807  1645.00        1.822447E+14   2.7853E-05   2.8982E-05   0.96104
FLUX  808  1655.00        1.811435E+14   2.8506E-05   2.8660E-05   0.99462
FLUX  809  1665.00        1.800556E+14   2.8220E-05   2.8343E-05   0.99565
FLUX  810  1675.00        1.789806E+14   2.7258E-05   2.8032E-05   0.97240
FLUX  811  1685.00        1.779184E+14   2.6471E-05   2.7726E-05   0.95476
FLUX  812  1695.00        1.768687E+14   2.7281E-05   2.7424E-05   0.99477
FLUX  813  1705.00        1.758314E+14   2.7008E-05   2.7128E-05   0.99558
FLUX  814  1715.00        1.748061E+14   2.6796E-05   2.6836E-05   0.99848
FLUX  815  1725.00        1.737928E+14   2.6337E-05   2.6549E-05   0.99198
FLUX  816  1735.00        1.727911E+14   2.4649E-05   2.6267E-05   0.93840
FLUX  817  1745.00        1.718009E+14   2.5559E-05   2.5989E-05   0.98345
FLUX  818  1755.00        1.708219E+14   2.5662E-05   2.5716E-05   0.99789
FLUX  819  1765.00        1.698541E+14   2.5440E-05   2.5447E-05   0.99973
FLUX  820  1775.00        1.688972E+14   2.5172E-05   2.5182E-05   0.99963
FLUX  821  1785.00        1.679510E+14   2.4910E-05   2.4921E-05   0.99955
FLUX  822  1795.00        1.670153E+14   2.4648E-05   2.4664E-05   0.99936
FLUX  823  1805.00        1.660900E+14   2.4232E-05   2.4411E-05   0.99268
FLUX  824  1815.00        1.651749E+14   2.2690E-05   2.4162E-05   0.93906
FLUX  825  1825.00        1.642699E+14   2.3346E-05   2.3917E-05   0.97615
FLUX  826  1835.00        1.633747E+14   2.3603E-05   2.3675E-05   0.99694
FLUX  827  1845.00        1.624892E+14   2.3431E-05   2.3438E-05   0.99974
FLUX  828  1855.00        1.616132E+14   2.3168E-05   2.3203E-05   0.99848
FLUX  829  1865.00        1.607466E+14   2.2699E-05   2.2972E-05   0.98809
FLUX  830  1875.00        1.598893E+14   2.1253E-05   2.2745E-05   0.93441
FLUX  831  1885.00        1.590411E+14   2.2335E-05   2.2521E-05   0.99172
FLUX  832  1895.00        1.582018E+14   2.2280E-05   2.2301E-05   0.99909
FLUX  833  1905.00        1.573714E+14   2.2024E-05   2.2083E-05   0.99731
FLUX  834  1915.00        1.565496E+14   2.1865E-05   2.1869E-05   0.99981
FLUX  835  1925.00        1.557364E+14   2.1622E-05   2.1658E-05   0.99834
FLUX  836  1935.00        1.549315E+14   2.1202E-05   2.1450E-05   0.98848
FLUX  837  1945.00        1.541350E+14   1.9754E-05   2.1244E-05   0.92982
FLUX  838  1955.00        1.533465E+14   2.0783E-05   2.1042E-05   0.98768
FLUX  839  1965.00        1.525662E+14   2.0816E-05   2.0843E-05   0.99871
FLUX  840  1975.00        1.517937E+14   2.0646E-05   2.0646E-05   0.99997
FLUX  841  1985.00        1.510290E+14   2.0452E-05   2.0453E-05   0.99999
FLUX  842  1995.00        1.502719E+14   2.0262E-05   2.0262E-05   0.99999
FLUX  843  2005.00        1.495224E+14   2.0073E-05   2.0073E-05   1.00000
FLUX  844  2015.00        1.487804E+14   1.9888E-05   1.9888E-05   0.99999
FLUX  845  2025.00        1.480457E+14   1.9704E-05   1.9705E-05   0.99999
FLUX  846  2035.00        1.473182E+14   1.9524E-05   1.9524E-05   0.99999
FLUX  847  2045.00        1.465978E+14   1.9342E-05   1.9346E-05   0.99979
FLUX  848  2055.00        1.458844E+14   1.9136E-05   1.9170E-05   0.99822
FLUX  849  2065.00        1.451780E+14   1.8997E-05   1.8997E-05   0.99999
FLUX  850  2075.00        1.444783E+14   1.8826E-05   1.8826E-05   0.99999
FLUX  851  2085.00        1.437854E+14   1.8657E-05   1.8657E-05   0.99999
FLUX  852  2095.00        1.430990E+14   1.8490E-05   1.8491E-05   0.99997
FLUX  853  2105.00        1.424192E+14   1.8326E-05   1.8326E-05   0.99998
FLUX  854  2115.00        1.417459E+14   1.8113E-05   1.8164E-05   0.99719
FLUX  855  2125.00        1.410788E+14   1.8002E-05   1.8004E-05   0.99988
FLUX  856  2135.00        1.404180E+14   1.7842E-05   1.7846E-05   0.99978
FLUX  857  2145.00        1.397634E+14   1.7659E-05   1.7691E-05   0.99820
FLUX  858  2155.00        1.391148E+14   1.7362E-05   1.7537E-05   0.99002
FLUX  859  2165.00        1.384723E+14   1.6181E-05   1.7385E-05   0.93073
FLUX  860  2175.00        1.378356E+14   1.6968E-05   1.7235E-05   0.98449
FLUX  861  2185.00        1.372048E+14   1.7041E-05   1.7088E-05   0.99730
FLUX  862  2195.00        1.365797E+14   1.6939E-05   1.6942E-05   0.99982
FLUX  863  2205.00        1.359603E+14   1.6797E-05   1.6798E-05   0.99999
FLUX  864  2215.00        1.353465E+14   1.6655E-05   1.6655E-05   0.99997
FLUX  865  2225.00        1.347382E+14   1.6513E-05   1.6515E-05   0.99990
FLUX  866  2235.00        1.341353E+14   1.6376E-05   1.6376E-05   0.99999
FLUX  867  2245.00        1.335379E+14   1.6239E-05   1.6239E-05   0.99999
FLUX  868  2255.00        1.329457E+14   1.6104E-05   1.6104E-05   0.99999
FLUX  869  2265.00        1.323587E+14   1.5970E-05   1.5970E-05   1.00000
FLUX  870  2275.00        1.317769E+14   1.5838E-05   1.5838E-05   1.00000
FLUX  871  2285.00        1.312002E+14   1.5731E-05   1.5815E-05   0.99469
FLUX  872  2295.00        1.306285E+14   1.5684E-05   1.5685E-05   0.99999
FLUX  873  2305.00        1.300618E+14   1.5554E-05   1.5556E-05   0.99986
FLUX  874  2315.00        1.295000E+14   1.5429E-05   1.5429E-05   0.99998
FLUX  875  2325.00        1.289430E+14   1.5304E-05   1.5304E-05   0.99997
FLUX  876  2335.00        1.283908E+14   1.5168E-05   1.5180E-05   0.99917
FLUX  877  2345.00        1.278433E+14   1.5019E-05   1.5058E-05   0.99743
FLUX  878  2355.00        1.273004E+14   1.4888E-05   1.4937E-05   0.99668
FLUX  879  2365.00        1.267622E+14   1.4759E-05   1.4818E-05   0.99605
FLUX  880  2375.00        1.262284E+14   1.4632E-05   1.4700E-05   0.99535
FLUX  881  2385.00        1.256992E+14   1.4510E-05   1.4584E-05   0.99497
FLUX  882  2395.00        1.251743E+14   1.4390E-05   1.4468E-05   0.99458
FLUX  883  2405.00        1.246538E+14   1.4263E-05   1.4355E-05   0.99360
FLUX  884  2415.00        1.241377E+14   1.4147E-05   1.4242E-05   0.99329
FLUX  885  2425.00        1.236258E+14   1.4032E-05   1.4131E-05   0.99298
FLUX  886  2435.00        1.231181E+14   1.3925E-05   1.4021E-05   0.99316
FLUX  887  2445.00        1.226145E+14   1.3793E-05   1.3913E-05   0.99138
FLUX  888  2455.00        1.221151E+14   1.3697E-05   1.3805E-05   0.99213
FLUX  889  2465.00        1.216197E+14   1.3576E-05   1.3699E-05   0.99101
FLUX  890  2475.00        1.211283E+14   1.3475E-05   1.3595E-05   0.99122
FLUX  891  2485.00        1.206408E+14   1.3387E-05   1.3491E-05   0.99230
FLUX  892  2495.00        1.201573E+14   1.3267E-05   1.3389E-05   0.99089
FLUX  893  2505.00        1.196776E+14   1.3251E-05   1.3287E-05   0.99724
FLUX  894  2515.00        1.192018E+14   1.3104E-05   1.3187E-05   0.99373
FLUX  895  2525.00        1.187297E+14   1.2934E-05   1.3088E-05   0.98824
FLUX  896  2535.00        1.182613E+14   1.2883E-05   1.2990E-05   0.99172
FLUX  897  2545.00        1.177967E+14   1.2818E-05   1.2893E-05   0.99412
FLUX  898  2555.00        1.173356E+14   1.2674E-05   1.2798E-05   0.99035
FLUX  899  2565.00        1.168782E+14   1.2505E-05   1.2703E-05   0.98445
FLUX  900  2575.00        1.164243E+14   1.2508E-05   1.2609E-05   0.99193
FLUX  901  2585.00        1.159739E+14   1.2459E-05   1.2517E-05   0.99535
FLUX  902  2595.00        1.155270E+14   1.2351E-05   1.2425E-05   0.99402
FLUX  903  2605.00        1.150835E+14   1.2157E-05   1.2335E-05   0.98561
FLUX  904  2615.00        1.146434E+14   1.1899E-05   1.2245E-05   0.97171
FLUX  905  2625.00        1.142067E+14   1.1293E-05   1.2156E-05   0.92901
FLUX  906  2635.00        1.137732E+14   1.1851E-05   1.2069E-05   0.98195
FLUX  907  2645.00        1.133431E+14   1.1917E-05   1.1982E-05   0.99459
FLUX  908  2655.00        1.129162E+14   1.1832E-05   1.1896E-05   0.99463
FLUX  909  2665.00        1.124925E+14   1.1678E-05   1.1811E-05   0.98869
FLUX  910  2675.00        1.120720E+14   1.1415E-05   1.1727E-05   0.97341
FLUX  911  2685.00        1.116546E+14   1.1513E-05   1.1644E-05   0.98876
FLUX  912  2695.00        1.112403E+14   1.1521E-05   1.1562E-05   0.99643
FLUX  913  2705.00        1.108290E+14   1.1474E-05   1.1480E-05   0.99940
FLUX  914  2715.00        1.104208E+14   1.1400E-05   1.1400E-05   0.99998
FLUX  915  2725.00        1.100156E+14   1.1320E-05   1.1320E-05   0.99997
FLUX  916  2735.00        1.096133E+14   1.1210E-05   1.1241E-05   0.99720
FLUX  917  2745.00        1.092140E+14   1.1073E-05   1.1163E-05   0.99188
FLUX  918  2755.00        1.088176E+14   1.0746E-05   1.1086E-05   0.96929
FLUX  919  2765.00        1.084241E+14   1.0793E-05   1.1010E-05   0.98034
FLUX  920  2775.00        1.080333E+14   1.0879E-05   1.0934E-05   0.99494
FLUX  921  2785.00        1.076454E+14   1.0850E-05   1.0859E-05   0.99909
FLUX  922  2795.00        1.072603E+14   1.0785E-05   1.0785E-05   0.99998
FLUX  923  2805.00        1.068779E+14   1.0712E-05   1.0712E-05   0.99998
FLUX  924  2815.00        1.064982E+14   1.0639E-05   1.0640E-05   0.99997
FLUX  925  2825.00        1.061212E+14   1.0567E-05   1.0568E-05   0.99993
FLUX  926  2835.00        1.057469E+14   1.0495E-05   1.0497E-05   0.99986
FLUX  927  2845.00        1.053752E+14   1.0417E-05   1.0426E-05   0.99909
FLUX  928  2855.00        1.050061E+14   1.0304E-05   1.0356E-05   0.99494
FLUX  929  2865.00        1.046396E+14   1.0094E-05   1.0288E-05   0.98116
FLUX  930  2875.00        1.042757E+14   9.7947E-06   1.0219E-05   0.95847
FLUX  931  2885.00        1.039142E+14   1.0048E-05   1.0152E-05   0.98981
FLUX  932  2895.00        1.035553E+14   1.0055E-05   1.0085E-05   0.99706
FLUX  933  2905.00        1.031988E+14   1.0018E-05   1.0018E-05   0.99997
FLUX  934  2915.00        1.028448E+14   9.9518E-06   9.9526E-06   0.99992
FLUX  935  2925.00        1.024932E+14   9.8875E-06   9.8876E-06   0.99998
FLUX  936  2935.00        1.021440E+14   9.8228E-06   9.8233E-06   0.99995
FLUX  937  2945.00        1.017971E+14   9.7593E-06   9.7595E-06   0.99997
FLUX  938  2955.00        1.014526E+14   9.6963E-06   9.6964E-06   1.00000
FLUX  939  2965.00        1.011105E+14   9.6338E-06   9.6339E-06   0.99999
FLUX  940  2975.00        1.007706E+14   9.5719E-06   9.5719E-06   0.99999
FLUX  941  2985.00        1.004330E+14   9.5105E-06   9.5106E-06   0.99999
FLUX  942  2995.00        1.000977E+14   9.4497E-06   9.4499E-06   0.99999
FLUX  943  3005.00        9.976456E+13   9.3894E-06   9.3897E-06   0.99997
FLUX  944  3015.00        9.943367E+13   9.3085E-06   9.3301E-06   0.99768
FLUX  945  3025.00        9.910496E+13   9.1936E-06   9.2711E-06   0.99165
FLUX  946  3035.00        9.877842E+13   8.8289E-06   9.2126E-06   0.95836
FLUX  947  3045.00        9.845402E+13   8.8738E-06   9.1547E-06   0.96932
FLUX  948  3055.00        9.813175E+13   9.0369E-06   9.0973E-06   0.99337
FLUX  949  3065.00        9.781158E+13   9.0270E-06   9.0404E-06   0.99852
FLUX  950  3075.00        9.749350E+13   8.9830E-06   8.9841E-06   0.99988
FLUX  951  3085.00        9.717747E+13   8.9254E-06   8.9283E-06   0.99967
FLUX  952  3095.00        9.686349E+13   8.8729E-06   8.8730E-06   0.99998
FLUX  953  3105.00        9.655153E+13   8.8181E-06   8.8182E-06   0.99999
FLUX  954  3115.00        9.624157E+13   8.7638E-06   8.7640E-06   0.99998
FLUX  955  3125.00        9.593360E+13   8.7097E-06   8.7102E-06   0.99994
FLUX  956  3135.00        9.562759E+13   8.6568E-06   8.6569E-06   0.99999
FLUX  957  3145.00        9.532353E+13   8.6039E-06   8.6041E-06   0.99998
FLUX  958  3155.00        9.502139E+13   8.5517E-06   8.5518E-06   0.99999
FLUX  959  3165.00        9.472117E+13   8.4998E-06   8.4999E-06   0.99998
FLUX  960  3175.00        9.442283E+13   8.4484E-06   8.4486E-06   0.99999
FLUX  961  3185.00        9.412637E+13   8.3976E-06   8.3976E-06   1.00000
FLUX  962  3195.00        9.383177E+13   8.3471E-06   8.3472E-06   0.99999
FLUX  963  3210.00        9.339330E+13   8.2723E-06   8.2723E-06   0.99999
FLUX  964  3230.00        9.281502E+13   8.1741E-06   8.1741E-06   0.99999
FLUX  965  3250.00        9.224385E+13   8.0775E-06   8.0776E-06   0.99998
FLUX  966  3270.00        9.167966E+13   7.9627E-06   7.9828E-06   0.99748
FLUX  967  3290.00        9.112234E+13   7.5883E-06   7.9129E-06   0.95897
FLUX  968  3310.00        9.057175E+13   7.7043E-06   7.8210E-06   0.98507
FLUX  969  3330.00        9.002778E+13   7.7230E-06   7.7307E-06   0.99901
FLUX  970  3350.00        8.949030E+13   7.6417E-06   7.6419E-06   0.99998
FLUX  971  3370.00        8.895920E+13   7.5540E-06   7.5546E-06   0.99992
FLUX  972  3390.00        8.843437E+13   7.4686E-06   7.4688E-06   0.99997
FLUX  973  3410.00        8.791569E+13   7.3842E-06   7.3845E-06   0.99997
FLUX  974  3430.00        8.740306E+13   7.3008E-06   7.3015E-06   0.99990
FLUX  975  3450.00        8.689638E+13   7.2198E-06   7.2200E-06   0.99997
FLUX  976  3470.00        8.639553E+13   7.1290E-06   7.1398E-06   0.99848
FLUX  977  3490.00        8.590043E+13   7.0443E-06   7.0610E-06   0.99764
FLUX  978  3510.00        8.541097E+13   6.9661E-06   6.9834E-06   0.99752
FLUX  979  3530.00        8.492705E+13   6.8890E-06   6.9071E-06   0.99737
FLUX  980  3550.00        8.444859E+13   6.8108E-06   6.8321E-06   0.99688
FLUX  981  3570.00        8.397549E+13   6.7357E-06   6.7583E-06   0.99667
FLUX  982  3590.00        8.350766E+13   6.6630E-06   6.6856E-06   0.99662
FLUX  983  3610.00        8.304501E+13   6.5913E-06   6.6141E-06   0.99654
FLUX  984  3630.00        8.258747E+13   6.5186E-06   6.5438E-06   0.99615
FLUX  985  3650.00        8.213493E+13   6.4478E-06   6.4746E-06   0.99587
FLUX  986  3670.00        8.168733E+13   6.3816E-06   6.4064E-06   0.99613
FLUX  987  3690.00        8.124458E+13   6.3060E-06   6.3393E-06   0.99474
FLUX  988  3710.00        8.080660E+13   6.2347E-06   6.2733E-06   0.99385
FLUX  989  3730.00        8.037332E+13   6.0485E-06   6.2082E-06   0.97427
FLUX  990  3750.00        7.994467E+13   5.9423E-06   6.1442E-06   0.96714
FLUX  991  3770.00        7.952056E+13   6.0500E-06   6.0812E-06   0.99488
FLUX  992  3790.00        7.910092E+13   5.9998E-06   6.0191E-06   0.99679
FLUX  993  3810.00        7.868570E+13   5.9218E-06   5.9579E-06   0.99394
FLUX  994  3830.00        7.827480E+13   5.8658E-06   5.8977E-06   0.99459
FLUX  995  3850.00        7.786818E+13   5.8288E-06   5.8384E-06   0.99835
FLUX  996  3870.00        7.746576E+13   5.7749E-06   5.7800E-06   0.99912
FLUX  997  3890.00        7.706748E+13   5.6961E-06   5.7225E-06   0.99539
FLUX  998  3910.00        7.667327E+13   5.6161E-06   5.6658E-06   0.99124
FLUX  999  3930.00        7.628308E+13   5.5939E-06   5.6099E-06   0.99715
FLUX 1000  3950.00        7.589684E+13   5.5534E-06   5.5549E-06   0.99974
FLUX 1001  3970.00        7.551448E+13   5.5005E-06   5.5006E-06   0.99998
FLUX 1002  3990.00        7.513596E+13   5.4471E-06   5.4472E-06   0.99998
FLUX 1003  4010.00        7.476122E+13   5.3469E-06   5.3945E-06   0.99117
FLUX 1004  4030.00        7.439020E+13   5.2760E-06   5.3426E-06   0.98753
FLUX 1005  4050.00        7.402284E+13   5.0860E-06   5.2914E-06   0.96118
FLUX 1006  4070.00        7.365909E+13   5.2154E-06   5.2410E-06   0.99512
FLUX 1007  4090.00        7.329890E+13   5.1911E-06   5.1912E-06   0.99997
FLUX 1008  4110.00        7.294221E+13   5.1421E-06   5.1422E-06   0.99998
FLUX 1009  4130.00        7.258898E+13   5.0887E-06   5.0939E-06   0.99898
FLUX 1010  4150.00        7.223916E+13   5.0219E-06   5.0462E-06   0.99517
FLUX 1011  4170.00        7.189269E+13   4.9169E-06   4.9992E-06   0.98353
FLUX 1012  4190.00        7.154952E+13   4.9267E-06   4.9529E-06   0.99470
FLUX 1013  4210.00        7.120962E+13   4.9052E-06   4.9072E-06   0.99960
FLUX 1014  4230.00        7.087293E+13   4.8621E-06   4.8621E-06   0.99999
FLUX 1015  4250.00        7.053941E+13   4.8164E-06   4.8177E-06   0.99973
FLUX 1016  4270.00        7.020902E+13   4.7738E-06   4.7738E-06   1.00000
FLUX 1017  4290.00        6.988170E+13   4.7255E-06   4.7305E-06   0.99894
FLUX 1018  4310.00        6.955742E+13   4.6878E-06   4.6879E-06   0.99999
FLUX 1019  4330.00        6.923614E+13   4.6456E-06   4.6457E-06   0.99997
FLUX 1020  4350.00        6.891782E+13   4.5886E-06   4.6042E-06   0.99662
FLUX 1021  4370.00        6.860240E+13   4.4736E-06   4.5632E-06   0.98036
FLUX 1022  4390.00        6.828986E+13   4.4751E-06   4.5227E-06   0.98948
FLUX 1023  4410.00        6.798016E+13   4.4768E-06   4.4828E-06   0.99866
FLUX 1024  4430.00        6.767325E+13   4.4433E-06   4.4434E-06   0.99998
FLUX 1025  4450.00        6.736910E+13   4.4045E-06   4.4045E-06   0.99999
FLUX 1026  4470.00        6.706767E+13   4.3727E-06   4.3727E-06   1.00000
FLUX 1027  4490.00        6.676893E+13   4.3348E-06   4.3348E-06   0.99999
FLUX 1028  4510.00        6.647284E+13   4.2973E-06   4.2973E-06   1.00000
FLUX 1029  4530.00        6.617936E+13   4.2601E-06   4.2603E-06   0.99994
FLUX 1030  4550.00        6.588846E+13   4.2238E-06   4.2238E-06   0.99999
FLUX 1031  4570.00        6.560011E+13   4.1877E-06   4.1878E-06   0.99998
FLUX 1032  4590.00        6.531427E+13   4.1521E-06   4.1522E-06   0.99998
FLUX 1033  4610.00        6.503091E+13   4.1129E-06   4.1170E-06   0.99900
FLUX 1034  4630.00        6.475000E+13   4.0585E-06   4.0823E-06   0.99415
FLUX 1035  4650.00        6.447151E+13   3.8580E-06   4.0481E-06   0.95304
FLUX 1036  4670.00        6.419540E+13   3.8774E-06   4.0142E-06   0.96591
FLUX 1037  4690.00        6.392164E+13   3.9395E-06   3.9808E-06   0.98963
FLUX 1038  4710.00        6.365021E+13   3.9404E-06   3.9478E-06   0.99813
FLUX 1039  4730.00        6.338108E+13   3.9152E-06   3.9152E-06   0.99998
FLUX 1040  4750.00        6.311421E+13   3.8827E-06   3.8830E-06   0.99991
FLUX 1041  4770.00        6.284958E+13   3.8512E-06   3.8512E-06   0.99999
FLUX 1042  4790.00        6.258716E+13   3.8198E-06   3.8198E-06   1.00000
FLUX 1043  4810.00        6.232692E+13   3.7888E-06   3.7888E-06   1.00000
FLUX 1044  4830.00        6.206884E+13   3.7581E-06   3.7582E-06   1.00000
FLUX 1045  4850.00        6.181289E+13   3.7279E-06   3.7279E-06   1.00000
FLUX 1046  4870.00        6.155903E+13   3.6979E-06   3.6979E-06   1.00000
FLUX 1047  4890.00        6.130726E+13   3.6684E-06   3.6684E-06   1.00000
FLUX 1048  4910.00        6.105754E+13   3.6392E-06   3.6392E-06   1.00000
FLUX 1049  4930.00        6.080984E+13   3.6103E-06   3.6103E-06   1.00000
FLUX 1050  4950.00        6.056414E+13   3.5818E-06   3.5818E-06   1.00000
FLUX 1051  4970.00        6.032042E+13   3.5536E-06   3.5536E-06   1.00000
FLUX 1052  4990.00        6.007866E+13   3.5257E-06   3.5257E-06   1.00000
FLUX 1053  5010.00        5.983882E+13   3.4982E-06   3.4982E-06   0.99999
FLUX 1054  5030.00        5.960089E+13   3.4709E-06   3.4710E-06   0.99999
FLUX 1055  5050.00        5.936485E+13   3.4441E-06   3.4441E-06   0.99999
FLUX 1056  5070.00        5.913067E+13   3.4174E-06   3.4175E-06   0.99998
FLUX 1057  5090.00        5.889833E+13   3.3868E-06   3.3912E-06   0.99871
FLUX 1058  5110.00        5.866781E+13   3.3337E-06   3.3652E-06   0.99062
FLUX 1059  5130.00        5.843908E+13   3.2147E-06   3.3395E-06   0.96261
FLUX 1060  5150.00        5.821214E+13   3.2905E-06   3.3142E-06   0.99286
FLUX 1061  5170.00        5.798694E+13   3.2862E-06   3.2890E-06   0.99913
FLUX 1062  5190.00        5.776349E+13   3.2642E-06   3.2642E-06   0.99999
FLUX 1063  5210.00        5.754175E+13   3.2396E-06   3.2397E-06   0.99999
FLUX 1064  5230.00        5.732170E+13   3.2154E-06   3.2154E-06   0.99999
FLUX 1065  5250.00        5.710333E+13   3.1914E-06   3.1914E-06   1.00000
FLUX 1066  5270.00        5.688662E+13   3.1676E-06   3.1676E-06   0.99998
FLUX 1067  5290.00        5.667155E+13   3.1441E-06   3.1442E-06   1.00000
FLUX 1068  5310.00        5.645810E+13   3.1209E-06   3.1209E-06   1.00000
FLUX 1069  5330.00        5.624625E+13   3.0980E-06   3.0980E-06   1.00000
FLUX 1070  5350.00        5.603598E+13   3.0753E-06   3.0753E-06   1.00000
FLUX 1071  5370.00        5.582728E+13   3.0528E-06   3.0528E-06   1.00000
FLUX 1072  5390.00        5.562013E+13   3.0305E-06   3.0306E-06   0.99999
FLUX 1073  5410.00        5.541451E+13   3.0086E-06   3.0086E-06   1.00000
FLUX 1074  5430.00        5.521041E+13   2.9868E-06   2.9868E-06   1.00000
FLUX 1075  5450.00        5.500780E+13   2.9653E-06   2.9653E-06   1.00000
FLUX 1076  5470.00        5.480667E+13   2.9441E-06   2.9441E-06   1.00000
FLUX 1077  5490.00        5.460701E+13   2.9230E-06   2.9230E-06   1.00000
FLUX 1078  5510.00        5.440880E+13   2.9022E-06   2.9022E-06   1.00000
FLUX 1079  5530.00        5.421203E+13   2.8816E-06   2.8816E-06   1.00000
FLUX 1080  5550.00        5.401667E+13   2.8612E-06   2.8612E-06   1.00000
FLUX 1081  5570.00        5.382271E+13   2.8410E-06   2.8410E-06   0.99999
FLUX 1082  5590.00        5.363014E+13   2.8210E-06   2.8210E-06   1.00000
FLUX 1083  5610.00        5.343895E+13   2.8013E-06   2.8013E-06   0.99999
FLUX 1084  5630.00        5.324911E+13   2.7817E-06   2.7817E-06   1.00000
FLUX 1085  5650.00        5.306062E+13   2.7624E-06   2.7624E-06   1.00000
FLUX 1086  5670.00        5.287346E+13   2.7432E-06   2.7432E-06   1.00000
FLUX 1087  5690.00        5.268761E+13   2.7243E-06   2.7243E-06   1.00000
FLUX 1088  5710.00        5.250306E+13   2.7055E-06   2.7055E-06   1.00000
FLUX 1089  5730.00        5.231981E+13   2.6870E-06   2.6870E-06   1.00000
FLUX 1090  5750.00        5.213783E+13   2.6686E-06   2.6686E-06   1.00000
FLUX 1091  5770.00        5.195711E+13   2.6504E-06   2.6504E-06   1.00000
FLUX 1092  5790.00        5.177763E+13   2.6324E-06   2.6324E-06   0.99999
FLUX 1093  5810.00        5.159940E+13   2.6146E-06   2.6146E-06   0.99999
FLUX 1094  5830.00        5.142238E+13   2.5969E-06   2.5970E-06   0.99999
FLUX 1095  5850.00        5.124658E+13   2.5817E-06   2.5818E-06   0.99998
FLUX 1096  5870.00        5.107198E+13   2.5593E-06   2.5644E-06   0.99800
FLUX 1097  5890.00        5.089856E+13   2.5179E-06   2.5473E-06   0.98847
FLUX 1098  5910.00        5.072631E+13   2.4174E-06   2.5304E-06   0.95536
FLUX 1099  5930.00        5.055523E+13   2.4931E-06   2.5136E-06   0.99185
FLUX 1100  5950.00        5.038529E+13   2.4939E-06   2.4969E-06   0.99878
FLUX 1101  5970.00        5.021650E+13   2.4804E-06   2.4805E-06   0.99998
FLUX 1102  5990.00        5.004883E+13   2.4641E-06   2.4642E-06   0.99999
FLUX 1103  6010.00        4.988228E+13   2.4480E-06   2.4480E-06   1.00000
FLUX 1104  6030.00        4.971683E+13   2.4320E-06   2.4320E-06   1.00000
FLUX 1105  6050.00        4.955248E+13   2.4162E-06   2.4162E-06   1.00000
FLUX 1106  6070.00        4.938921E+13   2.4005E-06   2.4005E-06   1.00000
FLUX 1107  6090.00        4.922701E+13   2.3850E-06   2.3850E-06   1.00000
FLUX 1108  6110.00        4.906588E+13   2.3696E-06   2.3696E-06   1.00000
FLUX 1109  6130.00        4.890579E+13   2.3544E-06   2.3544E-06   1.00000
FLUX 1110  6150.00        4.874675E+13   2.3393E-06   2.3393E-06   1.00000
FLUX 1111  6170.00        4.858874E+13   2.3244E-06   2.3244E-06   1.00000
FLUX 1112  6190.00        4.843174E+13   2.3095E-06   2.3096E-06   1.00000
FLUX 1113  6210.00        4.827576E+13   2.2949E-06   2.2949E-06   1.00000
FLUX 1114  6230.00        4.812079E+13   2.2804E-06   2.2804E-06   1.00000
FLUX 1115  6250.00        4.796680E+13   2.2660E-06   2.2660E-06   1.00000
FLUX 1116  6270.00        4.781380E+13   2.2517E-06   2.2517E-06   1.00000
FLUX 1117  6290.00        4.766176E+13   2.2376E-06   2.2376E-06   1.00000
FLUX 1118  6310.00        4.751070E+13   2.2236E-06   2.2236E-06   1.00000
FLUX 1119  6330.00        4.736058E+13   2.2097E-06   2.2098E-06   0.99999
FLUX 1120  6350.00        4.721142E+13   2.1960E-06   2.1960E-06   0.99999
FLUX 1121  6370.00        4.706319E+13   2.1824E-06   2.1824E-06   1.00000
FLUX 1122  6390.00        4.691588E+13   2.1689E-06   2.1689E-06   1.00000
FLUX 1123  6420.00        4.669665E+13   2.1490E-06   2.1490E-06   1.00000
FLUX 1124  6460.00        4.640751E+13   2.1227E-06   2.1227E-06   1.00000
FLUX 1125  6500.00        4.612192E+13   2.0970E-06   2.0970E-06   1.00000
FLUX 1126  6540.00        4.583983E+13   2.0717E-06   2.0717E-06   1.00000
FLUX 1127  6580.00        4.556117E+13   2.0469E-06   2.0469E-06   1.00000
FLUX 1128  6620.00        4.528588E+13   2.0225E-06   2.0225E-06   0.99998
FLUX 1129  6660.00        4.501389E+13   1.9985E-06   1.9985E-06   1.00000
FLUX 1130  6700.00        4.474515E+13   1.9750E-06   1.9750E-06   1.00000
FLUX 1131  6740.00        4.447960E+13   1.9519E-06   1.9519E-06   1.00000
FLUX 1132  6780.00        4.421718E+13   1.9291E-06   1.9291E-06   1.00000
FLUX 1133  6820.00        4.395784E+13   1.9068E-06   1.9068E-06   1.00000
FLUX 1134  6860.00        4.370153E+13   1.8848E-06   1.8849E-06   0.99999
FLUX 1135  6900.00        4.344819E+13   1.8633E-06   1.8633E-06   1.00000
FLUX 1136  6940.00        4.319777E+13   1.8420E-06   1.8421E-06   0.99999
FLUX 1137  6980.00        4.295021E+13   1.8212E-06   1.8212E-06   1.00000
FLUX 1138  7020.00        4.270548E+13   1.8007E-06   1.8007E-06   1.00000
FLUX 1139  7060.00        4.246353E+13   1.7806E-06   1.7806E-06   1.00000
FLUX 1140  7100.00        4.222430E+13   1.7607E-06   1.7607E-06   1.00000
FLUX 1141  7140.00        4.198775E+13   1.7412E-06   1.7413E-06   0.99998
FLUX 1142  7180.00        4.175383E+13   1.7221E-06   1.7221E-06   0.99999
FLUX 1143  7220.00        4.152251E+13   1.7032E-06   1.7032E-06   1.00000
FLUX 1144  7260.00        4.129373E+13   1.6846E-06   1.6847E-06   0.99999
FLUX 1145  7300.00        4.106747E+13   1.6664E-06   1.6664E-06   1.00000
FLUX 1146  7340.00        4.084366E+13   1.6484E-06   1.6484E-06   0.99999
FLUX 1147  7380.00        4.062229E+13   1.6307E-06   1.6308E-06   0.99998
FLUX 1148  7420.00        4.040330E+13   1.6078E-06   1.6134E-06   0.99655
FLUX 1149  7460.00        4.018666E+13   1.5428E-06   1.5963E-06   0.96649
FLUX 1150  7500.00        3.997233E+13   1.5252E-06   1.5795E-06   0.96563
FLUX 1151  7540.00        3.976028E+13   1.5564E-06   1.5629E-06   0.99583
FLUX 1152  7580.00        3.955046E+13   1.5465E-06   1.5466E-06   0.99998
FLUX 1153  7620.00        3.934285E+13   1.5305E-06   1.5305E-06   0.99999
FLUX 1154  7660.00        3.913740E+13   1.5147E-06   1.5147E-06   0.99999
FLUX 1155  7700.00        3.893409E+13   1.4991E-06   1.4991E-06   1.00000
FLUX 1156  7740.00        3.873288E+13   1.4838E-06   1.4838E-06   0.99999
FLUX 1157  7780.00        3.853374E+13   1.4687E-06   1.4687E-06   1.00000
FLUX 1158  7820.00        3.833664E+13   1.4538E-06   1.4538E-06   1.00000
FLUX 1159  7860.00        3.814154E+13   1.4392E-06   1.4392E-06   1.00000
FLUX 1160  7900.00        3.794842E+13   1.4247E-06   1.4248E-06   1.00000
FLUX 1161  7940.00        3.775724E+13   1.4105E-06   1.4105E-06   1.00000
FLUX 1162  7980.00        3.756798E+13   1.3965E-06   1.3965E-06   1.00000
FLUX 1163  8020.00        3.738061E+13   1.3827E-06   1.3827E-06   1.00000
FLUX 1164  8060.00        3.719510E+13   1.3691E-06   1.3691E-06   1.00000
FLUX 1165  8100.00        3.701142E+13   1.3557E-06   1.3557E-06   1.00000
FLUX 1166  8140.00        3.682955E+13   1.3425E-06   1.3425E-06   1.00000
FLUX 1167  8180.00        3.664945E+13   1.3295E-06   1.3295E-06   1.00000
FLUX 1168  8220.00        3.647111E+13   1.3167E-06   1.3167E-06   1.00000
FLUX 1169  8260.00        3.629449E+13   1.3041E-06   1.3041E-06   1.00000
FLUX 1170  8300.00        3.611958E+13   1.2916E-06   1.2916E-06   1.00000
FLUX 1171  8340.00        3.594634E+13   1.2793E-06   1.2793E-06   1.00000
FLUX 1172  8380.00        3.577476E+13   1.2672E-06   1.2672E-06   1.00000
FLUX 1173  8420.00        3.560481E+13   1.2553E-06   1.2553E-06   1.00000
FLUX 1174  8460.00        3.543647E+13   1.2435E-06   1.2435E-06   1.00000
FLUX 1175  8500.00        3.526971E+13   1.2319E-06   1.2319E-06   1.00000
FLUX 1176  8540.00        3.510451E+13   1.2204E-06   1.2204E-06   1.00000
FLUX 1177  8580.00        3.494085E+13   1.2091E-06   1.2091E-06   1.00000
FLUX 1178  8620.00        3.477871E+13   1.1980E-06   1.1980E-06   1.00000
FLUX 1179  8660.00        3.461807E+13   1.1870E-06   1.1870E-06   1.00000
FLUX 1180  8700.00        3.445891E+13   1.1762E-06   1.1762E-06   1.00000
FLUX 1181  8740.00        3.430120E+13   1.1655E-06   1.1655E-06   1.00000
FLUX 1182  8780.00        3.414493E+13   1.1550E-06   1.1550E-06   1.00000
FLUX 1183  8820.00        3.399008E+13   1.1445E-06   1.1445E-06   1.00000
FLUX 1184  8860.00        3.383663E+13   1.1343E-06   1.1343E-06   1.00000
FLUX 1185  8900.00        3.368455E+13   1.1242E-06   1.1242E-06   1.00000
FLUX 1186  8940.00        3.353384E+13   1.1142E-06   1.1142E-06   1.00000
FLUX 1187  8980.00        3.338447E+13   1.1043E-06   1.1043E-06   1.00000
FLUX 1188  9020.00        3.323642E+13   1.0946E-06   1.0946E-06   1.00000
FLUX 1189  9060.00        3.308968E+13   1.0850E-06   1.0850E-06   1.00000
FLUX 1190  9100.00        3.294423E+13   1.0755E-06   1.0755E-06   1.00000
FLUX 1191  9140.00        3.280005E+13   1.0661E-06   1.0661E-06   1.00000
FLUX 1192  9180.00        3.265714E+13   1.0569E-06   1.0569E-06   1.00000
FLUX 1193  9220.00        3.251546E+13   1.0478E-06   1.0478E-06   1.00000
FLUX 1194  9260.00        3.237500E+13   1.0388E-06   1.0388E-06   1.00000
FLUX 1195  9300.00        3.223575E+13   1.0299E-06   1.0299E-06   1.00000
FLUX 1196  9340.00        3.209770E+13   1.0211E-06   1.0211E-06   1.00000
FLUX 1197  9380.00        3.196082E+13   1.0124E-06   1.0124E-06   1.00000
FLUX 1198  9420.00        3.182511E+13   1.0039E-06   1.0039E-06   1.00000
FLUX 1199  9460.00        3.169054E+13   9.9543E-07   9.9543E-07   1.00000
FLUX 1200  9500.00        3.155711E+13   9.8709E-07   9.8709E-07   1.00000
FLUX 1201  9540.00        3.142479E+13   9.7885E-07   9.7885E-07   1.00000
FLUX 1202  9580.00        3.129358E+13   9.7072E-07   9.7072E-07   1.00000
FLUX 1203  9620.00        3.116346E+13   9.6268E-07   9.6268E-07   1.00000
FLUX 1204  9660.00        3.103442E+13   9.5475E-07   9.5475E-07   1.00000
FLUX 1205  9700.00        3.090644E+13   9.4690E-07   9.4691E-07   0.99999
FLUX 1206  9740.00        3.077952E+13   9.3916E-07   9.3916E-07   1.00000
FLUX 1207  9780.00        3.065363E+13   9.3151E-07   9.3151E-07   1.00000
FLUX 1208  9820.00        3.052877E+13   9.2396E-07   9.2396E-07   1.00000
FLUX 1209  9860.00        3.040492E+13   9.1649E-07   9.1649E-07   1.00000
FLUX 1210  9900.00        3.028207E+13   9.0911E-07   9.0911E-07   1.00000
FLUX 1211  9940.00        3.016021E+13   9.0183E-07   9.0183E-07   1.00000
FLUX 1212  9980.00        3.003933E+13   8.9462E-07   8.9463E-07   1.00000
FLUX 1213 10020.00        2.991941E+13   8.8751E-07   8.8751E-07   1.00000
FLUX 1214 20000.00        1.498963E+13   2.2123E-07   2.2123E-07   1.00000
FLUX 1215 40000.00        7.494813E+12   5.4449E-08   5.4449E-08   1.00000
FLUX 1216 60000.00        4.996542E+12   2.3956E-08   2.3956E-08   1.00000
FLUX 1217 80000.00        3.747406E+12   1.3378E-08   1.3378E-08   1.00000
FLUX 1218100000.00        2.997925E+12   8.5114E-09   8.5114E-09   1.00000
FLUX 1219120000.00        2.498271E+12   5.8805E-09   5.8805E-09   1.00000
FLUX 1220140000.00        2.141375E+12   4.2998E-09   4.2998E-09   1.00000
FLUX 1221160000.00        1.873703E+12   3.2776E-09   3.2776E-09   1.00000
FLUX
