TEFF   8500.  GRAVITY 3.00000 LTE 
TITLE TEST RUN WITH SDSC OPACITY  VTURB 2 KM/S    L/H 1.25                      
 OPACITY IFOP
FLUX   81    50.60        5.924753E+15   5.2176E-26   5.8961E-26   0.88492
FLUX   82    51.20        5.855322E+15   1.0141E-25   1.0295E-25   0.98512
FLUX   83    52.00        5.765240E+15   2.0991E-25   2.1180E-25   0.99112
FLUX   84    53.00        5.656462E+15   5.0591E-25   5.0603E-25   0.99975
FLUX   85    54.00        5.551713E+15   1.1662E-24   1.1710E-24   0.99591
FLUX   86    55.00        5.450773E+15   2.6292E-24   2.6309E-24   0.99934
FLUX   87    56.00        5.353438E+15   5.7470E-24   5.7471E-24   0.99998
FLUX   88    57.00        5.259518E+15   1.2228E-23   1.2228E-23   0.99999
FLUX   89    58.00        5.168836E+15   2.5240E-23   2.5394E-23   0.99393
FLUX   90    59.00        5.081229E+15   5.1492E-23   5.1516E-23   0.99953
FLUX   91    60.00        4.996542E+15   1.0221E-22   1.0228E-22   0.99933
FLUX   92    61.00        4.914631E+15   1.9901E-22   1.9901E-22   0.99999
FLUX   93    62.00        4.835363E+15   3.7993E-22   3.7994E-22   0.99998
FLUX   94    63.00        4.758611E+15   7.1256E-22   7.1257E-22   0.99999
FLUX   95    64.00        4.684258E+15   1.3142E-21   1.3147E-21   0.99963
FLUX   96    65.00        4.612192E+15   2.3876E-21   2.3877E-21   0.99997
FLUX   97    65.80        4.556117E+15   3.8068E-21   3.8069E-21   0.99998
FLUX   98    66.50        4.508158E+15   5.6782E-21   5.6827E-21   0.99920
FLUX   99    67.50        4.441370E+15   9.9477E-21   9.9541E-21   0.99936
FLUX  100    68.50        4.376533E+15   1.7204E-20   1.7206E-20   0.99990
FLUX  101    69.50        4.313561E+15   2.9366E-20   2.9367E-20   0.99999
FLUX  102    70.50        4.252376E+15   4.9414E-20   4.9514E-20   0.99799
FLUX  103    71.60        4.187046E+15   8.6773E-20   8.6775E-20   0.99998
FLUX  104    72.60        4.129373E+15   1.4281E-19   1.4281E-19   0.99999
FLUX  105    73.50        4.078810E+15   2.2153E-19   2.2153E-19   0.99998
FLUX  106    74.50        4.024060E+15   3.5710E-19   3.5723E-19   0.99963
FLUX  107    75.50        3.970762E+15   5.6986E-19   5.7007E-19   0.99962
FLUX  108    76.50        3.918856E+15   9.0032E-19   9.0057E-19   0.99972
FLUX  109    77.50        3.868290E+15   1.4083E-18   1.4087E-18   0.99974
FLUX  110    78.50        3.819013E+15   2.1822E-18   2.1822E-18   1.00000
FLUX  111    79.50        3.770975E+15   3.3390E-18   3.3490E-18   0.99701
FLUX  112    80.50        3.724130E+15   5.0865E-18   5.0924E-18   0.99883
FLUX  113    81.50        3.678436E+15   7.6729E-18   7.6742E-18   0.99983
FLUX  114    82.50        3.633848E+15   1.1463E-17   1.1464E-17   0.99994
FLUX  115    83.50        3.590329E+15   1.6978E-17   1.6980E-17   0.99987
FLUX  116    84.50        3.547840E+15   2.4939E-17   2.4939E-17   0.99999
FLUX  117    85.50        3.506345E+15   3.6332E-17   3.6333E-17   0.99998
FLUX  118    86.50        3.465809E+15   5.2506E-17   5.2506E-17   0.99999
FLUX  119    87.50        3.426200E+15   7.5252E-17   7.5289E-17   0.99951
FLUX  120    88.50        3.387486E+15   1.0714E-16   1.0714E-16   0.99998
FLUX  121    89.50        3.349637E+15   1.5134E-16   1.5134E-16   1.00000
FLUX  122    90.50        3.312624E+15   2.1207E-16   2.1222E-16   0.99930
FLUX  123    91.50        3.276421E+15   5.1823E-14   1.8361E-13   0.28224
FLUX  124    92.50        3.241000E+15   1.7372E-13   2.3656E-13   0.73438
FLUX  125    93.50        3.206337E+15   2.2908E-13   3.0315E-13   0.75567
FLUX  126    94.50        3.172407E+15   3.0166E-13   3.8649E-13   0.78052
FLUX  127    95.50        3.139188E+15   4.3418E-13   4.9030E-13   0.88554
FLUX  128    96.50        3.106658E+15   5.6254E-13   6.1899E-13   0.90879
FLUX  129    97.50        3.074795E+15   6.6734E-13   7.7782E-13   0.85795
FLUX  130    98.50        3.043579E+15   8.7367E-13   9.7300E-13   0.89792
FLUX  131    99.50        3.012990E+15   1.0366E-12   1.2118E-12   0.85537
FLUX  132   100.50        2.983010E+15   1.4113E-12   1.5029E-12   0.93906
FLUX  133   101.50        2.953621E+15   1.7692E-12   1.8561E-12   0.95319
FLUX  134   102.50        2.924805E+15   1.7462E-12   2.3004E-12   0.75908
FLUX  135   103.50        2.896546E+15   2.6479E-12   2.8183E-12   0.93953
FLUX  136   104.50        2.868828E+15   3.3220E-12   3.4402E-12   0.96564
FLUX  137   105.50        2.841635E+15   4.0484E-12   4.1838E-12   0.96763
FLUX  138   106.50        2.814953E+15   4.7337E-12   5.0702E-12   0.93362
FLUX  139   107.50        2.788767E+15   5.8822E-12   6.1235E-12   0.96059
FLUX  140   108.50        2.763065E+15   7.0454E-12   7.3712E-12   0.95581
FLUX  141   109.50        2.737831E+15   8.1300E-12   8.8446E-12   0.91921
FLUX  142   110.50        2.713054E+15   3.6413E-11   1.0123E-10   0.35969
FLUX  143   111.50        2.688722E+15   6.4136E-11   1.1787E-10   0.54411
FLUX  144   112.50        2.664822E+15   8.6580E-11   1.3687E-10   0.63257
FLUX  145   113.50        2.641344E+15   1.0596E-10   1.6021E-10   0.66138
FLUX  146   114.50        2.618275E+15   1.2799E-10   1.8502E-10   0.69176
FLUX  147   115.50        2.595606E+15   1.3662E-10   2.1312E-10   0.64104
FLUX  148   116.50        2.573326E+15   1.7497E-10   2.4490E-10   0.71445
FLUX  149   117.50        2.551426E+15   1.9689E-10   2.8079E-10   0.70121
FLUX  150   118.50        2.529895E+15   1.8993E-10   3.2114E-10   0.59144
FLUX  151   119.50        2.508724E+15   1.0403E-10   3.6645E-10   0.28388
FLUX  152   120.50        2.487905E+15   1.0043E-10   4.1724E-10   0.24069
FLUX  153   121.50        2.467428E+15   2.0526E-11   4.7405E-10   0.04330
FLUX  154   122.50        2.447286E+15   1.2010E-10   5.6456E-10   0.21273
FLUX  155   123.50        2.427470E+15   2.9799E-10   6.3913E-10   0.46624
FLUX  156   124.50        2.407972E+15   6.8297E-10   5.1194E-07   0.00133
FLUX  157   125.50        2.388785E+15   1.1467E-09   5.1439E-07   0.00223
FLUX  158   126.50        2.369901E+15   1.2592E-09   5.1638E-07   0.00244
FLUX  159   127.50        2.351314E+15   3.1891E-09   5.1789E-07   0.00616
FLUX  160   128.50        2.333016E+15   9.3876E-09   5.1890E-07   0.01809
FLUX  161   129.50        2.315000E+15   1.6094E-08   5.1942E-07   0.03099
FLUX  162   130.50        2.297261E+15   8.1018E-09   5.1957E-07   0.01559
FLUX  163   131.50        2.279791E+15   3.6044E-08   5.1939E-07   0.06940
FLUX  164   132.50        2.262585E+15   5.4095E-08   5.1890E-07   0.10425
FLUX  165   133.50        2.245637E+15   5.1905E-08   5.1807E-07   0.10019
FLUX  166   134.50        2.228941E+15   9.8530E-08   5.1702E-07   0.19057
FLUX  167   135.50        2.212491E+15   1.0178E-07   5.1591E-07   0.19728
FLUX  168   136.50        2.196282E+15   1.0150E-07   5.1461E-07   0.19724
FLUX  169   137.50        2.180309E+15   1.2204E-07   5.1307E-07   0.23786
FLUX  170   138.50        2.164567E+15   1.1961E-07   5.1131E-07   0.23392
FLUX  171   139.50        2.149050E+15   1.4164E-07   5.0939E-07   0.27805
FLUX  172   140.50        2.133754E+15   1.6086E-07   5.1293E-07   0.31361
FLUX  173   141.50        2.118675E+15   1.5319E-07   5.2214E-07   0.29340
FLUX  174   142.50        2.103807E+15   1.9536E-07   5.5037E-07   0.35497
FLUX  175   143.50        2.089146E+15   1.7983E-07   5.6071E-07   0.32073
FLUX  176   144.20        2.079005E+15   2.3172E-07   5.6808E-07   0.40790
FLUX  177   144.70        2.071821E+15   3.4772E-07   9.6182E-07   0.36152
FLUX  178   145.50        2.060430E+15   3.7510E-07   9.7224E-07   0.38581
FLUX  179   146.50        2.046365E+15   3.2722E-07   9.8522E-07   0.33213
FLUX  180   147.50        2.032492E+15   3.3590E-07   9.9809E-07   0.33654
FLUX  181   148.50        2.018805E+15   4.1458E-07   1.0108E-06   0.41014
FLUX  182   149.50        2.005301E+15   4.8577E-07   1.0234E-06   0.47468
FLUX  183   150.50        1.991977E+15   5.4208E-07   1.0358E-06   0.52334
FLUX  184   151.20        1.982755E+15   4.6103E-07   1.0444E-06   0.44143
FLUX  185   151.70        1.976220E+15   4.7587E-07   1.0505E-06   0.45298
FLUX  186   152.50        1.965852E+15   6.8032E-07   3.0166E-06   0.22553
FLUX  187   153.50        1.953046E+15   6.6460E-07   3.0237E-06   0.21980
FLUX  188   154.50        1.940405E+15   1.1187E-06   3.0305E-06   0.36916
FLUX  189   155.50        1.927926E+15   9.2838E-07   3.0375E-06   0.30564
FLUX  190   156.50        1.915607E+15   8.0057E-07   3.0449E-06   0.26292
FLUX  191   157.50        1.903444E+15   1.1811E-06   3.1274E-06   0.37767
FLUX  192   158.50        1.891435E+15   1.3596E-06   3.1338E-06   0.43385
FLUX  193   159.50        1.879577E+15   1.6686E-06   3.1402E-06   0.53138
FLUX  194   160.50        1.867866E+15   1.4765E-06   3.1466E-06   0.46924
FLUX  195   161.50        1.856300E+15   1.3389E-06   3.1532E-06   0.42463
FLUX  196   162.50        1.844877E+15   1.0899E-06   3.1809E-06   0.34264
FLUX  197   163.50        1.833593E+15   1.2927E-06   3.1882E-06   0.40546
FLUX  198   164.50        1.822447E+15   1.5664E-06   3.1951E-06   0.49026
FLUX  199   165.50        1.811435E+15   1.0144E-06   3.2019E-06   0.31683
FLUX  200   166.50        1.800556E+15   1.5914E-06   3.2093E-06   0.49586
FLUX  201   167.20        1.793017E+15   6.8265E-07   3.2146E-06   0.21236
FLUX  202   167.70        1.787671E+15   1.8809E-06   3.9945E-06   0.47087
FLUX  203   168.50        1.779184E+15   2.1431E-06   4.0087E-06   0.53461
FLUX  204   169.50        1.768687E+15   1.8899E-06   4.0238E-06   0.46968
FLUX  205   170.50        1.758314E+15   1.7511E-06   4.0395E-06   0.43350
FLUX  206   171.50        1.748061E+15   1.9307E-06   4.0893E-06   0.47212
FLUX  207   172.50        1.737928E+15   1.9532E-06   4.1058E-06   0.47573
FLUX  208   173.50        1.727911E+15   2.2745E-06   4.1202E-06   0.55203
FLUX  209   174.50        1.718009E+15   2.1960E-06   4.1359E-06   0.53097
FLUX  210   175.50        1.708219E+15   2.6589E-06   4.1498E-06   0.64074
FLUX  211   176.50        1.698541E+15   2.0457E-06   4.1635E-06   0.49134
FLUX  212   177.50        1.688972E+15   2.5181E-06   4.1770E-06   0.60284
FLUX  213   178.50        1.679510E+15   2.3846E-06   4.1910E-06   0.56897
FLUX  214   179.50        1.670153E+15   3.0542E-06   4.2065E-06   0.72606
FLUX  215   180.50        1.660900E+15   2.8706E-06   4.2225E-06   0.67985
FLUX  216   181.50        1.651749E+15   2.9493E-06   4.2379E-06   0.69592
FLUX  217   182.50        1.642699E+15   2.7433E-06   4.2534E-06   0.64497
FLUX  218   183.50        1.633747E+15   2.5320E-06   4.2695E-06   0.59304
FLUX  219   184.50        1.624892E+15   2.2725E-06   4.2855E-06   0.53028
FLUX  220   185.50        1.616132E+15   2.5791E-06   4.3020E-06   0.59952
FLUX  221   186.50        1.607466E+15   2.7643E-06   4.3179E-06   0.64019
FLUX  222   187.50        1.598893E+15   2.7635E-06   4.3415E-06   0.63652
FLUX  223   188.50        1.590411E+15   2.8154E-06   4.3571E-06   0.64617
FLUX  224   189.50        1.582018E+15   3.0247E-06   4.3739E-06   0.69154
FLUX  225   190.50        1.573714E+15   2.7819E-06   4.3910E-06   0.63355
FLUX  226   191.50        1.565496E+15   3.0392E-06   4.4098E-06   0.68918
FLUX  227   192.50        1.557364E+15   3.1302E-06   4.4274E-06   0.70700
FLUX  228   193.50        1.549315E+15   2.6672E-06   4.4450E-06   0.60005
FLUX  229   194.50        1.541350E+15   3.3004E-06   4.4627E-06   0.73955
FLUX  230   195.50        1.533465E+15   3.3183E-06   4.4805E-06   0.74062
FLUX  231   196.70        1.524110E+15   3.6242E-06   4.5017E-06   0.80507
FLUX  232   197.60        1.517169E+15   3.5927E-06   4.5176E-06   0.79527
FLUX  233   198.40        1.511051E+15   3.4802E-06   4.5609E-06   0.76305
FLUX  234   199.50        1.502719E+15   3.3876E-06   4.5812E-06   0.73945
FLUX  235   200.50        1.495224E+15   3.2331E-06   4.5999E-06   0.70286
FLUX  236   201.50        1.487804E+15   3.1245E-06   4.6190E-06   0.67645
FLUX  237   202.50        1.480457E+15   3.0390E-06   4.6384E-06   0.65519
FLUX  238   203.50        1.473182E+15   3.3414E-06   4.6581E-06   0.71733
FLUX  239   204.50        1.465978E+15   3.7044E-06   4.6785E-06   0.79180
FLUX  240   205.50        1.458844E+15   3.4846E-06   4.6989E-06   0.74159
FLUX  241   206.50        1.451780E+15   3.3706E-06   4.7194E-06   0.71419
FLUX  242   207.40        1.445480E+15   3.9550E-06   4.7385E-06   0.83465
FLUX  243   207.80        1.442697E+15   4.0492E-06   4.8500E-06   0.83488
FLUX  244   208.50        1.437854E+15   3.9228E-06   4.8666E-06   0.80607
FLUX  245   209.50        1.430990E+15   3.7725E-06   4.8903E-06   0.77142
FLUX  246   210.50        1.424192E+15   3.4858E-06   4.9141E-06   0.70936
FLUX  247   211.50        1.417459E+15   3.5565E-06   4.9379E-06   0.72023
FLUX  248   212.50        1.410788E+15   3.7540E-06   4.9620E-06   0.75656
FLUX  249   213.50        1.404180E+15   2.9704E-06   4.9863E-06   0.59571
FLUX  250   214.50        1.397634E+15   3.5460E-06   5.0108E-06   0.70766
FLUX  251   215.50        1.391148E+15   3.6362E-06   5.0356E-06   0.72211
FLUX  252   216.50        1.384723E+15   3.3588E-06   5.0611E-06   0.66365
FLUX  253   217.50        1.378356E+15   3.3495E-06   5.0868E-06   0.65847
FLUX  254   218.50        1.372048E+15   3.5027E-06   5.1134E-06   0.68500
FLUX  255   219.50        1.365797E+15   3.8628E-06   5.1403E-06   0.75146
FLUX  256   220.50        1.359603E+15   3.6788E-06   5.1674E-06   0.71193
FLUX  257   221.50        1.353465E+15   3.2722E-06   5.1946E-06   0.62991
FLUX  258   222.50        1.347382E+15   3.1860E-06   5.2229E-06   0.61001
FLUX  259   223.50        1.341353E+15   3.8343E-06   5.2504E-06   0.73028
FLUX  260   224.50        1.335379E+15   3.4268E-06   5.2781E-06   0.64924
FLUX  261   225.50        1.329457E+15   3.2135E-06   5.3114E-06   0.60502
FLUX  262   226.50        1.323587E+15   3.2775E-06   5.3392E-06   0.61386
FLUX  263   227.50        1.317769E+15   3.5691E-06   5.3672E-06   0.66498
FLUX  264   228.50        1.312002E+15   3.8208E-06   5.3959E-06   0.70808
FLUX  265   229.50        1.306285E+15   3.5349E-06   5.4248E-06   0.65161
FLUX  266   230.50        1.300618E+15   3.6162E-06   5.4543E-06   0.66300
FLUX  267   231.50        1.295000E+15   3.4217E-06   5.4841E-06   0.62394
FLUX  268   232.50        1.289430E+15   2.0539E-06   5.5142E-06   0.37248
FLUX  269   233.50        1.283908E+15   2.8566E-06   5.5456E-06   0.51511
FLUX  270   234.50        1.278433E+15   2.4579E-06   5.5760E-06   0.44080
FLUX  271   235.50        1.273004E+15   3.4358E-06   5.6065E-06   0.61283
FLUX  272   236.50        1.267622E+15   2.5553E-06   5.6373E-06   0.45329
FLUX  273   237.50        1.262284E+15   3.0664E-06   5.6681E-06   0.54100
FLUX  274   238.50        1.256992E+15   2.2552E-06   5.6993E-06   0.39569
FLUX  275   239.50        1.251743E+15   2.7497E-06   5.7308E-06   0.47981
FLUX  276   240.50        1.246538E+15   2.6222E-06   5.7625E-06   0.45505
FLUX  277   241.50        1.241377E+15   2.8582E-06   5.7944E-06   0.49327
FLUX  278   242.50        1.236258E+15   3.5702E-06   5.8265E-06   0.61276
FLUX  279   243.50        1.231181E+15   3.4579E-06   5.8589E-06   0.59020
FLUX  280   244.50        1.226145E+15   3.7765E-06   5.8932E-06   0.64083
FLUX  281   245.50        1.221151E+15   3.7025E-06   5.9258E-06   0.62481
FLUX  282   246.50        1.216197E+15   3.7112E-06   5.9589E-06   0.62281
FLUX  283   247.50        1.211283E+15   3.4939E-06   5.9921E-06   0.58308
FLUX  284   248.50        1.206408E+15   3.6871E-06   6.0256E-06   0.61191
FLUX  285   249.50        1.201573E+15   3.5272E-06   6.0593E-06   0.58210
FLUX  286   250.50        1.196776E+15   4.3279E-06   6.0947E-06   0.71011
FLUX  287   251.30        1.192967E+15   3.5060E-06   6.1219E-06   0.57269
FLUX  288   251.80        1.190598E+15   3.5571E-06   6.1810E-06   0.57549
FLUX  289   252.50        1.187297E+15   3.1767E-06   6.2051E-06   0.51195
FLUX  290   253.50        1.182613E+15   3.1897E-06   6.2403E-06   0.51114
FLUX  291   254.50        1.177967E+15   3.2488E-06   6.2756E-06   0.51768
FLUX  292   255.50        1.173356E+15   3.7447E-06   6.3111E-06   0.59336
FLUX  293   256.50        1.168782E+15   3.6116E-06   6.3466E-06   0.56906
FLUX  294   257.50        1.164243E+15   4.0819E-06   6.3823E-06   0.63957
FLUX  295   258.50        1.159739E+15   4.0496E-06   6.4182E-06   0.63096
FLUX  296   259.50        1.155270E+15   3.8382E-06   6.4542E-06   0.59469
FLUX  297   260.50        1.150835E+15   3.6156E-06   6.4905E-06   0.55706
FLUX  298   261.50        1.146434E+15   3.4585E-06   6.5270E-06   0.52987
FLUX  299   262.50        1.142067E+15   4.1689E-06   6.5638E-06   0.63513
FLUX  300   263.50        1.137732E+15   4.3678E-06   6.6012E-06   0.66167
FLUX  301   264.50        1.133431E+15   5.4434E-06   6.6382E-06   0.82002
FLUX  302   265.50        1.129162E+15   5.4693E-06   6.6754E-06   0.81932
FLUX  303   266.50        1.124925E+15   4.7428E-06   6.7127E-06   0.70655
FLUX  304   267.50        1.120720E+15   5.1548E-06   6.7500E-06   0.76368
FLUX  305   268.50        1.116546E+15   5.0919E-06   6.7875E-06   0.75019
FLUX  306   269.50        1.112403E+15   4.8421E-06   6.8250E-06   0.70947
FLUX  307   270.50        1.108290E+15   5.0935E-06   6.8632E-06   0.74215
FLUX  308   271.50        1.104208E+15   4.6949E-06   6.9009E-06   0.68033
FLUX  309   272.50        1.100156E+15   4.8126E-06   6.9388E-06   0.69359
FLUX  310   273.50        1.096133E+15   5.3200E-06   6.9767E-06   0.76254
FLUX  311   274.50        1.092140E+15   3.9037E-06   7.0147E-06   0.55650
FLUX  312   275.50        1.088176E+15   4.2580E-06   7.0530E-06   0.60371
FLUX  313   276.50        1.084241E+15   4.5887E-06   7.0914E-06   0.64708
FLUX  314   277.50        1.080333E+15   5.2241E-06   7.1300E-06   0.73270
FLUX  315   278.50        1.076454E+15   4.7481E-06   7.1686E-06   0.66235
FLUX  316   279.50        1.072603E+15   2.4613E-06   7.2074E-06   0.34149
FLUX  317   280.50        1.068779E+15   3.0434E-06   7.2463E-06   0.42000
FLUX  318   281.50        1.064982E+15   5.4476E-06   7.2852E-06   0.74775
FLUX  319   282.50        1.061212E+15   5.9930E-06   7.3242E-06   0.81824
FLUX  320   283.50        1.057469E+15   5.7458E-06   7.3633E-06   0.78033
FLUX  321   284.50        1.053752E+15   5.5325E-06   7.4025E-06   0.74739
FLUX  322   285.50        1.050061E+15   5.3020E-06   7.4417E-06   0.71248
FLUX  323   286.50        1.046396E+15   5.9853E-06   7.4810E-06   0.80007
FLUX  324   287.50        1.042757E+15   5.8170E-06   7.5203E-06   0.77350
FLUX  325   288.50        1.039142E+15   5.9738E-06   7.5597E-06   0.79021
FLUX  326   289.50        1.035553E+15   5.6987E-06   7.5992E-06   0.74991
FLUX  327   291.00        1.030215E+15   6.6544E-06   7.6588E-06   0.86885
FLUX  328   293.00        1.023183E+15   6.4408E-06   7.7381E-06   0.83235
FLUX  329   295.00        1.016246E+15   6.4732E-06   7.8177E-06   0.82802
FLUX  330   297.00        1.009402E+15   6.7263E-06   7.8974E-06   0.85172
FLUX  331   299.00        1.002651E+15   6.9812E-06   7.9772E-06   0.87515
FLUX  332   301.00        9.959884E+14   7.2276E-06   8.0572E-06   0.89703
FLUX  333   303.00        9.894142E+14   7.2096E-06   8.1374E-06   0.88598
FLUX  334   305.00        9.829262E+14   7.2677E-06   8.2175E-06   0.88442
FLUX  335   307.00        9.765228E+14   7.3807E-06   8.2976E-06   0.88950
FLUX  336   309.00        9.702023E+14   7.6544E-06   8.3780E-06   0.91362
FLUX  337   311.00        9.639630E+14   7.4798E-06   8.4582E-06   0.88433
FLUX  338   313.00        9.578035E+14   7.5634E-06   8.5385E-06   0.88580
FLUX  339   315.00        9.517222E+14   7.8744E-06   8.6188E-06   0.91363
FLUX  340   317.00        9.457177E+14   7.9390E-06   8.6995E-06   0.91259
FLUX  341   319.00        9.397884E+14   7.6006E-06   8.7801E-06   0.86567
FLUX  342   321.00        9.339330E+14   7.9651E-06   8.8605E-06   0.89894
FLUX  343   323.00        9.281502E+14   7.8092E-06   8.9409E-06   0.87342
FLUX  344   325.00        9.224385E+14   8.1220E-06   9.0212E-06   0.90033
FLUX  345   327.00        9.167966E+14   8.3163E-06   9.1012E-06   0.91376
FLUX  346   329.00        9.112234E+14   8.4964E-06   9.1812E-06   0.92542
FLUX  347   331.00        9.057175E+14   8.7232E-06   9.2609E-06   0.94195
FLUX  348   333.00        9.002778E+14   8.6268E-06   9.3403E-06   0.92360
FLUX  349   335.00        8.949030E+14   8.6263E-06   9.4197E-06   0.91578
FLUX  350   337.00        8.895920E+14   8.6884E-06   9.4987E-06   0.91469
FLUX  351   339.00        8.843437E+14   8.7680E-06   9.5777E-06   0.91547
FLUX  352   341.00        8.791569E+14   9.0361E-06   9.6563E-06   0.93577
FLUX  353   343.00        8.740306E+14   9.1751E-06   9.7347E-06   0.94251
FLUX  354   345.00        8.689638E+14   9.2095E-06   9.8128E-06   0.93852
FLUX  355   347.00        8.639553E+14   9.1824E-06   9.8905E-06   0.92840
FLUX  356   349.00        8.590043E+14   9.2325E-06   9.9679E-06   0.92622
FLUX  357   351.00        8.541097E+14   9.5615E-06   1.0045E-05   0.95186
FLUX  358   353.00        8.492705E+14   9.6867E-06   1.0122E-05   0.95701
FLUX  359   355.00        8.444859E+14   9.9054E-06   1.0198E-05   0.97128
FLUX  360   357.00        8.397549E+14   9.7109E-06   1.0274E-05   0.94516
FLUX  361   359.00        8.350766E+14   9.7594E-06   1.0350E-05   0.94292
FLUX  362   361.00        8.304501E+14   9.8873E-06   1.0426E-05   0.94835
FLUX  363   363.00        8.258747E+14   1.0060E-05   1.0501E-05   0.95803
FLUX  364   364.00        8.236058E+14   1.0049E-05   1.0538E-05   0.95363
FLUX  365   365.00        8.213493E+14   1.0385E-05   4.8842E-05   0.21262
FLUX  366   367.00        8.168733E+14   9.7485E-06   4.8653E-05   0.20037
FLUX  367   369.00        8.124458E+14   9.9719E-06   4.8471E-05   0.20573
FLUX  368   371.00        8.080660E+14   1.3018E-05   4.8280E-05   0.26964
FLUX  369   373.00        8.037332E+14   1.4053E-05   4.8089E-05   0.29223
FLUX  370   375.00        7.994467E+14   1.8708E-05   4.7901E-05   0.39056
FLUX  371   377.00        7.952056E+14   2.0087E-05   4.7719E-05   0.42095
FLUX  372   379.00        7.910092E+14   2.5895E-05   4.7529E-05   0.54481
FLUX  373   381.00        7.868570E+14   3.0700E-05   4.7342E-05   0.64849
FLUX  374   383.00        7.827480E+14   2.3927E-05   4.7156E-05   0.50739
FLUX  375   385.00        7.786818E+14   3.4279E-05   4.6971E-05   0.72980
FLUX  376   387.00        7.746576E+14   3.8723E-05   4.6787E-05   0.82766
FLUX  377   389.00        7.706748E+14   2.1738E-05   4.6604E-05   0.46644
FLUX  378   391.00        7.667327E+14   3.8603E-05   4.6424E-05   0.83154
FLUX  379   393.00        7.628308E+14   3.1989E-05   4.6242E-05   0.69178
FLUX  380   395.00        7.589684E+14   3.8449E-05   4.6062E-05   0.83474
FLUX  381   397.00        7.551448E+14   2.0448E-05   4.5883E-05   0.44567
FLUX  382   399.00        7.513596E+14   3.9102E-05   4.5705E-05   0.85553
FLUX  383   401.00        7.476122E+14   4.2364E-05   4.5529E-05   0.93048
FLUX  384   403.00        7.439020E+14   4.2331E-05   4.5354E-05   0.93335
FLUX  385   405.00        7.402284E+14   4.2333E-05   4.5180E-05   0.93698
FLUX  386   407.00        7.365909E+14   4.1090E-05   4.5007E-05   0.91297
FLUX  387   409.00        7.329890E+14   3.3839E-05   4.4836E-05   0.75473
FLUX  388   411.00        7.294221E+14   2.5657E-05   4.4665E-05   0.57443
FLUX  389   413.00        7.258898E+14   4.0117E-05   4.4496E-05   0.90160
FLUX  390   415.00        7.223916E+14   4.1975E-05   4.4328E-05   0.94692
FLUX  391   417.00        7.189269E+14   4.1721E-05   4.4161E-05   0.94476
FLUX  392   419.00        7.154952E+14   4.1489E-05   4.3994E-05   0.94307
FLUX  393   421.00        7.120962E+14   4.1685E-05   4.3828E-05   0.95110
FLUX  394   423.00        7.087293E+14   4.0971E-05   4.3664E-05   0.93832
FLUX  395   425.00        7.053941E+14   4.1068E-05   4.3500E-05   0.94407
FLUX  396   427.00        7.020902E+14   4.0153E-05   4.3339E-05   0.92649
FLUX  397   429.00        6.988170E+14   4.0896E-05   4.3179E-05   0.94713
FLUX  398   431.00        6.955742E+14   3.8640E-05   4.3020E-05   0.89819
FLUX  399   433.00        6.923614E+14   3.0667E-05   4.2862E-05   0.71549
FLUX  400   435.00        6.891782E+14   2.6199E-05   4.2705E-05   0.61349
FLUX  401   437.00        6.860240E+14   3.9511E-05   4.2549E-05   0.92858
FLUX  402   439.00        6.828986E+14   3.9991E-05   4.2395E-05   0.94330
FLUX  403   441.00        6.798016E+14   3.9662E-05   4.2241E-05   0.93896
FLUX  404   443.00        6.767325E+14   3.9768E-05   4.2087E-05   0.94489
FLUX  405   445.00        6.736910E+14   4.0261E-05   4.1932E-05   0.96015
FLUX  406   447.00        6.706767E+14   4.0109E-05   4.1778E-05   0.96006
FLUX  407   449.00        6.676893E+14   3.9789E-05   4.1626E-05   0.95587
FLUX  408   451.00        6.647284E+14   4.0509E-05   4.1474E-05   0.97672
FLUX  409   453.00        6.617936E+14   3.9670E-05   4.1324E-05   0.95998
FLUX  410   455.00        6.588846E+14   3.8955E-05   4.1175E-05   0.94607
FLUX  411   457.00        6.560011E+14   4.0159E-05   4.1027E-05   0.97885
FLUX  412   459.00        6.531427E+14   3.9229E-05   4.0879E-05   0.95962
FLUX  413   461.00        6.503091E+14   4.0153E-05   4.0733E-05   0.98575
FLUX  414   463.00        6.475000E+14   3.9210E-05   4.0588E-05   0.96604
FLUX  415   465.00        6.447151E+14   3.9771E-05   4.0444E-05   0.98334
FLUX  416   467.00        6.419540E+14   3.9576E-05   4.0302E-05   0.98199
FLUX  417   469.00        6.392164E+14   3.9027E-05   4.0161E-05   0.97179
FLUX  418   471.00        6.365021E+14   3.7805E-05   4.0019E-05   0.94468
FLUX  419   473.00        6.338108E+14   3.9172E-05   3.9879E-05   0.98227
FLUX  420   475.00        6.311421E+14   3.9239E-05   3.9740E-05   0.98741
FLUX  421   477.00        6.284958E+14   3.8944E-05   3.9602E-05   0.98340
FLUX  422   479.00        6.258716E+14   3.8811E-05   3.9464E-05   0.98345
FLUX  423   481.00        6.232692E+14   3.8293E-05   3.9327E-05   0.97370
FLUX  424   483.00        6.206884E+14   3.7278E-05   3.9191E-05   0.95117
FLUX  425   485.00        6.181289E+14   2.9753E-05   3.9055E-05   0.76182
FLUX  426   487.00        6.155903E+14   2.3814E-05   3.8920E-05   0.61187
FLUX  427   489.00        6.130726E+14   3.6039E-05   3.8785E-05   0.92921
FLUX  428   491.00        6.105754E+14   3.7503E-05   3.8652E-05   0.97028
FLUX  429   493.00        6.080984E+14   3.7189E-05   3.8519E-05   0.96547
FLUX  430   495.00        6.056414E+14   3.7570E-05   3.8387E-05   0.97872
FLUX  431   497.00        6.032042E+14   3.7903E-05   3.8255E-05   0.99079
FLUX  432   499.00        6.007866E+14   3.7195E-05   3.8125E-05   0.97562
FLUX  433   501.00        5.983882E+14   3.6328E-05   3.7995E-05   0.95612
FLUX  434   503.00        5.960089E+14   3.6976E-05   3.7867E-05   0.97649
FLUX  435   505.00        5.936485E+14   3.6579E-05   3.7739E-05   0.96927
FLUX  436   507.00        5.913067E+14   3.7050E-05   3.7612E-05   0.98505
FLUX  437   509.00        5.889833E+14   3.6908E-05   3.7487E-05   0.98456
FLUX  438   511.00        5.866781E+14   3.6830E-05   3.7362E-05   0.98575
FLUX  439   513.00        5.843908E+14   3.6459E-05   3.7237E-05   0.97912
FLUX  440   515.00        5.821214E+14   3.6056E-05   3.7113E-05   0.97153
FLUX  441   517.00        5.798694E+14   3.5464E-05   3.6989E-05   0.95876
FLUX  442   519.00        5.776349E+14   3.5431E-05   3.6866E-05   0.96108
FLUX  443   521.00        5.754175E+14   3.5722E-05   3.6744E-05   0.97220
FLUX  444   523.00        5.732170E+14   3.5286E-05   3.6622E-05   0.96352
FLUX  445   525.00        5.710333E+14   3.5905E-05   3.6501E-05   0.98365
FLUX  446   527.00        5.688662E+14   3.4705E-05   3.6382E-05   0.95392
FLUX  447   529.00        5.667155E+14   3.5618E-05   3.6262E-05   0.98225
FLUX  448   531.00        5.645810E+14   3.5115E-05   3.6143E-05   0.97156
FLUX  449   533.00        5.624625E+14   3.4761E-05   3.6025E-05   0.96492
FLUX  450   535.00        5.603598E+14   3.5418E-05   3.5907E-05   0.98636
FLUX  451   537.00        5.582728E+14   3.5046E-05   3.5791E-05   0.97920
FLUX  452   539.00        5.562013E+14   3.4969E-05   3.5676E-05   0.98017
FLUX  453   541.00        5.541451E+14   3.4561E-05   3.5561E-05   0.97189
FLUX  454   543.00        5.521041E+14   3.4643E-05   3.5446E-05   0.97732
FLUX  455   545.00        5.500780E+14   3.4842E-05   3.5333E-05   0.98613
FLUX  456   547.00        5.480667E+14   3.4719E-05   3.5219E-05   0.98579
FLUX  457   549.00        5.460701E+14   3.4768E-05   3.5106E-05   0.99037
FLUX  458   551.00        5.440880E+14   3.4607E-05   3.4994E-05   0.98895
FLUX  459   553.00        5.421203E+14   3.4348E-05   3.4882E-05   0.98470
FLUX  460   555.00        5.401667E+14   3.4479E-05   3.4771E-05   0.99161
FLUX  461   557.00        5.382271E+14   3.4212E-05   3.4660E-05   0.98707
FLUX  462   559.00        5.363014E+14   3.4204E-05   3.4550E-05   0.98997
FLUX  463   561.00        5.343895E+14   3.4186E-05   3.4441E-05   0.99259
FLUX  464   563.00        5.324911E+14   3.4138E-05   3.4334E-05   0.99427
FLUX  465   565.00        5.306062E+14   3.3969E-05   3.4226E-05   0.99247
FLUX  466   567.00        5.287346E+14   3.3781E-05   3.4119E-05   0.99011
FLUX  467   569.00        5.268761E+14   3.3821E-05   3.4012E-05   0.99438
FLUX  468   571.00        5.250306E+14   3.3720E-05   3.3906E-05   0.99453
FLUX  469   573.00        5.231981E+14   3.3744E-05   3.3800E-05   0.99833
FLUX  470   575.00        5.213783E+14   3.3534E-05   3.3695E-05   0.99524
FLUX  471   577.00        5.195711E+14   3.3478E-05   3.3590E-05   0.99666
FLUX  472   579.00        5.177763E+14   3.3335E-05   3.3485E-05   0.99552
FLUX  473   581.00        5.159940E+14   3.3259E-05   3.3381E-05   0.99636
FLUX  474   583.00        5.142238E+14   3.3178E-05   3.3277E-05   0.99704
FLUX  475   585.00        5.124658E+14   3.3084E-05   3.3174E-05   0.99730
FLUX  476   587.00        5.107198E+14   3.2954E-05   3.3071E-05   0.99647
FLUX  477   589.00        5.089856E+14   3.2521E-05   3.2969E-05   0.98642
FLUX  478   591.00        5.072631E+14   3.2758E-05   3.2867E-05   0.99669
FLUX  479   593.00        5.055523E+14   3.2676E-05   3.2766E-05   0.99725
FLUX  480   595.00        5.038529E+14   3.2507E-05   3.2666E-05   0.99514
FLUX  481   597.00        5.021650E+14   3.2463E-05   3.2566E-05   0.99686
FLUX  482   599.00        5.004883E+14   3.2247E-05   3.2466E-05   0.99323
FLUX  483   601.00        4.988228E+14   3.2139E-05   3.2367E-05   0.99294
FLUX  484   603.00        4.971683E+14   3.2150E-05   3.2269E-05   0.99632
FLUX  485   605.00        4.955248E+14   3.2046E-05   3.2172E-05   0.99610
FLUX  486   607.00        4.938921E+14   3.2012E-05   3.2075E-05   0.99803
FLUX  487   609.00        4.922701E+14   3.1874E-05   3.1979E-05   0.99672
FLUX  488   611.00        4.906588E+14   3.1739E-05   3.1883E-05   0.99550
FLUX  489   613.00        4.890579E+14   3.1548E-05   3.1787E-05   0.99247
FLUX  490   615.00        4.874675E+14   3.1016E-05   3.1693E-05   0.97864
FLUX  491   617.00        4.858874E+14   3.1372E-05   3.1598E-05   0.99286
FLUX  492   619.00        4.843174E+14   3.1411E-05   3.1504E-05   0.99706
FLUX  493   621.00        4.827576E+14   3.1337E-05   3.1410E-05   0.99769
FLUX  494   623.00        4.812079E+14   3.1159E-05   3.1316E-05   0.99497
FLUX  495   625.00        4.796680E+14   3.0633E-05   3.1223E-05   0.98110
FLUX  496   627.00        4.781380E+14   3.1080E-05   3.1134E-05   0.99829
FLUX  497   629.00        4.766176E+14   3.0998E-05   3.1041E-05   0.99859
FLUX  498   631.00        4.751070E+14   3.0737E-05   3.0950E-05   0.99314
FLUX  499   633.00        4.736058E+14   3.0744E-05   3.0858E-05   0.99629
FLUX  500   635.00        4.721142E+14   3.0353E-05   3.0768E-05   0.98651
FLUX  501   637.00        4.706319E+14   3.0355E-05   3.0677E-05   0.98950
FLUX  502   639.00        4.691588E+14   3.0448E-05   3.0587E-05   0.99546
FLUX  503   641.00        4.676950E+14   3.0210E-05   3.0498E-05   0.99057
FLUX  504   643.00        4.662403E+14   3.0252E-05   3.0409E-05   0.99486
FLUX  505   645.00        4.647946E+14   2.9847E-05   3.0320E-05   0.98439
FLUX  506   647.00        4.633578E+14   3.0076E-05   3.0232E-05   0.99486
FLUX  507   649.00        4.619299E+14   2.9722E-05   3.0144E-05   0.98601
FLUX  508   651.00        4.605108E+14   2.9623E-05   3.0056E-05   0.98557
FLUX  509   653.00        4.591003E+14   2.9091E-05   2.9969E-05   0.97070
FLUX  510   655.00        4.576985E+14   2.5650E-05   2.9884E-05   0.85833
FLUX  511   657.00        4.563052E+14   2.0457E-05   2.9798E-05   0.68654
FLUX  512   659.00        4.549203E+14   2.8087E-05   2.9712E-05   0.94531
FLUX  513   661.00        4.535439E+14   2.9151E-05   2.9626E-05   0.98396
FLUX  514   663.00        4.521757E+14   2.9305E-05   2.9541E-05   0.99201
FLUX  515   665.00        4.508158E+14   2.9288E-05   2.9456E-05   0.99429
FLUX  516   667.00        4.494640E+14   2.9236E-05   2.9371E-05   0.99540
FLUX  517   669.00        4.481203E+14   2.9214E-05   2.9287E-05   0.99751
FLUX  518   671.00        4.467846E+14   2.9140E-05   2.9203E-05   0.99784
FLUX  519   673.00        4.454569E+14   2.9002E-05   2.9120E-05   0.99597
FLUX  520   675.00        4.441370E+14   2.8939E-05   2.9037E-05   0.99664
FLUX  521   677.00        4.428250E+14   2.8922E-05   2.8954E-05   0.99891
FLUX  522   679.00        4.415206E+14   2.8829E-05   2.8872E-05   0.99854
FLUX  523   681.00        4.402239E+14   2.8750E-05   2.8789E-05   0.99865
FLUX  524   683.00        4.389348E+14   2.8620E-05   2.8708E-05   0.99696
FLUX  525   685.00        4.376533E+14   2.8556E-05   2.8626E-05   0.99754
FLUX  526   687.00        4.363792E+14   2.8509E-05   2.8545E-05   0.99874
FLUX  527   689.00        4.351125E+14   2.8436E-05   2.8465E-05   0.99898
FLUX  528   691.00        4.338531E+14   2.8347E-05   2.8384E-05   0.99870
FLUX  529   693.00        4.326010E+14   2.8253E-05   2.8304E-05   0.99820
FLUX  530   695.00        4.313561E+14   2.8183E-05   2.8225E-05   0.99853
FLUX  531   697.00        4.301184E+14   2.8084E-05   2.8145E-05   0.99782
FLUX  532   699.00        4.288877E+14   2.8041E-05   2.8066E-05   0.99909
FLUX  533   701.00        4.276641E+14   2.7826E-05   2.7988E-05   0.99422
FLUX  534   703.00        4.264474E+14   2.7824E-05   2.7910E-05   0.99692
FLUX  535   705.00        4.252376E+14   2.7776E-05   2.7832E-05   0.99799
FLUX  536   707.00        4.240347E+14   2.7723E-05   2.7754E-05   0.99887
FLUX  537   709.00        4.228385E+14   2.7650E-05   2.7677E-05   0.99902
FLUX  538   711.00        4.216491E+14   2.7151E-05   2.7601E-05   0.98370
FLUX  539   713.00        4.204663E+14   2.7381E-05   2.7524E-05   0.99479
FLUX  540   715.00        4.192902E+14   2.7350E-05   2.7448E-05   0.99644
FLUX  541   717.00        4.181206E+14   2.7289E-05   2.7372E-05   0.99697
FLUX  542   719.00        4.169576E+14   2.7194E-05   2.7296E-05   0.99625
FLUX  543   721.00        4.158010E+14   2.7143E-05   2.7221E-05   0.99715
FLUX  544   723.00        4.146508E+14   2.7017E-05   2.7146E-05   0.99524
FLUX  545   725.00        4.135069E+14   2.6948E-05   2.7072E-05   0.99543
FLUX  546   727.00        4.123693E+14   2.6949E-05   2.6998E-05   0.99822
FLUX  547   729.00        4.112380E+14   2.6799E-05   2.6923E-05   0.99538
FLUX  548   731.00        4.101129E+14   2.6713E-05   2.6852E-05   0.99485
FLUX  549   733.00        4.089939E+14   2.6702E-05   2.6778E-05   0.99717
FLUX  550   735.00        4.078810E+14   2.6654E-05   2.6705E-05   0.99810
FLUX  551   737.00        4.067741E+14   2.6605E-05   2.6632E-05   0.99900
FLUX  552   739.00        4.056732E+14   2.6477E-05   2.6559E-05   0.99691
FLUX  553   741.00        4.045783E+14   2.6240E-05   2.6487E-05   0.99067
FLUX  554   743.00        4.034892E+14   2.6195E-05   2.6415E-05   0.99167
FLUX  555   745.00        4.024060E+14   2.6178E-05   2.6343E-05   0.99373
FLUX  556   747.00        4.013286E+14   2.5975E-05   2.6271E-05   0.98871
FLUX  557   749.00        4.002570E+14   2.6013E-05   2.6200E-05   0.99285
FLUX  558   751.00        3.991911E+14   2.5992E-05   2.6129E-05   0.99476
FLUX  559   753.00        3.981308E+14   2.5987E-05   2.6059E-05   0.99724
FLUX  560   755.00        3.970762E+14   2.5969E-05   2.5988E-05   0.99926
FLUX  561   757.00        3.960271E+14   2.5874E-05   2.5918E-05   0.99829
FLUX  562   759.00        3.949835E+14   2.5816E-05   2.5848E-05   0.99874
FLUX  563   761.00        3.939455E+14   2.5754E-05   2.5779E-05   0.99902
FLUX  564   763.00        3.929128E+14   2.5678E-05   2.5709E-05   0.99877
FLUX  565   765.00        3.918856E+14   2.5570E-05   2.5640E-05   0.99724
FLUX  566   767.00        3.908638E+14   2.5457E-05   2.5571E-05   0.99552
FLUX  567   769.00        3.898472E+14   2.5439E-05   2.5503E-05   0.99749
FLUX  568   771.00        3.888359E+14   2.5293E-05   2.5435E-05   0.99445
FLUX  569   773.00        3.878299E+14   2.5336E-05   2.5367E-05   0.99879
FLUX  570   775.00        3.868290E+14   2.5251E-05   2.5299E-05   0.99813
FLUX  571   777.00        3.858333E+14   2.4642E-05   2.5231E-05   0.97666
FLUX  572   779.00        3.848427E+14   2.5148E-05   2.5164E-05   0.99936
FLUX  573   781.00        3.838572E+14   2.5070E-05   2.5097E-05   0.99893
FLUX  574   783.00        3.828768E+14   2.4951E-05   2.5030E-05   0.99683
FLUX  575   785.00        3.819013E+14   2.4807E-05   2.4964E-05   0.99372
FLUX  576   787.00        3.809307E+14   2.4736E-05   2.4898E-05   0.99353
FLUX  577   789.00        3.799651E+14   2.4624E-05   2.4832E-05   0.99165
FLUX  578   791.00        3.790044E+14   2.4622E-05   2.4766E-05   0.99418
FLUX  579   793.00        3.780485E+14   2.4597E-05   2.4701E-05   0.99581
FLUX  580   795.00        3.770975E+14   2.4419E-05   2.4636E-05   0.99120
FLUX  581   797.00        3.761512E+14   2.4551E-05   2.4571E-05   0.99920
FLUX  582   799.00        3.752096E+14   2.4177E-05   2.4506E-05   0.98658
FLUX  583   801.00        3.742728E+14   2.4386E-05   2.4442E-05   0.99774
FLUX  584   803.00        3.733406E+14   2.4303E-05   2.4377E-05   0.99693
FLUX  585   805.00        3.724130E+14   2.4268E-05   2.4314E-05   0.99811
FLUX  586   807.00        3.714901E+14   2.4185E-05   2.4250E-05   0.99733
FLUX  587   809.00        3.705717E+14   2.4130E-05   2.4186E-05   0.99765
FLUX  588   811.00        3.696578E+14   2.4092E-05   2.4123E-05   0.99870
FLUX  589   813.00        3.687485E+14   2.4048E-05   2.4060E-05   0.99951
FLUX  590   815.00        3.678436E+14   2.3984E-05   2.3997E-05   0.99944
FLUX  591   817.00        3.669431E+14   2.3925E-05   2.3935E-05   0.99958
FLUX  592   819.00        3.660470E+14   2.3593E-05   2.3873E-05   0.98828
FLUX  593   821.00        3.651553E+14   2.3666E-05   2.9799E-05   0.79418
FLUX  594   823.00        3.642679E+14   2.3589E-05   2.9706E-05   0.79408
FLUX  595   825.00        3.633848E+14   2.3595E-05   2.9614E-05   0.79675
FLUX  596   827.00        3.625060E+14   2.3756E-05   2.9523E-05   0.80466
FLUX  597   829.00        3.616315E+14   2.3592E-05   2.9432E-05   0.80160
FLUX  598   831.00        3.607611E+14   2.3380E-05   2.9341E-05   0.79683
FLUX  599   833.00        3.598950E+14   2.2883E-05   2.9251E-05   0.78229
FLUX  600   835.00        3.590329E+14   2.2724E-05   2.9161E-05   0.77927
FLUX  601   837.00        3.581750E+14   2.2408E-05   2.9071E-05   0.77077
FLUX  602   839.00        3.573212E+14   2.2159E-05   2.8983E-05   0.76457
FLUX  603   841.00        3.564715E+14   2.1999E-05   2.8894E-05   0.76136
FLUX  604   843.00        3.556257E+14   2.2325E-05   2.8806E-05   0.77502
FLUX  605   845.00        3.547840E+14   2.2272E-05   2.8718E-05   0.77553
FLUX  606   847.00        3.539463E+14   2.1136E-05   2.8631E-05   0.73822
FLUX  607   849.00        3.531125E+14   2.3561E-05   2.8544E-05   0.82542
FLUX  608   851.00        3.522826E+14   2.0803E-05   2.8458E-05   0.73102
FLUX  609   853.00        3.514566E+14   2.4381E-05   2.8372E-05   0.85933
FLUX  610   855.00        3.506345E+14   1.9770E-05   2.8287E-05   0.69892
FLUX  611   857.00        3.498162E+14   2.5268E-05   2.8201E-05   0.89598
FLUX  612   859.00        3.490017E+14   2.2425E-05   2.8117E-05   0.79758
FLUX  613   861.00        3.481911E+14   2.1681E-05   2.8032E-05   0.77345
FLUX  614   863.00        3.473841E+14   2.5923E-05   2.7948E-05   0.92755
FLUX  615   865.00        3.465809E+14   2.4442E-05   2.7864E-05   0.87718
FLUX  616   867.00        3.457814E+14   1.9178E-05   2.7781E-05   0.69032
FLUX  617   869.00        3.449856E+14   2.4959E-05   2.7698E-05   0.90110
FLUX  618   871.00        3.441935E+14   2.6363E-05   2.7615E-05   0.95464
FLUX  619   873.00        3.434049E+14   2.5160E-05   2.7533E-05   0.91383
FLUX  620   875.00        3.426200E+14   1.9305E-05   2.7451E-05   0.70325
FLUX  621   877.00        3.418387E+14   2.4098E-05   2.7369E-05   0.88046
FLUX  622   879.00        3.410609E+14   2.6342E-05   2.7288E-05   0.96534
FLUX  623   881.00        3.402866E+14   2.6434E-05   2.7208E-05   0.97157
FLUX  624   883.00        3.395159E+14   2.5696E-05   2.7127E-05   0.94723
FLUX  625   885.00        3.387486E+14   2.3085E-05   2.7047E-05   0.85352
FLUX  626   887.00        3.379848E+14   1.9267E-05   2.6967E-05   0.71447
FLUX  627   889.00        3.372244E+14   2.5034E-05   2.6888E-05   0.93106
FLUX  628   891.00        3.364675E+14   2.6016E-05   2.6809E-05   0.97041
FLUX  629   893.00        3.357139E+14   2.6134E-05   2.6730E-05   0.97767
FLUX  630   895.00        3.349637E+14   2.6313E-05   2.6652E-05   0.98727
FLUX  631   897.00        3.342168E+14   2.5993E-05   2.6574E-05   0.97813
FLUX  632   899.00        3.334733E+14   2.4951E-05   2.6497E-05   0.94167
FLUX  633   901.00        3.327331E+14   1.9606E-05   2.6420E-05   0.74209
FLUX  634   903.00        3.319961E+14   2.1887E-05   2.6343E-05   0.83086
FLUX  635   905.00        3.312624E+14   2.5189E-05   2.6266E-05   0.95896
FLUX  636   907.00        3.305320E+14   2.5155E-05   2.6190E-05   0.96048
FLUX  637   909.00        3.298047E+14   2.5046E-05   2.6115E-05   0.95909
FLUX  638   911.00        3.290807E+14   2.5611E-05   2.6039E-05   0.98355
FLUX  639   913.00        3.283598E+14   2.5686E-05   2.5964E-05   0.98929
FLUX  640   915.00        3.276421E+14   2.5707E-05   2.5889E-05   0.99297
FLUX  641   917.00        3.269275E+14   2.5455E-05   2.5815E-05   0.98607
FLUX  642   919.00        3.262160E+14   2.4929E-05   2.5741E-05   0.96846
FLUX  643   921.00        3.255076E+14   2.3308E-05   2.5667E-05   0.90810
FLUX  644   923.00        3.248023E+14   1.7950E-05   2.5593E-05   0.70135
FLUX  645   925.00        3.241000E+14   2.2584E-05   2.5520E-05   0.88497
FLUX  646   927.00        3.234008E+14   2.4037E-05   2.5447E-05   0.94457
FLUX  647   929.00        3.227045E+14   2.5041E-05   2.5375E-05   0.98686
FLUX  648   931.00        3.220113E+14   2.5137E-05   2.5302E-05   0.99346
FLUX  649   933.00        3.213210E+14   2.5072E-05   2.5231E-05   0.99370
FLUX  650   935.00        3.206337E+14   2.5071E-05   2.5159E-05   0.99649
FLUX  651   937.00        3.199493E+14   2.5049E-05   2.5088E-05   0.99846
FLUX  652   939.00        3.192678E+14   2.4762E-05   2.5017E-05   0.98981
FLUX  653   941.00        3.185893E+14   2.4260E-05   2.4946E-05   0.97251
FLUX  654   943.00        3.179136E+14   2.4671E-05   2.4876E-05   0.99178
FLUX  655   945.00        3.172407E+14   2.4631E-05   2.4806E-05   0.99293
FLUX  656   947.00        3.165707E+14   2.4534E-05   2.4736E-05   0.99184
FLUX  657   949.00        3.159036E+14   2.4367E-05   2.4667E-05   0.98784
FLUX  658   951.00        3.152392E+14   2.3884E-05   2.4597E-05   0.97098
FLUX  659   953.00        3.145776E+14   2.2019E-05   2.4529E-05   0.89768
FLUX  660   955.00        3.139188E+14   1.7484E-05   2.4460E-05   0.71482
FLUX  661   957.00        3.132628E+14   2.2360E-05   2.4392E-05   0.91669
FLUX  662   959.00        3.126095E+14   2.3740E-05   2.4324E-05   0.97599
FLUX  663   961.00        3.119589E+14   2.3827E-05   2.4256E-05   0.98234
FLUX  664   963.00        3.113110E+14   2.3601E-05   2.4188E-05   0.97573
FLUX  665   965.00        3.106658E+14   2.3950E-05   2.4121E-05   0.99292
FLUX  666   967.00        3.100233E+14   2.3720E-05   2.4054E-05   0.98608
FLUX  667   969.00        3.093834E+14   2.3793E-05   2.3988E-05   0.99188
FLUX  668   971.00        3.087461E+14   2.3903E-05   2.3921E-05   0.99922
FLUX  669   973.00        3.081115E+14   2.3804E-05   2.3855E-05   0.99785
FLUX  670   975.00        3.074795E+14   2.3689E-05   2.3789E-05   0.99579
FLUX  671   977.00        3.068501E+14   2.3698E-05   2.3724E-05   0.99892
FLUX  672   979.00        3.062232E+14   2.3630E-05   2.3659E-05   0.99880
FLUX  673   981.00        3.055989E+14   2.3539E-05   2.3594E-05   0.99769
FLUX  674   983.00        3.049771E+14   2.3432E-05   2.3529E-05   0.99587
FLUX  675   985.00        3.043579E+14   2.3266E-05   2.3464E-05   0.99154
FLUX  676   987.00        3.037411E+14   2.3240E-05   2.3400E-05   0.99315
FLUX  677   989.00        3.031269E+14   2.3062E-05   2.3336E-05   0.98827
FLUX  678   991.00        3.025151E+14   2.3123E-05   2.3272E-05   0.99360
FLUX  679   993.00        3.019058E+14   2.3027E-05   2.3209E-05   0.99216
FLUX  680   995.00        3.012990E+14   2.2980E-05   2.3146E-05   0.99284
FLUX  681   997.00        3.006946E+14   2.2942E-05   2.3083E-05   0.99391
FLUX  682   999.00        3.000926E+14   2.2772E-05   2.3020E-05   0.98919
FLUX  683  1002.50        2.990449E+14   2.0926E-05   2.2911E-05   0.91333
FLUX  684  1007.50        2.975608E+14   2.0016E-05   2.2757E-05   0.87956
FLUX  685  1012.50        2.960914E+14   2.2193E-05   2.2604E-05   0.98177
FLUX  686  1017.50        2.946364E+14   2.2339E-05   2.2453E-05   0.99490
FLUX  687  1022.50        2.931956E+14   2.2266E-05   2.2304E-05   0.99833
FLUX  688  1027.50        2.917689E+14   2.2133E-05   2.2155E-05   0.99898
FLUX  689  1032.50        2.903559E+14   2.1946E-05   2.2009E-05   0.99717
FLUX  690  1037.50        2.889566E+14   2.1814E-05   2.1863E-05   0.99775
FLUX  691  1042.50        2.875707E+14   2.1674E-05   2.1719E-05   0.99790
FLUX  692  1047.50        2.861981E+14   2.1358E-05   2.1577E-05   0.98986
FLUX  693  1052.50        2.848385E+14   2.1265E-05   2.1435E-05   0.99207
FLUX  694  1057.50        2.834917E+14   2.1195E-05   2.1295E-05   0.99527
FLUX  695  1062.50        2.821576E+14   2.1067E-05   2.1157E-05   0.99576
FLUX  696  1067.50        2.808361E+14   2.0599E-05   2.1020E-05   0.97998
FLUX  697  1072.50        2.795268E+14   2.0678E-05   2.0884E-05   0.99012
FLUX  698  1077.50        2.782297E+14   2.0585E-05   2.0749E-05   0.99208
FLUX  699  1082.50        2.769446E+14   2.0438E-05   2.0616E-05   0.99138
FLUX  700  1087.50        2.756713E+14   2.0142E-05   2.0484E-05   0.98327
FLUX  701  1092.50        2.744096E+14   1.7278E-05   2.0354E-05   0.84887
FLUX  702  1097.50        2.731595E+14   1.9033E-05   2.0224E-05   0.94108
FLUX  703  1102.50        2.719206E+14   1.9955E-05   2.0096E-05   0.99298
FLUX  704  1107.50        2.706930E+14   1.9928E-05   1.9969E-05   0.99797
FLUX  705  1112.50        2.694764E+14   1.9796E-05   1.9843E-05   0.99762
FLUX  706  1117.50        2.682707E+14   1.9681E-05   1.9718E-05   0.99813
FLUX  707  1122.50        2.670757E+14   1.9574E-05   1.9595E-05   0.99897
FLUX  708  1127.50        2.658914E+14   1.9124E-05   1.9472E-05   0.98211
FLUX  709  1132.50        2.647174E+14   1.9042E-05   1.9351E-05   0.98403
FLUX  710  1137.50        2.635538E+14   1.9141E-05   1.9231E-05   0.99532
FLUX  711  1142.50        2.624004E+14   1.8969E-05   1.9112E-05   0.99253
FLUX  712  1147.50        2.612571E+14   1.8971E-05   1.8994E-05   0.99878
FLUX  713  1152.50        2.601236E+14   1.8866E-05   1.8877E-05   0.99942
FLUX  714  1157.50        2.590000E+14   1.8733E-05   1.8761E-05   0.99848
FLUX  715  1162.50        2.578860E+14   1.8457E-05   1.8647E-05   0.98982
FLUX  716  1167.50        2.567816E+14   1.8250E-05   1.8533E-05   0.98474
FLUX  717  1172.50        2.556866E+14   1.8404E-05   1.8420E-05   0.99911
FLUX  718  1177.50        2.546008E+14   1.7992E-05   1.8308E-05   0.98272
FLUX  719  1182.50        2.535243E+14   1.8034E-05   1.8198E-05   0.99101
FLUX  720  1187.50        2.524568E+14   1.7839E-05   1.8088E-05   0.98623
FLUX  721  1192.50        2.513983E+14   1.7977E-05   1.7979E-05   0.99987
FLUX  722  1197.50        2.503486E+14   1.7721E-05   1.7871E-05   0.99162
FLUX  723  1202.50        2.493077E+14   1.7717E-05   1.7764E-05   0.99735
FLUX  724  1207.50        2.482754E+14   1.7557E-05   1.7658E-05   0.99427
FLUX  725  1212.50        2.472515E+14   1.7474E-05   1.7553E-05   0.99550
FLUX  726  1217.50        2.462361E+14   1.7415E-05   1.7449E-05   0.99811
FLUX  727  1222.50        2.452290E+14   1.7291E-05   1.7345E-05   0.99687
FLUX  728  1227.50        2.442301E+14   1.7160E-05   1.7243E-05   0.99521
FLUX  729  1232.50        2.432394E+14   1.7071E-05   1.7141E-05   0.99593
FLUX  730  1237.50        2.422566E+14   1.6998E-05   1.7040E-05   0.99748
FLUX  731  1242.50        2.412817E+14   1.6930E-05   1.6941E-05   0.99938
FLUX  732  1247.50        2.403146E+14   1.6768E-05   1.6842E-05   0.99564
FLUX  733  1252.50        2.393553E+14   1.6708E-05   1.6744E-05   0.99787
FLUX  734  1257.50        2.384036E+14   1.6496E-05   1.6646E-05   0.99097
FLUX  735  1262.50        2.374594E+14   1.6467E-05   1.6550E-05   0.99499
FLUX  736  1267.50        2.365227E+14   1.6419E-05   1.6454E-05   0.99784
FLUX  737  1272.50        2.355933E+14   1.6274E-05   1.6360E-05   0.99478
FLUX  738  1277.50        2.346712E+14   1.5815E-05   1.6266E-05   0.97230
FLUX  739  1282.50        2.337563E+14   1.3729E-05   1.6172E-05   0.84891
FLUX  740  1287.50        2.328485E+14   1.5752E-05   1.6080E-05   0.97960
FLUX  741  1292.50        2.319478E+14   1.5907E-05   1.5988E-05   0.99493
FLUX  742  1297.50        2.310539E+14   1.5868E-05   1.5897E-05   0.99819
FLUX  743  1302.50        2.301670E+14   1.5795E-05   1.5807E-05   0.99922
FLUX  744  1307.50        2.292868E+14   1.5713E-05   1.5718E-05   0.99971
FLUX  745  1312.50        2.284133E+14   1.5615E-05   1.5629E-05   0.99913
FLUX  746  1317.50        2.275465E+14   1.5466E-05   1.5541E-05   0.99518
FLUX  747  1322.50        2.266862E+14   1.5446E-05   1.5453E-05   0.99949
FLUX  748  1327.50        2.258324E+14   1.5359E-05   1.5367E-05   0.99947
FLUX  749  1332.50        2.249850E+14   1.5277E-05   1.5281E-05   0.99973
FLUX  750  1337.50        2.241439E+14   1.5188E-05   1.5196E-05   0.99953
FLUX  751  1342.50        2.233091E+14   1.5099E-05   1.5111E-05   0.99920
FLUX  752  1347.50        2.224805E+14   1.5008E-05   1.5027E-05   0.99876
FLUX  753  1352.50        2.216580E+14   1.4897E-05   1.4944E-05   0.99687
FLUX  754  1357.50        2.208416E+14   1.4813E-05   1.4861E-05   0.99675
FLUX  755  1362.50        2.200312E+14   1.4758E-05   1.4779E-05   0.99858
FLUX  756  1367.50        2.192267E+14   1.4658E-05   1.4698E-05   0.99723
FLUX  757  1372.50        2.184281E+14   1.4489E-05   1.4618E-05   0.99120
FLUX  758  1377.50        2.176352E+14   1.4501E-05   1.4538E-05   0.99750
FLUX  759  1382.50        2.168481E+14   1.4426E-05   1.4458E-05   0.99774
FLUX  760  1387.50        2.160667E+14   1.4378E-05   1.4380E-05   0.99989
FLUX  761  1392.50        2.152908E+14   1.4256E-05   1.4302E-05   0.99677
FLUX  762  1397.50        2.145206E+14   1.4207E-05   1.4224E-05   0.99876
FLUX  763  1402.50        2.137558E+14   1.4136E-05   1.4148E-05   0.99916
FLUX  764  1407.50        2.129964E+14   1.4067E-05   1.4071E-05   0.99970
FLUX  765  1412.50        2.122425E+14   1.3976E-05   1.3996E-05   0.99856
FLUX  766  1417.50        2.114938E+14   1.3910E-05   1.3921E-05   0.99924
FLUX  767  1422.50        2.107504E+14   1.3829E-05   1.3846E-05   0.99874
FLUX  768  1427.50        2.100123E+14   1.3751E-05   1.3772E-05   0.99845
FLUX  769  1432.50        2.092792E+14   1.3684E-05   1.3699E-05   0.99888
FLUX  770  1437.50        2.085513E+14   1.3622E-05   1.3626E-05   0.99973
FLUX  771  1442.50        2.078284E+14   1.3350E-05   1.3554E-05   0.98493
FLUX  772  1447.50        2.071105E+14   1.3467E-05   1.3482E-05   0.99886
FLUX  773  1452.50        2.063976E+14   1.3293E-05   1.3411E-05   0.99119
FLUX  774  1457.00        2.057601E+14   1.3329E-05   1.3347E-05   0.99865
FLUX  775  1462.00        2.050564E+14   1.3596E-05   1.4173E-05   0.95928
FLUX  776  1467.50        2.042879E+14   1.3978E-05   1.4089E-05   0.99214
FLUX  777  1472.50        2.035942E+14   1.3723E-05   1.4013E-05   0.97931
FLUX  778  1477.50        2.029052E+14   1.3404E-05   1.3938E-05   0.96170
FLUX  779  1482.50        2.022209E+14   1.3215E-05   1.3863E-05   0.95330
FLUX  780  1487.50        2.015412E+14   1.2960E-05   1.3789E-05   0.93990
FLUX  781  1492.50        2.008660E+14   1.2869E-05   1.3715E-05   0.93829
FLUX  782  1497.50        2.001953E+14   1.2665E-05   1.3642E-05   0.92840
FLUX  783  1502.50        1.995291E+14   1.2508E-05   1.3569E-05   0.92180
FLUX  784  1507.50        1.988673E+14   1.2369E-05   1.3497E-05   0.91639
FLUX  785  1512.50        1.982099E+14   1.2306E-05   1.3426E-05   0.91657
FLUX  786  1517.50        1.975568E+14   1.2237E-05   1.3355E-05   0.91629
FLUX  787  1522.50        1.969080E+14   1.2292E-05   1.3284E-05   0.92530
FLUX  788  1527.50        1.962635E+14   1.2029E-05   1.3215E-05   0.91025
FLUX  789  1532.50        1.956232E+14   1.2005E-05   1.3145E-05   0.91330
FLUX  790  1537.50        1.949870E+14   1.2194E-05   1.3076E-05   0.93252
FLUX  791  1542.50        1.943549E+14   1.1727E-05   1.3008E-05   0.90153
FLUX  792  1547.50        1.937270E+14   1.2128E-05   1.2940E-05   0.93725
FLUX  793  1552.50        1.931031E+14   1.2122E-05   1.2873E-05   0.94168
FLUX  794  1557.50        1.924831E+14   1.1392E-05   1.2806E-05   0.88957
FLUX  795  1562.50        1.918672E+14   1.2385E-05   1.2739E-05   0.97219
FLUX  796  1567.50        1.912552E+14   1.1753E-05   1.2673E-05   0.92739
FLUX  797  1572.50        1.906471E+14   1.1265E-05   1.2608E-05   0.89352
FLUX  798  1577.50        1.900428E+14   1.2232E-05   1.2543E-05   0.97522
FLUX  799  1582.50        1.894423E+14   1.2150E-05   1.2478E-05   0.97374
FLUX  800  1587.50        1.888457E+14   1.0720E-05   1.2414E-05   0.86354
FLUX  801  1592.50        1.882527E+14   1.1770E-05   1.2350E-05   0.95303
FLUX  802  1597.50        1.876635E+14   1.2166E-05   1.2287E-05   0.99020
FLUX  803  1605.00        1.867866E+14   1.1793E-05   1.2193E-05   0.96720
FLUX  804  1615.00        1.856300E+14   1.1104E-05   1.2068E-05   0.92009
FLUX  805  1625.00        1.844877E+14   1.1871E-05   1.1946E-05   0.99376
FLUX  806  1635.00        1.833593E+14   1.1413E-05   1.1825E-05   0.96518
FLUX  807  1645.00        1.822447E+14   1.0768E-05   1.1705E-05   0.91996
FLUX  808  1655.00        1.811435E+14   1.1529E-05   1.1587E-05   0.99499
FLUX  809  1665.00        1.800556E+14   1.1424E-05   1.1470E-05   0.99604
FLUX  810  1675.00        1.789806E+14   1.0960E-05   1.1355E-05   0.96522
FLUX  811  1685.00        1.779184E+14   1.0341E-05   1.1242E-05   0.91986
FLUX  812  1695.00        1.768687E+14   1.1083E-05   1.1130E-05   0.99581
FLUX  813  1705.00        1.758314E+14   1.0979E-05   1.1020E-05   0.99625
FLUX  814  1715.00        1.748061E+14   1.0900E-05   1.0912E-05   0.99885
FLUX  815  1725.00        1.737928E+14   1.0690E-05   1.0805E-05   0.98933
FLUX  816  1735.00        1.727911E+14   9.6535E-06   1.0700E-05   0.90217
FLUX  817  1745.00        1.718009E+14   1.0376E-05   1.0597E-05   0.97917
FLUX  818  1755.00        1.708219E+14   1.0430E-05   1.0495E-05   0.99381
FLUX  819  1765.00        1.698541E+14   1.0333E-05   1.0394E-05   0.99410
FLUX  820  1775.00        1.688972E+14   1.0260E-05   1.0295E-05   0.99661
FLUX  821  1785.00        1.679510E+14   1.0157E-05   1.0197E-05   0.99606
FLUX  822  1795.00        1.670153E+14   1.0090E-05   1.0101E-05   0.99888
FLUX  823  1805.00        1.660900E+14   9.9137E-06   1.0006E-05   0.99075
FLUX  824  1815.00        1.651749E+14   9.0608E-06   9.9126E-06   0.91407
FLUX  825  1825.00        1.642699E+14   9.5667E-06   9.8204E-06   0.97417
FLUX  826  1835.00        1.633747E+14   9.6998E-06   9.7294E-06   0.99695
FLUX  827  1845.00        1.624892E+14   9.6227E-06   9.6397E-06   0.99823
FLUX  828  1855.00        1.616132E+14   9.5101E-06   9.5513E-06   0.99569
FLUX  829  1865.00        1.607466E+14   9.3815E-06   9.4640E-06   0.99129
FLUX  830  1875.00        1.598893E+14   8.5165E-06   9.3780E-06   0.90814
FLUX  831  1885.00        1.590411E+14   9.1708E-06   9.2931E-06   0.98683
FLUX  832  1895.00        1.582018E+14   9.1554E-06   9.2094E-06   0.99413
FLUX  833  1905.00        1.573714E+14   9.1227E-06   9.1268E-06   0.99955
FLUX  834  1915.00        1.565496E+14   9.0382E-06   9.0453E-06   0.99922
FLUX  835  1925.00        1.557364E+14   8.9493E-06   8.9649E-06   0.99826
FLUX  836  1935.00        1.549315E+14   8.8010E-06   8.8855E-06   0.99049
FLUX  837  1945.00        1.541350E+14   8.0057E-06   8.8072E-06   0.90899
FLUX  838  1955.00        1.533465E+14   8.6498E-06   8.7300E-06   0.99082
FLUX  839  1965.00        1.525662E+14   8.6439E-06   8.6537E-06   0.99887
FLUX  840  1975.00        1.517937E+14   8.5583E-06   8.5784E-06   0.99765
FLUX  841  1985.00        1.510290E+14   8.4989E-06   8.5042E-06   0.99938
FLUX  842  1995.00        1.502719E+14   8.4267E-06   8.4309E-06   0.99951
FLUX  843  2005.00        1.495224E+14   8.3558E-06   8.3585E-06   0.99968
FLUX  844  2015.00        1.487804E+14   8.2859E-06   8.2871E-06   0.99986
FLUX  845  2025.00        1.480457E+14   8.2121E-06   8.2166E-06   0.99946
FLUX  846  2035.00        1.473182E+14   8.1395E-06   8.1469E-06   0.99909
FLUX  847  2045.00        1.465978E+14   8.0774E-06   8.0782E-06   0.99990
FLUX  848  2055.00        1.458844E+14   8.0087E-06   8.0104E-06   0.99980
FLUX  849  2065.00        1.451780E+14   7.9336E-06   7.9434E-06   0.99877
FLUX  850  2075.00        1.444783E+14   7.8711E-06   7.8772E-06   0.99923
FLUX  851  2085.00        1.437854E+14   7.8082E-06   7.8119E-06   0.99952
FLUX  852  2095.00        1.430990E+14   7.7430E-06   7.7474E-06   0.99944
FLUX  853  2105.00        1.424192E+14   7.6768E-06   7.6836E-06   0.99910
FLUX  854  2115.00        1.417459E+14   7.5972E-06   7.6207E-06   0.99692
FLUX  855  2125.00        1.410788E+14   7.5376E-06   7.5586E-06   0.99723
FLUX  856  2135.00        1.404180E+14   7.4778E-06   7.4972E-06   0.99741
FLUX  857  2145.00        1.397634E+14   7.4275E-06   7.4365E-06   0.99878
FLUX  858  2155.00        1.391148E+14   7.3223E-06   7.3766E-06   0.99264
FLUX  859  2165.00        1.384723E+14   6.6952E-06   7.3174E-06   0.91497
FLUX  860  2175.00        1.378356E+14   7.1642E-06   7.2590E-06   0.98694
FLUX  861  2185.00        1.372048E+14   7.1870E-06   7.2012E-06   0.99803
FLUX  862  2195.00        1.365797E+14   7.1435E-06   7.1441E-06   0.99992
FLUX  863  2205.00        1.359603E+14   7.0799E-06   7.0877E-06   0.99891
FLUX  864  2215.00        1.353465E+14   7.0143E-06   7.0320E-06   0.99749
FLUX  865  2225.00        1.347382E+14   6.9762E-06   6.9769E-06   0.99990
FLUX  866  2235.00        1.341353E+14   6.9212E-06   6.9224E-06   0.99983
FLUX  867  2245.00        1.335379E+14   6.8678E-06   6.8686E-06   0.99987
FLUX  868  2255.00        1.329457E+14   6.8054E-06   6.8154E-06   0.99853
FLUX  869  2265.00        1.323587E+14   6.7604E-06   6.7629E-06   0.99964
FLUX  870  2275.00        1.317769E+14   6.7091E-06   6.7109E-06   0.99974
FLUX  871  2285.00        1.312002E+14   6.6915E-06   6.8170E-06   0.98159
FLUX  872  2295.00        1.306285E+14   6.7551E-06   6.7644E-06   0.99862
FLUX  873  2305.00        1.300618E+14   6.6839E-06   6.7124E-06   0.99575
FLUX  874  2315.00        1.295000E+14   6.6033E-06   6.6610E-06   0.99133
FLUX  875  2325.00        1.289430E+14   6.5277E-06   6.6102E-06   0.98752
FLUX  876  2335.00        1.283908E+14   6.4529E-06   6.5600E-06   0.98366
FLUX  877  2345.00        1.278433E+14   6.3859E-06   6.5104E-06   0.98088
FLUX  878  2355.00        1.273004E+14   6.3144E-06   6.4613E-06   0.97726
FLUX  879  2365.00        1.267622E+14   6.2530E-06   6.4128E-06   0.97509
FLUX  880  2375.00        1.262284E+14   6.1905E-06   6.3648E-06   0.97260
FLUX  881  2385.00        1.256992E+14   6.1332E-06   6.3174E-06   0.97084
FLUX  882  2395.00        1.251743E+14   6.0832E-06   6.2705E-06   0.97013
FLUX  883  2405.00        1.246538E+14   6.0269E-06   6.2241E-06   0.96832
FLUX  884  2415.00        1.241377E+14   5.9666E-06   6.1783E-06   0.96574
FLUX  885  2425.00        1.236258E+14   5.9621E-06   6.1329E-06   0.97215
FLUX  886  2435.00        1.231181E+14   5.8911E-06   6.0881E-06   0.96764
FLUX  887  2445.00        1.226145E+14   5.8312E-06   6.0437E-06   0.96484
FLUX  888  2455.00        1.221151E+14   5.8473E-06   5.9998E-06   0.97458
FLUX  889  2465.00        1.216197E+14   5.7587E-06   5.9564E-06   0.96680
FLUX  890  2475.00        1.211283E+14   5.7260E-06   5.9135E-06   0.96830
FLUX  891  2485.00        1.206408E+14   5.7809E-06   5.8710E-06   0.98465
FLUX  892  2495.00        1.201573E+14   5.5149E-06   5.8290E-06   0.94612
FLUX  893  2505.00        1.196776E+14   5.7772E-06   5.7874E-06   0.99824
FLUX  894  2515.00        1.192018E+14   5.6897E-06   5.7463E-06   0.99016
FLUX  895  2525.00        1.187297E+14   5.3660E-06   5.7056E-06   0.94047
FLUX  896  2535.00        1.182613E+14   5.5795E-06   5.6653E-06   0.98485
FLUX  897  2545.00        1.177967E+14   5.5961E-06   5.6255E-06   0.99477
FLUX  898  2555.00        1.173356E+14   5.4985E-06   5.5861E-06   0.98432
FLUX  899  2565.00        1.168782E+14   5.1722E-06   5.5471E-06   0.93241
FLUX  900  2575.00        1.164243E+14   5.4426E-06   5.5085E-06   0.98804
FLUX  901  2585.00        1.159739E+14   5.4405E-06   5.4703E-06   0.99455
FLUX  902  2595.00        1.155270E+14   5.4075E-06   5.4325E-06   0.99539
FLUX  903  2605.00        1.150835E+14   5.2708E-06   5.3951E-06   0.97697
FLUX  904  2615.00        1.146434E+14   4.9708E-06   5.3581E-06   0.92773
FLUX  905  2625.00        1.142067E+14   4.8396E-06   5.3215E-06   0.90945
FLUX  906  2635.00        1.137732E+14   5.1922E-06   5.2852E-06   0.98241
FLUX  907  2645.00        1.133431E+14   5.2264E-06   5.2493E-06   0.99563
FLUX  908  2655.00        1.129162E+14   5.1900E-06   5.2138E-06   0.99543
FLUX  909  2665.00        1.124925E+14   5.1073E-06   5.1786E-06   0.98623
FLUX  910  2675.00        1.120720E+14   4.7430E-06   5.1438E-06   0.92208
FLUX  911  2685.00        1.116546E+14   5.0427E-06   5.1094E-06   0.98694
FLUX  912  2695.00        1.112403E+14   5.0660E-06   5.0753E-06   0.99817
FLUX  913  2705.00        1.108290E+14   5.0373E-06   5.0415E-06   0.99917
FLUX  914  2715.00        1.104208E+14   5.0073E-06   5.0081E-06   0.99984
FLUX  915  2725.00        1.100156E+14   4.9737E-06   4.9750E-06   0.99973
FLUX  916  2735.00        1.096133E+14   4.9368E-06   4.9422E-06   0.99890
FLUX  917  2745.00        1.092140E+14   4.8786E-06   4.9098E-06   0.99365
FLUX  918  2755.00        1.088176E+14   4.5378E-06   4.8776E-06   0.93033
FLUX  919  2765.00        1.084241E+14   4.7007E-06   4.8458E-06   0.97006
FLUX  920  2775.00        1.080333E+14   4.7981E-06   4.8143E-06   0.99664
FLUX  921  2785.00        1.076454E+14   4.7818E-06   4.7831E-06   0.99972
FLUX  922  2795.00        1.072603E+14   4.7521E-06   4.7522E-06   0.99998
FLUX  923  2805.00        1.068779E+14   4.7213E-06   4.7217E-06   0.99992
FLUX  924  2815.00        1.064982E+14   4.6905E-06   4.6914E-06   0.99982
FLUX  925  2825.00        1.061212E+14   4.6603E-06   4.6614E-06   0.99977
FLUX  926  2835.00        1.057469E+14   4.6315E-06   4.6316E-06   0.99998
FLUX  927  2845.00        1.053752E+14   4.5967E-06   4.6022E-06   0.99880
FLUX  928  2855.00        1.050061E+14   4.5608E-06   4.5731E-06   0.99732
FLUX  929  2865.00        1.046396E+14   4.4512E-06   4.5442E-06   0.97953
FLUX  930  2875.00        1.042757E+14   4.1670E-06   4.5156E-06   0.92281
FLUX  931  2885.00        1.039142E+14   4.4506E-06   4.4872E-06   0.99183
FLUX  932  2895.00        1.035553E+14   4.4500E-06   4.4592E-06   0.99795
FLUX  933  2905.00        1.031988E+14   4.4309E-06   4.4314E-06   0.99990
FLUX  934  2915.00        1.028448E+14   4.3957E-06   4.4038E-06   0.99816
FLUX  935  2925.00        1.024932E+14   4.3753E-06   4.3765E-06   0.99972
FLUX  936  2935.00        1.021440E+14   4.3489E-06   4.3495E-06   0.99987
FLUX  937  2945.00        1.017971E+14   4.3222E-06   4.3227E-06   0.99989
FLUX  938  2955.00        1.014526E+14   4.2959E-06   4.2961E-06   0.99994
FLUX  939  2965.00        1.011105E+14   4.2695E-06   4.2698E-06   0.99992
FLUX  940  2975.00        1.007706E+14   4.2433E-06   4.2438E-06   0.99990
FLUX  941  2985.00        1.004330E+14   4.2178E-06   4.2180E-06   0.99997
FLUX  942  2995.00        1.000977E+14   4.1913E-06   4.1924E-06   0.99975
FLUX  943  3005.00        9.976456E+13   4.1654E-06   4.1671E-06   0.99961
FLUX  944  3015.00        9.943367E+13   4.1375E-06   4.1420E-06   0.99892
FLUX  945  3025.00        9.910496E+13   4.0941E-06   4.1171E-06   0.99443
FLUX  946  3035.00        9.877842E+13   3.8424E-06   4.0924E-06   0.93890
FLUX  947  3045.00        9.845402E+13   3.9163E-06   4.0679E-06   0.96272
FLUX  948  3055.00        9.813175E+13   4.0262E-06   4.0437E-06   0.99567
FLUX  949  3065.00        9.781158E+13   4.0181E-06   4.0197E-06   0.99961
FLUX  950  3075.00        9.749350E+13   3.9943E-06   3.9959E-06   0.99961
FLUX  951  3085.00        9.717747E+13   3.9655E-06   3.9722E-06   0.99831
FLUX  952  3095.00        9.686349E+13   3.9465E-06   3.9489E-06   0.99940
FLUX  953  3105.00        9.655153E+13   3.9224E-06   3.9257E-06   0.99917
FLUX  954  3115.00        9.624157E+13   3.8965E-06   3.9027E-06   0.99841
FLUX  955  3125.00        9.593360E+13   3.8745E-06   3.8799E-06   0.99861
FLUX  956  3135.00        9.562759E+13   3.8542E-06   3.8573E-06   0.99921
FLUX  957  3145.00        9.532353E+13   3.8296E-06   3.8349E-06   0.99861
FLUX  958  3155.00        9.502139E+13   3.8112E-06   3.8127E-06   0.99961
FLUX  959  3165.00        9.472117E+13   3.7903E-06   3.7907E-06   0.99990
FLUX  960  3175.00        9.442283E+13   3.7660E-06   3.7689E-06   0.99923
FLUX  961  3185.00        9.412637E+13   3.7470E-06   3.7473E-06   0.99992
FLUX  962  3195.00        9.383177E+13   3.7249E-06   3.7258E-06   0.99975
FLUX  963  3210.00        9.339330E+13   3.6930E-06   3.6940E-06   0.99971
FLUX  964  3230.00        9.281502E+13   3.6520E-06   3.6522E-06   0.99994
FLUX  965  3250.00        9.224385E+13   3.6108E-06   3.6111E-06   0.99991
FLUX  966  3270.00        9.167966E+13   3.5662E-06   3.5707E-06   0.99874
FLUX  967  3290.00        9.112234E+13   3.3638E-06   3.5659E-06   0.94332
FLUX  968  3310.00        9.057175E+13   3.4727E-06   3.5262E-06   0.98482
FLUX  969  3330.00        9.002778E+13   3.4743E-06   3.4872E-06   0.99630
FLUX  970  3350.00        8.949030E+13   3.4342E-06   3.4489E-06   0.99575
FLUX  971  3370.00        8.895920E+13   3.3859E-06   3.4111E-06   0.99260
FLUX  972  3390.00        8.843437E+13   3.3449E-06   3.3740E-06   0.99138
FLUX  973  3410.00        8.791569E+13   3.3057E-06   3.3375E-06   0.99047
FLUX  974  3430.00        8.740306E+13   3.2674E-06   3.3016E-06   0.98964
FLUX  975  3450.00        8.689638E+13   3.2314E-06   3.2663E-06   0.98932
FLUX  976  3470.00        8.639553E+13   3.1916E-06   3.2315E-06   0.98765
FLUX  977  3490.00        8.590043E+13   3.1560E-06   3.1973E-06   0.98706
FLUX  978  3510.00        8.541097E+13   3.1222E-06   3.1636E-06   0.98691
FLUX  979  3530.00        8.492705E+13   3.0902E-06   3.1305E-06   0.98712
FLUX  980  3550.00        8.444859E+13   3.0541E-06   3.0979E-06   0.98586
FLUX  981  3570.00        8.397549E+13   3.0171E-06   3.0658E-06   0.98412
FLUX  982  3590.00        8.350766E+13   3.0049E-06   3.0341E-06   0.99036
FLUX  983  3610.00        8.304501E+13   2.9500E-06   3.0030E-06   0.98235
FLUX  984  3630.00        8.258747E+13   2.9481E-06   2.9723E-06   0.99185
FLUX  985  3650.00        8.213493E+13   2.8844E-06   2.9422E-06   0.98037
FLUX  986  3670.00        8.168733E+13   2.8965E-06   2.9124E-06   0.99454
FLUX  987  3690.00        8.124458E+13   2.8122E-06   2.8831E-06   0.97541
FLUX  988  3710.00        8.080660E+13   2.8332E-06   2.8543E-06   0.99262
FLUX  989  3730.00        8.037332E+13   2.7487E-06   2.8259E-06   0.97270
FLUX  990  3750.00        7.994467E+13   2.6546E-06   2.7979E-06   0.94881
FLUX  991  3770.00        7.952056E+13   2.7541E-06   2.7703E-06   0.99414
FLUX  992  3790.00        7.910092E+13   2.7362E-06   2.7431E-06   0.99748
FLUX  993  3810.00        7.868570E+13   2.6582E-06   2.7164E-06   0.97859
FLUX  994  3830.00        7.827480E+13   2.6436E-06   2.6900E-06   0.98275
FLUX  995  3850.00        7.786818E+13   2.6615E-06   2.6640E-06   0.99906
FLUX  996  3870.00        7.746576E+13   2.6339E-06   2.6384E-06   0.99831
FLUX  997  3890.00        7.706748E+13   2.5944E-06   2.6131E-06   0.99286
FLUX  998  3910.00        7.667327E+13   2.4955E-06   2.5882E-06   0.96417
FLUX  999  3930.00        7.628308E+13   2.5565E-06   2.5637E-06   0.99722
FLUX 1000  3950.00        7.589684E+13   2.5379E-06   2.5395E-06   0.99936
FLUX 1001  3970.00        7.551448E+13   2.5153E-06   2.5156E-06   0.99988
FLUX 1002  3990.00        7.513596E+13   2.4881E-06   2.4921E-06   0.99840
FLUX 1003  4010.00        7.476122E+13   2.4194E-06   2.4689E-06   0.97993
FLUX 1004  4030.00        7.439020E+13   2.3767E-06   2.4461E-06   0.97166
FLUX 1005  4050.00        7.402284E+13   2.3207E-06   2.4235E-06   0.95760
FLUX 1006  4070.00        7.365909E+13   2.3918E-06   2.4013E-06   0.99606
FLUX 1007  4090.00        7.329890E+13   2.3765E-06   2.3793E-06   0.99881
FLUX 1008  4110.00        7.294221E+13   2.3574E-06   2.3577E-06   0.99986
FLUX 1009  4130.00        7.258898E+13   2.3359E-06   2.3363E-06   0.99981
FLUX 1010  4150.00        7.223916E+13   2.3059E-06   2.3153E-06   0.99595
FLUX 1011  4170.00        7.189269E+13   2.1963E-06   2.2945E-06   0.95718
FLUX 1012  4190.00        7.154952E+13   2.2625E-06   2.2740E-06   0.99495
FLUX 1013  4210.00        7.120962E+13   2.2511E-06   2.2538E-06   0.99882
FLUX 1014  4230.00        7.087293E+13   2.2337E-06   2.2339E-06   0.99994
FLUX 1015  4250.00        7.053941E+13   2.2139E-06   2.2142E-06   0.99988
FLUX 1016  4270.00        7.020902E+13   2.1947E-06   2.1947E-06   0.99998
FLUX 1017  4290.00        6.988170E+13   2.1755E-06   2.1756E-06   0.99998
FLUX 1018  4310.00        6.955742E+13   2.1565E-06   2.1566E-06   0.99992
FLUX 1019  4330.00        6.923614E+13   2.1376E-06   2.1379E-06   0.99986
FLUX 1020  4350.00        6.891782E+13   2.1162E-06   2.1195E-06   0.99845
FLUX 1021  4370.00        6.860240E+13   2.0194E-06   2.1013E-06   0.96102
FLUX 1022  4390.00        6.828986E+13   2.0580E-06   2.0833E-06   0.98786
FLUX 1023  4410.00        6.798016E+13   2.0641E-06   2.0656E-06   0.99926
FLUX 1024  4430.00        6.767325E+13   2.0477E-06   2.0481E-06   0.99982
FLUX 1025  4450.00        6.736910E+13   2.0302E-06   2.0308E-06   0.99972
FLUX 1026  4470.00        6.706767E+13   2.0230E-06   2.0232E-06   0.99990
FLUX 1027  4490.00        6.676893E+13   2.0057E-06   2.0063E-06   0.99971
FLUX 1028  4510.00        6.647284E+13   1.9895E-06   1.9895E-06   0.99999
FLUX 1029  4530.00        6.617936E+13   1.9726E-06   1.9729E-06   0.99983
FLUX 1030  4550.00        6.588846E+13   1.9565E-06   1.9566E-06   0.99998
FLUX 1031  4570.00        6.560011E+13   1.9398E-06   1.9404E-06   0.99970
FLUX 1032  4590.00        6.531427E+13   1.9237E-06   1.9245E-06   0.99959
FLUX 1033  4610.00        6.503091E+13   1.9087E-06   1.9087E-06   0.99997
FLUX 1034  4630.00        6.475000E+13   1.8862E-06   1.8932E-06   0.99633
FLUX 1035  4650.00        6.447151E+13   1.7917E-06   1.8778E-06   0.95417
FLUX 1036  4670.00        6.419540E+13   1.7683E-06   1.8626E-06   0.94939
FLUX 1037  4690.00        6.392164E+13   1.8329E-06   1.8476E-06   0.99206
FLUX 1038  4710.00        6.365021E+13   1.8319E-06   1.8328E-06   0.99953
FLUX 1039  4730.00        6.338108E+13   1.8181E-06   1.8182E-06   0.99997
FLUX 1040  4750.00        6.311421E+13   1.8027E-06   1.8037E-06   0.99946
FLUX 1041  4770.00        6.284958E+13   1.7889E-06   1.7894E-06   0.99975
FLUX 1042  4790.00        6.258716E+13   1.7752E-06   1.7753E-06   0.99998
FLUX 1043  4810.00        6.232692E+13   1.7613E-06   1.7613E-06   0.99997
FLUX 1044  4830.00        6.206884E+13   1.7474E-06   1.7475E-06   0.99993
FLUX 1045  4850.00        6.181289E+13   1.7338E-06   1.7339E-06   0.99997
FLUX 1046  4870.00        6.155903E+13   1.7204E-06   1.7204E-06   0.99998
FLUX 1047  4890.00        6.130726E+13   1.7071E-06   1.7071E-06   0.99998
FLUX 1048  4910.00        6.105754E+13   1.6936E-06   1.6939E-06   0.99982
FLUX 1049  4930.00        6.080984E+13   1.6808E-06   1.6809E-06   0.99993
FLUX 1050  4950.00        6.056414E+13   1.6680E-06   1.6680E-06   0.99995
FLUX 1051  4970.00        6.032042E+13   1.6552E-06   1.6553E-06   0.99994
FLUX 1052  4990.00        6.007866E+13   1.6425E-06   1.6428E-06   0.99982
FLUX 1053  5010.00        5.983882E+13   1.6302E-06   1.6303E-06   0.99992
FLUX 1054  5030.00        5.960089E+13   1.6177E-06   1.6180E-06   0.99981
FLUX 1055  5050.00        5.936485E+13   1.6058E-06   1.6059E-06   0.99993
FLUX 1056  5070.00        5.913067E+13   1.5938E-06   1.5939E-06   0.99998
FLUX 1057  5090.00        5.889833E+13   1.5818E-06   1.5820E-06   0.99987
FLUX 1058  5110.00        5.866781E+13   1.5602E-06   1.5702E-06   0.99362
FLUX 1059  5130.00        5.843908E+13   1.4844E-06   1.5586E-06   0.95238
FLUX 1060  5150.00        5.821214E+13   1.5406E-06   1.5471E-06   0.99580
FLUX 1061  5170.00        5.798694E+13   1.5356E-06   1.5358E-06   0.99991
FLUX 1062  5190.00        5.776349E+13   1.5245E-06   1.5245E-06   0.99999
FLUX 1063  5210.00        5.754175E+13   1.5133E-06   1.5134E-06   0.99993
FLUX 1064  5230.00        5.732170E+13   1.5024E-06   1.5024E-06   0.99997
FLUX 1065  5250.00        5.710333E+13   1.4915E-06   1.4915E-06   0.99998
FLUX 1066  5270.00        5.688662E+13   1.4807E-06   1.4808E-06   0.99996
FLUX 1067  5290.00        5.667155E+13   1.4701E-06   1.4701E-06   0.99999
FLUX 1068  5310.00        5.645810E+13   1.4596E-06   1.4596E-06   0.99998
FLUX 1069  5330.00        5.624625E+13   1.4491E-06   1.4492E-06   0.99998
FLUX 1070  5350.00        5.603598E+13   1.4388E-06   1.4389E-06   0.99998
FLUX 1071  5370.00        5.582728E+13   1.4285E-06   1.4287E-06   0.99985
FLUX 1072  5390.00        5.562013E+13   1.4185E-06   1.4186E-06   0.99995
FLUX 1073  5410.00        5.541451E+13   1.4086E-06   1.4086E-06   0.99999
FLUX 1074  5430.00        5.521041E+13   1.3986E-06   1.3987E-06   0.99991
FLUX 1075  5450.00        5.500780E+13   1.3888E-06   1.3890E-06   0.99988
FLUX 1076  5470.00        5.480667E+13   1.3790E-06   1.3793E-06   0.99978
FLUX 1077  5490.00        5.460701E+13   1.3696E-06   1.3697E-06   0.99995
FLUX 1078  5510.00        5.440880E+13   1.3602E-06   1.3602E-06   0.99999
FLUX 1079  5530.00        5.421203E+13   1.3508E-06   1.3509E-06   0.99993
FLUX 1080  5550.00        5.401667E+13   1.3415E-06   1.3416E-06   0.99997
FLUX 1081  5570.00        5.382271E+13   1.3320E-06   1.3324E-06   0.99972
FLUX 1082  5590.00        5.363014E+13   1.3226E-06   1.3233E-06   0.99944
FLUX 1083  5610.00        5.343895E+13   1.3141E-06   1.3143E-06   0.99983
FLUX 1084  5630.00        5.324911E+13   1.3053E-06   1.3054E-06   0.99994
FLUX 1085  5650.00        5.306062E+13   1.2966E-06   1.2966E-06   0.99997
FLUX 1086  5670.00        5.287346E+13   1.2878E-06   1.2879E-06   0.99993
FLUX 1087  5690.00        5.268761E+13   1.2792E-06   1.2792E-06   0.99997
FLUX 1088  5710.00        5.250306E+13   1.2707E-06   1.2707E-06   0.99999
FLUX 1089  5730.00        5.231981E+13   1.2621E-06   1.2622E-06   0.99993
FLUX 1090  5750.00        5.213783E+13   1.2538E-06   1.2538E-06   0.99999
FLUX 1091  5770.00        5.195711E+13   1.2455E-06   1.2455E-06   0.99997
FLUX 1092  5790.00        5.177763E+13   1.2372E-06   1.2373E-06   0.99987
FLUX 1093  5810.00        5.159940E+13   1.2292E-06   1.2292E-06   0.99998
FLUX 1094  5830.00        5.142238E+13   1.2211E-06   1.2211E-06   0.99999
FLUX 1095  5850.00        5.124658E+13   1.2162E-06   1.2162E-06   0.99998
FLUX 1096  5870.00        5.107198E+13   1.2077E-06   1.2083E-06   0.99957
FLUX 1097  5890.00        5.089856E+13   1.1912E-06   1.2004E-06   0.99231
FLUX 1098  5910.00        5.072631E+13   1.1356E-06   1.1926E-06   0.95220
FLUX 1099  5930.00        5.055523E+13   1.1792E-06   1.1849E-06   0.99518
FLUX 1100  5950.00        5.038529E+13   1.1764E-06   1.1773E-06   0.99926
FLUX 1101  5970.00        5.021650E+13   1.1697E-06   1.1697E-06   0.99998
FLUX 1102  5990.00        5.004883E+13   1.1622E-06   1.1623E-06   0.99992
FLUX 1103  6010.00        4.988228E+13   1.1547E-06   1.1549E-06   0.99990
FLUX 1104  6030.00        4.971683E+13   1.1475E-06   1.1475E-06   0.99999
FLUX 1105  6050.00        4.955248E+13   1.1402E-06   1.1402E-06   0.99999
FLUX 1106  6070.00        4.938921E+13   1.1330E-06   1.1330E-06   0.99994
FLUX 1107  6090.00        4.922701E+13   1.1258E-06   1.1259E-06   0.99990
FLUX 1108  6110.00        4.906588E+13   1.1185E-06   1.1188E-06   0.99966
FLUX 1109  6130.00        4.890579E+13   1.1118E-06   1.1118E-06   0.99998
FLUX 1110  6150.00        4.874675E+13   1.1048E-06   1.1049E-06   0.99994
FLUX 1111  6170.00        4.858874E+13   1.0980E-06   1.0980E-06   0.99999
FLUX 1112  6190.00        4.843174E+13   1.0912E-06   1.0912E-06   0.99995
FLUX 1113  6210.00        4.827576E+13   1.0845E-06   1.0845E-06   0.99999
FLUX 1114  6230.00        4.812079E+13   1.0776E-06   1.0778E-06   0.99981
FLUX 1115  6250.00        4.796680E+13   1.0711E-06   1.0712E-06   0.99993
FLUX 1116  6270.00        4.781380E+13   1.0645E-06   1.0646E-06   0.99984
FLUX 1117  6290.00        4.766176E+13   1.0581E-06   1.0581E-06   0.99998
FLUX 1118  6310.00        4.751070E+13   1.0515E-06   1.0517E-06   0.99986
FLUX 1119  6330.00        4.736058E+13   1.0451E-06   1.0453E-06   0.99983
FLUX 1120  6350.00        4.721142E+13   1.0388E-06   1.0390E-06   0.99987
FLUX 1121  6370.00        4.706319E+13   1.0327E-06   1.0327E-06   0.99998
FLUX 1122  6390.00        4.691588E+13   1.0264E-06   1.0265E-06   0.99993
FLUX 1123  6420.00        4.669665E+13   1.0173E-06   1.0173E-06   0.99998
FLUX 1124  6460.00        4.640751E+13   1.0052E-06   1.0052E-06   0.99995
FLUX 1125  6500.00        4.612192E+13   9.9326E-07   9.9333E-07   0.99993
FLUX 1126  6540.00        4.583983E+13   9.8165E-07   9.8166E-07   0.99999
FLUX 1127  6580.00        4.556117E+13   9.7014E-07   9.7020E-07   0.99994
FLUX 1128  6620.00        4.528588E+13   9.5880E-07   9.5893E-07   0.99986
FLUX 1129  6660.00        4.501389E+13   9.4777E-07   9.4786E-07   0.99991
FLUX 1130  6700.00        4.474515E+13   9.3695E-07   9.3698E-07   0.99997
FLUX 1131  6740.00        4.447960E+13   9.2622E-07   9.2628E-07   0.99993
FLUX 1132  6780.00        4.421718E+13   9.1572E-07   9.1577E-07   0.99994
FLUX 1133  6820.00        4.395784E+13   9.0540E-07   9.0543E-07   0.99997
FLUX 1134  6860.00        4.370153E+13   8.9514E-07   8.9527E-07   0.99985
FLUX 1135  6900.00        4.344819E+13   8.8501E-07   8.8528E-07   0.99969
FLUX 1136  6940.00        4.319777E+13   8.7519E-07   8.7545E-07   0.99971
FLUX 1137  6980.00        4.295021E+13   8.6558E-07   8.6578E-07   0.99977
FLUX 1138  7020.00        4.270548E+13   8.5614E-07   8.5627E-07   0.99984
FLUX 1139  7060.00        4.246353E+13   8.4672E-07   8.4692E-07   0.99976
FLUX 1140  7100.00        4.222430E+13   8.3770E-07   8.3772E-07   0.99997
FLUX 1141  7140.00        4.198775E+13   8.2851E-07   8.2867E-07   0.99981
FLUX 1142  7180.00        4.175383E+13   8.1965E-07   8.1976E-07   0.99986
FLUX 1143  7220.00        4.152251E+13   8.1054E-07   8.1100E-07   0.99944
FLUX 1144  7260.00        4.129373E+13   8.0218E-07   8.0238E-07   0.99975
FLUX 1145  7300.00        4.106747E+13   7.9383E-07   7.9389E-07   0.99992
FLUX 1146  7340.00        4.084366E+13   7.8544E-07   7.8554E-07   0.99988
FLUX 1147  7380.00        4.062229E+13   7.7723E-07   7.7731E-07   0.99989
FLUX 1148  7420.00        4.040330E+13   7.6829E-07   7.6925E-07   0.99876
FLUX 1149  7460.00        4.018666E+13   7.4239E-07   7.6130E-07   0.97515
FLUX 1150  7500.00        3.997233E+13   7.3229E-07   7.5348E-07   0.97188
FLUX 1151  7540.00        3.976028E+13   7.4454E-07   7.4578E-07   0.99833
FLUX 1152  7580.00        3.955046E+13   7.3808E-07   7.3820E-07   0.99984
FLUX 1153  7620.00        3.934285E+13   7.3069E-07   7.3073E-07   0.99994
FLUX 1154  7660.00        3.913740E+13   7.2332E-07   7.2337E-07   0.99993
FLUX 1155  7700.00        3.893409E+13   7.1610E-07   7.1613E-07   0.99997
FLUX 1156  7740.00        3.873288E+13   7.0897E-07   7.0899E-07   0.99997
FLUX 1157  7780.00        3.853374E+13   7.0195E-07   7.0195E-07   0.99999
FLUX 1158  7820.00        3.833664E+13   6.9502E-07   6.9502E-07   1.00000
FLUX 1159  7860.00        3.814154E+13   6.8819E-07   6.8820E-07   0.99999
FLUX 1160  7900.00        3.794842E+13   6.8147E-07   6.8147E-07   1.00000
FLUX 1161  7940.00        3.775724E+13   6.7483E-07   6.7484E-07   0.99999
FLUX 1162  7980.00        3.756798E+13   6.6829E-07   6.6830E-07   0.99998
FLUX 1163  8020.00        3.738061E+13   6.6185E-07   6.6186E-07   0.99997
FLUX 1164  8060.00        3.719510E+13   6.5550E-07   6.5551E-07   0.99997
FLUX 1165  8100.00        3.701142E+13   6.4925E-07   6.4925E-07   0.99999
FLUX 1166  8140.00        3.682955E+13   6.4305E-07   6.4308E-07   0.99995
FLUX 1167  8180.00        3.664945E+13   6.3698E-07   6.3700E-07   0.99997
FLUX 1168  8220.00        3.647111E+13   6.3100E-07   6.3100E-07   0.99999
FLUX 1169  8260.00        3.629449E+13   6.2508E-07   6.2509E-07   0.99999
FLUX 1170  8300.00        3.611958E+13   6.1925E-07   6.1926E-07   0.99998
FLUX 1171  8340.00        3.594634E+13   6.1337E-07   6.1351E-07   0.99978
FLUX 1172  8380.00        3.577476E+13   6.0762E-07   6.0784E-07   0.99965
FLUX 1173  8420.00        3.560481E+13   6.0212E-07   6.0224E-07   0.99979
FLUX 1174  8460.00        3.543647E+13   5.9670E-07   5.9673E-07   0.99996
FLUX 1175  8500.00        3.526971E+13   5.9128E-07   5.9129E-07   1.00000
FLUX 1176  8540.00        3.510451E+13   5.8589E-07   5.8592E-07   0.99994
FLUX 1177  8580.00        3.494085E+13   5.8060E-07   5.8062E-07   0.99997
FLUX 1178  8620.00        3.477871E+13   5.7536E-07   5.7540E-07   0.99994
FLUX 1179  8660.00        3.461807E+13   5.7024E-07   5.7025E-07   0.99999
FLUX 1180  8700.00        3.445891E+13   5.6516E-07   5.6516E-07   1.00000
FLUX 1181  8740.00        3.430120E+13   5.6013E-07   5.6014E-07   0.99998
FLUX 1182  8780.00        3.414493E+13   5.5519E-07   5.5519E-07   1.00000
FLUX 1183  8820.00        3.399008E+13   5.5027E-07   5.5030E-07   0.99993
FLUX 1184  8860.00        3.383663E+13   5.4544E-07   5.4548E-07   0.99992
FLUX 1185  8900.00        3.368455E+13   5.4069E-07   5.4072E-07   0.99995
FLUX 1186  8940.00        3.353384E+13   5.3602E-07   5.3603E-07   0.99999
FLUX 1187  8980.00        3.338447E+13   5.3135E-07   5.3139E-07   0.99994
FLUX 1188  9020.00        3.323642E+13   5.2680E-07   5.2681E-07   0.99998
FLUX 1189  9060.00        3.308968E+13   5.2229E-07   5.2229E-07   0.99999
FLUX 1190  9100.00        3.294423E+13   5.1780E-07   5.1783E-07   0.99994
FLUX 1191  9140.00        3.280005E+13   5.1342E-07   5.1343E-07   0.99998
FLUX 1192  9180.00        3.265714E+13   5.0907E-07   5.0908E-07   0.99999
FLUX 1193  9220.00        3.251546E+13   5.0478E-07   5.0479E-07   0.99999
FLUX 1194  9260.00        3.237500E+13   5.0054E-07   5.0055E-07   0.99999
FLUX 1195  9300.00        3.223575E+13   4.9635E-07   4.9636E-07   0.99999
FLUX 1196  9340.00        3.209770E+13   4.9222E-07   4.9222E-07   0.99999
FLUX 1197  9380.00        3.196082E+13   4.8813E-07   4.8814E-07   0.99999
FLUX 1198  9420.00        3.182511E+13   4.8410E-07   4.8411E-07   0.99999
FLUX 1199  9460.00        3.169054E+13   4.8011E-07   4.8012E-07   0.99998
FLUX 1200  9500.00        3.155711E+13   4.7618E-07   4.7619E-07   0.99999
FLUX 1201  9540.00        3.142479E+13   4.7226E-07   4.7230E-07   0.99991
FLUX 1202  9580.00        3.129358E+13   4.6846E-07   4.6846E-07   1.00000
FLUX 1203  9620.00        3.116346E+13   4.6466E-07   4.6467E-07   0.99998
FLUX 1204  9660.00        3.103442E+13   4.6091E-07   4.6092E-07   1.00000
FLUX 1205  9700.00        3.090644E+13   4.5721E-07   4.5721E-07   1.00000
FLUX 1206  9740.00        3.077952E+13   4.5354E-07   4.5355E-07   0.99997
FLUX 1207  9780.00        3.065363E+13   4.4993E-07   4.4994E-07   0.99998
FLUX 1208  9820.00        3.052877E+13   4.4635E-07   4.4637E-07   0.99995
FLUX 1209  9860.00        3.040492E+13   4.4283E-07   4.4284E-07   0.99998
FLUX 1210  9900.00        3.028207E+13   4.3934E-07   4.3935E-07   0.99999
FLUX 1211  9940.00        3.016021E+13   4.3589E-07   4.3590E-07   0.99999
FLUX 1212  9980.00        3.003933E+13   4.3246E-07   4.3249E-07   0.99994
FLUX 1213 10020.00        2.991941E+13   4.2910E-07   4.2912E-07   0.99994
FLUX 1214 20000.00        1.498963E+13   1.0954E-07   1.0955E-07   0.99999
FLUX 1215 40000.00        7.494813E+12   2.7267E-08   2.7267E-08   1.00000
FLUX 1216 60000.00        4.996542E+12   1.2016E-08   1.2016E-08   1.00000
FLUX 1217 80000.00        3.747406E+12   6.7062E-09   6.7062E-09   1.00000
FLUX 1218100000.00        2.997925E+12   4.2624E-09   4.2624E-09   1.00000
FLUX 1219120000.00        2.498271E+12   2.9423E-09   2.9423E-09   1.00000
FLUX 1220140000.00        2.141375E+12   2.1503E-09   2.1503E-09   1.00000
FLUX 1221160000.00        1.873703E+12   1.6385E-09   1.6385E-09   1.00000
FLUX
