TEFF   5750.  GRAVITY 2.50000 LTE 
TITLE TEST RUN WITH SDSC OPACITY  VTURB 2 KM/S    L/H 1.25                      
 OPACITY IFOP
FLUX  124    92.50        3.241000E+15   5.0040E-21   5.6196E-21   0.89046
FLUX  125    93.50        3.206337E+15   7.3650E-21   8.4227E-21   0.87442
FLUX  126    94.50        3.172407E+15   1.0907E-20   1.2519E-20   0.87126
FLUX  127    95.50        3.139188E+15   1.7134E-20   1.8457E-20   0.92833
FLUX  128    96.50        3.106658E+15   2.5650E-20   2.7000E-20   0.94999
FLUX  129    97.50        3.074795E+15   3.5856E-20   3.9201E-20   0.91467
FLUX  130    98.50        3.043579E+15   5.2067E-20   5.6503E-20   0.92149
FLUX  131    99.50        3.012990E+15   7.2896E-20   8.0867E-20   0.90143
FLUX  132   100.50        2.983010E+15   1.1147E-19   1.1495E-19   0.96967
FLUX  133   101.50        2.953621E+15   1.5688E-19   1.6233E-19   0.96642
FLUX  134   102.50        2.924805E+15   1.9328E-19   2.2783E-19   0.84838
FLUX  135   103.50        2.896546E+15   3.0947E-19   3.1772E-19   0.97404
FLUX  136   104.50        2.868828E+15   4.3106E-19   4.4047E-19   0.97865
FLUX  137   105.50        2.841635E+15   5.9327E-19   6.0710E-19   0.97721
FLUX  138   106.50        2.814953E+15   7.9471E-19   8.3212E-19   0.95505
FLUX  139   107.50        2.788767E+15   1.1007E-18   1.1344E-18   0.97030
FLUX  140   108.50        2.763065E+15   1.5020E-18   1.5384E-18   0.97635
FLUX  141   109.50        2.737831E+15   1.9799E-18   2.0757E-18   0.95383
FLUX  142   110.50        2.713054E+15   2.8979E-17   1.1307E-16   0.25629
FLUX  143   111.50        2.688722E+15   6.6950E-17   1.4651E-16   0.45696
FLUX  144   112.50        2.664822E+15   1.0807E-16   1.8895E-16   0.57195
FLUX  145   113.50        2.641344E+15   1.5665E-16   2.4260E-16   0.64571
FLUX  146   114.50        2.618275E+15   2.2172E-16   3.1004E-16   0.71514
FLUX  147   115.50        2.595606E+15   2.5611E-16   3.9452E-16   0.64916
FLUX  148   116.50        2.573326E+15   3.7339E-16   4.9989E-16   0.74693
FLUX  149   117.50        2.551426E+15   4.7612E-16   6.3080E-16   0.75478
FLUX  150   118.50        2.529895E+15   4.9920E-16   7.9298E-16   0.62952
FLUX  151   119.50        2.508724E+15   3.0321E-16   9.9295E-16   0.30537
FLUX  152   120.50        2.487905E+15   3.0842E-16   1.2386E-15   0.24901
FLUX  153   121.50        2.467428E+15   5.1448E-17   1.5391E-15   0.03343
FLUX  154   122.50        2.447286E+15   4.3306E-16   1.9231E-15   0.22519
FLUX  155   123.50        2.427470E+15   1.2102E-15   2.3734E-15   0.50992
FLUX  156   124.50        2.407972E+15   2.3537E-15   4.3474E-15   0.54140
FLUX  157   125.50        2.388785E+15   3.2721E-15   5.2803E-15   0.61968
FLUX  158   126.50        2.369901E+15   3.3596E-15   6.3925E-15   0.52554
FLUX  159   127.50        2.351314E+15   4.7811E-15   7.7146E-15   0.61975
FLUX  160   128.50        2.333016E+15   5.6966E-15   9.2828E-15   0.61367
FLUX  161   129.50        2.315000E+15   7.3781E-15   1.1137E-14   0.66248
FLUX  162   130.50        2.297261E+15   6.9452E-15   1.3322E-14   0.52134
FLUX  163   131.50        2.279791E+15   9.7715E-15   1.5888E-14   0.61501
FLUX  164   132.50        2.262585E+15   1.0351E-14   1.8895E-14   0.54781
FLUX  165   133.50        2.245637E+15   1.2035E-14   2.2407E-14   0.53711
FLUX  166   134.50        2.228941E+15   1.4307E-14   2.6498E-14   0.53993
FLUX  167   135.50        2.212491E+15   1.6646E-14   3.1250E-14   0.53268
FLUX  168   136.50        2.196282E+15   1.8002E-14   3.6755E-14   0.48978
FLUX  169   137.50        2.180309E+15   1.9693E-14   4.3120E-14   0.45671
FLUX  170   138.50        2.164567E+15   2.2601E-14   5.0461E-14   0.44789
FLUX  171   139.50        2.149050E+15   2.6023E-14   5.8915E-14   0.44170
FLUX  172   140.50        2.133754E+15   3.2121E-14   6.9290E-14   0.46358
FLUX  173   141.50        2.118675E+15   3.6926E-14   8.2081E-14   0.44987
FLUX  174   142.50        2.103807E+15   4.2479E-14   9.7008E-14   0.43789
FLUX  175   143.50        2.089146E+15   5.1356E-14   1.1439E-13   0.44897
FLUX  176   144.20        2.079005E+15   7.0901E-14   1.2820E-13   0.55305
FLUX  177   144.70        2.071821E+15   6.2003E-14   1.3911E-13   0.44572
FLUX  178   145.50        2.060430E+15   7.4843E-14   1.5811E-13   0.47336
FLUX  179   146.50        2.046365E+15   1.0021E-13   1.8518E-13   0.54112
FLUX  180   147.50        2.032492E+15   1.1661E-13   2.1641E-13   0.53886
FLUX  181   148.50        2.018805E+15   1.2727E-13   2.5234E-13   0.50437
FLUX  182   149.50        2.005301E+15   1.7347E-13   2.9358E-13   0.59087
FLUX  183   150.50        1.991977E+15   2.1956E-13   3.4083E-13   0.64417
FLUX  184   151.20        1.982755E+15   1.5415E-13   3.7789E-13   0.40792
FLUX  185   151.70        1.976220E+15   2.0906E-13   4.0654E-13   0.51425
FLUX  186   152.50        1.965852E+15   5.7060E-13   4.3067E-12   0.13249
FLUX  187   153.50        1.953046E+15   9.5363E-13   4.8376E-12   0.19713
FLUX  188   154.50        1.940405E+15   8.0619E-13   5.4279E-12   0.14853
FLUX  189   155.50        1.927926E+15   1.3667E-12   6.0880E-12   0.22448
FLUX  190   156.50        1.915607E+15   1.2849E-12   6.8282E-12   0.18817
FLUX  191   157.50        1.903444E+15   2.5054E-12   9.1799E-12   0.27293
FLUX  192   158.50        1.891435E+15   3.2013E-12   1.0219E-11   0.31327
FLUX  193   159.50        1.879577E+15   3.8557E-12   1.1360E-11   0.33941
FLUX  194   160.50        1.867866E+15   4.1100E-12   1.2609E-11   0.32595
FLUX  195   161.50        1.856300E+15   4.5607E-12   1.3974E-11   0.32638
FLUX  196   162.50        1.844877E+15   5.3810E-12   1.5974E-11   0.33686
FLUX  197   163.50        1.833593E+15   6.1491E-12   1.7683E-11   0.34773
FLUX  198   164.50        1.822447E+15   9.1549E-12   1.9549E-11   0.46831
FLUX  199   165.50        1.811435E+15   4.8444E-12   2.1584E-11   0.22445
FLUX  200   166.50        1.800556E+15   1.0748E-11   2.3803E-11   0.45153
FLUX  201   167.20        1.793017E+15   6.6432E-12   2.5472E-11   0.26080
FLUX  202   167.70        1.787671E+15   2.9226E-11   2.0516E-10   0.14245
FLUX  203   168.50        1.779184E+15   3.6003E-11   2.2415E-10   0.16062
FLUX  204   169.50        1.768687E+15   4.6993E-11   2.4821E-10   0.18933
FLUX  205   170.50        1.758314E+15   4.7564E-11   2.7518E-10   0.17285
FLUX  206   171.50        1.748061E+15   4.7366E-11   5.9774E-10   0.07924
FLUX  207   172.50        1.737928E+15   6.1563E-11   6.6669E-10   0.09234
FLUX  208   173.50        1.727911E+15   7.5500E-11   7.2834E-10   0.10366
FLUX  209   174.50        1.718009E+15   1.0270E-10   8.0092E-10   0.12822
FLUX  210   175.50        1.708219E+15   1.4488E-10   8.6660E-10   0.16718
FLUX  211   176.50        1.698541E+15   1.4393E-10   9.3461E-10   0.15399
FLUX  212   177.50        1.688972E+15   1.5284E-10   1.0046E-09   0.15214
FLUX  213   178.50        1.679510E+15   1.9584E-10   1.0761E-09   0.18199
FLUX  214   179.50        1.670153E+15   2.6552E-10   1.1503E-09   0.23083
FLUX  215   180.50        1.660900E+15   2.6762E-10   1.2296E-09   0.21765
FLUX  216   181.50        1.651749E+15   2.6750E-10   1.3092E-09   0.20432
FLUX  217   182.50        1.642699E+15   3.3022E-10   1.3930E-09   0.23706
FLUX  218   183.50        1.633747E+15   3.7740E-10   1.4787E-09   0.25523
FLUX  219   184.50        1.624892E+15   3.0210E-10   1.5678E-09   0.19269
FLUX  220   185.50        1.616132E+15   4.3275E-10   1.6651E-09   0.25990
FLUX  221   186.50        1.607466E+15   5.1184E-10   1.7607E-09   0.29069
FLUX  222   187.50        1.598893E+15   5.6914E-10   2.1250E-09   0.26783
FLUX  223   188.50        1.590411E+15   6.3105E-10   2.2196E-09   0.28431
FLUX  224   189.50        1.582018E+15   8.2187E-10   2.3151E-09   0.35500
FLUX  225   190.50        1.573714E+15   8.0350E-10   2.4121E-09   0.33311
FLUX  226   191.50        1.565496E+15   9.0057E-10   2.5135E-09   0.35829
FLUX  227   192.50        1.557364E+15   9.1898E-10   2.6178E-09   0.35105
FLUX  228   193.50        1.549315E+15   6.6877E-10   2.7246E-09   0.24546
FLUX  229   194.50        1.541350E+15   1.2949E-09   2.8400E-09   0.45597
FLUX  230   195.50        1.533465E+15   1.3498E-09   2.9611E-09   0.45585
FLUX  231   196.70        1.524110E+15   1.7780E-09   3.1128E-09   0.57118
FLUX  232   197.60        1.517169E+15   1.7080E-09   3.2402E-09   0.52712
FLUX  233   198.40        1.511051E+15   2.1792E-09   4.7521E-09   0.45858
FLUX  234   199.50        1.502719E+15   2.2559E-09   4.9084E-09   0.45959
FLUX  235   200.50        1.495224E+15   2.2965E-09   5.0798E-09   0.45208
FLUX  236   201.50        1.487804E+15   2.3890E-09   5.2737E-09   0.45300
FLUX  237   202.50        1.480457E+15   2.0911E-09   5.4703E-09   0.38227
FLUX  238   203.50        1.473182E+15   2.8827E-09   5.6758E-09   0.50790
FLUX  239   204.50        1.465978E+15   3.3871E-09   5.8993E-09   0.57415
FLUX  240   205.50        1.458844E+15   3.3205E-09   6.1216E-09   0.54243
FLUX  241   206.50        1.451780E+15   3.2863E-09   6.3432E-09   0.51808
FLUX  242   207.40        1.445480E+15   3.9675E-09   6.5446E-09   0.60622
FLUX  243   207.80        1.442697E+15   1.1043E-08   6.4464E-08   0.17130
FLUX  244   208.50        1.437854E+15   1.5980E-08   6.6632E-08   0.23983
FLUX  245   209.50        1.430990E+15   1.4969E-08   6.9635E-08   0.21496
FLUX  246   210.50        1.424192E+15   1.5636E-08   7.2381E-08   0.21602
FLUX  247   211.50        1.417459E+15   1.7125E-08   7.4808E-08   0.22892
FLUX  248   212.50        1.410788E+15   1.4153E-08   7.7230E-08   0.18326
FLUX  249   213.50        1.404180E+15   1.3560E-08   7.9682E-08   0.17018
FLUX  250   214.50        1.397634E+15   1.9555E-08   8.1980E-08   0.23853
FLUX  251   215.50        1.391148E+15   2.1034E-08   8.4278E-08   0.24958
FLUX  252   216.50        1.384723E+15   1.7237E-08   8.6658E-08   0.19891
FLUX  253   217.50        1.378356E+15   1.8902E-08   8.9140E-08   0.21205
FLUX  254   218.50        1.372048E+15   2.5042E-08   9.1858E-08   0.27261
FLUX  255   219.50        1.365797E+15   2.5801E-08   9.4718E-08   0.27239
FLUX  256   220.50        1.359603E+15   2.4167E-08   9.7737E-08   0.24726
FLUX  257   221.50        1.353465E+15   1.6093E-08   1.0094E-07   0.15943
FLUX  258   222.50        1.347382E+15   2.0138E-08   1.0719E-07   0.18786
FLUX  259   223.50        1.341353E+15   3.2570E-08   1.1083E-07   0.29387
FLUX  260   224.50        1.335379E+15   3.0185E-08   1.1463E-07   0.26332
FLUX  261   225.50        1.329457E+15   1.9677E-08   1.4026E-07   0.14030
FLUX  262   226.50        1.323587E+15   1.7248E-08   1.4376E-07   0.11998
FLUX  263   227.50        1.317769E+15   2.5356E-08   1.4729E-07   0.17215
FLUX  264   228.50        1.312002E+15   3.5356E-08   1.5084E-07   0.23439
FLUX  265   229.50        1.306285E+15   3.0968E-08   1.5443E-07   0.20054
FLUX  266   230.50        1.300618E+15   3.9453E-08   1.5799E-07   0.24973
FLUX  267   231.50        1.295000E+15   2.8457E-08   1.6159E-07   0.17610
FLUX  268   232.50        1.289430E+15   1.9523E-08   1.6527E-07   0.11813
FLUX  269   233.50        1.283908E+15   1.3126E-08   1.7456E-07   0.07519
FLUX  270   234.50        1.278433E+15   8.3229E-09   1.7813E-07   0.04672
FLUX  271   235.50        1.273004E+15   2.0499E-08   1.8176E-07   0.11279
FLUX  272   236.50        1.267622E+15   9.4443E-09   1.8544E-07   0.05093
FLUX  273   237.50        1.262284E+15   1.3763E-08   1.8919E-07   0.07275
FLUX  274   238.50        1.256992E+15   6.9329E-09   1.9312E-07   0.03590
FLUX  275   239.50        1.251743E+15   9.8502E-09   1.9702E-07   0.05000
FLUX  276   240.50        1.246538E+15   9.7389E-09   2.0101E-07   0.04845
FLUX  277   241.50        1.241377E+15   1.5828E-08   2.0508E-07   0.07718
FLUX  278   242.50        1.236258E+15   3.8844E-08   2.0924E-07   0.18565
FLUX  279   243.50        1.231181E+15   4.4326E-08   2.1348E-07   0.20764
FLUX  280   244.50        1.226145E+15   5.4333E-08   2.2665E-07   0.23972
FLUX  281   245.50        1.221151E+15   5.9890E-08   2.3066E-07   0.25964
FLUX  282   246.50        1.216197E+15   4.7342E-08   2.3472E-07   0.20170
FLUX  283   247.50        1.211283E+15   4.2154E-08   2.3882E-07   0.17651
FLUX  284   248.50        1.206408E+15   2.2083E-08   2.4297E-07   0.09089
FLUX  285   249.50        1.201573E+15   3.3999E-08   2.4716E-07   0.13756
FLUX  286   250.50        1.196776E+15   5.8769E-08   2.5856E-07   0.22729
FLUX  287   251.30        1.192967E+15   1.9790E-08   2.6170E-07   0.07562
FLUX  288   251.80        1.190598E+15   1.5236E-08   6.3686E-07   0.02392
FLUX  289   252.50        1.187297E+15   1.7276E-08   6.4553E-07   0.02676
FLUX  290   253.50        1.182613E+15   3.5443E-08   6.5803E-07   0.05386
FLUX  291   254.50        1.177967E+15   4.3817E-08   6.7064E-07   0.06534
FLUX  292   255.50        1.173356E+15   9.0121E-08   6.8340E-07   0.13187
FLUX  293   256.50        1.168782E+15   5.1177E-08   6.9631E-07   0.07350
FLUX  294   257.50        1.164243E+15   6.7891E-08   7.0939E-07   0.09570
FLUX  295   258.50        1.159739E+15   4.7013E-08   7.2264E-07   0.06506
FLUX  296   259.50        1.155270E+15   3.6807E-08   7.3603E-07   0.05001
FLUX  297   260.50        1.150835E+15   2.7134E-08   7.4960E-07   0.03620
FLUX  298   261.50        1.146434E+15   2.5316E-08   7.6337E-07   0.03316
FLUX  299   262.50        1.142067E+15   3.8099E-08   7.7732E-07   0.04901
FLUX  300   263.50        1.137732E+15   9.9856E-08   7.9963E-07   0.12488
FLUX  301   264.50        1.133431E+15   1.8935E-07   8.1361E-07   0.23273
FLUX  302   265.50        1.129162E+15   2.6684E-07   8.2775E-07   0.32237
FLUX  303   266.50        1.124925E+15   1.5676E-07   8.4205E-07   0.18617
FLUX  304   267.50        1.120720E+15   1.8738E-07   8.5650E-07   0.21878
FLUX  305   268.50        1.116546E+15   2.1846E-07   8.7111E-07   0.25078
FLUX  306   269.50        1.112403E+15   1.6969E-07   8.8586E-07   0.19156
FLUX  307   270.50        1.108290E+15   2.1989E-07   9.1016E-07   0.24160
FLUX  308   271.50        1.104208E+15   1.3537E-07   9.2474E-07   0.14639
FLUX  309   272.50        1.100156E+15   1.0950E-07   9.3946E-07   0.11655
FLUX  310   273.50        1.096133E+15   1.3568E-07   9.5430E-07   0.14218
FLUX  311   274.50        1.092140E+15   5.0148E-08   9.6927E-07   0.05174
FLUX  312   275.50        1.088176E+15   7.6466E-08   9.8434E-07   0.07768
FLUX  313   276.50        1.084241E+15   1.1613E-07   9.9950E-07   0.11619
FLUX  314   277.50        1.080333E+15   1.2785E-07   1.0148E-06   0.12599
FLUX  315   278.50        1.076454E+15   6.8712E-08   1.0302E-06   0.06670
FLUX  316   279.50        1.072603E+15   2.2266E-08   1.0457E-06   0.02129
FLUX  317   280.50        1.068779E+15   2.9554E-08   1.0614E-06   0.02784
FLUX  318   281.50        1.064982E+15   1.0673E-07   1.0772E-06   0.09908
FLUX  319   282.50        1.061212E+15   2.0247E-07   1.0932E-06   0.18521
FLUX  320   283.50        1.057469E+15   2.2769E-07   1.1093E-06   0.20526
FLUX  321   284.50        1.053752E+15   1.9902E-07   1.1255E-06   0.17682
FLUX  322   285.50        1.050061E+15   1.1359E-07   1.1419E-06   0.09948
FLUX  323   286.50        1.046396E+15   2.9220E-07   1.1584E-06   0.25225
FLUX  324   287.50        1.042757E+15   3.6734E-07   1.1750E-06   0.31264
FLUX  325   288.50        1.039142E+15   3.2149E-07   1.1917E-06   0.26979
FLUX  326   289.50        1.035553E+15   3.6577E-07   1.2084E-06   0.30268
FLUX  327   291.00        1.030215E+15   4.9097E-07   1.2403E-06   0.39585
FLUX  328   293.00        1.023183E+15   4.6323E-07   1.2738E-06   0.36366
FLUX  329   295.00        1.016246E+15   4.6247E-07   1.3089E-06   0.35332
FLUX  330   297.00        1.009402E+15   5.2703E-07   1.3430E-06   0.39243
FLUX  331   299.00        1.002651E+15   5.5342E-07   1.3774E-06   0.40178
FLUX  332   301.00        9.959884E+14   5.9543E-07   1.4122E-06   0.42162
FLUX  333   303.00        9.894142E+14   6.0892E-07   1.4474E-06   0.42070
FLUX  334   305.00        9.829262E+14   6.4659E-07   1.4828E-06   0.43608
FLUX  335   307.00        9.765228E+14   6.2330E-07   1.5184E-06   0.41050
FLUX  336   309.00        9.702023E+14   6.6374E-07   1.5600E-06   0.42549
FLUX  337   311.00        9.639630E+14   6.8470E-07   1.5952E-06   0.42922
FLUX  338   313.00        9.578035E+14   6.6509E-07   1.6323E-06   0.40746
FLUX  339   315.00        9.517222E+14   6.6108E-07   1.6676E-06   0.39644
FLUX  340   317.00        9.457177E+14   7.3116E-07   1.7030E-06   0.42934
FLUX  341   319.00        9.397884E+14   6.5216E-07   1.7386E-06   0.37510
FLUX  342   321.00        9.339330E+14   7.5769E-07   1.7745E-06   0.42699
FLUX  343   323.00        9.281502E+14   6.2831E-07   1.8120E-06   0.34674
FLUX  344   325.00        9.224385E+14   8.5730E-07   1.8477E-06   0.46398
FLUX  345   327.00        9.167966E+14   9.7683E-07   1.8835E-06   0.51863
FLUX  346   329.00        9.112234E+14   9.3918E-07   1.9203E-06   0.48907
FLUX  347   331.00        9.057175E+14   9.5465E-07   1.9562E-06   0.48801
FLUX  348   333.00        9.002778E+14   9.7967E-07   1.9920E-06   0.49180
FLUX  349   335.00        8.949030E+14   9.8268E-07   2.0277E-06   0.48463
FLUX  350   337.00        8.895920E+14   8.2518E-07   2.0637E-06   0.39985
FLUX  351   339.00        8.843437E+14   9.4412E-07   2.1003E-06   0.44951
FLUX  352   341.00        8.791569E+14   9.9945E-07   2.1362E-06   0.46787
FLUX  353   343.00        8.740306E+14   1.0387E-06   2.1720E-06   0.47821
FLUX  354   345.00        8.689638E+14   1.1542E-06   2.2084E-06   0.52263
FLUX  355   347.00        8.639553E+14   1.1586E-06   2.2449E-06   0.51609
FLUX  356   349.00        8.590043E+14   1.2254E-06   2.2814E-06   0.53712
FLUX  357   351.00        8.541097E+14   1.3006E-06   2.3179E-06   0.56109
FLUX  358   353.00        8.492705E+14   1.2396E-06   2.3545E-06   0.52650
FLUX  359   355.00        8.444859E+14   1.4236E-06   2.3915E-06   0.59527
FLUX  360   357.00        8.397549E+14   1.1814E-06   2.4293E-06   0.48632
FLUX  361   359.00        8.350766E+14   1.2019E-06   2.4672E-06   0.48715
FLUX  362   361.00        8.304501E+14   1.3184E-06   2.5051E-06   0.52629
FLUX  363   363.00        8.258747E+14   1.3625E-06   2.5427E-06   0.53582
FLUX  364   364.00        8.236058E+14   1.3782E-06   2.5618E-06   0.53798
FLUX  365   365.00        8.213493E+14   1.5168E-06   4.0874E-06   0.37110
FLUX  366   367.00        8.168733E+14   1.4930E-06   4.1349E-06   0.36106
FLUX  367   369.00        8.124458E+14   1.5734E-06   4.1822E-06   0.37622
FLUX  368   371.00        8.080660E+14   1.9044E-06   4.2298E-06   0.45024
FLUX  369   373.00        8.037332E+14   1.6848E-06   4.2766E-06   0.39396
FLUX  370   375.00        7.994467E+14   1.8495E-06   4.3232E-06   0.42781
FLUX  371   377.00        7.952056E+14   2.0362E-06   4.3921E-06   0.46361
FLUX  372   379.00        7.910092E+14   2.1283E-06   4.4403E-06   0.47932
FLUX  373   381.00        7.868570E+14   2.2224E-06   4.4883E-06   0.49515
FLUX  374   383.00        7.827480E+14   1.6519E-06   4.5360E-06   0.36417
FLUX  375   385.00        7.786818E+14   1.9367E-06   4.5835E-06   0.42254
FLUX  376   387.00        7.746576E+14   1.9258E-06   4.6308E-06   0.41588
FLUX  377   389.00        7.706748E+14   2.1322E-06   4.6792E-06   0.45569
FLUX  378   391.00        7.667327E+14   2.3494E-06   4.7276E-06   0.49697
FLUX  379   393.00        7.628308E+14   1.0372E-06   4.7756E-06   0.21718
FLUX  380   395.00        7.589684E+14   1.8765E-06   4.8233E-06   0.38904
FLUX  381   397.00        7.551448E+14   1.2381E-06   4.8707E-06   0.25419
FLUX  382   399.00        7.513596E+14   2.7921E-06   4.9177E-06   0.56776
FLUX  383   401.00        7.476122E+14   3.0971E-06   4.9653E-06   0.62375
FLUX  384   403.00        7.439020E+14   3.1936E-06   5.0132E-06   0.63704
FLUX  385   405.00        7.402284E+14   3.1658E-06   5.0606E-06   0.62558
FLUX  386   407.00        7.365909E+14   3.1391E-06   5.1076E-06   0.61460
FLUX  387   409.00        7.329890E+14   3.5277E-06   5.1540E-06   0.68447
FLUX  388   411.00        7.294221E+14   3.4681E-06   5.1999E-06   0.66695
FLUX  389   413.00        7.258898E+14   3.5322E-06   5.2455E-06   0.67339
FLUX  390   415.00        7.223916E+14   3.6998E-06   5.2915E-06   0.69918
FLUX  391   417.00        7.189269E+14   3.6391E-06   5.3376E-06   0.68179
FLUX  392   419.00        7.154952E+14   3.6390E-06   5.3826E-06   0.67606
FLUX  393   421.00        7.120962E+14   3.6793E-06   5.4269E-06   0.67798
FLUX  394   423.00        7.087293E+14   3.6244E-06   5.4706E-06   0.66253
FLUX  395   425.00        7.053941E+14   3.7273E-06   5.5138E-06   0.67599
FLUX  396   427.00        7.020902E+14   3.6153E-06   5.5564E-06   0.65065
FLUX  397   429.00        6.988170E+14   3.3467E-06   5.5986E-06   0.59777
FLUX  398   431.00        6.955742E+14   2.8464E-06   5.6405E-06   0.50463
FLUX  399   433.00        6.923614E+14   3.9398E-06   5.6819E-06   0.69340
FLUX  400   435.00        6.891782E+14   3.8030E-06   5.7233E-06   0.66449
FLUX  401   437.00        6.860240E+14   4.2456E-06   5.7638E-06   0.73660
FLUX  402   439.00        6.828986E+14   3.9883E-06   5.8039E-06   0.68718
FLUX  403   441.00        6.798016E+14   4.2252E-06   5.8436E-06   0.72304
FLUX  404   443.00        6.767325E+14   4.3678E-06   5.8830E-06   0.74245
FLUX  405   445.00        6.736910E+14   4.3977E-06   5.9220E-06   0.74260
FLUX  406   447.00        6.706767E+14   4.6467E-06   5.9607E-06   0.77955
FLUX  407   449.00        6.676893E+14   4.7074E-06   5.9990E-06   0.78469
FLUX  408   451.00        6.647284E+14   5.2146E-06   6.0370E-06   0.86376
FLUX  409   453.00        6.617936E+14   4.7650E-06   6.0747E-06   0.78439
FLUX  410   455.00        6.588846E+14   4.9032E-06   6.1121E-06   0.80221
FLUX  411   457.00        6.560011E+14   5.2776E-06   6.1491E-06   0.85827
FLUX  412   459.00        6.531427E+14   4.9931E-06   6.1858E-06   0.80718
FLUX  413   461.00        6.503091E+14   5.2375E-06   6.2223E-06   0.84173
FLUX  414   463.00        6.475000E+14   5.1584E-06   6.2585E-06   0.82422
FLUX  415   465.00        6.447151E+14   5.3043E-06   6.2943E-06   0.84272
FLUX  416   467.00        6.419540E+14   5.4535E-06   6.3299E-06   0.86156
FLUX  417   469.00        6.392164E+14   5.3788E-06   6.3651E-06   0.84505
FLUX  418   471.00        6.365021E+14   5.2663E-06   6.4001E-06   0.82284
FLUX  419   473.00        6.338108E+14   5.5622E-06   6.4347E-06   0.86440
FLUX  420   475.00        6.311421E+14   5.7255E-06   6.4691E-06   0.88506
FLUX  421   477.00        6.284958E+14   5.7577E-06   6.5033E-06   0.88536
FLUX  422   479.00        6.258716E+14   5.7957E-06   6.5369E-06   0.88660
FLUX  423   481.00        6.232692E+14   5.7472E-06   6.5704E-06   0.87472
FLUX  424   483.00        6.206884E+14   5.9052E-06   6.6036E-06   0.89425
FLUX  425   485.00        6.181289E+14   5.5725E-06   6.6366E-06   0.83967
FLUX  426   487.00        6.155903E+14   5.0554E-06   6.6694E-06   0.75799
FLUX  427   489.00        6.130726E+14   5.8029E-06   6.7020E-06   0.86585
FLUX  428   491.00        6.105754E+14   5.8150E-06   6.7343E-06   0.86350
FLUX  429   493.00        6.080984E+14   5.7708E-06   6.7663E-06   0.85287
FLUX  430   495.00        6.056414E+14   6.0920E-06   6.7981E-06   0.89614
FLUX  431   497.00        6.032042E+14   6.1262E-06   6.8295E-06   0.89701
FLUX  432   499.00        6.007866E+14   5.7376E-06   6.8607E-06   0.83629
FLUX  433   501.00        5.983882E+14   5.5574E-06   6.8917E-06   0.80639
FLUX  434   503.00        5.960089E+14   5.9095E-06   6.9223E-06   0.85369
FLUX  435   505.00        5.936485E+14   6.0221E-06   6.9528E-06   0.86615
FLUX  436   507.00        5.913067E+14   6.2895E-06   6.9829E-06   0.90070
FLUX  437   509.00        5.889833E+14   6.1022E-06   7.0129E-06   0.87014
FLUX  438   511.00        5.866781E+14   6.2328E-06   7.0427E-06   0.88501
FLUX  439   513.00        5.843908E+14   6.0749E-06   7.0721E-06   0.85900
FLUX  440   515.00        5.821214E+14   5.9814E-06   7.1013E-06   0.84229
FLUX  441   517.00        5.798694E+14   5.9406E-06   7.1303E-06   0.83315
FLUX  442   519.00        5.776349E+14   5.9711E-06   7.1590E-06   0.83407
FLUX  443   521.00        5.754175E+14   6.1762E-06   7.1874E-06   0.85931
FLUX  444   523.00        5.732170E+14   6.2854E-06   7.2155E-06   0.87110
FLUX  445   525.00        5.710333E+14   6.4171E-06   7.2434E-06   0.88592
FLUX  446   527.00        5.688662E+14   5.9047E-06   7.2710E-06   0.81208
FLUX  447   529.00        5.667155E+14   6.5028E-06   7.2984E-06   0.89099
FLUX  448   531.00        5.645810E+14   6.6718E-06   7.3255E-06   0.91077
FLUX  449   533.00        5.624625E+14   6.2781E-06   7.3524E-06   0.85388
FLUX  450   535.00        5.603598E+14   6.7077E-06   7.3790E-06   0.90902
FLUX  451   537.00        5.582728E+14   6.7659E-06   7.4053E-06   0.91366
FLUX  452   539.00        5.562013E+14   6.7035E-06   7.4370E-06   0.90138
FLUX  453   541.00        5.541451E+14   6.5671E-06   7.4628E-06   0.87999
FLUX  454   543.00        5.521041E+14   6.7501E-06   7.4883E-06   0.90142
FLUX  455   545.00        5.500780E+14   7.0131E-06   7.5136E-06   0.93339
FLUX  456   547.00        5.480667E+14   6.8760E-06   7.5386E-06   0.91210
FLUX  457   549.00        5.460701E+14   6.9371E-06   7.5634E-06   0.91719
FLUX  458   551.00        5.440880E+14   6.9197E-06   7.5880E-06   0.91193
FLUX  459   553.00        5.421203E+14   7.0241E-06   7.6124E-06   0.92271
FLUX  460   555.00        5.401667E+14   7.1217E-06   7.6367E-06   0.93257
FLUX  461   557.00        5.382271E+14   7.0460E-06   7.6608E-06   0.91975
FLUX  462   559.00        5.363014E+14   6.9824E-06   7.6846E-06   0.90862
FLUX  463   561.00        5.343895E+14   7.2106E-06   7.7082E-06   0.93544
FLUX  464   563.00        5.324911E+14   7.2299E-06   7.7381E-06   0.93433
FLUX  465   565.00        5.306062E+14   7.2442E-06   7.7612E-06   0.93338
FLUX  466   567.00        5.287346E+14   7.1231E-06   7.7840E-06   0.91509
FLUX  467   569.00        5.268761E+14   7.3088E-06   7.8066E-06   0.93624
FLUX  468   571.00        5.250306E+14   7.2208E-06   7.8288E-06   0.92234
FLUX  469   573.00        5.231981E+14   7.6767E-06   7.8508E-06   0.97783
FLUX  470   575.00        5.213783E+14   7.4810E-06   7.8725E-06   0.95028
FLUX  471   577.00        5.195711E+14   7.5977E-06   7.8939E-06   0.96248
FLUX  472   579.00        5.177763E+14   7.4609E-06   7.9151E-06   0.94262
FLUX  473   581.00        5.159940E+14   7.6333E-06   7.9360E-06   0.96186
FLUX  474   583.00        5.142238E+14   7.7821E-06   7.9567E-06   0.97806
FLUX  475   585.00        5.124658E+14   7.6734E-06   7.9772E-06   0.96192
FLUX  476   587.00        5.107198E+14   7.7463E-06   7.9974E-06   0.96860
FLUX  477   589.00        5.089856E+14   7.5015E-06   8.0174E-06   0.93565
FLUX  478   591.00        5.072631E+14   7.7491E-06   8.0372E-06   0.96416
FLUX  479   593.00        5.055523E+14   7.7798E-06   8.0567E-06   0.96563
FLUX  480   595.00        5.038529E+14   7.8317E-06   8.0760E-06   0.96975
FLUX  481   597.00        5.021650E+14   7.9064E-06   8.0950E-06   0.97669
FLUX  482   599.00        5.004883E+14   7.8545E-06   8.1137E-06   0.96806
FLUX  483   601.00        4.988228E+14   7.7778E-06   8.1320E-06   0.95644
FLUX  484   603.00        4.971683E+14   7.8704E-06   8.1502E-06   0.96566
FLUX  485   605.00        4.955248E+14   8.0315E-06   8.1682E-06   0.98327
FLUX  486   607.00        4.938921E+14   8.0421E-06   8.1859E-06   0.98243
FLUX  487   609.00        4.922701E+14   7.8763E-06   8.2036E-06   0.96011
FLUX  488   611.00        4.906588E+14   7.8528E-06   8.2210E-06   0.95522
FLUX  489   613.00        4.890579E+14   7.6725E-06   8.2382E-06   0.93133
FLUX  490   615.00        4.874675E+14   7.7717E-06   8.2552E-06   0.94144
FLUX  491   617.00        4.858874E+14   7.6768E-06   8.2719E-06   0.92805
FLUX  492   619.00        4.843174E+14   8.0263E-06   8.2885E-06   0.96836
FLUX  493   621.00        4.827576E+14   8.0828E-06   8.3050E-06   0.97325
FLUX  494   623.00        4.812079E+14   7.9041E-06   8.3212E-06   0.94988
FLUX  495   625.00        4.796680E+14   7.6669E-06   8.3371E-06   0.91961
FLUX  496   627.00        4.781380E+14   8.1005E-06   8.3656E-06   0.96831
FLUX  497   629.00        4.766176E+14   8.1538E-06   8.3811E-06   0.97288
FLUX  498   631.00        4.751070E+14   7.9584E-06   8.3964E-06   0.94784
FLUX  499   633.00        4.736058E+14   8.0797E-06   8.4115E-06   0.96055
FLUX  500   635.00        4.721142E+14   8.1281E-06   8.4277E-06   0.96446
FLUX  501   637.00        4.706319E+14   8.1166E-06   8.4424E-06   0.96141
FLUX  502   639.00        4.691588E+14   8.2150E-06   8.4569E-06   0.97139
FLUX  503   641.00        4.676950E+14   8.0685E-06   8.4713E-06   0.95245
FLUX  504   643.00        4.662403E+14   8.1705E-06   8.4854E-06   0.96289
FLUX  505   645.00        4.647946E+14   8.1681E-06   8.4994E-06   0.96102
FLUX  506   647.00        4.633578E+14   8.1868E-06   8.5131E-06   0.96167
FLUX  507   649.00        4.619299E+14   8.0951E-06   8.5267E-06   0.94938
FLUX  508   651.00        4.605108E+14   8.2888E-06   8.5421E-06   0.97034
FLUX  509   653.00        4.591003E+14   8.3366E-06   8.5553E-06   0.97444
FLUX  510   655.00        4.576985E+14   8.1331E-06   8.5757E-06   0.94838
FLUX  511   657.00        4.563052E+14   7.2348E-06   8.5886E-06   0.84238
FLUX  512   659.00        4.549203E+14   8.2845E-06   8.6012E-06   0.96318
FLUX  513   661.00        4.535439E+14   8.4023E-06   8.6136E-06   0.97547
FLUX  514   663.00        4.521757E+14   8.4215E-06   8.6259E-06   0.97631
FLUX  515   665.00        4.508158E+14   8.4334E-06   8.6380E-06   0.97632
FLUX  516   667.00        4.494640E+14   8.3862E-06   8.6499E-06   0.96952
FLUX  517   669.00        4.481203E+14   8.5404E-06   8.6616E-06   0.98601
FLUX  518   671.00        4.467846E+14   8.4049E-06   8.6731E-06   0.96908
FLUX  519   673.00        4.454569E+14   8.5352E-06   8.6845E-06   0.98281
FLUX  520   675.00        4.441370E+14   8.4649E-06   8.6957E-06   0.97346
FLUX  521   677.00        4.428250E+14   8.5333E-06   8.7067E-06   0.98009
FLUX  522   679.00        4.415206E+14   8.5028E-06   8.7176E-06   0.97536
FLUX  523   681.00        4.402239E+14   8.5234E-06   8.7283E-06   0.97653
FLUX  524   683.00        4.389348E+14   8.5725E-06   8.7388E-06   0.98097
FLUX  525   685.00        4.376533E+14   8.4457E-06   8.7492E-06   0.96532
FLUX  526   687.00        4.363792E+14   8.5765E-06   8.7594E-06   0.97912
FLUX  527   689.00        4.351125E+14   8.6298E-06   8.7694E-06   0.98408
FLUX  528   691.00        4.338531E+14   8.5921E-06   8.7793E-06   0.97868
FLUX  529   693.00        4.326010E+14   8.6156E-06   8.7890E-06   0.98028
FLUX  530   695.00        4.313561E+14   8.6137E-06   8.7985E-06   0.97899
FLUX  531   697.00        4.301184E+14   8.6427E-06   8.8079E-06   0.98124
FLUX  532   699.00        4.288877E+14   8.6630E-06   8.8171E-06   0.98252
FLUX  533   701.00        4.276641E+14   8.4406E-06   8.8261E-06   0.95632
FLUX  534   703.00        4.264474E+14   8.6083E-06   8.8350E-06   0.97434
FLUX  535   705.00        4.252376E+14   8.6735E-06   8.8437E-06   0.98076
FLUX  536   707.00        4.240347E+14   8.6368E-06   8.8523E-06   0.97566
FLUX  537   709.00        4.228385E+14   8.6377E-06   8.8607E-06   0.97482
FLUX  538   711.00        4.216491E+14   8.6327E-06   8.8690E-06   0.97335
FLUX  539   713.00        4.204663E+14   8.6081E-06   8.8771E-06   0.96969
FLUX  540   715.00        4.192902E+14   8.6210E-06   8.8851E-06   0.97028
FLUX  541   717.00        4.181206E+14   8.6232E-06   8.8929E-06   0.96967
FLUX  542   719.00        4.169576E+14   8.4493E-06   8.9006E-06   0.94930
FLUX  543   721.00        4.158010E+14   8.6253E-06   8.9081E-06   0.96826
FLUX  544   723.00        4.146508E+14   8.6282E-06   8.9154E-06   0.96778
FLUX  545   725.00        4.135069E+14   8.7210E-06   8.9271E-06   0.97691
FLUX  546   727.00        4.123693E+14   8.7302E-06   8.9342E-06   0.97716
FLUX  547   729.00        4.112380E+14   8.5430E-06   8.9411E-06   0.95548
FLUX  548   731.00        4.101129E+14   8.6670E-06   8.9576E-06   0.96756
FLUX  549   733.00        4.089939E+14   8.7165E-06   8.9643E-06   0.97236
FLUX  550   735.00        4.078810E+14   8.7484E-06   8.9708E-06   0.97521
FLUX  551   737.00        4.067741E+14   8.8065E-06   8.9772E-06   0.98099
FLUX  552   739.00        4.056732E+14   8.6338E-06   8.9835E-06   0.96108
FLUX  553   741.00        4.045783E+14   8.5261E-06   8.9896E-06   0.94844
FLUX  554   743.00        4.034892E+14   8.6607E-06   8.9956E-06   0.96277
FLUX  555   745.00        4.024060E+14   8.7229E-06   9.0014E-06   0.96906
FLUX  556   747.00        4.013286E+14   8.7872E-06   9.0071E-06   0.97558
FLUX  557   749.00        4.002570E+14   8.7530E-06   9.0127E-06   0.97119
FLUX  558   751.00        3.991911E+14   8.7949E-06   9.0182E-06   0.97524
FLUX  559   753.00        3.981308E+14   8.8263E-06   9.0235E-06   0.97814
FLUX  560   755.00        3.970762E+14   8.8965E-06   9.0288E-06   0.98535
FLUX  561   757.00        3.960271E+14   8.8390E-06   9.0339E-06   0.97843
FLUX  562   759.00        3.949835E+14   8.8547E-06   9.0389E-06   0.97962
FLUX  563   761.00        3.939455E+14   8.8476E-06   9.0437E-06   0.97832
FLUX  564   763.00        3.929128E+14   8.8945E-06   9.0484E-06   0.98299
FLUX  565   765.00        3.918856E+14   8.8957E-06   9.0530E-06   0.98263
FLUX  566   767.00        3.908638E+14   8.7240E-06   9.0575E-06   0.96319
FLUX  567   769.00        3.898472E+14   8.9060E-06   9.0618E-06   0.98281
FLUX  568   771.00        3.888359E+14   8.7973E-06   9.0661E-06   0.97035
FLUX  569   773.00        3.878299E+14   8.8649E-06   9.0702E-06   0.97737
FLUX  570   775.00        3.868290E+14   8.8086E-06   9.0742E-06   0.97073
FLUX  571   777.00        3.858333E+14   8.8678E-06   9.0781E-06   0.97683
FLUX  572   779.00        3.848427E+14   8.9662E-06   9.0820E-06   0.98725
FLUX  573   781.00        3.838572E+14   8.9521E-06   9.0857E-06   0.98530
FLUX  574   783.00        3.828768E+14   8.8988E-06   9.0893E-06   0.97904
FLUX  575   785.00        3.819013E+14   8.8660E-06   9.0928E-06   0.97506
FLUX  576   787.00        3.809307E+14   8.9832E-06   9.0961E-06   0.98758
FLUX  577   789.00        3.799651E+14   8.9671E-06   9.0994E-06   0.98546
FLUX  578   791.00        3.790044E+14   8.8856E-06   9.1026E-06   0.97617
FLUX  579   793.00        3.780485E+14   8.8086E-06   9.1057E-06   0.96737
FLUX  580   795.00        3.770975E+14   8.8339E-06   9.1086E-06   0.96984
FLUX  581   797.00        3.761512E+14   8.9857E-06   9.1115E-06   0.98620
FLUX  582   799.00        3.752096E+14   9.0054E-06   9.1142E-06   0.98806
FLUX  583   801.00        3.742728E+14   8.9292E-06   9.1169E-06   0.97942
FLUX  584   803.00        3.733406E+14   8.9313E-06   9.1194E-06   0.97938
FLUX  585   805.00        3.724130E+14   8.9190E-06   9.1218E-06   0.97777
FLUX  586   807.00        3.714901E+14   8.9788E-06   9.1241E-06   0.98407
FLUX  587   809.00        3.705717E+14   8.8732E-06   9.1264E-06   0.97226
FLUX  588   811.00        3.696578E+14   8.9933E-06   9.1285E-06   0.98519
FLUX  589   813.00        3.687485E+14   9.0323E-06   9.1305E-06   0.98924
FLUX  590   815.00        3.678436E+14   9.0046E-06   9.1324E-06   0.98600
FLUX  591   817.00        3.669431E+14   9.0132E-06   9.1343E-06   0.98674
FLUX  592   819.00        3.660470E+14   8.8098E-06   9.1360E-06   0.96430
FLUX  593   821.00        3.651553E+14   8.8438E-06   9.2587E-06   0.95520
FLUX  594   823.00        3.642679E+14   8.8659E-06   9.2604E-06   0.95740
FLUX  595   825.00        3.633848E+14   8.9123E-06   9.2621E-06   0.96224
FLUX  596   827.00        3.625060E+14   9.0336E-06   9.2636E-06   0.97517
FLUX  597   829.00        3.616315E+14   9.0099E-06   9.2651E-06   0.97246
FLUX  598   831.00        3.607611E+14   8.8737E-06   9.2665E-06   0.95761
FLUX  599   833.00        3.598950E+14   8.8132E-06   9.2678E-06   0.95094
FLUX  600   835.00        3.590329E+14   8.9124E-06   9.2691E-06   0.96152
FLUX  601   837.00        3.581750E+14   8.9330E-06   9.2702E-06   0.96362
FLUX  602   839.00        3.573212E+14   8.8383E-06   9.2713E-06   0.95330
FLUX  603   841.00        3.564715E+14   8.9541E-06   9.2723E-06   0.96568
FLUX  604   843.00        3.556257E+14   8.8653E-06   9.2732E-06   0.95602
FLUX  605   845.00        3.547840E+14   8.9047E-06   9.2740E-06   0.96018
FLUX  606   847.00        3.539463E+14   8.8346E-06   9.2748E-06   0.95255
FLUX  607   849.00        3.531125E+14   8.9970E-06   9.2754E-06   0.96999
FLUX  608   851.00        3.522826E+14   8.4894E-06   9.2760E-06   0.91519
FLUX  609   853.00        3.514566E+14   9.0798E-06   9.2765E-06   0.97879
FLUX  610   855.00        3.506345E+14   8.3223E-06   9.2769E-06   0.89710
FLUX  611   857.00        3.498162E+14   9.1626E-06   9.2773E-06   0.98763
FLUX  612   859.00        3.490017E+14   8.9208E-06   9.2776E-06   0.96154
FLUX  613   861.00        3.481911E+14   8.8575E-06   9.2778E-06   0.95470
FLUX  614   863.00        3.473841E+14   9.1159E-06   9.2779E-06   0.98254
FLUX  615   865.00        3.465809E+14   9.1262E-06   9.2780E-06   0.98364
FLUX  616   867.00        3.457814E+14   8.2155E-06   9.2780E-06   0.88548
FLUX  617   869.00        3.449856E+14   8.8960E-06   9.2779E-06   0.95884
FLUX  618   871.00        3.441935E+14   9.0528E-06   9.2777E-06   0.97576
FLUX  619   873.00        3.434049E+14   9.0726E-06   9.2775E-06   0.97791
FLUX  620   875.00        3.426200E+14   8.7066E-06   9.2772E-06   0.93849
FLUX  621   877.00        3.418387E+14   9.1163E-06   9.2768E-06   0.98270
FLUX  622   879.00        3.410609E+14   9.0779E-06   9.2764E-06   0.97860
FLUX  623   881.00        3.402866E+14   8.9703E-06   9.2759E-06   0.96705
FLUX  624   883.00        3.395159E+14   9.0378E-06   9.2753E-06   0.97439
FLUX  625   885.00        3.387486E+14   9.0257E-06   9.2747E-06   0.97315
FLUX  626   887.00        3.379848E+14   8.6690E-06   9.2740E-06   0.93476
FLUX  627   889.00        3.372244E+14   9.1080E-06   9.2732E-06   0.98218
FLUX  628   891.00        3.364675E+14   9.1514E-06   9.2724E-06   0.98695
FLUX  629   893.00        3.357139E+14   9.0088E-06   9.2715E-06   0.97166
FLUX  630   895.00        3.349637E+14   9.0587E-06   9.2706E-06   0.97715
FLUX  631   897.00        3.342168E+14   9.0898E-06   9.2695E-06   0.98061
FLUX  632   899.00        3.334733E+14   9.1055E-06   9.2685E-06   0.98242
FLUX  633   901.00        3.327331E+14   8.6167E-06   9.2673E-06   0.92980
FLUX  634   903.00        3.319961E+14   9.0160E-06   9.2661E-06   0.97301
FLUX  635   905.00        3.312624E+14   9.2070E-06   9.2648E-06   0.99377
FLUX  636   907.00        3.305320E+14   9.0017E-06   9.2634E-06   0.97175
FLUX  637   909.00        3.298047E+14   8.7980E-06   9.2620E-06   0.94990
FLUX  638   911.00        3.290807E+14   8.9557E-06   9.2606E-06   0.96708
FLUX  639   913.00        3.283598E+14   9.1413E-06   9.2590E-06   0.98729
FLUX  640   915.00        3.276421E+14   9.1390E-06   9.2575E-06   0.98720
FLUX  641   917.00        3.269275E+14   9.1303E-06   9.2558E-06   0.98643
FLUX  642   919.00        3.262160E+14   9.1966E-06   9.2542E-06   0.99378
FLUX  643   921.00        3.255076E+14   8.9922E-06   9.2525E-06   0.97187
FLUX  644   923.00        3.248023E+14   8.6591E-06   9.2507E-06   0.93604
FLUX  645   925.00        3.241000E+14   8.9293E-06   9.2489E-06   0.96544
FLUX  646   927.00        3.234008E+14   9.0426E-06   9.2472E-06   0.97788
FLUX  647   929.00        3.227045E+14   9.1367E-06   9.2454E-06   0.98825
FLUX  648   931.00        3.220113E+14   9.1687E-06   9.2435E-06   0.99190
FLUX  649   933.00        3.213210E+14   9.1299E-06   9.2416E-06   0.98791
FLUX  650   935.00        3.206337E+14   9.1330E-06   9.2397E-06   0.98846
FLUX  651   937.00        3.199493E+14   9.1123E-06   9.2377E-06   0.98643
FLUX  652   939.00        3.192678E+14   9.1389E-06   9.2357E-06   0.98952
FLUX  653   941.00        3.185893E+14   8.8091E-06   9.2337E-06   0.95402
FLUX  654   943.00        3.179136E+14   9.0894E-06   9.2316E-06   0.98460
FLUX  655   945.00        3.172407E+14   9.0083E-06   9.2295E-06   0.97603
FLUX  656   947.00        3.165707E+14   9.1492E-06   9.2274E-06   0.99153
FLUX  657   949.00        3.159036E+14   9.1904E-06   9.2252E-06   0.99622
FLUX  658   951.00        3.152392E+14   9.1331E-06   9.2230E-06   0.99025
FLUX  659   953.00        3.145776E+14   9.1027E-06   9.2207E-06   0.98720
FLUX  660   955.00        3.139188E+14   8.6954E-06   9.2182E-06   0.94329
FLUX  661   957.00        3.132628E+14   9.0462E-06   9.2157E-06   0.98161
FLUX  662   959.00        3.126095E+14   9.1553E-06   9.2132E-06   0.99371
FLUX  663   961.00        3.119589E+14   9.0575E-06   9.2106E-06   0.98337
FLUX  664   963.00        3.113110E+14   8.9802E-06   9.2080E-06   0.97526
FLUX  665   965.00        3.106658E+14   9.0127E-06   9.2053E-06   0.97907
FLUX  666   967.00        3.100233E+14   8.9756E-06   9.2026E-06   0.97533
FLUX  667   969.00        3.093834E+14   9.0669E-06   9.1999E-06   0.98554
FLUX  668   971.00        3.087461E+14   9.0970E-06   9.1971E-06   0.98912
FLUX  669   973.00        3.081115E+14   9.1063E-06   9.1943E-06   0.99043
FLUX  670   975.00        3.074795E+14   9.0022E-06   9.1914E-06   0.97941
FLUX  671   977.00        3.068501E+14   9.0602E-06   9.1885E-06   0.98603
FLUX  672   979.00        3.062232E+14   9.0325E-06   9.1856E-06   0.98333
FLUX  673   981.00        3.055989E+14   9.0983E-06   9.1826E-06   0.99082
FLUX  674   983.00        3.049771E+14   9.0952E-06   9.1796E-06   0.99080
FLUX  675   985.00        3.043579E+14   9.0747E-06   9.1766E-06   0.98890
FLUX  676   987.00        3.037411E+14   9.0359E-06   9.1735E-06   0.98500
FLUX  677   989.00        3.031269E+14   9.0249E-06   9.1704E-06   0.98413
FLUX  678   991.00        3.025151E+14   9.0253E-06   9.1672E-06   0.98452
FLUX  679   993.00        3.019058E+14   9.0861E-06   9.1641E-06   0.99149
FLUX  680   995.00        3.012990E+14   9.0938E-06   9.1609E-06   0.99268
FLUX  681   997.00        3.006946E+14   9.1016E-06   9.1576E-06   0.99388
FLUX  682   999.00        3.000926E+14   9.0898E-06   9.1544E-06   0.99295
FLUX  683  1002.50        2.990449E+14   9.0259E-06   9.1486E-06   0.98659
FLUX  684  1007.50        2.975608E+14   8.9049E-06   9.1403E-06   0.97425
FLUX  685  1012.50        2.960914E+14   9.0201E-06   9.1318E-06   0.98777
FLUX  686  1017.50        2.946364E+14   8.9752E-06   9.1230E-06   0.98380
FLUX  687  1022.50        2.931956E+14   9.0123E-06   9.1140E-06   0.98884
FLUX  688  1027.50        2.917689E+14   9.0667E-06   9.1049E-06   0.99580
FLUX  689  1032.50        2.903559E+14   8.9642E-06   9.0950E-06   0.98562
FLUX  690  1037.50        2.889566E+14   8.9673E-06   9.0846E-06   0.98708
FLUX  691  1042.50        2.875707E+14   9.0064E-06   9.0744E-06   0.99250
FLUX  692  1047.50        2.861981E+14   8.9040E-06   9.0643E-06   0.98231
FLUX  693  1052.50        2.848385E+14   8.9541E-06   9.0542E-06   0.98894
FLUX  694  1057.50        2.834917E+14   8.9534E-06   9.0440E-06   0.98998
FLUX  695  1062.50        2.821576E+14   8.9158E-06   9.0339E-06   0.98693
FLUX  696  1067.50        2.808361E+14   8.7594E-06   9.0237E-06   0.97071
FLUX  697  1072.50        2.795268E+14   8.8440E-06   9.0135E-06   0.98120
FLUX  698  1077.50        2.782297E+14   8.8207E-06   9.0033E-06   0.97972
FLUX  699  1082.50        2.769446E+14   8.7583E-06   8.9933E-06   0.97387
FLUX  700  1087.50        2.756713E+14   8.7746E-06   8.9832E-06   0.97679
FLUX  701  1092.50        2.744096E+14   8.6459E-06   8.9730E-06   0.96354
FLUX  702  1097.50        2.731595E+14   8.7363E-06   8.9626E-06   0.97475
FLUX  703  1102.50        2.719206E+14   8.8615E-06   8.9520E-06   0.98989
FLUX  704  1107.50        2.706930E+14   8.8749E-06   8.9414E-06   0.99257
FLUX  705  1112.50        2.694764E+14   8.8245E-06   8.9306E-06   0.98811
FLUX  706  1117.50        2.682707E+14   8.7898E-06   8.9193E-06   0.98548
FLUX  707  1122.50        2.670757E+14   8.8346E-06   8.9080E-06   0.99177
FLUX  708  1127.50        2.658914E+14   8.6892E-06   8.8966E-06   0.97669
FLUX  709  1132.50        2.647174E+14   8.6978E-06   8.8853E-06   0.97890
FLUX  710  1137.50        2.635538E+14   8.7305E-06   8.8741E-06   0.98382
FLUX  711  1142.50        2.624004E+14   8.6440E-06   8.8629E-06   0.97530
FLUX  712  1147.50        2.612571E+14   8.7931E-06   8.8516E-06   0.99339
FLUX  713  1152.50        2.601236E+14   8.7799E-06   8.8404E-06   0.99316
FLUX  714  1157.50        2.590000E+14   8.7181E-06   8.8291E-06   0.98743
FLUX  715  1162.50        2.578860E+14   8.6084E-06   8.8174E-06   0.97630
FLUX  716  1167.50        2.567816E+14   8.6057E-06   8.8053E-06   0.97733
FLUX  717  1172.50        2.556866E+14   8.7421E-06   8.7932E-06   0.99418
FLUX  718  1177.50        2.546008E+14   8.5738E-06   8.7812E-06   0.97637
FLUX  719  1182.50        2.535243E+14   8.6030E-06   8.7693E-06   0.98105
FLUX  720  1187.50        2.524568E+14   8.5252E-06   8.7573E-06   0.97349
FLUX  721  1192.50        2.513983E+14   8.7154E-06   8.7454E-06   0.99657
FLUX  722  1197.50        2.503486E+14   8.5029E-06   8.7335E-06   0.97360
FLUX  723  1202.50        2.493077E+14   8.6227E-06   8.7216E-06   0.98866
FLUX  724  1207.50        2.482754E+14   8.5692E-06   8.7097E-06   0.98387
FLUX  725  1212.50        2.472515E+14   8.5966E-06   8.6979E-06   0.98835
FLUX  726  1217.50        2.462361E+14   8.6474E-06   8.6861E-06   0.99554
FLUX  727  1222.50        2.452290E+14   8.6242E-06   8.6744E-06   0.99421
FLUX  728  1227.50        2.442301E+14   8.5889E-06   8.6628E-06   0.99148
FLUX  729  1232.50        2.432394E+14   8.5863E-06   8.6513E-06   0.99249
FLUX  730  1237.50        2.422566E+14   8.5764E-06   8.6398E-06   0.99266
FLUX  731  1242.50        2.412817E+14   8.5678E-06   8.6285E-06   0.99297
FLUX  732  1247.50        2.403146E+14   8.5741E-06   8.6173E-06   0.99499
FLUX  733  1252.50        2.393553E+14   8.5282E-06   8.6063E-06   0.99093
FLUX  734  1257.50        2.384036E+14   8.4980E-06   8.5953E-06   0.98868
FLUX  735  1262.50        2.374594E+14   8.5101E-06   8.5846E-06   0.99133
FLUX  736  1267.50        2.365227E+14   8.4831E-06   8.5740E-06   0.98939
FLUX  737  1272.50        2.355933E+14   8.5233E-06   8.5636E-06   0.99529
FLUX  738  1277.50        2.346712E+14   8.5191E-06   8.5535E-06   0.99597
FLUX  739  1282.50        2.337563E+14   8.0853E-06   8.5436E-06   0.94636
FLUX  740  1287.50        2.328485E+14   8.4538E-06   8.5338E-06   0.99063
FLUX  741  1292.50        2.319478E+14   8.4328E-06   8.5235E-06   0.98935
FLUX  742  1297.50        2.310539E+14   8.4662E-06   8.5126E-06   0.99455
FLUX  743  1302.50        2.301670E+14   8.4099E-06   8.5010E-06   0.98929
FLUX  744  1307.50        2.292868E+14   8.4481E-06   8.4893E-06   0.99515
FLUX  745  1312.50        2.284133E+14   8.3790E-06   8.4776E-06   0.98837
FLUX  746  1317.50        2.275465E+14   8.3450E-06   8.4659E-06   0.98572
FLUX  747  1322.50        2.266862E+14   8.4020E-06   8.4546E-06   0.99379
FLUX  748  1327.50        2.258324E+14   8.3185E-06   8.4432E-06   0.98523
FLUX  749  1332.50        2.249850E+14   8.3563E-06   8.4318E-06   0.99105
FLUX  750  1337.50        2.241439E+14   8.3270E-06   8.4204E-06   0.98891
FLUX  751  1342.50        2.233091E+14   8.3615E-06   8.4090E-06   0.99435
FLUX  752  1347.50        2.224805E+14   8.3409E-06   8.3976E-06   0.99324
FLUX  753  1352.50        2.216580E+14   8.3194E-06   8.3864E-06   0.99201
FLUX  754  1357.50        2.208416E+14   8.2348E-06   8.3752E-06   0.98324
FLUX  755  1362.50        2.200312E+14   8.2622E-06   8.3640E-06   0.98784
FLUX  756  1367.50        2.192267E+14   8.2488E-06   8.3527E-06   0.98755
FLUX  757  1372.50        2.184281E+14   8.1907E-06   8.3415E-06   0.98192
FLUX  758  1377.50        2.176352E+14   8.2191E-06   8.3303E-06   0.98665
FLUX  759  1382.50        2.168481E+14   8.2240E-06   8.3191E-06   0.98857
FLUX  760  1387.50        2.160667E+14   8.2361E-06   8.3079E-06   0.99136
FLUX  761  1392.50        2.152908E+14   8.2128E-06   8.2966E-06   0.98990
FLUX  762  1397.50        2.145206E+14   8.2127E-06   8.2854E-06   0.99123
FLUX  763  1402.50        2.137558E+14   8.1490E-06   8.2742E-06   0.98487
FLUX  764  1407.50        2.129964E+14   8.1938E-06   8.2629E-06   0.99164
FLUX  765  1412.50        2.122425E+14   8.1248E-06   8.2517E-06   0.98462
FLUX  766  1417.50        2.114938E+14   8.1796E-06   8.2404E-06   0.99262
FLUX  767  1422.50        2.107504E+14   8.0694E-06   8.2288E-06   0.98063
FLUX  768  1427.50        2.100123E+14   8.0236E-06   8.2167E-06   0.97651
FLUX  769  1432.50        2.092792E+14   8.1057E-06   8.2043E-06   0.98798
FLUX  770  1437.50        2.085513E+14   8.1461E-06   8.1920E-06   0.99440
FLUX  771  1442.50        2.078284E+14   7.8729E-06   8.1796E-06   0.96249
FLUX  772  1447.50        2.071105E+14   8.0868E-06   8.1674E-06   0.99014
FLUX  773  1452.50        2.063976E+14   7.9368E-06   8.1549E-06   0.97325
FLUX  774  1457.00        2.057601E+14   8.0336E-06   8.1438E-06   0.98647
FLUX  775  1462.00        2.050564E+14   8.0403E-06   8.2429E-06   0.97542
FLUX  776  1467.50        2.042879E+14   8.1122E-06   8.2309E-06   0.98559
FLUX  777  1472.50        2.035942E+14   7.9861E-06   8.2199E-06   0.97156
FLUX  778  1477.50        2.029052E+14   7.9473E-06   8.2089E-06   0.96814
FLUX  779  1482.50        2.022209E+14   7.9497E-06   8.1976E-06   0.96976
FLUX  780  1487.50        2.015412E+14   7.8590E-06   8.1862E-06   0.96004
FLUX  781  1492.50        2.008660E+14   7.9661E-06   8.1746E-06   0.97450
FLUX  782  1497.50        2.001953E+14   7.8598E-06   8.1629E-06   0.96287
FLUX  783  1502.50        1.995291E+14   7.8014E-06   8.1510E-06   0.95711
FLUX  784  1507.50        1.988673E+14   7.7285E-06   8.1389E-06   0.94957
FLUX  785  1512.50        1.982099E+14   7.8192E-06   8.1265E-06   0.96218
FLUX  786  1517.50        1.975568E+14   7.8305E-06   8.1138E-06   0.96508
FLUX  787  1522.50        1.969080E+14   7.7905E-06   8.1008E-06   0.96168
FLUX  788  1527.50        1.962635E+14   7.7772E-06   8.0874E-06   0.96165
FLUX  789  1532.50        1.956232E+14   7.7447E-06   8.0731E-06   0.95932
FLUX  790  1537.50        1.949870E+14   7.8015E-06   8.0585E-06   0.96811
FLUX  791  1542.50        1.943549E+14   7.6736E-06   8.0437E-06   0.95399
FLUX  792  1547.50        1.937270E+14   7.7712E-06   8.0286E-06   0.96793
FLUX  793  1552.50        1.931031E+14   7.7383E-06   8.0133E-06   0.96569
FLUX  794  1557.50        1.924831E+14   7.5346E-06   7.9975E-06   0.94212
FLUX  795  1562.50        1.918672E+14   7.8378E-06   7.9813E-06   0.98202
FLUX  796  1567.50        1.912552E+14   7.6096E-06   7.9647E-06   0.95543
FLUX  797  1572.50        1.906471E+14   7.5302E-06   7.9476E-06   0.94748
FLUX  798  1577.50        1.900428E+14   7.5977E-06   7.9301E-06   0.95809
FLUX  799  1582.50        1.894423E+14   7.6614E-06   7.9120E-06   0.96833
FLUX  800  1587.50        1.888457E+14   7.1981E-06   7.8933E-06   0.91193
FLUX  801  1592.50        1.882527E+14   7.5698E-06   7.8740E-06   0.96136
FLUX  802  1597.50        1.876635E+14   7.6773E-06   7.8541E-06   0.97749
FLUX  803  1605.00        1.867866E+14   7.5881E-06   7.8229E-06   0.96999
FLUX  804  1615.00        1.856300E+14   7.3827E-06   7.7782E-06   0.94914
FLUX  805  1625.00        1.844877E+14   7.5820E-06   7.7296E-06   0.98090
FLUX  806  1635.00        1.833593E+14   7.4578E-06   7.6747E-06   0.97173
FLUX  807  1645.00        1.822447E+14   7.2278E-06   7.6117E-06   0.94958
FLUX  808  1655.00        1.811435E+14   7.4213E-06   7.5433E-06   0.98382
FLUX  809  1665.00        1.800556E+14   7.3830E-06   7.4759E-06   0.98758
FLUX  810  1675.00        1.789806E+14   7.2415E-06   7.4093E-06   0.97735
FLUX  811  1685.00        1.779184E+14   6.9919E-06   7.3435E-06   0.95212
FLUX  812  1695.00        1.768687E+14   7.2285E-06   7.2786E-06   0.99311
FLUX  813  1705.00        1.758314E+14   7.0794E-06   7.2145E-06   0.98127
FLUX  814  1715.00        1.748061E+14   7.0800E-06   7.1512E-06   0.99004
FLUX  815  1725.00        1.737928E+14   6.9421E-06   7.0887E-06   0.97932
FLUX  816  1735.00        1.727911E+14   6.6364E-06   7.0270E-06   0.94442
FLUX  817  1745.00        1.718009E+14   6.8124E-06   6.9660E-06   0.97794
FLUX  818  1755.00        1.708219E+14   6.7999E-06   6.9059E-06   0.98465
FLUX  819  1765.00        1.698541E+14   6.7411E-06   6.8464E-06   0.98462
FLUX  820  1775.00        1.688972E+14   6.6872E-06   6.7877E-06   0.98520
FLUX  821  1785.00        1.679510E+14   6.6491E-06   6.7296E-06   0.98803
FLUX  822  1795.00        1.670153E+14   6.6143E-06   6.6723E-06   0.99132
FLUX  823  1805.00        1.660900E+14   6.5274E-06   6.6156E-06   0.98667
FLUX  824  1815.00        1.651749E+14   6.2754E-06   6.5596E-06   0.95667
FLUX  825  1825.00        1.642699E+14   6.3800E-06   6.5042E-06   0.98090
FLUX  826  1835.00        1.633747E+14   6.3750E-06   6.4491E-06   0.98850
FLUX  827  1845.00        1.624892E+14   6.2876E-06   6.3947E-06   0.98325
FLUX  828  1855.00        1.616132E+14   6.2613E-06   6.3409E-06   0.98745
FLUX  829  1865.00        1.607466E+14   6.1683E-06   6.2878E-06   0.98099
FLUX  830  1875.00        1.598893E+14   5.8869E-06   6.2354E-06   0.94411
FLUX  831  1885.00        1.590411E+14   6.0867E-06   6.1836E-06   0.98433
FLUX  832  1895.00        1.582018E+14   5.9353E-06   6.1327E-06   0.96780
FLUX  833  1905.00        1.573714E+14   6.0289E-06   6.0834E-06   0.99104
FLUX  834  1915.00        1.565496E+14   5.9626E-06   6.0338E-06   0.98821
FLUX  835  1925.00        1.557364E+14   5.9193E-06   5.9844E-06   0.98912
FLUX  836  1935.00        1.549315E+14   5.8309E-06   5.9357E-06   0.98235
FLUX  837  1945.00        1.541350E+14   5.5934E-06   5.8876E-06   0.95004
FLUX  838  1955.00        1.533465E+14   5.7672E-06   5.8400E-06   0.98754
FLUX  839  1965.00        1.525662E+14   5.7173E-06   5.7929E-06   0.98695
FLUX  840  1975.00        1.517937E+14   5.6602E-06   5.7464E-06   0.98500
FLUX  841  1985.00        1.510290E+14   5.6383E-06   5.7004E-06   0.98911
FLUX  842  1995.00        1.502719E+14   5.5955E-06   5.6550E-06   0.98948
FLUX  843  2005.00        1.495224E+14   5.5732E-06   5.6101E-06   0.99342
FLUX  844  2015.00        1.487804E+14   5.5503E-06   5.5657E-06   0.99723
FLUX  845  2025.00        1.480457E+14   5.4631E-06   5.5218E-06   0.98936
FLUX  846  2035.00        1.473182E+14   5.3953E-06   5.4785E-06   0.98481
FLUX  847  2045.00        1.465978E+14   5.4197E-06   5.4357E-06   0.99705
FLUX  848  2055.00        1.458844E+14   5.3660E-06   5.3933E-06   0.99492
FLUX  849  2065.00        1.451780E+14   5.2997E-06   5.3515E-06   0.99033
FLUX  850  2075.00        1.444783E+14   5.2694E-06   5.3101E-06   0.99232
FLUX  851  2085.00        1.437854E+14   5.2336E-06   5.2693E-06   0.99324
FLUX  852  2095.00        1.430990E+14   5.1728E-06   5.2288E-06   0.98927
FLUX  853  2105.00        1.424192E+14   5.1604E-06   5.1889E-06   0.99452
FLUX  854  2115.00        1.417459E+14   5.1098E-06   5.1494E-06   0.99232
FLUX  855  2125.00        1.410788E+14   5.0698E-06   5.1103E-06   0.99208
FLUX  856  2135.00        1.404180E+14   5.0465E-06   5.0717E-06   0.99503
FLUX  857  2145.00        1.397634E+14   5.0170E-06   5.0335E-06   0.99673
FLUX  858  2155.00        1.391148E+14   4.9784E-06   4.9957E-06   0.99655
FLUX  859  2165.00        1.384723E+14   4.7640E-06   4.9582E-06   0.96083
FLUX  860  2175.00        1.378356E+14   4.8770E-06   4.9212E-06   0.99102
FLUX  861  2185.00        1.372048E+14   4.8481E-06   4.8845E-06   0.99254
FLUX  862  2195.00        1.365797E+14   4.8372E-06   4.8483E-06   0.99771
FLUX  863  2205.00        1.359603E+14   4.7695E-06   4.8124E-06   0.99109
FLUX  864  2215.00        1.353465E+14   4.7503E-06   4.7769E-06   0.99442
FLUX  865  2225.00        1.347382E+14   4.7187E-06   4.7417E-06   0.99514
FLUX  866  2235.00        1.341353E+14   4.6849E-06   4.7069E-06   0.99534
FLUX  867  2245.00        1.335379E+14   4.6520E-06   4.6724E-06   0.99564
FLUX  868  2255.00        1.329457E+14   4.5985E-06   4.6383E-06   0.99143
FLUX  869  2265.00        1.323587E+14   4.5725E-06   4.6045E-06   0.99305
FLUX  870  2275.00        1.317769E+14   4.5527E-06   4.5711E-06   0.99597
FLUX  871  2285.00        1.312002E+14   4.5090E-06   4.5580E-06   0.98926
FLUX  872  2295.00        1.306285E+14   4.4574E-06   4.5252E-06   0.98501
FLUX  873  2305.00        1.300618E+14   4.4608E-06   4.4928E-06   0.99288
FLUX  874  2315.00        1.295000E+14   4.4158E-06   4.4608E-06   0.98991
FLUX  875  2325.00        1.289430E+14   4.3362E-06   4.4290E-06   0.97904
FLUX  876  2335.00        1.283908E+14   4.3282E-06   4.3976E-06   0.98421
FLUX  877  2345.00        1.278433E+14   4.3220E-06   4.3666E-06   0.98978
FLUX  878  2355.00        1.273004E+14   4.2224E-06   4.3359E-06   0.97384
FLUX  879  2365.00        1.267622E+14   4.2409E-06   4.3054E-06   0.98500
FLUX  880  2375.00        1.262284E+14   4.2092E-06   4.2753E-06   0.98452
FLUX  881  2385.00        1.256992E+14   4.1242E-06   4.2456E-06   0.97142
FLUX  882  2395.00        1.251743E+14   4.1418E-06   4.2161E-06   0.98237
FLUX  883  2405.00        1.246538E+14   4.1162E-06   4.1869E-06   0.98311
FLUX  884  2415.00        1.241377E+14   4.0500E-06   4.1580E-06   0.97402
FLUX  885  2425.00        1.236258E+14   4.0536E-06   4.1294E-06   0.98164
FLUX  886  2435.00        1.231181E+14   4.0154E-06   4.1011E-06   0.97910
FLUX  887  2445.00        1.226145E+14   3.9801E-06   4.0731E-06   0.97717
FLUX  888  2455.00        1.221151E+14   3.9487E-06   4.0453E-06   0.97611
FLUX  889  2465.00        1.216197E+14   3.9545E-06   4.0179E-06   0.98423
FLUX  890  2475.00        1.211283E+14   3.9096E-06   3.9907E-06   0.97968
FLUX  891  2485.00        1.206408E+14   3.8790E-06   3.9638E-06   0.97859
FLUX  892  2495.00        1.201573E+14   3.8371E-06   3.9372E-06   0.97457
FLUX  893  2505.00        1.196776E+14   3.8748E-06   3.9108E-06   0.99079
FLUX  894  2515.00        1.192018E+14   3.8204E-06   3.8847E-06   0.98343
FLUX  895  2525.00        1.187297E+14   3.7741E-06   3.8589E-06   0.97802
FLUX  896  2535.00        1.182613E+14   3.7874E-06   3.8333E-06   0.98803
FLUX  897  2545.00        1.177967E+14   3.7561E-06   3.8079E-06   0.98639
FLUX  898  2555.00        1.173356E+14   3.7251E-06   3.7828E-06   0.98474
FLUX  899  2565.00        1.168782E+14   3.6509E-06   3.7579E-06   0.97152
FLUX  900  2575.00        1.164243E+14   3.6996E-06   3.7333E-06   0.99097
FLUX  901  2585.00        1.159739E+14   3.6371E-06   3.7089E-06   0.98063
FLUX  902  2595.00        1.155270E+14   3.6466E-06   3.6847E-06   0.98965
FLUX  903  2605.00        1.150835E+14   3.6246E-06   3.6608E-06   0.99011
FLUX  904  2615.00        1.146434E+14   3.5442E-06   3.6371E-06   0.97447
FLUX  905  2625.00        1.142067E+14   3.4649E-06   3.6136E-06   0.95884
FLUX  906  2635.00        1.137732E+14   3.5536E-06   3.5903E-06   0.98976
FLUX  907  2645.00        1.133431E+14   3.5228E-06   3.5672E-06   0.98756
FLUX  908  2655.00        1.129162E+14   3.5056E-06   3.5443E-06   0.98908
FLUX  909  2665.00        1.124925E+14   3.4598E-06   3.5216E-06   0.98246
FLUX  910  2675.00        1.120720E+14   3.4102E-06   3.4991E-06   0.97459
FLUX  911  2685.00        1.116546E+14   3.4559E-06   3.4768E-06   0.99398
FLUX  912  2695.00        1.112403E+14   3.4343E-06   3.4548E-06   0.99406
FLUX  913  2705.00        1.108290E+14   3.4129E-06   3.4329E-06   0.99417
FLUX  914  2715.00        1.104208E+14   3.3911E-06   3.4112E-06   0.99412
FLUX  915  2725.00        1.100156E+14   3.3702E-06   3.3898E-06   0.99423
FLUX  916  2735.00        1.096133E+14   3.3534E-06   3.3685E-06   0.99551
FLUX  917  2745.00        1.092140E+14   3.3374E-06   3.3474E-06   0.99701
FLUX  918  2755.00        1.088176E+14   3.2468E-06   3.3266E-06   0.97602
FLUX  919  2765.00        1.084241E+14   3.2723E-06   3.3059E-06   0.98983
FLUX  920  2775.00        1.080333E+14   3.2671E-06   3.2854E-06   0.99441
FLUX  921  2785.00        1.076454E+14   3.2499E-06   3.2651E-06   0.99533
FLUX  922  2795.00        1.072603E+14   3.2370E-06   3.2450E-06   0.99753
FLUX  923  2805.00        1.068779E+14   3.2155E-06   3.2251E-06   0.99702
FLUX  924  2815.00        1.064982E+14   3.1970E-06   3.2054E-06   0.99741
FLUX  925  2825.00        1.061212E+14   3.1760E-06   3.1858E-06   0.99693
FLUX  926  2835.00        1.057469E+14   3.1621E-06   3.1664E-06   0.99865
FLUX  927  2845.00        1.053752E+14   3.1330E-06   3.1472E-06   0.99549
FLUX  928  2855.00        1.050061E+14   3.1201E-06   3.1281E-06   0.99743
FLUX  929  2865.00        1.046396E+14   3.0945E-06   3.1093E-06   0.99526
FLUX  930  2875.00        1.042757E+14   3.0103E-06   3.0905E-06   0.97405
FLUX  931  2885.00        1.039142E+14   3.0605E-06   3.0720E-06   0.99627
FLUX  932  2895.00        1.035553E+14   3.0467E-06   3.0536E-06   0.99774
FLUX  933  2905.00        1.031988E+14   3.0296E-06   3.0354E-06   0.99809
FLUX  934  2915.00        1.028448E+14   3.0077E-06   3.0173E-06   0.99684
FLUX  935  2925.00        1.024932E+14   2.9863E-06   2.9994E-06   0.99564
FLUX  936  2935.00        1.021440E+14   2.9762E-06   2.9816E-06   0.99816
FLUX  937  2945.00        1.017971E+14   2.9513E-06   2.9640E-06   0.99570
FLUX  938  2955.00        1.014526E+14   2.9403E-06   2.9466E-06   0.99785
FLUX  939  2965.00        1.011105E+14   2.9255E-06   2.9293E-06   0.99870
FLUX  940  2975.00        1.007706E+14   2.9071E-06   2.9122E-06   0.99824
FLUX  941  2985.00        1.004330E+14   2.8906E-06   2.8950E-06   0.99849
FLUX  942  2995.00        1.000977E+14   2.8694E-06   2.8778E-06   0.99708
FLUX  943  3005.00        9.976456E+13   2.8527E-06   2.8610E-06   0.99710
FLUX  944  3015.00        9.943367E+13   2.8390E-06   2.8443E-06   0.99813
FLUX  945  3025.00        9.910496E+13   2.8207E-06   2.8278E-06   0.99749
FLUX  946  3035.00        9.877842E+13   2.7461E-06   2.8114E-06   0.97675
FLUX  947  3045.00        9.845402E+13   2.7753E-06   2.7953E-06   0.99283
FLUX  948  3055.00        9.813175E+13   2.7708E-06   2.7793E-06   0.99695
FLUX  949  3065.00        9.781158E+13   2.7526E-06   2.7635E-06   0.99607
FLUX  950  3075.00        9.749350E+13   2.7439E-06   2.7477E-06   0.99861
FLUX  951  3085.00        9.717747E+13   2.7199E-06   2.7321E-06   0.99553
FLUX  952  3095.00        9.686349E+13   2.7069E-06   2.7166E-06   0.99642
FLUX  953  3105.00        9.655153E+13   2.6960E-06   2.7013E-06   0.99803
FLUX  954  3115.00        9.624157E+13   2.6636E-06   2.6860E-06   0.99165
FLUX  955  3125.00        9.593360E+13   2.6618E-06   2.6710E-06   0.99656
FLUX  956  3135.00        9.562759E+13   2.6497E-06   2.6560E-06   0.99762
FLUX  957  3145.00        9.532353E+13   2.6347E-06   2.6412E-06   0.99754
FLUX  958  3155.00        9.502139E+13   2.6155E-06   2.6265E-06   0.99581
FLUX  959  3165.00        9.472117E+13   2.6052E-06   2.6119E-06   0.99743
FLUX  960  3175.00        9.442283E+13   2.5909E-06   2.5975E-06   0.99747
FLUX  961  3185.00        9.412637E+13   2.5778E-06   2.5831E-06   0.99795
FLUX  962  3195.00        9.383177E+13   2.5664E-06   2.5687E-06   0.99909
FLUX  963  3210.00        9.339330E+13   2.5411E-06   2.5474E-06   0.99750
FLUX  964  3230.00        9.281502E+13   2.5161E-06   2.5195E-06   0.99865
FLUX  965  3250.00        9.224385E+13   2.4865E-06   2.4920E-06   0.99779
FLUX  966  3270.00        9.167966E+13   2.4581E-06   2.4649E-06   0.99723
FLUX  967  3290.00        9.112234E+13   2.3975E-06   2.4408E-06   0.98225
FLUX  968  3310.00        9.057175E+13   2.4024E-06   2.4146E-06   0.99494
FLUX  969  3330.00        9.002778E+13   2.3760E-06   2.3887E-06   0.99466
FLUX  970  3350.00        8.949030E+13   2.3558E-06   2.3633E-06   0.99682
FLUX  971  3370.00        8.895920E+13   2.3253E-06   2.3382E-06   0.99447
FLUX  972  3390.00        8.843437E+13   2.2989E-06   2.3136E-06   0.99366
FLUX  973  3410.00        8.791569E+13   2.2724E-06   2.2894E-06   0.99260
FLUX  974  3430.00        8.740306E+13   2.2564E-06   2.2655E-06   0.99599
FLUX  975  3450.00        8.689638E+13   2.2371E-06   2.2420E-06   0.99783
FLUX  976  3470.00        8.639553E+13   2.2112E-06   2.2188E-06   0.99655
FLUX  977  3490.00        8.590043E+13   2.1893E-06   2.1960E-06   0.99696
FLUX  978  3510.00        8.541097E+13   2.1683E-06   2.1735E-06   0.99760
FLUX  979  3530.00        8.492705E+13   2.1425E-06   2.1513E-06   0.99591
FLUX  980  3550.00        8.444859E+13   2.1229E-06   2.1295E-06   0.99691
FLUX  981  3570.00        8.397549E+13   2.0977E-06   2.1080E-06   0.99511
FLUX  982  3590.00        8.350766E+13   2.0794E-06   2.0868E-06   0.99645
FLUX  983  3610.00        8.304501E+13   2.0596E-06   2.0659E-06   0.99693
FLUX  984  3630.00        8.258747E+13   2.0423E-06   2.0454E-06   0.99849
FLUX  985  3650.00        8.213493E+13   2.0121E-06   2.0251E-06   0.99360
FLUX  986  3670.00        8.168733E+13   1.9957E-06   2.0051E-06   0.99530
FLUX  987  3690.00        8.124458E+13   1.9611E-06   1.9854E-06   0.98775
FLUX  988  3710.00        8.080660E+13   1.9461E-06   1.9660E-06   0.98984
FLUX  989  3730.00        8.037332E+13   1.9276E-06   1.9469E-06   0.99006
FLUX  990  3750.00        7.994467E+13   1.8835E-06   1.9280E-06   0.97692
FLUX  991  3770.00        7.952056E+13   1.8972E-06   1.9095E-06   0.99359
FLUX  992  3790.00        7.910092E+13   1.8782E-06   1.8912E-06   0.99317
FLUX  993  3810.00        7.868570E+13   1.8592E-06   1.8731E-06   0.99256
FLUX  994  3830.00        7.827480E+13   1.8475E-06   1.8553E-06   0.99577
FLUX  995  3850.00        7.786818E+13   1.8341E-06   1.8378E-06   0.99801
FLUX  996  3870.00        7.746576E+13   1.8123E-06   1.8205E-06   0.99551
FLUX  997  3890.00        7.706748E+13   1.7952E-06   1.8034E-06   0.99546
FLUX  998  3910.00        7.667327E+13   1.7742E-06   1.7866E-06   0.99308
FLUX  999  3930.00        7.628308E+13   1.7665E-06   1.7699E-06   0.99804
FLUX 1000  3950.00        7.589684E+13   1.7446E-06   1.7535E-06   0.99493
FLUX 1001  3970.00        7.551448E+13   1.7316E-06   1.7374E-06   0.99670
FLUX 1002  3990.00        7.513596E+13   1.7058E-06   1.7214E-06   0.99093
FLUX 1003  4010.00        7.476122E+13   1.6925E-06   1.7057E-06   0.99225
FLUX 1004  4030.00        7.439020E+13   1.6793E-06   1.6902E-06   0.99359
FLUX 1005  4050.00        7.402284E+13   1.6503E-06   1.6748E-06   0.98533
FLUX 1006  4070.00        7.365909E+13   1.6529E-06   1.6597E-06   0.99591
FLUX 1007  4090.00        7.329890E+13   1.6383E-06   1.6448E-06   0.99605
FLUX 1008  4110.00        7.294221E+13   1.6271E-06   1.6301E-06   0.99817
FLUX 1009  4130.00        7.258898E+13   1.6140E-06   1.6156E-06   0.99900
FLUX 1010  4150.00        7.223916E+13   1.5959E-06   1.6013E-06   0.99664
FLUX 1011  4170.00        7.189269E+13   1.5736E-06   1.5872E-06   0.99143
FLUX 1012  4190.00        7.154952E+13   1.5679E-06   1.5732E-06   0.99663
FLUX 1013  4210.00        7.120962E+13   1.5497E-06   1.5594E-06   0.99374
FLUX 1014  4230.00        7.087293E+13   1.5452E-06   1.5458E-06   0.99961
FLUX 1015  4250.00        7.053941E+13   1.5276E-06   1.5324E-06   0.99687
FLUX 1016  4270.00        7.020902E+13   1.5173E-06   1.5192E-06   0.99877
FLUX 1017  4290.00        6.988170E+13   1.4812E-06   1.5061E-06   0.98347
FLUX 1018  4310.00        6.955742E+13   1.4553E-06   1.4931E-06   0.97468
FLUX 1019  4330.00        6.923614E+13   1.4531E-06   1.4803E-06   0.98162
FLUX 1020  4350.00        6.891782E+13   1.4127E-06   1.4677E-06   0.96249
FLUX 1021  4370.00        6.860240E+13   1.3938E-06   1.4553E-06   0.95772
FLUX 1022  4390.00        6.828986E+13   1.3966E-06   1.4430E-06   0.96786
FLUX 1023  4410.00        6.798016E+13   1.3561E-06   1.4309E-06   0.94779
FLUX 1024  4430.00        6.767325E+13   1.3599E-06   1.4189E-06   0.95846
FLUX 1025  4450.00        6.736910E+13   1.3513E-06   1.4071E-06   0.96041
FLUX 1026  4470.00        6.706767E+13   1.3140E-06   1.3958E-06   0.94138
FLUX 1027  4490.00        6.676893E+13   1.3236E-06   1.3843E-06   0.95618
FLUX 1028  4510.00        6.647284E+13   1.3121E-06   1.3729E-06   0.95576
FLUX 1029  4530.00        6.617936E+13   1.2805E-06   1.3616E-06   0.94046
FLUX 1030  4550.00        6.588846E+13   1.2825E-06   1.3505E-06   0.94965
FLUX 1031  4570.00        6.560011E+13   1.2791E-06   1.3395E-06   0.95492
FLUX 1032  4590.00        6.531427E+13   1.2490E-06   1.3286E-06   0.94007
FLUX 1033  4610.00        6.503091E+13   1.2524E-06   1.3179E-06   0.95034
FLUX 1034  4630.00        6.475000E+13   1.2415E-06   1.3073E-06   0.94965
FLUX 1035  4650.00        6.447151E+13   1.2273E-06   1.2968E-06   0.94640
FLUX 1036  4670.00        6.419540E+13   1.2190E-06   1.2864E-06   0.94760
FLUX 1037  4690.00        6.392164E+13   1.2171E-06   1.2762E-06   0.95371
FLUX 1038  4710.00        6.365021E+13   1.2092E-06   1.2660E-06   0.95507
FLUX 1039  4730.00        6.338108E+13   1.2071E-06   1.2560E-06   0.96104
FLUX 1040  4750.00        6.311421E+13   1.1940E-06   1.2461E-06   0.95814
FLUX 1041  4770.00        6.284958E+13   1.1840E-06   1.2363E-06   0.95766
FLUX 1042  4790.00        6.258716E+13   1.1792E-06   1.2267E-06   0.96128
FLUX 1043  4810.00        6.232692E+13   1.1640E-06   1.2171E-06   0.95634
FLUX 1044  4830.00        6.206884E+13   1.1651E-06   1.2077E-06   0.96476
FLUX 1045  4850.00        6.181289E+13   1.1546E-06   1.1983E-06   0.96354
FLUX 1046  4870.00        6.155903E+13   1.1447E-06   1.1891E-06   0.96266
FLUX 1047  4890.00        6.130726E+13   1.1372E-06   1.1800E-06   0.96375
FLUX 1048  4910.00        6.105754E+13   1.1285E-06   1.1710E-06   0.96370
FLUX 1049  4930.00        6.080984E+13   1.1216E-06   1.1621E-06   0.96522
FLUX 1050  4950.00        6.056414E+13   1.1124E-06   1.1532E-06   0.96459
FLUX 1051  4970.00        6.032042E+13   1.1047E-06   1.1445E-06   0.96521
FLUX 1052  4990.00        6.007866E+13   1.0973E-06   1.1359E-06   0.96598
FLUX 1053  5010.00        5.983882E+13   1.0932E-06   1.1274E-06   0.96967
FLUX 1054  5030.00        5.960089E+13   1.0856E-06   1.1190E-06   0.97017
FLUX 1055  5050.00        5.936485E+13   1.0725E-06   1.1107E-06   0.96567
FLUX 1056  5070.00        5.913067E+13   1.0675E-06   1.1024E-06   0.96831
FLUX 1057  5090.00        5.889833E+13   1.0626E-06   1.0943E-06   0.97104
FLUX 1058  5110.00        5.866781E+13   1.0514E-06   1.0862E-06   0.96789
FLUX 1059  5130.00        5.843908E+13   1.0395E-06   1.0783E-06   0.96403
FLUX 1060  5150.00        5.821214E+13   1.0378E-06   1.0704E-06   0.96960
FLUX 1061  5170.00        5.798694E+13   1.0365E-06   1.0626E-06   0.97543
FLUX 1062  5190.00        5.776349E+13   1.0239E-06   1.0549E-06   0.97068
FLUX 1063  5210.00        5.754175E+13   1.0160E-06   1.0472E-06   0.97021
FLUX 1064  5230.00        5.732170E+13   1.0086E-06   1.0397E-06   0.97013
FLUX 1065  5250.00        5.710333E+13   1.0050E-06   1.0322E-06   0.97365
FLUX 1066  5270.00        5.688662E+13   1.0009E-06   1.0248E-06   0.97667
FLUX 1067  5290.00        5.667155E+13   9.8820E-07   1.0175E-06   0.97124
FLUX 1068  5310.00        5.645810E+13   9.8447E-07   1.0102E-06   0.97450
FLUX 1069  5330.00        5.624625E+13   9.7750E-07   1.0031E-06   0.97452
FLUX 1070  5350.00        5.603598E+13   9.7187E-07   9.9598E-07   0.97579
FLUX 1071  5370.00        5.582728E+13   9.6563E-07   9.8897E-07   0.97640
FLUX 1072  5390.00        5.562013E+13   9.5983E-07   9.8203E-07   0.97740
FLUX 1073  5410.00        5.541451E+13   9.5351E-07   9.7516E-07   0.97780
FLUX 1074  5430.00        5.521041E+13   9.4285E-07   9.6836E-07   0.97365
FLUX 1075  5450.00        5.500780E+13   9.4116E-07   9.6164E-07   0.97871
FLUX 1076  5470.00        5.480667E+13   9.3384E-07   9.5498E-07   0.97786
FLUX 1077  5490.00        5.460701E+13   9.2715E-07   9.4840E-07   0.97760
FLUX 1078  5510.00        5.440880E+13   9.2292E-07   9.4188E-07   0.97987
FLUX 1079  5530.00        5.421203E+13   9.1989E-07   9.3543E-07   0.98339
FLUX 1080  5550.00        5.401667E+13   9.0879E-07   9.2905E-07   0.97820
FLUX 1081  5570.00        5.382271E+13   9.0804E-07   9.2273E-07   0.98408
FLUX 1082  5590.00        5.363014E+13   8.9823E-07   9.1647E-07   0.98009
FLUX 1083  5610.00        5.343895E+13   8.9367E-07   9.1028E-07   0.98175
FLUX 1084  5630.00        5.324911E+13   8.8703E-07   9.0414E-07   0.98107
FLUX 1085  5650.00        5.306062E+13   8.8511E-07   8.9807E-07   0.98557
FLUX 1086  5670.00        5.287346E+13   8.7928E-07   8.9206E-07   0.98567
FLUX 1087  5690.00        5.268761E+13   8.7069E-07   8.8610E-07   0.98261
FLUX 1088  5710.00        5.250306E+13   8.6831E-07   8.8021E-07   0.98648
FLUX 1089  5730.00        5.231981E+13   8.6282E-07   8.7437E-07   0.98679
FLUX 1090  5750.00        5.213783E+13   8.5723E-07   8.6860E-07   0.98691
FLUX 1091  5770.00        5.195711E+13   8.5142E-07   8.6287E-07   0.98673
FLUX 1092  5790.00        5.177763E+13   8.4695E-07   8.5721E-07   0.98804
FLUX 1093  5810.00        5.159940E+13   8.4092E-07   8.5160E-07   0.98746
FLUX 1094  5830.00        5.142238E+13   8.3640E-07   8.4605E-07   0.98860
FLUX 1095  5850.00        5.124658E+13   8.3217E-07   8.4064E-07   0.98992
FLUX 1096  5870.00        5.107198E+13   8.2514E-07   8.3519E-07   0.98796
FLUX 1097  5890.00        5.089856E+13   8.1912E-07   8.2980E-07   0.98714
FLUX 1098  5910.00        5.072631E+13   8.1129E-07   8.2445E-07   0.98404
FLUX 1099  5930.00        5.055523E+13   8.1135E-07   8.1916E-07   0.99047
FLUX 1100  5950.00        5.038529E+13   8.0422E-07   8.1392E-07   0.98808
FLUX 1101  5970.00        5.021650E+13   8.0212E-07   8.0873E-07   0.99183
FLUX 1102  5990.00        5.004883E+13   7.9715E-07   8.0359E-07   0.99199
FLUX 1103  6010.00        4.988228E+13   7.9236E-07   7.9849E-07   0.99233
FLUX 1104  6030.00        4.971683E+13   7.8775E-07   7.9344E-07   0.99283
FLUX 1105  6050.00        4.955248E+13   7.8263E-07   7.8844E-07   0.99263
FLUX 1106  6070.00        4.938921E+13   7.7748E-07   7.8349E-07   0.99233
FLUX 1107  6090.00        4.922701E+13   7.7284E-07   7.7858E-07   0.99262
FLUX 1108  6110.00        4.906588E+13   7.6690E-07   7.7372E-07   0.99118
FLUX 1109  6130.00        4.890579E+13   7.6411E-07   7.6891E-07   0.99376
FLUX 1110  6150.00        4.874675E+13   7.5994E-07   7.6413E-07   0.99451
FLUX 1111  6170.00        4.858874E+13   7.5551E-07   7.5941E-07   0.99487
FLUX 1112  6190.00        4.843174E+13   7.5139E-07   7.5472E-07   0.99558
FLUX 1113  6210.00        4.827576E+13   7.4707E-07   7.5008E-07   0.99598
FLUX 1114  6230.00        4.812079E+13   7.4067E-07   7.4549E-07   0.99354
FLUX 1115  6250.00        4.796680E+13   7.3717E-07   7.4093E-07   0.99493
FLUX 1116  6270.00        4.781380E+13   7.3290E-07   7.3642E-07   0.99523
FLUX 1117  6290.00        4.766176E+13   7.2907E-07   7.3194E-07   0.99608
FLUX 1118  6310.00        4.751070E+13   7.2356E-07   7.2751E-07   0.99456
FLUX 1119  6330.00        4.736058E+13   7.2109E-07   7.2312E-07   0.99720
FLUX 1120  6350.00        4.721142E+13   7.1629E-07   7.1877E-07   0.99656
FLUX 1121  6370.00        4.706319E+13   7.1266E-07   7.1446E-07   0.99749
FLUX 1122  6390.00        4.691588E+13   7.0788E-07   7.1018E-07   0.99676
FLUX 1123  6420.00        4.669665E+13   7.0206E-07   7.0384E-07   0.99746
FLUX 1124  6460.00        4.640751E+13   6.9342E-07   6.9552E-07   0.99698
FLUX 1125  6500.00        4.612192E+13   6.8527E-07   6.8734E-07   0.99698
FLUX 1126  6540.00        4.583983E+13   6.7792E-07   6.7931E-07   0.99796
FLUX 1127  6580.00        4.556117E+13   6.7040E-07   6.7141E-07   0.99850
FLUX 1128  6620.00        4.528588E+13   6.6240E-07   6.6365E-07   0.99812
FLUX 1129  6660.00        4.501389E+13   6.5523E-07   6.5602E-07   0.99880
FLUX 1130  6700.00        4.474515E+13   6.4764E-07   6.4852E-07   0.99865
FLUX 1131  6740.00        4.447960E+13   6.4003E-07   6.4115E-07   0.99824
FLUX 1132  6780.00        4.421718E+13   6.3321E-07   6.3391E-07   0.99889
FLUX 1133  6820.00        4.395784E+13   6.2604E-07   6.2679E-07   0.99881
FLUX 1134  6860.00        4.370153E+13   6.1917E-07   6.1979E-07   0.99900
FLUX 1135  6900.00        4.344819E+13   6.1226E-07   6.1291E-07   0.99895
FLUX 1136  6940.00        4.319777E+13   6.0533E-07   6.0614E-07   0.99867
FLUX 1137  6980.00        4.295021E+13   5.9905E-07   5.9948E-07   0.99930
FLUX 1138  7020.00        4.270548E+13   5.9201E-07   5.9293E-07   0.99846
FLUX 1139  7060.00        4.246353E+13   5.8602E-07   5.8648E-07   0.99921
FLUX 1140  7100.00        4.222430E+13   5.7981E-07   5.8014E-07   0.99943
FLUX 1141  7140.00        4.198775E+13   5.7364E-07   5.7391E-07   0.99953
FLUX 1142  7180.00        4.175383E+13   5.6742E-07   5.6777E-07   0.99937
FLUX 1143  7220.00        4.152251E+13   5.6119E-07   5.6173E-07   0.99904
FLUX 1144  7260.00        4.129373E+13   5.5525E-07   5.5578E-07   0.99903
FLUX 1145  7300.00        4.106747E+13   5.4979E-07   5.4993E-07   0.99974
FLUX 1146  7340.00        4.084366E+13   5.4373E-07   5.4417E-07   0.99919
FLUX 1147  7380.00        4.062229E+13   5.3834E-07   5.3851E-07   0.99969
FLUX 1148  7420.00        4.040330E+13   5.3238E-07   5.3292E-07   0.99897
FLUX 1149  7460.00        4.018666E+13   5.2585E-07   5.2743E-07   0.99700
FLUX 1150  7500.00        3.997233E+13   5.2013E-07   5.2202E-07   0.99637
FLUX 1151  7540.00        3.976028E+13   5.1610E-07   5.1670E-07   0.99885
FLUX 1152  7580.00        3.955046E+13   5.1130E-07   5.1145E-07   0.99970
FLUX 1153  7620.00        3.934285E+13   5.0607E-07   5.0629E-07   0.99958
FLUX 1154  7660.00        3.913740E+13   5.0107E-07   5.0120E-07   0.99975
FLUX 1155  7700.00        3.893409E+13   4.9583E-07   4.9619E-07   0.99928
FLUX 1156  7740.00        3.873288E+13   4.9112E-07   4.9125E-07   0.99975
FLUX 1157  7780.00        3.853374E+13   4.8632E-07   4.8639E-07   0.99986
FLUX 1158  7820.00        3.833664E+13   4.8150E-07   4.8159E-07   0.99981
FLUX 1159  7860.00        3.814154E+13   4.7682E-07   4.7687E-07   0.99989
FLUX 1160  7900.00        3.794842E+13   4.7216E-07   4.7222E-07   0.99987
FLUX 1161  7940.00        3.775724E+13   4.6752E-07   4.6763E-07   0.99975
FLUX 1162  7980.00        3.756798E+13   4.6307E-07   4.6311E-07   0.99991
FLUX 1163  8020.00        3.738061E+13   4.5841E-07   4.5866E-07   0.99944
FLUX 1164  8060.00        3.719510E+13   4.5398E-07   4.5427E-07   0.99935
FLUX 1165  8100.00        3.701142E+13   4.4988E-07   4.4995E-07   0.99986
FLUX 1166  8140.00        3.682955E+13   4.4532E-07   4.4568E-07   0.99918
FLUX 1167  8180.00        3.664945E+13   4.4122E-07   4.4148E-07   0.99940
FLUX 1168  8220.00        3.647111E+13   4.3727E-07   4.3733E-07   0.99985
FLUX 1169  8260.00        3.629449E+13   4.3309E-07   4.3325E-07   0.99963
FLUX 1170  8300.00        3.611958E+13   4.2913E-07   4.2922E-07   0.99980
FLUX 1171  8340.00        3.594634E+13   4.2487E-07   4.2525E-07   0.99912
FLUX 1172  8380.00        3.577476E+13   4.2107E-07   4.2133E-07   0.99938
FLUX 1173  8420.00        3.560481E+13   4.1734E-07   4.1746E-07   0.99971
FLUX 1174  8460.00        3.543647E+13   4.1355E-07   4.1365E-07   0.99976
FLUX 1175  8500.00        3.526971E+13   4.0981E-07   4.0989E-07   0.99980
FLUX 1176  8540.00        3.510451E+13   4.0606E-07   4.0618E-07   0.99971
FLUX 1177  8580.00        3.494085E+13   4.0245E-07   4.0252E-07   0.99982
FLUX 1178  8620.00        3.477871E+13   3.9876E-07   3.9891E-07   0.99961
FLUX 1179  8660.00        3.461807E+13   3.9529E-07   3.9535E-07   0.99986
FLUX 1180  8700.00        3.445891E+13   3.9180E-07   3.9184E-07   0.99991
FLUX 1181  8740.00        3.430120E+13   3.8831E-07   3.8837E-07   0.99983
FLUX 1182  8780.00        3.414493E+13   3.8489E-07   3.8495E-07   0.99984
FLUX 1183  8820.00        3.399008E+13   3.8132E-07   3.8157E-07   0.99933
FLUX 1184  8860.00        3.383663E+13   3.7808E-07   3.7824E-07   0.99957
FLUX 1185  8900.00        3.368455E+13   3.7470E-07   3.7495E-07   0.99932
FLUX 1186  8940.00        3.353384E+13   3.7157E-07   3.7170E-07   0.99965
FLUX 1187  8980.00        3.338447E+13   3.6815E-07   3.6850E-07   0.99905
FLUX 1188  9020.00        3.323642E+13   3.6515E-07   3.6534E-07   0.99948
FLUX 1189  9060.00        3.308968E+13   3.6220E-07   3.6221E-07   0.99997
FLUX 1190  9100.00        3.294423E+13   3.5882E-07   3.5913E-07   0.99913
FLUX 1191  9140.00        3.280005E+13   3.5587E-07   3.5609E-07   0.99938
FLUX 1192  9180.00        3.265714E+13   3.5301E-07   3.5309E-07   0.99977
FLUX 1193  9220.00        3.251546E+13   3.5011E-07   3.5013E-07   0.99994
FLUX 1194  9260.00        3.237500E+13   3.4716E-07   3.4720E-07   0.99987
FLUX 1195  9300.00        3.223575E+13   3.4431E-07   3.4432E-07   0.99997
FLUX 1196  9340.00        3.209770E+13   3.4139E-07   3.4146E-07   0.99978
FLUX 1197  9380.00        3.196082E+13   3.3861E-07   3.3865E-07   0.99989
FLUX 1198  9420.00        3.182511E+13   3.3582E-07   3.3586E-07   0.99988
FLUX 1199  9460.00        3.169054E+13   3.3306E-07   3.3311E-07   0.99983
FLUX 1200  9500.00        3.155711E+13   3.3033E-07   3.3040E-07   0.99980
FLUX 1201  9540.00        3.142479E+13   3.2758E-07   3.2772E-07   0.99957
FLUX 1202  9580.00        3.129358E+13   3.2504E-07   3.2507E-07   0.99992
FLUX 1203  9620.00        3.116346E+13   3.2231E-07   3.2245E-07   0.99958
FLUX 1204  9660.00        3.103442E+13   3.1984E-07   3.1986E-07   0.99992
FLUX 1205  9700.00        3.090644E+13   3.1729E-07   3.1731E-07   0.99993
FLUX 1206  9740.00        3.077952E+13   3.1449E-07   3.1478E-07   0.99906
FLUX 1207  9780.00        3.065363E+13   3.1216E-07   3.1229E-07   0.99957
FLUX 1208  9820.00        3.052877E+13   3.0973E-07   3.0982E-07   0.99971
FLUX 1209  9860.00        3.040492E+13   3.0734E-07   3.0739E-07   0.99985
FLUX 1210  9900.00        3.028207E+13   3.0498E-07   3.0498E-07   0.99999
FLUX 1211  9940.00        3.016021E+13   3.0250E-07   3.0260E-07   0.99966
FLUX 1212  9980.00        3.003933E+13   3.0017E-07   3.0025E-07   0.99972
FLUX 1213 10020.00        2.991941E+13   2.9784E-07   2.9793E-07   0.99972
FLUX 1214 20000.00        1.498963E+13   7.6555E-08   7.6559E-08   0.99995
FLUX 1215 40000.00        7.494813E+12   1.9173E-08   1.9173E-08   0.99999
FLUX 1216 60000.00        4.996542E+12   8.4693E-09   8.4693E-09   1.00000
FLUX 1217 80000.00        3.747406E+12   4.7327E-09   4.7327E-09   1.00000
FLUX 1218100000.00        2.997925E+12   3.0106E-09   3.0106E-09   1.00000
FLUX 1219120000.00        2.498271E+12   2.0792E-09   2.0792E-09   1.00000
FLUX 1220140000.00        2.141375E+12   1.5201E-09   1.5201E-09   1.00000
FLUX 1221160000.00        1.873703E+12   1.1586E-09   1.1586E-09   1.00000
FLUX
