TEFF   5250.  GRAVITY 1.00000 LTE 
TITLE TEST RUN WITH SDSC OPACITY  VTURB 2 KM/S    L/H 1.25                      
 OPACITY IFOP
FLUX  124    92.50        3.241000E+15   1.7969E-24   2.2695E-24   0.79179
FLUX  125    93.50        3.206337E+15   2.7568E-24   3.6939E-24   0.74633
FLUX  126    94.50        3.172407E+15   4.4930E-24   5.9480E-24   0.75539
FLUX  127    95.50        3.139188E+15   7.6952E-24   9.4780E-24   0.81191
FLUX  128    96.50        3.106658E+15   1.2747E-23   1.4951E-23   0.85259
FLUX  129    97.50        3.074795E+15   1.8624E-23   2.3355E-23   0.79739
FLUX  130    98.50        3.043579E+15   2.9168E-23   3.6144E-23   0.80700
FLUX  131    99.50        3.012990E+15   4.3623E-23   5.5433E-23   0.78696
FLUX  132   100.50        2.983010E+15   7.4053E-23   8.4282E-23   0.87863
FLUX  133   101.50        2.953621E+15   1.1112E-22   1.2708E-22   0.87442
FLUX  134   102.50        2.924805E+15   1.2748E-22   1.9010E-22   0.67063
FLUX  135   103.50        2.896546E+15   2.5444E-22   2.8209E-22   0.90199
FLUX  136   104.50        2.868828E+15   3.8005E-22   4.1550E-22   0.91467
FLUX  137   105.50        2.841635E+15   5.4668E-22   6.0740E-22   0.90004
FLUX  138   106.50        2.814953E+15   7.8548E-22   8.8155E-22   0.89102
FLUX  139   107.50        2.788767E+15   1.1596E-21   1.2705E-21   0.91270
FLUX  140   108.50        2.763065E+15   1.6685E-21   1.8186E-21   0.91746
FLUX  141   109.50        2.737831E+15   2.2404E-21   2.5858E-21   0.86640
FLUX  142   110.50        2.713054E+15   4.4227E-21   6.7654E-21   0.65372
FLUX  143   111.50        2.688722E+15   6.7515E-21   9.3978E-21   0.71841
FLUX  144   112.50        2.664822E+15   9.8795E-21   1.2973E-20   0.76154
FLUX  145   113.50        2.641344E+15   1.4795E-20   1.7800E-20   0.83115
FLUX  146   114.50        2.618275E+15   2.1247E-20   2.4279E-20   0.87511
FLUX  147   115.50        2.595606E+15   2.7823E-20   3.2938E-20   0.84471
FLUX  148   116.50        2.573326E+15   4.0890E-20   4.4433E-20   0.92025
FLUX  149   117.50        2.551426E+15   5.5305E-20   5.9614E-20   0.92773
FLUX  150   118.50        2.529895E+15   6.9392E-20   7.9553E-20   0.87227
FLUX  151   119.50        2.508724E+15   7.1323E-20   1.0561E-19   0.67536
FLUX  152   120.50        2.487905E+15   8.5747E-20   1.3949E-19   0.61474
FLUX  153   121.50        2.467428E+15   2.3544E-20   1.8332E-19   0.12843
FLUX  154   122.50        2.447286E+15   1.3660E-19   2.3985E-19   0.56953
FLUX  155   123.50        2.427470E+15   2.5103E-19   3.1215E-19   0.80418
FLUX  156   124.50        2.407972E+15   3.4514E-19   4.0559E-19   0.85094
FLUX  157   125.50        2.388785E+15   4.3346E-19   5.2313E-19   0.82859
FLUX  158   126.50        2.369901E+15   5.1570E-19   6.7179E-19   0.76766
FLUX  159   127.50        2.351314E+15   6.7722E-19   8.5899E-19   0.78839
FLUX  160   128.50        2.333016E+15   7.7534E-19   1.0938E-18   0.70888
FLUX  161   129.50        2.315000E+15   1.0272E-18   1.3869E-18   0.74064
FLUX  162   130.50        2.297261E+15   1.1335E-18   1.7516E-18   0.64712
FLUX  163   131.50        2.279791E+15   1.5478E-18   2.2033E-18   0.70247
FLUX  164   132.50        2.262585E+15   1.6729E-18   2.7607E-18   0.60596
FLUX  165   133.50        2.245637E+15   2.0322E-18   3.4458E-18   0.58974
FLUX  166   134.50        2.228941E+15   2.5011E-18   4.2847E-18   0.58374
FLUX  167   135.50        2.212491E+15   3.2181E-18   5.3080E-18   0.60627
FLUX  168   136.50        2.196282E+15   3.5179E-18   6.5519E-18   0.53693
FLUX  169   137.50        2.180309E+15   4.1076E-18   8.0591E-18   0.50968
FLUX  170   138.50        2.164567E+15   4.8323E-18   9.8802E-18   0.48909
FLUX  171   139.50        2.149050E+15   5.7252E-18   1.2075E-17   0.47414
FLUX  172   140.50        2.133754E+15   7.5309E-18   1.4860E-17   0.50678
FLUX  173   141.50        2.118675E+15   9.2001E-18   1.8416E-17   0.49956
FLUX  174   142.50        2.103807E+15   1.0951E-17   2.2760E-17   0.48117
FLUX  175   143.50        2.089146E+15   1.4272E-17   2.8051E-17   0.50878
FLUX  176   144.20        2.079005E+15   1.9705E-17   3.2419E-17   0.60784
FLUX  177   144.70        2.071821E+15   1.7419E-17   3.5920E-17   0.48493
FLUX  178   145.50        2.060430E+15   2.1401E-17   4.2267E-17   0.50633
FLUX  179   146.50        2.046365E+15   3.0547E-17   5.1674E-17   0.59115
FLUX  180   147.50        2.032492E+15   3.6951E-17   6.3003E-17   0.58650
FLUX  181   148.50        2.018805E+15   4.0779E-17   7.6606E-17   0.53233
FLUX  182   149.50        2.005301E+15   5.8643E-17   9.2893E-17   0.63130
FLUX  183   150.50        1.991977E+15   7.7955E-17   1.1234E-16   0.69391
FLUX  184   151.20        1.982755E+15   5.1679E-17   1.2813E-16   0.40333
FLUX  185   151.70        1.976220E+15   7.5883E-17   1.4064E-16   0.53956
FLUX  186   152.50        1.965852E+15   4.5896E-16   1.2212E-14   0.03758
FLUX  187   153.50        1.953046E+15   1.2329E-15   1.3994E-14   0.08810
FLUX  188   154.50        1.940405E+15   9.6888E-16   1.6031E-14   0.06044
FLUX  189   155.50        1.927926E+15   2.0848E-15   1.8404E-14   0.11328
FLUX  190   156.50        1.915607E+15   1.8878E-15   2.1208E-14   0.08901
FLUX  191   157.50        1.903444E+15   7.2550E-15   5.0530E-14   0.14358
FLUX  192   158.50        1.891435E+15   1.0259E-14   5.7012E-14   0.17995
FLUX  193   159.50        1.879577E+15   1.2942E-14   6.4207E-14   0.20157
FLUX  194   160.50        1.867866E+15   1.2608E-14   7.2175E-14   0.17468
FLUX  195   161.50        1.856300E+15   1.3984E-14   8.0985E-14   0.17268
FLUX  196   162.50        1.844877E+15   1.7754E-14   1.0142E-13   0.17505
FLUX  197   163.50        1.833593E+15   2.2510E-14   1.1420E-13   0.19711
FLUX  198   164.50        1.822447E+15   4.0402E-14   1.2839E-13   0.31469
FLUX  199   165.50        1.811435E+15   1.8245E-14   1.4413E-13   0.12659
FLUX  200   166.50        1.800556E+15   5.0405E-14   1.6157E-13   0.31196
FLUX  201   167.20        1.793017E+15   2.6711E-14   1.7489E-13   0.15273
FLUX  202   167.70        1.787671E+15   5.9532E-13   8.3569E-12   0.07124
FLUX  203   168.50        1.779184E+15   7.0381E-13   9.2238E-12   0.07630
FLUX  204   169.50        1.768687E+15   9.8771E-13   1.0382E-11   0.09514
FLUX  205   170.50        1.758314E+15   9.7032E-13   1.1709E-11   0.08287
FLUX  206   171.50        1.748061E+15   9.9061E-13   2.5279E-11   0.03919
FLUX  207   172.50        1.737928E+15   1.3752E-12   2.8210E-11   0.04875
FLUX  208   173.50        1.727911E+15   1.9296E-12   3.1296E-11   0.06166
FLUX  209   174.50        1.718009E+15   3.0023E-12   3.4718E-11   0.08647
FLUX  210   175.50        1.708219E+15   5.0069E-12   3.8356E-11   0.13054
FLUX  211   176.50        1.698541E+15   5.2442E-12   4.2294E-11   0.12399
FLUX  212   177.50        1.688972E+15   5.0291E-12   4.6544E-11   0.10805
FLUX  213   178.50        1.679510E+15   6.8453E-12   5.1123E-11   0.13390
FLUX  214   179.50        1.670153E+15   1.0231E-11   5.6055E-11   0.18252
FLUX  215   180.50        1.660900E+15   1.0151E-11   6.1389E-11   0.16535
FLUX  216   181.50        1.651749E+15   1.0168E-11   6.7094E-11   0.15155
FLUX  217   182.50        1.642699E+15   1.4595E-11   7.3234E-11   0.19929
FLUX  218   183.50        1.633747E+15   1.6359E-11   7.9821E-11   0.20495
FLUX  219   184.50        1.624892E+15   1.0886E-11   8.6893E-11   0.12528
FLUX  220   185.50        1.616132E+15   1.8675E-11   9.4564E-11   0.19748
FLUX  221   186.50        1.607466E+15   2.3911E-11   1.0271E-10   0.23279
FLUX  222   187.50        1.598893E+15   2.7269E-11   1.2097E-10   0.22543
FLUX  223   188.50        1.590411E+15   3.1992E-11   1.3057E-10   0.24501
FLUX  224   189.50        1.582018E+15   4.3856E-11   1.4072E-10   0.31165
FLUX  225   190.50        1.573714E+15   4.3691E-11   1.5143E-10   0.28852
FLUX  226   191.50        1.565496E+15   4.7150E-11   1.6276E-10   0.28969
FLUX  227   192.50        1.557364E+15   5.3293E-11   1.7471E-10   0.30505
FLUX  228   193.50        1.549315E+15   3.6806E-11   1.8729E-10   0.19652
FLUX  229   194.50        1.541350E+15   7.9877E-11   2.0061E-10   0.39818
FLUX  230   195.50        1.533465E+15   8.1880E-11   2.1466E-10   0.38144
FLUX  231   196.70        1.524110E+15   1.2056E-10   2.3252E-10   0.51851
FLUX  232   197.60        1.517169E+15   1.1712E-10   2.4679E-10   0.47457
FLUX  233   198.40        1.511051E+15   1.5049E-10   3.2392E-10   0.46458
FLUX  234   199.50        1.502719E+15   1.5612E-10   3.4639E-10   0.45071
FLUX  235   200.50        1.495224E+15   1.6597E-10   3.6814E-10   0.45084
FLUX  236   201.50        1.487804E+15   1.7455E-10   3.9116E-10   0.44623
FLUX  237   202.50        1.480457E+15   1.4945E-10   4.1523E-10   0.35992
FLUX  238   203.50        1.473182E+15   2.1737E-10   4.4046E-10   0.49351
FLUX  239   204.50        1.465978E+15   2.6384E-10   4.6699E-10   0.56499
FLUX  240   205.50        1.458844E+15   2.6227E-10   4.9458E-10   0.53028
FLUX  241   206.50        1.451780E+15   2.6454E-10   5.2328E-10   0.50554
FLUX  242   207.40        1.445480E+15   3.3186E-10   5.5010E-10   0.60328
FLUX  243   207.80        1.442697E+15   5.6736E-10   2.3587E-09   0.24054
FLUX  244   208.50        1.437854E+15   6.9376E-10   2.4892E-09   0.27871
FLUX  245   209.50        1.430990E+15   6.4205E-10   2.6792E-09   0.23964
FLUX  246   210.50        1.424192E+15   7.0019E-10   2.8693E-09   0.24403
FLUX  247   211.50        1.417459E+15   7.9703E-10   3.0570E-09   0.26073
FLUX  248   212.50        1.410788E+15   6.5262E-10   3.2516E-09   0.20071
FLUX  249   213.50        1.404180E+15   6.7851E-10   3.4547E-09   0.19640
FLUX  250   214.50        1.397634E+15   9.6614E-10   3.6605E-09   0.26394
FLUX  251   215.50        1.391148E+15   1.0142E-09   3.8745E-09   0.26175
FLUX  252   216.50        1.384723E+15   9.1842E-10   4.1004E-09   0.22398
FLUX  253   217.50        1.378356E+15   1.0035E-09   4.3399E-09   0.23122
FLUX  254   218.50        1.372048E+15   1.3315E-09   4.5997E-09   0.28947
FLUX  255   219.50        1.365797E+15   1.5155E-09   4.8772E-09   0.31074
FLUX  256   220.50        1.359603E+15   1.4169E-09   5.1741E-09   0.27385
FLUX  257   221.50        1.353465E+15   1.0548E-09   5.4933E-09   0.19201
FLUX  258   222.50        1.347382E+15   1.3870E-09   6.0480E-09   0.22933
FLUX  259   223.50        1.341353E+15   2.1841E-09   6.4242E-09   0.33998
FLUX  260   224.50        1.335379E+15   2.0061E-09   6.8289E-09   0.29377
FLUX  261   225.50        1.329457E+15   1.3660E-09   9.3278E-09   0.14644
FLUX  262   226.50        1.323587E+15   1.1771E-09   9.7795E-09   0.12037
FLUX  263   227.50        1.317769E+15   1.8024E-09   1.0245E-08   0.17593
FLUX  264   228.50        1.312002E+15   2.3686E-09   1.0725E-08   0.22085
FLUX  265   229.50        1.306285E+15   2.2225E-09   1.1222E-08   0.19805
FLUX  266   230.50        1.300618E+15   2.7581E-09   1.1730E-08   0.23512
FLUX  267   231.50        1.295000E+15   2.1305E-09   1.2255E-08   0.17385
FLUX  268   232.50        1.289430E+15   1.7376E-09   1.2798E-08   0.13577
FLUX  269   233.50        1.283908E+15   1.1771E-09   1.4041E-08   0.08384
FLUX  270   234.50        1.278433E+15   8.1512E-10   1.4605E-08   0.05581
FLUX  271   235.50        1.273004E+15   1.8080E-09   1.5185E-08   0.11906
FLUX  272   236.50        1.267622E+15   9.3347E-10   1.5783E-08   0.05914
FLUX  273   237.50        1.262284E+15   1.3773E-09   1.6400E-08   0.08398
FLUX  274   238.50        1.256992E+15   6.5782E-10   1.7044E-08   0.03859
FLUX  275   239.50        1.251743E+15   9.8710E-10   1.7703E-08   0.05576
FLUX  276   240.50        1.246538E+15   9.7991E-10   1.8384E-08   0.05330
FLUX  277   241.50        1.241377E+15   1.6283E-09   1.9088E-08   0.08531
FLUX  278   242.50        1.236258E+15   3.9463E-09   1.9815E-08   0.19916
FLUX  279   243.50        1.231181E+15   4.6690E-09   2.0566E-08   0.22703
FLUX  280   244.50        1.226145E+15   5.7732E-09   2.2590E-08   0.25557
FLUX  281   245.50        1.221151E+15   6.2131E-09   2.3349E-08   0.26610
FLUX  282   246.50        1.216197E+15   5.2020E-09   2.4126E-08   0.21562
FLUX  283   247.50        1.211283E+15   4.3676E-09   2.4920E-08   0.17526
FLUX  284   248.50        1.206408E+15   1.8463E-09   2.5734E-08   0.07174
FLUX  285   249.50        1.201573E+15   3.5307E-09   2.6567E-08   0.13290
FLUX  286   250.50        1.196776E+15   5.9377E-09   2.8523E-08   0.20817
FLUX  287   251.30        1.192967E+15   2.6730E-09   2.9181E-08   0.09160
FLUX  288   251.80        1.190598E+15   1.6469E-09   1.5210E-07   0.01083
FLUX  289   252.50        1.187297E+15   2.0394E-09   1.5549E-07   0.01312
FLUX  290   253.50        1.182613E+15   4.8579E-09   1.6040E-07   0.03029
FLUX  291   254.50        1.177967E+15   5.6740E-09   1.6542E-07   0.03430
FLUX  292   255.50        1.173356E+15   1.1566E-08   1.7056E-07   0.06781
FLUX  293   256.50        1.168782E+15   6.0596E-09   1.7585E-07   0.03446
FLUX  294   257.50        1.164243E+15   7.9583E-09   1.8126E-07   0.04391
FLUX  295   258.50        1.159739E+15   5.1134E-09   1.8681E-07   0.02737
FLUX  296   259.50        1.155270E+15   4.2504E-09   1.9249E-07   0.02208
FLUX  297   260.50        1.150835E+15   3.2156E-09   1.9831E-07   0.01621
FLUX  298   261.50        1.146434E+15   3.0728E-09   2.0428E-07   0.01504
FLUX  299   262.50        1.142067E+15   4.4512E-09   2.1039E-07   0.02116
FLUX  300   263.50        1.137732E+15   1.0421E-08   2.2215E-07   0.04691
FLUX  301   264.50        1.133431E+15   2.5870E-08   2.2836E-07   0.11329
FLUX  302   265.50        1.129162E+15   4.4619E-08   2.3467E-07   0.19013
FLUX  303   266.50        1.124925E+15   2.4885E-08   2.4112E-07   0.10321
FLUX  304   267.50        1.120720E+15   2.9778E-08   2.4769E-07   0.12022
FLUX  305   268.50        1.116546E+15   3.9165E-08   2.5443E-07   0.15393
FLUX  306   269.50        1.112403E+15   2.8997E-08   2.6138E-07   0.11094
FLUX  307   270.50        1.108290E+15   4.0686E-08   2.7522E-07   0.14783
FLUX  308   271.50        1.104208E+15   1.8528E-08   2.8213E-07   0.06567
FLUX  309   272.50        1.100156E+15   1.3694E-08   2.8915E-07   0.04736
FLUX  310   273.50        1.096133E+15   1.7196E-08   2.9627E-07   0.05804
FLUX  311   274.50        1.092140E+15   7.6713E-09   3.0349E-07   0.02528
FLUX  312   275.50        1.088176E+15   1.1245E-08   3.1083E-07   0.03618
FLUX  313   276.50        1.084241E+15   1.5943E-08   3.1824E-07   0.05010
FLUX  314   277.50        1.080333E+15   1.6712E-08   3.2577E-07   0.05130
FLUX  315   278.50        1.076454E+15   1.0440E-08   3.3341E-07   0.03131
FLUX  316   279.50        1.072603E+15   2.6352E-09   3.4117E-07   0.00772
FLUX  317   280.50        1.068779E+15   3.7668E-09   3.4900E-07   0.01079
FLUX  318   281.50        1.064982E+15   1.5509E-08   3.5696E-07   0.04345
FLUX  319   282.50        1.061212E+15   2.4940E-08   3.6506E-07   0.06832
FLUX  320   283.50        1.057469E+15   3.0087E-08   3.7329E-07   0.08060
FLUX  321   284.50        1.053752E+15   2.6379E-08   3.8165E-07   0.06912
FLUX  322   285.50        1.050061E+15   1.4361E-08   3.9020E-07   0.03680
FLUX  323   286.50        1.046396E+15   4.6977E-08   3.9887E-07   0.11778
FLUX  324   287.50        1.042757E+15   7.3361E-08   4.0765E-07   0.17996
FLUX  325   288.50        1.039142E+15   6.6115E-08   4.1653E-07   0.15873
FLUX  326   289.50        1.035553E+15   8.2442E-08   4.2550E-07   0.19375
FLUX  327   291.00        1.030215E+15   1.1896E-07   4.4413E-07   0.26785
FLUX  328   293.00        1.023183E+15   1.1745E-07   4.6223E-07   0.25410
FLUX  329   295.00        1.016246E+15   1.1673E-07   4.8170E-07   0.24233
FLUX  330   297.00        1.009402E+15   1.3582E-07   5.0045E-07   0.27139
FLUX  331   299.00        1.002651E+15   1.4698E-07   5.1964E-07   0.28285
FLUX  332   301.00        9.959884E+14   1.5651E-07   5.3925E-07   0.29023
FLUX  333   303.00        9.894142E+14   1.6564E-07   5.5924E-07   0.29619
FLUX  334   305.00        9.829262E+14   1.7841E-07   5.7952E-07   0.30786
FLUX  335   307.00        9.765228E+14   1.7173E-07   6.0008E-07   0.28618
FLUX  336   309.00        9.702023E+14   1.8864E-07   6.2562E-07   0.30153
FLUX  337   311.00        9.639630E+14   1.9791E-07   6.4624E-07   0.30624
FLUX  338   313.00        9.578035E+14   1.8382E-07   6.6835E-07   0.27503
FLUX  339   315.00        9.517222E+14   1.9096E-07   6.8915E-07   0.27710
FLUX  340   317.00        9.457177E+14   2.1555E-07   7.1008E-07   0.30356
FLUX  341   319.00        9.397884E+14   1.8991E-07   7.3128E-07   0.25969
FLUX  342   321.00        9.339330E+14   2.2599E-07   7.5274E-07   0.30022
FLUX  343   323.00        9.281502E+14   1.7752E-07   7.7567E-07   0.22887
FLUX  344   325.00        9.224385E+14   2.7238E-07   7.9719E-07   0.34168
FLUX  345   327.00        9.167966E+14   3.1320E-07   8.1888E-07   0.38248
FLUX  346   329.00        9.112234E+14   2.9944E-07   8.4153E-07   0.35583
FLUX  347   331.00        9.057175E+14   3.0382E-07   8.6348E-07   0.35186
FLUX  348   333.00        9.002778E+14   3.1654E-07   8.8549E-07   0.35747
FLUX  349   335.00        8.949030E+14   3.1197E-07   9.0753E-07   0.34375
FLUX  350   337.00        8.895920E+14   2.5914E-07   9.3000E-07   0.27864
FLUX  351   339.00        8.843437E+14   2.9960E-07   9.5307E-07   0.31435
FLUX  352   341.00        8.791569E+14   3.3355E-07   9.7563E-07   0.34189
FLUX  353   343.00        8.740306E+14   3.6032E-07   9.9822E-07   0.36097
FLUX  354   345.00        8.689638E+14   4.0663E-07   1.0214E-06   0.39810
FLUX  355   347.00        8.639553E+14   4.0510E-07   1.0447E-06   0.38776
FLUX  356   349.00        8.590043E+14   4.3289E-07   1.0682E-06   0.40527
FLUX  357   351.00        8.541097E+14   4.6807E-07   1.0917E-06   0.42876
FLUX  358   353.00        8.492705E+14   4.3405E-07   1.1153E-06   0.38918
FLUX  359   355.00        8.444859E+14   4.8742E-07   1.1394E-06   0.42779
FLUX  360   357.00        8.397549E+14   3.7304E-07   1.1643E-06   0.32040
FLUX  361   359.00        8.350766E+14   4.0693E-07   1.1893E-06   0.34215
FLUX  362   361.00        8.304501E+14   4.8176E-07   1.2145E-06   0.39667
FLUX  363   363.00        8.258747E+14   5.2344E-07   1.2398E-06   0.42221
FLUX  364   364.00        8.236058E+14   5.3085E-07   1.2526E-06   0.42379
FLUX  365   365.00        8.213493E+14   5.6102E-07   2.1195E-06   0.26470
FLUX  366   367.00        8.168733E+14   6.1304E-07   2.1553E-06   0.28444
FLUX  367   369.00        8.124458E+14   6.9059E-07   2.1911E-06   0.31518
FLUX  368   371.00        8.080660E+14   8.0711E-07   2.2275E-06   0.36234
FLUX  369   373.00        8.037332E+14   6.5166E-07   2.2632E-06   0.28794
FLUX  370   375.00        7.994467E+14   6.9850E-07   2.2988E-06   0.30385
FLUX  371   377.00        7.952056E+14   7.5478E-07   2.3557E-06   0.32041
FLUX  372   379.00        7.910092E+14   7.8079E-07   2.3931E-06   0.32626
FLUX  373   381.00        7.868570E+14   7.7203E-07   2.4305E-06   0.31764
FLUX  374   383.00        7.827480E+14   5.2296E-07   2.4678E-06   0.21192
FLUX  375   385.00        7.786818E+14   5.3387E-07   2.5049E-06   0.21313
FLUX  376   387.00        7.746576E+14   5.3928E-07   2.5420E-06   0.21215
FLUX  377   389.00        7.706748E+14   7.8077E-07   2.5802E-06   0.30260
FLUX  378   391.00        7.667327E+14   7.4894E-07   2.6186E-06   0.28601
FLUX  379   393.00        7.628308E+14   2.4011E-07   2.6568E-06   0.09038
FLUX  380   395.00        7.589684E+14   4.6805E-07   2.6947E-06   0.17369
FLUX  381   397.00        7.551448E+14   2.9686E-07   2.7325E-06   0.10864
FLUX  382   399.00        7.513596E+14   9.7171E-07   2.7700E-06   0.35079
FLUX  383   401.00        7.476122E+14   1.2877E-06   2.8083E-06   0.45854
FLUX  384   403.00        7.439020E+14   1.4097E-06   2.8471E-06   0.49515
FLUX  385   405.00        7.402284E+14   1.3759E-06   2.8855E-06   0.47683
FLUX  386   407.00        7.365909E+14   1.3498E-06   2.9235E-06   0.46170
FLUX  387   409.00        7.329890E+14   1.6472E-06   2.9612E-06   0.55628
FLUX  388   411.00        7.294221E+14   1.6852E-06   2.9985E-06   0.56201
FLUX  389   413.00        7.258898E+14   1.5904E-06   3.0354E-06   0.52394
FLUX  390   415.00        7.223916E+14   1.6553E-06   3.0731E-06   0.53865
FLUX  391   417.00        7.189269E+14   1.5940E-06   3.1108E-06   0.51240
FLUX  392   419.00        7.154952E+14   1.6024E-06   3.1476E-06   0.50908
FLUX  393   421.00        7.120962E+14   1.6823E-06   3.1840E-06   0.52838
FLUX  394   423.00        7.087293E+14   1.7134E-06   3.2199E-06   0.53213
FLUX  395   425.00        7.053941E+14   1.7616E-06   3.2556E-06   0.54111
FLUX  396   427.00        7.020902E+14   1.7035E-06   3.2908E-06   0.51764
FLUX  397   429.00        6.988170E+14   1.5731E-06   3.3259E-06   0.47296
FLUX  398   431.00        6.955742E+14   1.2727E-06   3.3608E-06   0.37868
FLUX  399   433.00        6.923614E+14   1.9641E-06   3.3953E-06   0.57847
FLUX  400   435.00        6.891782E+14   1.9322E-06   3.4299E-06   0.56334
FLUX  401   437.00        6.860240E+14   2.1130E-06   3.4638E-06   0.61003
FLUX  402   439.00        6.828986E+14   1.9558E-06   3.4974E-06   0.55922
FLUX  403   441.00        6.798016E+14   2.1055E-06   3.5306E-06   0.59635
FLUX  404   443.00        6.767325E+14   2.2287E-06   3.5637E-06   0.62540
FLUX  405   445.00        6.736910E+14   2.2750E-06   3.5966E-06   0.63256
FLUX  406   447.00        6.706767E+14   2.4639E-06   3.6292E-06   0.67893
FLUX  407   449.00        6.676893E+14   2.5317E-06   3.6615E-06   0.69143
FLUX  408   451.00        6.647284E+14   2.8804E-06   3.6937E-06   0.77983
FLUX  409   453.00        6.617936E+14   2.5919E-06   3.7256E-06   0.69569
FLUX  410   455.00        6.588846E+14   2.6404E-06   3.7573E-06   0.70275
FLUX  411   457.00        6.560011E+14   2.9097E-06   3.7889E-06   0.76797
FLUX  412   459.00        6.531427E+14   2.7414E-06   3.8202E-06   0.71761
FLUX  413   461.00        6.503091E+14   2.9251E-06   3.8513E-06   0.75951
FLUX  414   463.00        6.475000E+14   2.8612E-06   3.8823E-06   0.73698
FLUX  415   465.00        6.447151E+14   2.9698E-06   3.9130E-06   0.75895
FLUX  416   467.00        6.419540E+14   3.0494E-06   3.9436E-06   0.77326
FLUX  417   469.00        6.392164E+14   2.9976E-06   3.9740E-06   0.75430
FLUX  418   471.00        6.365021E+14   2.9546E-06   4.0042E-06   0.73789
FLUX  419   473.00        6.338108E+14   3.1576E-06   4.0342E-06   0.78272
FLUX  420   475.00        6.311421E+14   3.3332E-06   4.0640E-06   0.82020
FLUX  421   477.00        6.284958E+14   3.3906E-06   4.0938E-06   0.82824
FLUX  422   479.00        6.258716E+14   3.4089E-06   4.1231E-06   0.82677
FLUX  423   481.00        6.232692E+14   3.3472E-06   4.1523E-06   0.80610
FLUX  424   483.00        6.206884E+14   3.4862E-06   4.1813E-06   0.83375
FLUX  425   485.00        6.181289E+14   3.3126E-06   4.2101E-06   0.78683
FLUX  426   487.00        6.155903E+14   3.0330E-06   4.2387E-06   0.71554
FLUX  427   489.00        6.130726E+14   3.4756E-06   4.2672E-06   0.81450
FLUX  428   491.00        6.105754E+14   3.4773E-06   4.2955E-06   0.80953
FLUX  429   493.00        6.080984E+14   3.4210E-06   4.3236E-06   0.79122
FLUX  430   495.00        6.056414E+14   3.6975E-06   4.3516E-06   0.84969
FLUX  431   497.00        6.032042E+14   3.6696E-06   4.3794E-06   0.83793
FLUX  432   499.00        6.007866E+14   3.3947E-06   4.4070E-06   0.77029
FLUX  433   501.00        5.983882E+14   3.2714E-06   4.4345E-06   0.73771
FLUX  434   503.00        5.960089E+14   3.5128E-06   4.4618E-06   0.78731
FLUX  435   505.00        5.936485E+14   3.6345E-06   4.4890E-06   0.80965
FLUX  436   507.00        5.913067E+14   3.8015E-06   4.5160E-06   0.84177
FLUX  437   509.00        5.889833E+14   3.6400E-06   4.5429E-06   0.80126
FLUX  438   511.00        5.866781E+14   3.7308E-06   4.5696E-06   0.81645
FLUX  439   513.00        5.843908E+14   3.5753E-06   4.5961E-06   0.77790
FLUX  440   515.00        5.821214E+14   3.5549E-06   4.6224E-06   0.76907
FLUX  441   517.00        5.798694E+14   3.5390E-06   4.6485E-06   0.76132
FLUX  442   519.00        5.776349E+14   3.6275E-06   4.6745E-06   0.77602
FLUX  443   521.00        5.754175E+14   3.7702E-06   4.7002E-06   0.80214
FLUX  444   523.00        5.732170E+14   3.8322E-06   4.7258E-06   0.81090
FLUX  445   525.00        5.710333E+14   3.9229E-06   4.7512E-06   0.82567
FLUX  446   527.00        5.688662E+14   3.5780E-06   4.7764E-06   0.74910
FLUX  447   529.00        5.667155E+14   4.0155E-06   4.8014E-06   0.83631
FLUX  448   531.00        5.645810E+14   4.1487E-06   4.8263E-06   0.85959
FLUX  449   533.00        5.624625E+14   3.8735E-06   4.8510E-06   0.79850
FLUX  450   535.00        5.603598E+14   4.2223E-06   4.8755E-06   0.86603
FLUX  451   537.00        5.582728E+14   4.3078E-06   4.8998E-06   0.87918
FLUX  452   539.00        5.562013E+14   4.2146E-06   4.9294E-06   0.85500
FLUX  453   541.00        5.541451E+14   4.1259E-06   4.9533E-06   0.83296
FLUX  454   543.00        5.521041E+14   4.2404E-06   4.9770E-06   0.85199
FLUX  455   545.00        5.500780E+14   4.5066E-06   5.0005E-06   0.90121
FLUX  456   547.00        5.480667E+14   4.3510E-06   5.0239E-06   0.86605
FLUX  457   549.00        5.460701E+14   4.3866E-06   5.0470E-06   0.86913
FLUX  458   551.00        5.440880E+14   4.3753E-06   5.0701E-06   0.86296
FLUX  459   553.00        5.421203E+14   4.4830E-06   5.0929E-06   0.88024
FLUX  460   555.00        5.401667E+14   4.5668E-06   5.1156E-06   0.89271
FLUX  461   557.00        5.382271E+14   4.5557E-06   5.1381E-06   0.88664
FLUX  462   559.00        5.363014E+14   4.4677E-06   5.1605E-06   0.86575
FLUX  463   561.00        5.343895E+14   4.6963E-06   5.1826E-06   0.90616
FLUX  464   563.00        5.324911E+14   4.6571E-06   5.2114E-06   0.89364
FLUX  465   565.00        5.306062E+14   4.7106E-06   5.2333E-06   0.90012
FLUX  466   567.00        5.287346E+14   4.5967E-06   5.2550E-06   0.87471
FLUX  467   569.00        5.268761E+14   4.7745E-06   5.2766E-06   0.90485
FLUX  468   571.00        5.250306E+14   4.6590E-06   5.2980E-06   0.87941
FLUX  469   573.00        5.231981E+14   5.0825E-06   5.3191E-06   0.95552
FLUX  470   575.00        5.213783E+14   4.8973E-06   5.3401E-06   0.91709
FLUX  471   577.00        5.195711E+14   5.0155E-06   5.3609E-06   0.93558
FLUX  472   579.00        5.177763E+14   4.8640E-06   5.3815E-06   0.90383
FLUX  473   581.00        5.159940E+14   5.0390E-06   5.4019E-06   0.93283
FLUX  474   583.00        5.142238E+14   5.1947E-06   5.4222E-06   0.95804
FLUX  475   585.00        5.124658E+14   5.1104E-06   5.4423E-06   0.93902
FLUX  476   587.00        5.107198E+14   5.1735E-06   5.4623E-06   0.94713
FLUX  477   589.00        5.089856E+14   4.9555E-06   5.4821E-06   0.90394
FLUX  478   591.00        5.072631E+14   5.1724E-06   5.5018E-06   0.94014
FLUX  479   593.00        5.055523E+14   5.2044E-06   5.5212E-06   0.94262
FLUX  480   595.00        5.038529E+14   5.2436E-06   5.5405E-06   0.94641
FLUX  481   597.00        5.021650E+14   5.3471E-06   5.5597E-06   0.96176
FLUX  482   599.00        5.004883E+14   5.2760E-06   5.5786E-06   0.94575
FLUX  483   601.00        4.988228E+14   5.2189E-06   5.5975E-06   0.93236
FLUX  484   603.00        4.971683E+14   5.3208E-06   5.6162E-06   0.94741
FLUX  485   605.00        4.955248E+14   5.4462E-06   5.6347E-06   0.96655
FLUX  486   607.00        4.938921E+14   5.4815E-06   5.6531E-06   0.96966
FLUX  487   609.00        4.922701E+14   5.2869E-06   5.6713E-06   0.93222
FLUX  488   611.00        4.906588E+14   5.2720E-06   5.6894E-06   0.92665
FLUX  489   613.00        4.890579E+14   5.1326E-06   5.7073E-06   0.89931
FLUX  490   615.00        4.874675E+14   5.2353E-06   5.7250E-06   0.91445
FLUX  491   617.00        4.858874E+14   5.1524E-06   5.7426E-06   0.89723
FLUX  492   619.00        4.843174E+14   5.4557E-06   5.7600E-06   0.94716
FLUX  493   621.00        4.827576E+14   5.5122E-06   5.7774E-06   0.95409
FLUX  494   623.00        4.812079E+14   5.3209E-06   5.7946E-06   0.91827
FLUX  495   625.00        4.796680E+14   5.1297E-06   5.8115E-06   0.88267
FLUX  496   627.00        4.781380E+14   5.5024E-06   5.8409E-06   0.94206
FLUX  497   629.00        4.766176E+14   5.5664E-06   5.8575E-06   0.95029
FLUX  498   631.00        4.751070E+14   5.3855E-06   5.8741E-06   0.91683
FLUX  499   633.00        4.736058E+14   5.5160E-06   5.8904E-06   0.93643
FLUX  500   635.00        4.721142E+14   5.5688E-06   5.9078E-06   0.94261
FLUX  501   637.00        4.706319E+14   5.5454E-06   5.9239E-06   0.93611
FLUX  502   639.00        4.691588E+14   5.6384E-06   5.9398E-06   0.94926
FLUX  503   641.00        4.676950E+14   5.5478E-06   5.9556E-06   0.93153
FLUX  504   643.00        4.662403E+14   5.6321E-06   5.9712E-06   0.94321
FLUX  505   645.00        4.647946E+14   5.6372E-06   5.9867E-06   0.94163
FLUX  506   647.00        4.633578E+14   5.6621E-06   6.0020E-06   0.94337
FLUX  507   649.00        4.619299E+14   5.5663E-06   6.0172E-06   0.92507
FLUX  508   651.00        4.605108E+14   5.7426E-06   6.0343E-06   0.95166
FLUX  509   653.00        4.591003E+14   5.7988E-06   6.0492E-06   0.95861
FLUX  510   655.00        4.576985E+14   5.7263E-06   6.0710E-06   0.94321
FLUX  511   657.00        4.563052E+14   5.2279E-06   6.0856E-06   0.85906
FLUX  512   659.00        4.549203E+14   5.7840E-06   6.1001E-06   0.94818
FLUX  513   661.00        4.535439E+14   5.8442E-06   6.1144E-06   0.95580
FLUX  514   663.00        4.521757E+14   5.8724E-06   6.1286E-06   0.95820
FLUX  515   665.00        4.508158E+14   5.8835E-06   6.1426E-06   0.95781
FLUX  516   667.00        4.494640E+14   5.8393E-06   6.1565E-06   0.94848
FLUX  517   669.00        4.481203E+14   6.0006E-06   6.1703E-06   0.97250
FLUX  518   671.00        4.467846E+14   5.8585E-06   6.1839E-06   0.94739
FLUX  519   673.00        4.454569E+14   6.0090E-06   6.1973E-06   0.96961
FLUX  520   675.00        4.441370E+14   5.9331E-06   6.2106E-06   0.95531
FLUX  521   677.00        4.428250E+14   6.0089E-06   6.2238E-06   0.96547
FLUX  522   679.00        4.415206E+14   5.9607E-06   6.2369E-06   0.95572
FLUX  523   681.00        4.402239E+14   5.9997E-06   6.2498E-06   0.95998
FLUX  524   683.00        4.389348E+14   6.0516E-06   6.2625E-06   0.96631
FLUX  525   685.00        4.376533E+14   5.9270E-06   6.2752E-06   0.94452
FLUX  526   687.00        4.363792E+14   6.0584E-06   6.2877E-06   0.96354
FLUX  527   689.00        4.351125E+14   6.1262E-06   6.3000E-06   0.97241
FLUX  528   691.00        4.338531E+14   6.0882E-06   6.3123E-06   0.96450
FLUX  529   693.00        4.326010E+14   6.0972E-06   6.3244E-06   0.96407
FLUX  530   695.00        4.313561E+14   6.0681E-06   6.3364E-06   0.95766
FLUX  531   697.00        4.301184E+14   6.1172E-06   6.3482E-06   0.96360
FLUX  532   699.00        4.288877E+14   6.1319E-06   6.3600E-06   0.96415
FLUX  533   701.00        4.276641E+14   5.9229E-06   6.3716E-06   0.92959
FLUX  534   703.00        4.264474E+14   6.0831E-06   6.3831E-06   0.95301
FLUX  535   705.00        4.252376E+14   6.1658E-06   6.3944E-06   0.96425
FLUX  536   707.00        4.240347E+14   6.1088E-06   6.4056E-06   0.95365
FLUX  537   709.00        4.228385E+14   6.1309E-06   6.4167E-06   0.95545
FLUX  538   711.00        4.216491E+14   6.1243E-06   6.4277E-06   0.95279
FLUX  539   713.00        4.204663E+14   6.0870E-06   6.4386E-06   0.94539
FLUX  540   715.00        4.192902E+14   6.1103E-06   6.4493E-06   0.94744
FLUX  541   717.00        4.181206E+14   6.1357E-06   6.4599E-06   0.94981
FLUX  542   719.00        4.169576E+14   5.9409E-06   6.4703E-06   0.91817
FLUX  543   721.00        4.158010E+14   6.1327E-06   6.4807E-06   0.94630
FLUX  544   723.00        4.146508E+14   6.1471E-06   6.4909E-06   0.94703
FLUX  545   725.00        4.135069E+14   6.2371E-06   6.5054E-06   0.95876
FLUX  546   727.00        4.123693E+14   6.2350E-06   6.5153E-06   0.95698
FLUX  547   729.00        4.112380E+14   6.0549E-06   6.5252E-06   0.92793
FLUX  548   731.00        4.101129E+14   6.1665E-06   6.5444E-06   0.94227
FLUX  549   733.00        4.089939E+14   6.2348E-06   6.5540E-06   0.95130
FLUX  550   735.00        4.078810E+14   6.2447E-06   6.5636E-06   0.95142
FLUX  551   737.00        4.067741E+14   6.3289E-06   6.5730E-06   0.96286
FLUX  552   739.00        4.056732E+14   6.1857E-06   6.5823E-06   0.93975
FLUX  553   741.00        4.045783E+14   6.1058E-06   6.5915E-06   0.92632
FLUX  554   743.00        4.034892E+14   6.2027E-06   6.6006E-06   0.93972
FLUX  555   745.00        4.024060E+14   6.2751E-06   6.6096E-06   0.94939
FLUX  556   747.00        4.013286E+14   6.3435E-06   6.6184E-06   0.95846
FLUX  557   749.00        4.002570E+14   6.3058E-06   6.6272E-06   0.95150
FLUX  558   751.00        3.991911E+14   6.3545E-06   6.6358E-06   0.95760
FLUX  559   753.00        3.981308E+14   6.3998E-06   6.6444E-06   0.96319
FLUX  560   755.00        3.970762E+14   6.4747E-06   6.6529E-06   0.97322
FLUX  561   757.00        3.960271E+14   6.4217E-06   6.6612E-06   0.96405
FLUX  562   759.00        3.949835E+14   6.4418E-06   6.6694E-06   0.96587
FLUX  563   761.00        3.939455E+14   6.4463E-06   6.6776E-06   0.96537
FLUX  564   763.00        3.929128E+14   6.4967E-06   6.6856E-06   0.97175
FLUX  565   765.00        3.918856E+14   6.5020E-06   6.6935E-06   0.97139
FLUX  566   767.00        3.908638E+14   6.3512E-06   6.7014E-06   0.94775
FLUX  567   769.00        3.898472E+14   6.5295E-06   6.7091E-06   0.97323
FLUX  568   771.00        3.888359E+14   6.4250E-06   6.7167E-06   0.95657
FLUX  569   773.00        3.878299E+14   6.4795E-06   6.7243E-06   0.96359
FLUX  570   775.00        3.868290E+14   6.4471E-06   6.7317E-06   0.95771
FLUX  571   777.00        3.858333E+14   6.5301E-06   6.7391E-06   0.96898
FLUX  572   779.00        3.848427E+14   6.6053E-06   6.7464E-06   0.97908
FLUX  573   781.00        3.838572E+14   6.5950E-06   6.7536E-06   0.97652
FLUX  574   783.00        3.828768E+14   6.5553E-06   6.7607E-06   0.96962
FLUX  575   785.00        3.819013E+14   6.5167E-06   6.7677E-06   0.96291
FLUX  576   787.00        3.809307E+14   6.6165E-06   6.7746E-06   0.97666
FLUX  577   789.00        3.799651E+14   6.5539E-06   6.7814E-06   0.96645
FLUX  578   791.00        3.790044E+14   6.4465E-06   6.7881E-06   0.94967
FLUX  579   793.00        3.780485E+14   6.4151E-06   6.7947E-06   0.94413
FLUX  580   795.00        3.770975E+14   6.4055E-06   6.8013E-06   0.94181
FLUX  581   797.00        3.761512E+14   6.5860E-06   6.8077E-06   0.96743
FLUX  582   799.00        3.752096E+14   6.6103E-06   6.8140E-06   0.97010
FLUX  583   801.00        3.742728E+14   6.5592E-06   6.8203E-06   0.96172
FLUX  584   803.00        3.733406E+14   6.5594E-06   6.8264E-06   0.96088
FLUX  585   805.00        3.724130E+14   6.5520E-06   6.8325E-06   0.95895
FLUX  586   807.00        3.714901E+14   6.5840E-06   6.8385E-06   0.96278
FLUX  587   809.00        3.705717E+14   6.4722E-06   6.8443E-06   0.94563
FLUX  588   811.00        3.696578E+14   6.5683E-06   6.8501E-06   0.95886
FLUX  589   813.00        3.687485E+14   6.6250E-06   6.8559E-06   0.96633
FLUX  590   815.00        3.678436E+14   6.6041E-06   6.8615E-06   0.96249
FLUX  591   817.00        3.669431E+14   6.6296E-06   6.8670E-06   0.96543
FLUX  592   819.00        3.660470E+14   6.4764E-06   6.8725E-06   0.94236
FLUX  593   821.00        3.651553E+14   6.4917E-06   6.9679E-06   0.93166
FLUX  594   823.00        3.642679E+14   6.5352E-06   6.9733E-06   0.93717
FLUX  595   825.00        3.633848E+14   6.5810E-06   6.9787E-06   0.94302
FLUX  596   827.00        3.625060E+14   6.6833E-06   6.9840E-06   0.95695
FLUX  597   829.00        3.616315E+14   6.6609E-06   6.9892E-06   0.95303
FLUX  598   831.00        3.607611E+14   6.5032E-06   6.9944E-06   0.92978
FLUX  599   833.00        3.598950E+14   6.4979E-06   6.9995E-06   0.92835
FLUX  600   835.00        3.590329E+14   6.5960E-06   7.0044E-06   0.94169
FLUX  601   837.00        3.581750E+14   6.6121E-06   7.0094E-06   0.94333
FLUX  602   839.00        3.573212E+14   6.5370E-06   7.0142E-06   0.93196
FLUX  603   841.00        3.564715E+14   6.6795E-06   7.0190E-06   0.95164
FLUX  604   843.00        3.556257E+14   6.5922E-06   7.0237E-06   0.93857
FLUX  605   845.00        3.547840E+14   6.6643E-06   7.0283E-06   0.94822
FLUX  606   847.00        3.539463E+14   6.6303E-06   7.0328E-06   0.94276
FLUX  607   849.00        3.531125E+14   6.7427E-06   7.0373E-06   0.95814
FLUX  608   851.00        3.522826E+14   6.3289E-06   7.0417E-06   0.89877
FLUX  609   853.00        3.514566E+14   6.8134E-06   7.0461E-06   0.96697
FLUX  610   855.00        3.506345E+14   6.2316E-06   7.0503E-06   0.88388
FLUX  611   857.00        3.498162E+14   6.8925E-06   7.0545E-06   0.97703
FLUX  612   859.00        3.490017E+14   6.7270E-06   7.0586E-06   0.95302
FLUX  613   861.00        3.481911E+14   6.7097E-06   7.0627E-06   0.95002
FLUX  614   863.00        3.473841E+14   6.8636E-06   7.0667E-06   0.97126
FLUX  615   865.00        3.465809E+14   6.9013E-06   7.0706E-06   0.97605
FLUX  616   867.00        3.457814E+14   6.2033E-06   7.0745E-06   0.87686
FLUX  617   869.00        3.449856E+14   6.6682E-06   7.0782E-06   0.94207
FLUX  618   871.00        3.441935E+14   6.8212E-06   7.0820E-06   0.96317
FLUX  619   873.00        3.434049E+14   6.8466E-06   7.0856E-06   0.96627
FLUX  620   875.00        3.426200E+14   6.6820E-06   7.0892E-06   0.94256
FLUX  621   877.00        3.418387E+14   6.9203E-06   7.0928E-06   0.97569
FLUX  622   879.00        3.410609E+14   6.8614E-06   7.0962E-06   0.96690
FLUX  623   881.00        3.402866E+14   6.7609E-06   7.0996E-06   0.95228
FLUX  624   883.00        3.395159E+14   6.8373E-06   7.1030E-06   0.96259
FLUX  625   885.00        3.387486E+14   6.8806E-06   7.1063E-06   0.96824
FLUX  626   887.00        3.379848E+14   6.6805E-06   7.1095E-06   0.93966
FLUX  627   889.00        3.372244E+14   6.9173E-06   7.1126E-06   0.97254
FLUX  628   891.00        3.364675E+14   6.9850E-06   7.1157E-06   0.98162
FLUX  629   893.00        3.357139E+14   6.8372E-06   7.1188E-06   0.96045
FLUX  630   895.00        3.349637E+14   6.8698E-06   7.1218E-06   0.96462
FLUX  631   897.00        3.342168E+14   6.9112E-06   7.1247E-06   0.97004
FLUX  632   899.00        3.334733E+14   6.9315E-06   7.1275E-06   0.97249
FLUX  633   901.00        3.327331E+14   6.6480E-06   7.1303E-06   0.93236
FLUX  634   903.00        3.319961E+14   6.9091E-06   7.1330E-06   0.96860
FLUX  635   905.00        3.312624E+14   7.0716E-06   7.1357E-06   0.99103
FLUX  636   907.00        3.305320E+14   6.8979E-06   7.1383E-06   0.96632
FLUX  637   909.00        3.298047E+14   6.7117E-06   7.1408E-06   0.93990
FLUX  638   911.00        3.290807E+14   6.8295E-06   7.1433E-06   0.95607
FLUX  639   913.00        3.283598E+14   7.0194E-06   7.1457E-06   0.98234
FLUX  640   915.00        3.276421E+14   7.0057E-06   7.1480E-06   0.98009
FLUX  641   917.00        3.269275E+14   7.0047E-06   7.1502E-06   0.97965
FLUX  642   919.00        3.262160E+14   7.0877E-06   7.1524E-06   0.99096
FLUX  643   921.00        3.255076E+14   6.9057E-06   7.1545E-06   0.96522
FLUX  644   923.00        3.248023E+14   6.8077E-06   7.1566E-06   0.95125
FLUX  645   925.00        3.241000E+14   6.8636E-06   7.1586E-06   0.95879
FLUX  646   927.00        3.234008E+14   6.9704E-06   7.1606E-06   0.97343
FLUX  647   929.00        3.227045E+14   7.0289E-06   7.1626E-06   0.98134
FLUX  648   931.00        3.220113E+14   7.0725E-06   7.1645E-06   0.98716
FLUX  649   933.00        3.213210E+14   7.0370E-06   7.1664E-06   0.98194
FLUX  650   935.00        3.206337E+14   7.0466E-06   7.1682E-06   0.98303
FLUX  651   937.00        3.199493E+14   7.0053E-06   7.1700E-06   0.97703
FLUX  652   939.00        3.192678E+14   7.0549E-06   7.1717E-06   0.98371
FLUX  653   941.00        3.185893E+14   6.7803E-06   7.1734E-06   0.94520
FLUX  654   943.00        3.179136E+14   7.0296E-06   7.1750E-06   0.97973
FLUX  655   945.00        3.172407E+14   6.9394E-06   7.1766E-06   0.96695
FLUX  656   947.00        3.165707E+14   7.0885E-06   7.1782E-06   0.98751
FLUX  657   949.00        3.159036E+14   7.1305E-06   7.1796E-06   0.99315
FLUX  658   951.00        3.152392E+14   7.0806E-06   7.1811E-06   0.98601
FLUX  659   953.00        3.145776E+14   7.0822E-06   7.1825E-06   0.98603
FLUX  660   955.00        3.139188E+14   6.8867E-06   7.1838E-06   0.95864
FLUX  661   957.00        3.132628E+14   7.0036E-06   7.1851E-06   0.97474
FLUX  662   959.00        3.126095E+14   7.1211E-06   7.1863E-06   0.99092
FLUX  663   961.00        3.119589E+14   7.0297E-06   7.1875E-06   0.97804
FLUX  664   963.00        3.113110E+14   6.9724E-06   7.1887E-06   0.96991
FLUX  665   965.00        3.106658E+14   6.9744E-06   7.1898E-06   0.97005
FLUX  666   967.00        3.100233E+14   6.9473E-06   7.1909E-06   0.96612
FLUX  667   969.00        3.093834E+14   7.0438E-06   7.1919E-06   0.97941
FLUX  668   971.00        3.087461E+14   7.0658E-06   7.1929E-06   0.98234
FLUX  669   973.00        3.081115E+14   7.0700E-06   7.1938E-06   0.98278
FLUX  670   975.00        3.074795E+14   6.9790E-06   7.1947E-06   0.97002
FLUX  671   977.00        3.068501E+14   7.0427E-06   7.1956E-06   0.97875
FLUX  672   979.00        3.062232E+14   6.9923E-06   7.1964E-06   0.97164
FLUX  673   981.00        3.055989E+14   7.1070E-06   7.1972E-06   0.98747
FLUX  674   983.00        3.049771E+14   7.1031E-06   7.1979E-06   0.98683
FLUX  675   985.00        3.043579E+14   7.0875E-06   7.1986E-06   0.98457
FLUX  676   987.00        3.037411E+14   7.0594E-06   7.1993E-06   0.98057
FLUX  677   989.00        3.031269E+14   7.0556E-06   7.1999E-06   0.97996
FLUX  678   991.00        3.025151E+14   7.0574E-06   7.2005E-06   0.98013
FLUX  679   993.00        3.019058E+14   7.1171E-06   7.2010E-06   0.98834
FLUX  680   995.00        3.012990E+14   7.1237E-06   7.2015E-06   0.98919
FLUX  681   997.00        3.006946E+14   7.1389E-06   7.2020E-06   0.99124
FLUX  682   999.00        3.000926E+14   7.1291E-06   7.2025E-06   0.98981
FLUX  683  1002.50        2.990449E+14   7.1033E-06   7.2032E-06   0.98613
FLUX  684  1007.50        2.975608E+14   7.0440E-06   7.2041E-06   0.97777
FLUX  685  1012.50        2.960914E+14   7.0895E-06   7.2048E-06   0.98400
FLUX  686  1017.50        2.946364E+14   7.0456E-06   7.2055E-06   0.97782
FLUX  687  1022.50        2.931956E+14   7.0957E-06   7.2060E-06   0.98470
FLUX  688  1027.50        2.917689E+14   7.1575E-06   7.2064E-06   0.99322
FLUX  689  1032.50        2.903559E+14   7.0611E-06   7.2066E-06   0.97981
FLUX  690  1037.50        2.889566E+14   7.0726E-06   7.2068E-06   0.98138
FLUX  691  1042.50        2.875707E+14   7.1260E-06   7.2067E-06   0.98879
FLUX  692  1047.50        2.861981E+14   7.0462E-06   7.2065E-06   0.97775
FLUX  693  1052.50        2.848385E+14   7.1009E-06   7.2061E-06   0.98540
FLUX  694  1057.50        2.834917E+14   7.1037E-06   7.2056E-06   0.98586
FLUX  695  1062.50        2.821576E+14   7.0835E-06   7.2049E-06   0.98316
FLUX  696  1067.50        2.808361E+14   6.9638E-06   7.2041E-06   0.96665
FLUX  697  1072.50        2.795268E+14   7.0350E-06   7.2032E-06   0.97665
FLUX  698  1077.50        2.782297E+14   7.0160E-06   7.2022E-06   0.97414
FLUX  699  1082.50        2.769446E+14   6.9651E-06   7.2013E-06   0.96719
FLUX  700  1087.50        2.756713E+14   6.9926E-06   7.2004E-06   0.97115
FLUX  701  1092.50        2.744096E+14   7.0028E-06   7.1993E-06   0.97270
FLUX  702  1097.50        2.731595E+14   6.9996E-06   7.1983E-06   0.97239
FLUX  703  1102.50        2.719206E+14   7.1008E-06   7.1970E-06   0.98664
FLUX  704  1107.50        2.706930E+14   7.1159E-06   7.1956E-06   0.98894
FLUX  705  1112.50        2.694764E+14   7.0805E-06   7.1942E-06   0.98420
FLUX  706  1117.50        2.682707E+14   7.0527E-06   7.1928E-06   0.98053
FLUX  707  1122.50        2.670757E+14   7.1077E-06   7.1914E-06   0.98837
FLUX  708  1127.50        2.658914E+14   6.9928E-06   7.1901E-06   0.97255
FLUX  709  1132.50        2.647174E+14   7.0052E-06   7.1890E-06   0.97443
FLUX  710  1137.50        2.635538E+14   7.0337E-06   7.1872E-06   0.97863
FLUX  711  1142.50        2.624004E+14   6.9627E-06   7.1850E-06   0.96906
FLUX  712  1147.50        2.612571E+14   7.1168E-06   7.1818E-06   0.99095
FLUX  713  1152.50        2.601236E+14   7.1100E-06   7.1784E-06   0.99046
FLUX  714  1157.50        2.590000E+14   7.0516E-06   7.1752E-06   0.98277
FLUX  715  1162.50        2.578860E+14   6.9613E-06   7.1720E-06   0.97062
FLUX  716  1167.50        2.567816E+14   6.9748E-06   7.1688E-06   0.97293
FLUX  717  1172.50        2.556866E+14   7.1078E-06   7.1656E-06   0.99193
FLUX  718  1177.50        2.546008E+14   6.9732E-06   7.1625E-06   0.97357
FLUX  719  1182.50        2.535243E+14   7.0027E-06   7.1594E-06   0.97811
FLUX  720  1187.50        2.524568E+14   6.9191E-06   7.1563E-06   0.96686
FLUX  721  1192.50        2.513983E+14   7.1171E-06   7.1531E-06   0.99496
FLUX  722  1197.50        2.503486E+14   6.9266E-06   7.1500E-06   0.96876
FLUX  723  1202.50        2.493077E+14   7.0520E-06   7.1468E-06   0.98673
FLUX  724  1207.50        2.482754E+14   7.0073E-06   7.1436E-06   0.98092
FLUX  725  1212.50        2.472515E+14   7.0342E-06   7.1404E-06   0.98513
FLUX  726  1217.50        2.462361E+14   7.0936E-06   7.1372E-06   0.99389
FLUX  727  1222.50        2.452290E+14   7.0762E-06   7.1340E-06   0.99190
FLUX  728  1227.50        2.442301E+14   7.0572E-06   7.1308E-06   0.98968
FLUX  729  1232.50        2.432394E+14   7.0580E-06   7.1277E-06   0.99023
FLUX  730  1237.50        2.422566E+14   7.0565E-06   7.1246E-06   0.99045
FLUX  731  1242.50        2.412817E+14   7.0526E-06   7.1216E-06   0.99032
FLUX  732  1247.50        2.403146E+14   7.0714E-06   7.1185E-06   0.99338
FLUX  733  1252.50        2.393553E+14   7.0254E-06   7.1155E-06   0.98733
FLUX  734  1257.50        2.384036E+14   7.0129E-06   7.1126E-06   0.98599
FLUX  735  1262.50        2.374594E+14   7.0337E-06   7.1096E-06   0.98932
FLUX  736  1267.50        2.365227E+14   7.0073E-06   7.1067E-06   0.98600
FLUX  737  1272.50        2.355933E+14   7.0564E-06   7.1039E-06   0.99331
FLUX  738  1277.50        2.346712E+14   7.0821E-06   7.1010E-06   0.99734
FLUX  739  1282.50        2.337563E+14   6.8006E-06   7.0978E-06   0.95813
FLUX  740  1287.50        2.328485E+14   7.0129E-06   7.0945E-06   0.98851
FLUX  741  1292.50        2.319478E+14   6.9827E-06   7.0912E-06   0.98470
FLUX  742  1297.50        2.310539E+14   7.0337E-06   7.0880E-06   0.99234
FLUX  743  1302.50        2.301670E+14   6.9804E-06   7.0848E-06   0.98528
FLUX  744  1307.50        2.292868E+14   7.0312E-06   7.0816E-06   0.99288
FLUX  745  1312.50        2.284133E+14   6.9729E-06   7.0785E-06   0.98508
FLUX  746  1317.50        2.275465E+14   6.9513E-06   7.0754E-06   0.98247
FLUX  747  1322.50        2.266862E+14   7.0032E-06   7.0723E-06   0.99024
FLUX  748  1327.50        2.258324E+14   6.9233E-06   7.0692E-06   0.97936
FLUX  749  1332.50        2.249850E+14   6.9786E-06   7.0662E-06   0.98761
FLUX  750  1337.50        2.241439E+14   6.9553E-06   7.0632E-06   0.98473
FLUX  751  1342.50        2.233091E+14   7.0027E-06   7.0602E-06   0.99185
FLUX  752  1347.50        2.224805E+14   6.9896E-06   7.0573E-06   0.99040
FLUX  753  1352.50        2.216580E+14   6.9795E-06   7.0545E-06   0.98936
FLUX  754  1357.50        2.208416E+14   6.8944E-06   7.0518E-06   0.97768
FLUX  755  1362.50        2.200312E+14   6.9221E-06   7.0491E-06   0.98199
FLUX  756  1367.50        2.192267E+14   6.9257E-06   7.0464E-06   0.98287
FLUX  757  1372.50        2.184281E+14   6.8850E-06   7.0437E-06   0.97747
FLUX  758  1377.50        2.176352E+14   6.9184E-06   7.0410E-06   0.98259
FLUX  759  1382.50        2.168481E+14   6.9330E-06   7.0383E-06   0.98504
FLUX  760  1387.50        2.160667E+14   6.9387E-06   7.0355E-06   0.98624
FLUX  761  1392.50        2.152908E+14   6.9389E-06   7.0327E-06   0.98666
FLUX  762  1397.50        2.145206E+14   6.9496E-06   7.0298E-06   0.98859
FLUX  763  1402.50        2.137558E+14   6.8810E-06   7.0266E-06   0.97928
FLUX  764  1407.50        2.129964E+14   6.9422E-06   7.0231E-06   0.98848
FLUX  765  1412.50        2.122425E+14   6.8842E-06   7.0196E-06   0.98071
FLUX  766  1417.50        2.114938E+14   6.9449E-06   7.0161E-06   0.98985
FLUX  767  1422.50        2.107504E+14   6.8446E-06   7.0126E-06   0.97605
FLUX  768  1427.50        2.100123E+14   6.8046E-06   7.0090E-06   0.97083
FLUX  769  1432.50        2.092792E+14   6.8934E-06   7.0053E-06   0.98402
FLUX  770  1437.50        2.085513E+14   6.9444E-06   7.0016E-06   0.99182
FLUX  771  1442.50        2.078284E+14   6.6854E-06   6.9979E-06   0.95534
FLUX  772  1447.50        2.071105E+14   6.8968E-06   6.9942E-06   0.98608
FLUX  773  1452.50        2.063976E+14   6.7644E-06   6.9904E-06   0.96768
FLUX  774  1457.00        2.057601E+14   6.8646E-06   6.9869E-06   0.98249
FLUX  775  1462.00        2.050564E+14   6.8686E-06   7.0901E-06   0.96876
FLUX  776  1467.50        2.042879E+14   6.9348E-06   7.0878E-06   0.97841
FLUX  777  1472.50        2.035942E+14   6.7979E-06   7.0856E-06   0.95940
FLUX  778  1477.50        2.029052E+14   6.7738E-06   7.0833E-06   0.95630
FLUX  779  1482.50        2.022209E+14   6.7721E-06   7.0808E-06   0.95641
FLUX  780  1487.50        2.015412E+14   6.7119E-06   7.0780E-06   0.94827
FLUX  781  1492.50        2.008660E+14   6.8182E-06   7.0749E-06   0.96371
FLUX  782  1497.50        2.001953E+14   6.7504E-06   7.0713E-06   0.95462
FLUX  783  1502.50        1.995291E+14   6.6990E-06   7.0675E-06   0.94787
FLUX  784  1507.50        1.988673E+14   6.6439E-06   7.0635E-06   0.94060
FLUX  785  1512.50        1.982099E+14   6.7406E-06   7.0593E-06   0.95486
FLUX  786  1517.50        1.975568E+14   6.7715E-06   7.0548E-06   0.95984
FLUX  787  1522.50        1.969080E+14   6.7786E-06   7.0501E-06   0.96149
FLUX  788  1527.50        1.962635E+14   6.7364E-06   7.0450E-06   0.95619
FLUX  789  1532.50        1.956232E+14   6.7204E-06   7.0397E-06   0.95464
FLUX  790  1537.50        1.949870E+14   6.8227E-06   7.0340E-06   0.96996
FLUX  791  1542.50        1.943549E+14   6.6762E-06   7.0280E-06   0.94994
FLUX  792  1547.50        1.937270E+14   6.8039E-06   7.0216E-06   0.96900
FLUX  793  1552.50        1.931031E+14   6.7721E-06   7.0148E-06   0.96540
FLUX  794  1557.50        1.924831E+14   6.5820E-06   7.0076E-06   0.93928
FLUX  795  1562.50        1.918672E+14   6.8685E-06   6.9998E-06   0.98125
FLUX  796  1567.50        1.912552E+14   6.6822E-06   6.9915E-06   0.95576
FLUX  797  1572.50        1.906471E+14   6.6244E-06   6.9827E-06   0.94869
FLUX  798  1577.50        1.900428E+14   6.6371E-06   6.9733E-06   0.95178
FLUX  799  1582.50        1.894423E+14   6.7150E-06   6.9632E-06   0.96436
FLUX  800  1587.50        1.888457E+14   6.3356E-06   6.9520E-06   0.91133
FLUX  801  1592.50        1.882527E+14   6.6414E-06   6.9401E-06   0.95697
FLUX  802  1597.50        1.876635E+14   6.7378E-06   6.9274E-06   0.97262
FLUX  803  1605.00        1.867866E+14   6.6793E-06   6.9069E-06   0.96705
FLUX  804  1615.00        1.856300E+14   6.5513E-06   6.8761E-06   0.95277
FLUX  805  1625.00        1.844877E+14   6.6683E-06   6.8405E-06   0.97483
FLUX  806  1635.00        1.833593E+14   6.6015E-06   6.7977E-06   0.97113
FLUX  807  1645.00        1.822447E+14   6.4340E-06   6.7454E-06   0.95384
FLUX  808  1655.00        1.811435E+14   6.5402E-06   6.6867E-06   0.97808
FLUX  809  1665.00        1.800556E+14   6.5169E-06   6.6288E-06   0.98312
FLUX  810  1675.00        1.789806E+14   6.4308E-06   6.5716E-06   0.97858
FLUX  811  1685.00        1.779184E+14   6.2466E-06   6.5151E-06   0.95879
FLUX  812  1695.00        1.768687E+14   6.3995E-06   6.4593E-06   0.99074
FLUX  813  1705.00        1.758314E+14   6.2451E-06   6.4042E-06   0.97516
FLUX  814  1715.00        1.748061E+14   6.2698E-06   6.3497E-06   0.98742
FLUX  815  1725.00        1.737928E+14   6.1356E-06   6.2958E-06   0.97456
FLUX  816  1735.00        1.727911E+14   5.9596E-06   6.2425E-06   0.95468
FLUX  817  1745.00        1.718009E+14   6.0356E-06   6.1899E-06   0.97507
FLUX  818  1755.00        1.708219E+14   6.0136E-06   6.1379E-06   0.97976
FLUX  819  1765.00        1.698541E+14   5.9657E-06   6.0864E-06   0.98016
FLUX  820  1775.00        1.688972E+14   5.9143E-06   6.0354E-06   0.97993
FLUX  821  1785.00        1.679510E+14   5.8869E-06   5.9850E-06   0.98360
FLUX  822  1795.00        1.670153E+14   5.8598E-06   5.9352E-06   0.98730
FLUX  823  1805.00        1.660900E+14   5.7806E-06   5.8859E-06   0.98211
FLUX  824  1815.00        1.651749E+14   5.6501E-06   5.8371E-06   0.96795
FLUX  825  1825.00        1.642699E+14   5.6731E-06   5.7889E-06   0.97999
FLUX  826  1835.00        1.633747E+14   5.6541E-06   5.7412E-06   0.98483
FLUX  827  1845.00        1.624892E+14   5.5704E-06   5.6940E-06   0.97830
FLUX  828  1855.00        1.616132E+14   5.5527E-06   5.6473E-06   0.98324
FLUX  829  1865.00        1.607466E+14   5.4672E-06   5.6012E-06   0.97608
FLUX  830  1875.00        1.598893E+14   5.2984E-06   5.5557E-06   0.95369
FLUX  831  1885.00        1.590411E+14   5.4082E-06   5.5107E-06   0.98141
FLUX  832  1895.00        1.582018E+14   5.2440E-06   5.4662E-06   0.95936
FLUX  833  1905.00        1.573714E+14   5.3584E-06   5.4222E-06   0.98824
FLUX  834  1915.00        1.565496E+14   5.2958E-06   5.3787E-06   0.98459
FLUX  835  1925.00        1.557364E+14   5.2609E-06   5.3357E-06   0.98598
FLUX  836  1935.00        1.549315E+14   5.1769E-06   5.2933E-06   0.97801
FLUX  837  1945.00        1.541350E+14   5.0429E-06   5.2513E-06   0.96031
FLUX  838  1955.00        1.533465E+14   5.1314E-06   5.2098E-06   0.98495
FLUX  839  1965.00        1.525662E+14   5.0808E-06   5.1688E-06   0.98297
FLUX  840  1975.00        1.517937E+14   5.0307E-06   5.1283E-06   0.98097
FLUX  841  1985.00        1.510290E+14   5.0122E-06   5.0882E-06   0.98507
FLUX  842  1995.00        1.502719E+14   4.9764E-06   5.0485E-06   0.98571
FLUX  843  2005.00        1.495224E+14   4.9646E-06   5.0093E-06   0.99108
FLUX  844  2015.00        1.487804E+14   4.9496E-06   4.9705E-06   0.99580
FLUX  845  2025.00        1.480457E+14   4.8600E-06   4.9321E-06   0.98537
FLUX  846  2035.00        1.473182E+14   4.7982E-06   4.8942E-06   0.98038
FLUX  847  2045.00        1.465978E+14   4.8353E-06   4.8567E-06   0.99560
FLUX  848  2055.00        1.458844E+14   4.7841E-06   4.8196E-06   0.99264
FLUX  849  2065.00        1.451780E+14   4.7255E-06   4.7829E-06   0.98801
FLUX  850  2075.00        1.444783E+14   4.6972E-06   4.7466E-06   0.98959
FLUX  851  2085.00        1.437854E+14   4.6652E-06   4.7107E-06   0.99035
FLUX  852  2095.00        1.430990E+14   4.6104E-06   4.6751E-06   0.98615
FLUX  853  2105.00        1.424192E+14   4.6076E-06   4.6399E-06   0.99304
FLUX  854  2115.00        1.417459E+14   4.5585E-06   4.6051E-06   0.98988
FLUX  855  2125.00        1.410788E+14   4.5242E-06   4.5706E-06   0.98985
FLUX  856  2135.00        1.404180E+14   4.5075E-06   4.5364E-06   0.99363
FLUX  857  2145.00        1.397634E+14   4.4817E-06   4.5027E-06   0.99534
FLUX  858  2155.00        1.391148E+14   4.4511E-06   4.4692E-06   0.99594
FLUX  859  2165.00        1.384723E+14   4.3161E-06   4.4362E-06   0.97293
FLUX  860  2175.00        1.378356E+14   4.3577E-06   4.4035E-06   0.98960
FLUX  861  2185.00        1.372048E+14   4.3316E-06   4.3711E-06   0.99096
FLUX  862  2195.00        1.365797E+14   4.3231E-06   4.3391E-06   0.99631
FLUX  863  2205.00        1.359603E+14   4.2580E-06   4.3075E-06   0.98851
FLUX  864  2215.00        1.353465E+14   4.2463E-06   4.2762E-06   0.99301
FLUX  865  2225.00        1.347382E+14   4.2134E-06   4.2452E-06   0.99252
FLUX  866  2235.00        1.341353E+14   4.1842E-06   4.2145E-06   0.99281
FLUX  867  2245.00        1.335379E+14   4.1585E-06   4.1842E-06   0.99387
FLUX  868  2255.00        1.329457E+14   4.1068E-06   4.1542E-06   0.98860
FLUX  869  2265.00        1.323587E+14   4.0842E-06   4.1245E-06   0.99024
FLUX  870  2275.00        1.317769E+14   4.0734E-06   4.0951E-06   0.99472
FLUX  871  2285.00        1.312002E+14   4.0312E-06   4.0872E-06   0.98630
FLUX  872  2295.00        1.306285E+14   3.7924E-06   4.0586E-06   0.93441
FLUX  873  2305.00        1.300618E+14   3.8943E-06   4.0302E-06   0.96627
FLUX  874  2315.00        1.295000E+14   3.8794E-06   4.0021E-06   0.96933
FLUX  875  2325.00        1.289430E+14   3.6137E-06   3.9743E-06   0.90926
FLUX  876  2335.00        1.283908E+14   3.7444E-06   3.9468E-06   0.94870
FLUX  877  2345.00        1.278433E+14   3.7744E-06   3.9196E-06   0.96296
FLUX  878  2355.00        1.273004E+14   3.5000E-06   3.8927E-06   0.89914
FLUX  879  2365.00        1.267622E+14   3.6494E-06   3.8660E-06   0.94398
FLUX  880  2375.00        1.262284E+14   3.6714E-06   3.8396E-06   0.95621
FLUX  881  2385.00        1.256992E+14   3.4204E-06   3.8134E-06   0.89695
FLUX  882  2395.00        1.251743E+14   3.5470E-06   3.7875E-06   0.93651
FLUX  883  2405.00        1.246538E+14   3.5712E-06   3.7619E-06   0.94933
FLUX  884  2415.00        1.241377E+14   3.3860E-06   3.7365E-06   0.90622
FLUX  885  2425.00        1.236258E+14   3.4760E-06   3.7113E-06   0.93659
FLUX  886  2435.00        1.231181E+14   3.4781E-06   3.6864E-06   0.94351
FLUX  887  2445.00        1.226145E+14   3.3699E-06   3.6617E-06   0.92032
FLUX  888  2455.00        1.221151E+14   3.3706E-06   3.6373E-06   0.92668
FLUX  889  2465.00        1.216197E+14   3.4389E-06   3.6131E-06   0.95177
FLUX  890  2475.00        1.211283E+14   3.3626E-06   3.5892E-06   0.93687
FLUX  891  2485.00        1.206408E+14   3.3051E-06   3.5655E-06   0.92696
FLUX  892  2495.00        1.201573E+14   3.3200E-06   3.5419E-06   0.93734
FLUX  893  2505.00        1.196776E+14   3.3872E-06   3.5187E-06   0.96264
FLUX  894  2515.00        1.192018E+14   3.2536E-06   3.4956E-06   0.93077
FLUX  895  2525.00        1.187297E+14   3.2874E-06   3.4727E-06   0.94663
FLUX  896  2535.00        1.182613E+14   3.3108E-06   3.4501E-06   0.95961
FLUX  897  2545.00        1.177967E+14   3.2587E-06   3.4276E-06   0.95071
FLUX  898  2555.00        1.173356E+14   3.2433E-06   3.4054E-06   0.95242
FLUX  899  2565.00        1.168782E+14   3.2081E-06   3.3833E-06   0.94821
FLUX  900  2575.00        1.164243E+14   3.2493E-06   3.3615E-06   0.96664
FLUX  901  2585.00        1.159739E+14   3.1560E-06   3.3398E-06   0.94497
FLUX  902  2595.00        1.155270E+14   3.1939E-06   3.3184E-06   0.96249
FLUX  903  2605.00        1.150835E+14   3.1910E-06   3.2972E-06   0.96779
FLUX  904  2615.00        1.146434E+14   3.1311E-06   3.2761E-06   0.95574
FLUX  905  2625.00        1.142067E+14   3.0940E-06   3.2553E-06   0.95047
FLUX  906  2635.00        1.137732E+14   3.1328E-06   3.2346E-06   0.96852
FLUX  907  2645.00        1.133431E+14   3.1163E-06   3.2142E-06   0.96956
FLUX  908  2655.00        1.129162E+14   3.0913E-06   3.1939E-06   0.96787
FLUX  909  2665.00        1.124925E+14   3.0513E-06   3.1738E-06   0.96138
FLUX  910  2675.00        1.120720E+14   3.0544E-06   3.1539E-06   0.96845
FLUX  911  2685.00        1.116546E+14   3.0708E-06   3.1342E-06   0.97977
FLUX  912  2695.00        1.112403E+14   3.0407E-06   3.1147E-06   0.97625
FLUX  913  2705.00        1.108290E+14   3.0332E-06   3.0954E-06   0.97991
FLUX  914  2715.00        1.104208E+14   3.0181E-06   3.0762E-06   0.98112
FLUX  915  2725.00        1.100156E+14   3.0052E-06   3.0572E-06   0.98301
FLUX  916  2735.00        1.096133E+14   2.9828E-06   3.0383E-06   0.98171
FLUX  917  2745.00        1.092140E+14   2.9799E-06   3.0197E-06   0.98683
FLUX  918  2755.00        1.088176E+14   2.9281E-06   3.0012E-06   0.97566
FLUX  919  2765.00        1.084241E+14   2.9323E-06   2.9828E-06   0.98304
FLUX  920  2775.00        1.080333E+14   2.9177E-06   2.9647E-06   0.98414
FLUX  921  2785.00        1.076454E+14   2.9076E-06   2.9467E-06   0.98675
FLUX  922  2795.00        1.072603E+14   2.9025E-06   2.9289E-06   0.99099
FLUX  923  2805.00        1.068779E+14   2.8834E-06   2.9112E-06   0.99045
FLUX  924  2815.00        1.064982E+14   2.8658E-06   2.8937E-06   0.99038
FLUX  925  2825.00        1.061212E+14   2.8491E-06   2.8763E-06   0.99054
FLUX  926  2835.00        1.057469E+14   2.8416E-06   2.8591E-06   0.99389
FLUX  927  2845.00        1.053752E+14   2.8148E-06   2.8420E-06   0.99042
FLUX  928  2855.00        1.050061E+14   2.8036E-06   2.8251E-06   0.99239
FLUX  929  2865.00        1.046396E+14   2.7863E-06   2.8083E-06   0.99214
FLUX  930  2875.00        1.042757E+14   2.7362E-06   2.7917E-06   0.98011
FLUX  931  2885.00        1.039142E+14   2.7544E-06   2.7753E-06   0.99248
FLUX  932  2895.00        1.035553E+14   2.7425E-06   2.7589E-06   0.99406
FLUX  933  2905.00        1.031988E+14   2.7280E-06   2.7427E-06   0.99462
FLUX  934  2915.00        1.028448E+14   2.7095E-06   2.7267E-06   0.99371
FLUX  935  2925.00        1.024932E+14   2.6883E-06   2.7108E-06   0.99170
FLUX  936  2935.00        1.021440E+14   2.6838E-06   2.6950E-06   0.99585
FLUX  937  2945.00        1.017971E+14   2.6586E-06   2.6793E-06   0.99227
FLUX  938  2955.00        1.014526E+14   2.6507E-06   2.6638E-06   0.99508
FLUX  939  2965.00        1.011105E+14   2.6400E-06   2.6484E-06   0.99683
FLUX  940  2975.00        1.007706E+14   2.6235E-06   2.6332E-06   0.99633
FLUX  941  2985.00        1.004330E+14   2.6089E-06   2.6180E-06   0.99650
FLUX  942  2995.00        1.000977E+14   2.5898E-06   2.6030E-06   0.99491
FLUX  943  3005.00        9.976456E+13   2.5753E-06   2.5882E-06   0.99505
FLUX  944  3015.00        9.943367E+13   2.5646E-06   2.5734E-06   0.99658
FLUX  945  3025.00        9.910496E+13   2.5485E-06   2.5587E-06   0.99600
FLUX  946  3035.00        9.877842E+13   2.5007E-06   2.5442E-06   0.98293
FLUX  947  3045.00        9.845402E+13   2.5180E-06   2.5297E-06   0.99539
FLUX  948  3055.00        9.813175E+13   2.5030E-06   2.5153E-06   0.99512
FLUX  949  3065.00        9.781158E+13   2.4870E-06   2.5010E-06   0.99441
FLUX  950  3075.00        9.749350E+13   2.4805E-06   2.4868E-06   0.99748
FLUX  951  3085.00        9.717747E+13   2.4564E-06   2.4727E-06   0.99337
FLUX  952  3095.00        9.686349E+13   2.4455E-06   2.4588E-06   0.99459
FLUX  953  3105.00        9.655153E+13   2.4377E-06   2.4450E-06   0.99701
FLUX  954  3115.00        9.624157E+13   2.4063E-06   2.4313E-06   0.98973
FLUX  955  3125.00        9.593360E+13   2.4062E-06   2.4177E-06   0.99524
FLUX  956  3135.00        9.562759E+13   2.3957E-06   2.4042E-06   0.99643
FLUX  957  3145.00        9.532353E+13   2.3825E-06   2.3909E-06   0.99650
FLUX  958  3155.00        9.502139E+13   2.3653E-06   2.3776E-06   0.99480
FLUX  959  3165.00        9.472117E+13   2.3553E-06   2.3645E-06   0.99613
FLUX  960  3175.00        9.442283E+13   2.3438E-06   2.3514E-06   0.99674
FLUX  961  3185.00        9.412637E+13   2.3313E-06   2.3385E-06   0.99693
FLUX  962  3195.00        9.383177E+13   2.3221E-06   2.3257E-06   0.99846
FLUX  963  3210.00        9.339330E+13   2.2988E-06   2.3066E-06   0.99658
FLUX  964  3230.00        9.281502E+13   2.2765E-06   2.2816E-06   0.99775
FLUX  965  3250.00        9.224385E+13   2.2496E-06   2.2570E-06   0.99673
FLUX  966  3270.00        9.167966E+13   2.2242E-06   2.2327E-06   0.99616
FLUX  967  3290.00        9.112234E+13   2.1844E-06   2.2116E-06   0.98770
FLUX  968  3310.00        9.057175E+13   2.1750E-06   2.1880E-06   0.99407
FLUX  969  3330.00        9.002778E+13   2.1497E-06   2.1648E-06   0.99302
FLUX  970  3350.00        8.949030E+13   2.1322E-06   2.1420E-06   0.99543
FLUX  971  3370.00        8.895920E+13   2.1042E-06   2.1195E-06   0.99279
FLUX  972  3390.00        8.843437E+13   2.0795E-06   2.0974E-06   0.99145
FLUX  973  3410.00        8.791569E+13   2.0552E-06   2.0756E-06   0.99016
FLUX  974  3430.00        8.740306E+13   2.0420E-06   2.0541E-06   0.99410
FLUX  975  3450.00        8.689638E+13   2.0259E-06   2.0330E-06   0.99651
FLUX  976  3470.00        8.639553E+13   2.0026E-06   2.0122E-06   0.99525
FLUX  977  3490.00        8.590043E+13   1.9831E-06   1.9917E-06   0.99569
FLUX  978  3510.00        8.541097E+13   1.9648E-06   1.9715E-06   0.99662
FLUX  979  3530.00        8.492705E+13   1.9401E-06   1.9516E-06   0.99412
FLUX  980  3550.00        8.444859E+13   1.9239E-06   1.9319E-06   0.99584
FLUX  981  3570.00        8.397549E+13   1.9003E-06   1.9126E-06   0.99358
FLUX  982  3590.00        8.350766E+13   1.8848E-06   1.8935E-06   0.99539
FLUX  983  3610.00        8.304501E+13   1.8672E-06   1.8747E-06   0.99595
FLUX  984  3630.00        8.258747E+13   1.8528E-06   1.8562E-06   0.99812
FLUX  985  3650.00        8.213493E+13   1.8233E-06   1.8380E-06   0.99199
FLUX  986  3670.00        8.168733E+13   1.8095E-06   1.8201E-06   0.99419
FLUX  987  3690.00        8.124458E+13   1.7763E-06   1.8024E-06   0.98555
FLUX  988  3710.00        8.080660E+13   1.7625E-06   1.7849E-06   0.98744
FLUX  989  3730.00        8.037332E+13   1.7501E-06   1.7677E-06   0.99003
FLUX  990  3750.00        7.994467E+13   1.7138E-06   1.7507E-06   0.97890
FLUX  991  3770.00        7.952056E+13   1.7200E-06   1.7340E-06   0.99194
FLUX  992  3790.00        7.910092E+13   1.7025E-06   1.7175E-06   0.99126
FLUX  993  3810.00        7.868570E+13   1.6862E-06   1.7013E-06   0.99111
FLUX  994  3830.00        7.827480E+13   1.6777E-06   1.6852E-06   0.99553
FLUX  995  3850.00        7.786818E+13   1.6649E-06   1.6694E-06   0.99730
FLUX  996  3870.00        7.746576E+13   1.6445E-06   1.6538E-06   0.99432
FLUX  997  3890.00        7.706748E+13   1.6290E-06   1.6385E-06   0.99424
FLUX  998  3910.00        7.667327E+13   1.6124E-06   1.6233E-06   0.99329
FLUX  999  3930.00        7.628308E+13   1.6040E-06   1.6084E-06   0.99726
FLUX 1000  3950.00        7.589684E+13   1.5828E-06   1.5936E-06   0.99321
FLUX 1001  3970.00        7.551448E+13   1.5718E-06   1.5790E-06   0.99545
FLUX 1002  3990.00        7.513596E+13   1.5464E-06   1.5646E-06   0.98832
FLUX 1003  4010.00        7.476122E+13   1.5372E-06   1.5505E-06   0.99146
FLUX 1004  4030.00        7.439020E+13   1.5263E-06   1.5365E-06   0.99337
FLUX 1005  4050.00        7.402284E+13   1.5049E-06   1.5227E-06   0.98832
FLUX 1006  4070.00        7.365909E+13   1.5013E-06   1.5090E-06   0.99487
FLUX 1007  4090.00        7.329890E+13   1.4880E-06   1.4956E-06   0.99493
FLUX 1008  4110.00        7.294221E+13   1.4787E-06   1.4823E-06   0.99758
FLUX 1009  4130.00        7.258898E+13   1.4672E-06   1.4692E-06   0.99861
FLUX 1010  4150.00        7.223916E+13   1.4502E-06   1.4563E-06   0.99579
FLUX 1011  4170.00        7.189269E+13   1.4332E-06   1.4435E-06   0.99284
FLUX 1012  4190.00        7.154952E+13   1.4250E-06   1.4309E-06   0.99588
FLUX 1013  4210.00        7.120962E+13   1.4079E-06   1.4185E-06   0.99256
FLUX 1014  4230.00        7.087293E+13   1.4053E-06   1.4062E-06   0.99933
FLUX 1015  4250.00        7.053941E+13   1.3882E-06   1.3941E-06   0.99571
FLUX 1016  4270.00        7.020902E+13   1.3798E-06   1.3822E-06   0.99829
FLUX 1017  4290.00        6.988170E+13   1.3184E-06   1.3704E-06   0.96204
FLUX 1018  4310.00        6.955742E+13   1.2770E-06   1.3587E-06   0.93981
FLUX 1019  4330.00        6.923614E+13   1.2978E-06   1.3472E-06   0.96332
FLUX 1020  4350.00        6.891782E+13   1.2305E-06   1.3359E-06   0.92112
FLUX 1021  4370.00        6.860240E+13   1.2211E-06   1.3247E-06   0.92185
FLUX 1022  4390.00        6.828986E+13   1.2268E-06   1.3136E-06   0.93392
FLUX 1023  4410.00        6.798016E+13   1.1538E-06   1.3026E-06   0.88575
FLUX 1024  4430.00        6.767325E+13   1.1725E-06   1.2918E-06   0.90768
FLUX 1025  4450.00        6.736910E+13   1.1607E-06   1.2811E-06   0.90603
FLUX 1026  4470.00        6.706767E+13   1.1003E-06   1.2709E-06   0.86575
FLUX 1027  4490.00        6.676893E+13   1.1308E-06   1.2605E-06   0.89708
FLUX 1028  4510.00        6.647284E+13   1.1161E-06   1.2502E-06   0.89280
FLUX 1029  4530.00        6.617936E+13   1.0666E-06   1.2400E-06   0.86016
FLUX 1030  4550.00        6.588846E+13   1.0852E-06   1.2299E-06   0.88238
FLUX 1031  4570.00        6.560011E+13   1.0840E-06   1.2199E-06   0.88854
FLUX 1032  4590.00        6.531427E+13   1.0333E-06   1.2101E-06   0.85385
FLUX 1033  4610.00        6.503091E+13   1.0587E-06   1.2004E-06   0.88193
FLUX 1034  4630.00        6.475000E+13   1.0429E-06   1.1908E-06   0.87585
FLUX 1035  4650.00        6.447151E+13   1.0366E-06   1.1813E-06   0.87753
FLUX 1036  4670.00        6.419540E+13   1.0336E-06   1.1719E-06   0.88200
FLUX 1037  4690.00        6.392164E+13   1.0305E-06   1.1627E-06   0.88636
FLUX 1038  4710.00        6.365021E+13   1.0139E-06   1.1535E-06   0.87894
FLUX 1039  4730.00        6.338108E+13   1.0276E-06   1.1445E-06   0.89790
FLUX 1040  4750.00        6.311421E+13   1.0143E-06   1.1355E-06   0.89327
FLUX 1041  4770.00        6.284958E+13   1.0053E-06   1.1267E-06   0.89230
FLUX 1042  4790.00        6.258716E+13   1.0008E-06   1.1180E-06   0.89523
FLUX 1043  4810.00        6.232692E+13   9.8524E-07   1.1093E-06   0.88814
FLUX 1044  4830.00        6.206884E+13   1.0009E-06   1.1008E-06   0.90923
FLUX 1045  4850.00        6.181289E+13   9.8613E-07   1.0924E-06   0.90274
FLUX 1046  4870.00        6.155903E+13   9.7548E-07   1.0840E-06   0.89986
FLUX 1047  4890.00        6.130726E+13   9.7530E-07   1.0758E-06   0.90661
FLUX 1048  4910.00        6.105754E+13   9.6188E-07   1.0676E-06   0.90097
FLUX 1049  4930.00        6.080984E+13   9.5904E-07   1.0595E-06   0.90516
FLUX 1050  4950.00        6.056414E+13   9.5277E-07   1.0515E-06   0.90607
FLUX 1051  4970.00        6.032042E+13   9.4941E-07   1.0436E-06   0.90970
FLUX 1052  4990.00        6.007866E+13   9.3851E-07   1.0358E-06   0.90604
FLUX 1053  5010.00        5.983882E+13   9.4282E-07   1.0281E-06   0.91703
FLUX 1054  5030.00        5.960089E+13   9.3613E-07   1.0205E-06   0.91734
FLUX 1055  5050.00        5.936485E+13   9.2004E-07   1.0129E-06   0.90829
FLUX 1056  5070.00        5.913067E+13   9.1675E-07   1.0055E-06   0.91176
FLUX 1057  5090.00        5.889833E+13   9.1503E-07   9.9809E-07   0.91678
FLUX 1058  5110.00        5.866781E+13   9.0323E-07   9.9079E-07   0.91162
FLUX 1059  5130.00        5.843908E+13   9.0014E-07   9.8356E-07   0.91518
FLUX 1060  5150.00        5.821214E+13   8.9540E-07   9.7642E-07   0.91702
FLUX 1061  5170.00        5.798694E+13   9.0116E-07   9.6935E-07   0.92965
FLUX 1062  5190.00        5.776349E+13   8.8656E-07   9.6236E-07   0.92124
FLUX 1063  5210.00        5.754175E+13   8.7806E-07   9.5544E-07   0.91902
FLUX 1064  5230.00        5.732170E+13   8.7357E-07   9.4860E-07   0.92091
FLUX 1065  5250.00        5.710333E+13   8.7499E-07   9.4183E-07   0.92903
FLUX 1066  5270.00        5.688662E+13   8.7699E-07   9.3513E-07   0.93783
FLUX 1067  5290.00        5.667155E+13   8.5823E-07   9.2851E-07   0.92431
FLUX 1068  5310.00        5.645810E+13   8.5533E-07   9.2195E-07   0.92774
FLUX 1069  5330.00        5.624625E+13   8.5274E-07   9.1546E-07   0.93148
FLUX 1070  5350.00        5.603598E+13   8.4822E-07   9.0904E-07   0.93309
FLUX 1071  5370.00        5.582728E+13   8.4524E-07   9.0268E-07   0.93637
FLUX 1072  5390.00        5.562013E+13   8.4192E-07   8.9639E-07   0.93924
FLUX 1073  5410.00        5.541451E+13   8.3557E-07   8.9016E-07   0.93868
FLUX 1074  5430.00        5.521041E+13   8.2432E-07   8.8399E-07   0.93250
FLUX 1075  5450.00        5.500780E+13   8.2695E-07   8.7789E-07   0.94197
FLUX 1076  5470.00        5.480667E+13   8.2005E-07   8.7185E-07   0.94059
FLUX 1077  5490.00        5.460701E+13   8.1505E-07   8.6587E-07   0.94130
FLUX 1078  5510.00        5.440880E+13   8.1062E-07   8.5996E-07   0.94263
FLUX 1079  5530.00        5.421203E+13   8.1621E-07   8.5410E-07   0.95564
FLUX 1080  5550.00        5.401667E+13   7.9849E-07   8.4830E-07   0.94128
FLUX 1081  5570.00        5.382271E+13   8.0583E-07   8.4257E-07   0.95640
FLUX 1082  5590.00        5.363014E+13   7.9428E-07   8.3689E-07   0.94909
FLUX 1083  5610.00        5.343895E+13   7.9266E-07   8.3127E-07   0.95356
FLUX 1084  5630.00        5.324911E+13   7.8404E-07   8.2570E-07   0.94954
FLUX 1085  5650.00        5.306062E+13   7.8673E-07   8.2019E-07   0.95920
FLUX 1086  5670.00        5.287346E+13   7.8095E-07   8.1474E-07   0.95853
FLUX 1087  5690.00        5.268761E+13   7.7055E-07   8.0933E-07   0.95208
FLUX 1088  5710.00        5.250306E+13   7.7323E-07   8.0399E-07   0.96175
FLUX 1089  5730.00        5.231981E+13   7.6875E-07   7.9869E-07   0.96252
FLUX 1090  5750.00        5.213783E+13   7.6456E-07   7.9345E-07   0.96359
FLUX 1091  5770.00        5.195711E+13   7.5797E-07   7.8825E-07   0.96159
FLUX 1092  5790.00        5.177763E+13   7.5779E-07   7.8311E-07   0.96767
FLUX 1093  5810.00        5.159940E+13   7.5046E-07   7.7802E-07   0.96457
FLUX 1094  5830.00        5.142238E+13   7.4725E-07   7.7297E-07   0.96673
FLUX 1095  5850.00        5.124658E+13   7.4433E-07   7.6805E-07   0.96912
FLUX 1096  5870.00        5.107198E+13   7.3669E-07   7.6310E-07   0.96539
FLUX 1097  5890.00        5.089856E+13   7.3336E-07   7.5820E-07   0.96725
FLUX 1098  5910.00        5.072631E+13   7.3082E-07   7.5334E-07   0.97011
FLUX 1099  5930.00        5.055523E+13   7.2729E-07   7.4853E-07   0.97163
FLUX 1100  5950.00        5.038529E+13   7.2052E-07   7.4377E-07   0.96875
FLUX 1101  5970.00        5.021650E+13   7.2057E-07   7.3905E-07   0.97500
FLUX 1102  5990.00        5.004883E+13   7.1621E-07   7.3437E-07   0.97527
FLUX 1103  6010.00        4.988228E+13   7.1286E-07   7.2974E-07   0.97687
FLUX 1104  6030.00        4.971683E+13   7.0871E-07   7.2515E-07   0.97732
FLUX 1105  6050.00        4.955248E+13   7.0277E-07   7.2061E-07   0.97525
FLUX 1106  6070.00        4.938921E+13   6.9898E-07   7.1611E-07   0.97608
FLUX 1107  6090.00        4.922701E+13   6.9536E-07   7.1165E-07   0.97711
FLUX 1108  6110.00        4.906588E+13   6.8959E-07   7.0723E-07   0.97505
FLUX 1109  6130.00        4.890579E+13   6.8794E-07   7.0286E-07   0.97878
FLUX 1110  6150.00        4.874675E+13   6.8462E-07   6.9852E-07   0.98010
FLUX 1111  6170.00        4.858874E+13   6.8216E-07   6.9422E-07   0.98262
FLUX 1112  6190.00        4.843174E+13   6.7892E-07   6.8997E-07   0.98399
FLUX 1113  6210.00        4.827576E+13   6.7589E-07   6.8575E-07   0.98563
FLUX 1114  6230.00        4.812079E+13   6.6986E-07   6.8157E-07   0.98283
FLUX 1115  6250.00        4.796680E+13   6.6550E-07   6.7742E-07   0.98239
FLUX 1116  6270.00        4.781380E+13   6.6239E-07   6.7332E-07   0.98376
FLUX 1117  6290.00        4.766176E+13   6.5902E-07   6.6925E-07   0.98472
FLUX 1118  6310.00        4.751070E+13   6.5433E-07   6.6522E-07   0.98363
FLUX 1119  6330.00        4.736058E+13   6.5366E-07   6.6122E-07   0.98857
FLUX 1120  6350.00        4.721142E+13   6.4864E-07   6.5726E-07   0.98688
FLUX 1121  6370.00        4.706319E+13   6.4728E-07   6.5333E-07   0.99073
FLUX 1122  6390.00        4.691588E+13   6.4203E-07   6.4944E-07   0.98859
FLUX 1123  6420.00        4.669665E+13   6.3707E-07   6.4367E-07   0.98975
FLUX 1124  6460.00        4.640751E+13   6.2955E-07   6.3609E-07   0.98971
FLUX 1125  6500.00        4.612192E+13   6.2280E-07   6.2864E-07   0.99071
FLUX 1126  6540.00        4.583983E+13   6.1622E-07   6.2133E-07   0.99177
FLUX 1127  6580.00        4.556117E+13   6.1035E-07   6.1414E-07   0.99382
FLUX 1128  6620.00        4.528588E+13   6.0301E-07   6.0708E-07   0.99330
FLUX 1129  6660.00        4.501389E+13   5.9692E-07   6.0014E-07   0.99464
FLUX 1130  6700.00        4.474515E+13   5.9062E-07   5.9331E-07   0.99547
FLUX 1131  6740.00        4.447960E+13   5.8362E-07   5.8660E-07   0.99491
FLUX 1132  6780.00        4.421718E+13   5.7766E-07   5.8001E-07   0.99596
FLUX 1133  6820.00        4.395784E+13   5.7133E-07   5.7352E-07   0.99617
FLUX 1134  6860.00        4.370153E+13   5.6543E-07   5.6714E-07   0.99699
FLUX 1135  6900.00        4.344819E+13   5.5905E-07   5.6086E-07   0.99677
FLUX 1136  6940.00        4.319777E+13   5.5297E-07   5.5469E-07   0.99690
FLUX 1137  6980.00        4.295021E+13   5.4737E-07   5.4862E-07   0.99772
FLUX 1138  7020.00        4.270548E+13   5.4100E-07   5.4265E-07   0.99696
FLUX 1139  7060.00        4.246353E+13   5.3573E-07   5.3677E-07   0.99805
FLUX 1140  7100.00        4.222430E+13   5.3008E-07   5.3099E-07   0.99829
FLUX 1141  7140.00        4.198775E+13   5.2463E-07   5.2530E-07   0.99871
FLUX 1142  7180.00        4.175383E+13   5.1894E-07   5.1971E-07   0.99852
FLUX 1143  7220.00        4.152251E+13   5.1335E-07   5.1420E-07   0.99834
FLUX 1144  7260.00        4.129373E+13   5.0792E-07   5.0878E-07   0.99832
FLUX 1145  7300.00        4.106747E+13   5.0303E-07   5.0344E-07   0.99918
FLUX 1146  7340.00        4.084366E+13   4.9746E-07   4.9819E-07   0.99853
FLUX 1147  7380.00        4.062229E+13   4.9265E-07   4.9302E-07   0.99927
FLUX 1148  7420.00        4.040330E+13   4.8705E-07   4.8792E-07   0.99822
FLUX 1149  7460.00        4.018666E+13   4.8200E-07   4.8291E-07   0.99812
FLUX 1150  7500.00        3.997233E+13   4.7709E-07   4.7797E-07   0.99816
FLUX 1151  7540.00        3.976028E+13   4.7231E-07   4.7311E-07   0.99831
FLUX 1152  7580.00        3.955046E+13   4.6803E-07   4.6832E-07   0.99938
FLUX 1153  7620.00        3.934285E+13   4.6325E-07   4.6360E-07   0.99924
FLUX 1154  7660.00        3.913740E+13   4.5877E-07   4.5896E-07   0.99958
FLUX 1155  7700.00        3.893409E+13   4.5393E-07   4.5438E-07   0.99901
FLUX 1156  7740.00        3.873288E+13   4.4965E-07   4.4987E-07   0.99951
FLUX 1157  7780.00        3.853374E+13   4.4530E-07   4.4543E-07   0.99971
FLUX 1158  7820.00        3.833664E+13   4.4091E-07   4.4106E-07   0.99967
FLUX 1159  7860.00        3.814154E+13   4.3665E-07   4.3675E-07   0.99977
FLUX 1160  7900.00        3.794842E+13   4.3237E-07   4.3250E-07   0.99972
FLUX 1161  7940.00        3.775724E+13   4.2815E-07   4.2831E-07   0.99963
FLUX 1162  7980.00        3.756798E+13   4.2412E-07   4.2418E-07   0.99987
FLUX 1163  8020.00        3.738061E+13   4.1975E-07   4.2011E-07   0.99914
FLUX 1164  8060.00        3.719510E+13   4.1574E-07   4.1610E-07   0.99912
FLUX 1165  8100.00        3.701142E+13   4.1204E-07   4.1215E-07   0.99974
FLUX 1166  8140.00        3.682955E+13   4.0783E-07   4.0825E-07   0.99895
FLUX 1167  8180.00        3.664945E+13   4.0409E-07   4.0441E-07   0.99921
FLUX 1168  8220.00        3.647111E+13   4.0052E-07   4.0062E-07   0.99974
FLUX 1169  8260.00        3.629449E+13   3.9668E-07   3.9689E-07   0.99948
FLUX 1170  8300.00        3.611958E+13   3.9307E-07   3.9321E-07   0.99966
FLUX 1171  8340.00        3.594634E+13   3.8914E-07   3.8957E-07   0.99889
FLUX 1172  8380.00        3.577476E+13   3.8565E-07   3.8599E-07   0.99913
FLUX 1173  8420.00        3.560481E+13   3.8231E-07   3.8245E-07   0.99962
FLUX 1174  8460.00        3.543647E+13   3.7883E-07   3.7897E-07   0.99964
FLUX 1175  8500.00        3.526971E+13   3.7541E-07   3.7553E-07   0.99968
FLUX 1176  8540.00        3.510451E+13   3.7198E-07   3.7214E-07   0.99958
FLUX 1177  8580.00        3.494085E+13   3.6866E-07   3.6879E-07   0.99964
FLUX 1178  8620.00        3.477871E+13   3.6530E-07   3.6549E-07   0.99947
FLUX 1179  8660.00        3.461807E+13   3.6215E-07   3.6223E-07   0.99976
FLUX 1180  8700.00        3.445891E+13   3.5897E-07   3.5902E-07   0.99987
FLUX 1181  8740.00        3.430120E+13   3.5575E-07   3.5585E-07   0.99974
FLUX 1182  8780.00        3.414493E+13   3.5261E-07   3.5272E-07   0.99970
FLUX 1183  8820.00        3.399008E+13   3.4932E-07   3.4963E-07   0.99911
FLUX 1184  8860.00        3.383663E+13   3.4639E-07   3.4658E-07   0.99944
FLUX 1185  8900.00        3.368455E+13   3.4327E-07   3.4357E-07   0.99912
FLUX 1186  8940.00        3.353384E+13   3.4042E-07   3.4060E-07   0.99945
FLUX 1187  8980.00        3.338447E+13   3.3723E-07   3.3767E-07   0.99868
FLUX 1188  9020.00        3.323642E+13   3.3454E-07   3.3478E-07   0.99928
FLUX 1189  9060.00        3.308968E+13   3.3190E-07   3.3192E-07   0.99993
FLUX 1190  9100.00        3.294423E+13   3.2867E-07   3.2910E-07   0.99870
FLUX 1191  9140.00        3.280005E+13   3.2603E-07   3.2631E-07   0.99912
FLUX 1192  9180.00        3.265714E+13   3.2344E-07   3.2356E-07   0.99963
FLUX 1193  9220.00        3.251546E+13   3.2082E-07   3.2085E-07   0.99991
FLUX 1194  9260.00        3.237500E+13   3.1811E-07   3.1817E-07   0.99983
FLUX 1195  9300.00        3.223575E+13   3.1550E-07   3.1552E-07   0.99994
FLUX 1196  9340.00        3.209770E+13   3.1281E-07   3.1290E-07   0.99970
FLUX 1197  9380.00        3.196082E+13   3.1027E-07   3.1032E-07   0.99985
FLUX 1198  9420.00        3.182511E+13   3.0771E-07   3.0777E-07   0.99982
FLUX 1199  9460.00        3.169054E+13   3.0515E-07   3.0525E-07   0.99967
FLUX 1200  9500.00        3.155711E+13   3.0266E-07   3.0276E-07   0.99967
FLUX 1201  9540.00        3.142479E+13   3.0014E-07   3.0031E-07   0.99944
FLUX 1202  9580.00        3.129358E+13   2.9784E-07   2.9788E-07   0.99988
FLUX 1203  9620.00        3.116346E+13   2.9531E-07   2.9548E-07   0.99943
FLUX 1204  9660.00        3.103442E+13   2.9307E-07   2.9311E-07   0.99988
FLUX 1205  9700.00        3.090644E+13   2.9074E-07   2.9077E-07   0.99991
FLUX 1206  9740.00        3.077952E+13   2.8810E-07   2.8845E-07   0.99876
FLUX 1207  9780.00        3.065363E+13   2.8601E-07   2.8617E-07   0.99946
FLUX 1208  9820.00        3.052877E+13   2.8380E-07   2.8391E-07   0.99961
FLUX 1209  9860.00        3.040492E+13   2.8162E-07   2.8167E-07   0.99980
FLUX 1210  9900.00        3.028207E+13   2.7946E-07   2.7947E-07   0.99998
FLUX 1211  9940.00        3.016021E+13   2.7716E-07   2.7729E-07   0.99953
FLUX 1212  9980.00        3.003933E+13   2.7501E-07   2.7513E-07   0.99957
FLUX 1213 10020.00        2.991941E+13   2.7288E-07   2.7300E-07   0.99957
FLUX 1214 20000.00        1.498963E+13   7.0191E-08   7.0197E-08   0.99992
FLUX 1215 40000.00        7.494813E+12   1.7570E-08   1.7570E-08   0.99998
FLUX 1216 60000.00        4.996542E+12   7.7558E-09   7.7559E-09   0.99999
FLUX 1217 80000.00        3.747406E+12   4.3313E-09   4.3313E-09   1.00000
FLUX 1218100000.00        2.997925E+12   2.7537E-09   2.7537E-09   1.00000
FLUX 1219120000.00        2.498271E+12   1.9009E-09   1.9009E-09   1.00000
FLUX 1220140000.00        2.141375E+12   1.3890E-09   1.3890E-09   1.00000
FLUX 1221160000.00        1.873703E+12   1.0583E-09   1.0583E-09   1.00000
FLUX
