TEFF   9250.  GRAVITY 4.00000 LTE 
TITLE TEST RUN VEGA MODEL WITH SDSC OPACITY  VTURB 2 KM/S                       
 OPACITY IFOP
FLUX   81    50.60        5.924753E+15   2.7978E-23   3.1385E-23   0.89146
FLUX   82    51.20        5.855322E+15   5.1318E-23   5.2030E-23   0.98630
FLUX   83    52.00        5.765240E+15   9.9229E-23   1.0016E-22   0.99067
FLUX   84    53.00        5.656462E+15   2.2105E-22   2.2116E-22   0.99951
FLUX   85    54.00        5.551713E+15   4.7288E-22   4.7497E-22   0.99560
FLUX   86    55.00        5.450773E+15   9.9365E-22   9.9432E-22   0.99933
FLUX   87    56.00        5.353438E+15   2.0311E-21   2.0312E-21   0.99995
FLUX   88    57.00        5.259518E+15   4.0552E-21   4.0553E-21   0.99999
FLUX   89    58.00        5.168836E+15   7.8819E-21   7.9249E-21   0.99457
FLUX   90    59.00        5.081229E+15   1.5164E-20   1.5170E-20   0.99962
FLUX   91    60.00        4.996542E+15   2.8468E-20   2.8484E-20   0.99944
FLUX   92    61.00        4.914631E+15   5.2516E-20   5.2516E-20   0.99999
FLUX   93    62.00        4.835363E+15   9.5156E-20   9.5158E-20   0.99998
FLUX   94    63.00        4.758611E+15   1.6960E-19   1.6960E-19   0.99999
FLUX   95    64.00        4.684258E+15   2.9752E-19   2.9764E-19   0.99961
FLUX   96    65.00        4.612192E+15   5.1451E-19   5.1452E-19   0.99998
FLUX   97    65.80        4.556117E+15   7.8891E-19   7.8892E-19   0.99998
FLUX   98    66.50        4.508158E+15   1.1376E-18   1.1383E-18   0.99941
FLUX   99    67.50        4.441370E+15   1.8988E-18   1.8998E-18   0.99952
FLUX  100    68.50        4.376533E+15   3.1289E-18   3.1292E-18   0.99990
FLUX  101    69.50        4.313561E+15   5.0893E-18   5.0894E-18   0.99999
FLUX  102    70.50        4.252376E+15   8.1652E-18   8.1767E-18   0.99860
FLUX  103    71.60        4.187046E+15   1.3588E-17   1.3588E-17   0.99998
FLUX  104    72.60        4.129373E+15   2.1305E-17   2.1305E-17   1.00000
FLUX  105    73.50        4.078810E+15   3.1636E-17   3.1637E-17   0.99998
FLUX  106    74.50        4.024060E+15   4.8582E-17   4.8594E-17   0.99974
FLUX  107    75.50        3.970762E+15   7.3847E-17   7.3867E-17   0.99973
FLUX  108    76.50        3.918856E+15   1.1113E-16   1.1115E-16   0.99980
FLUX  109    77.50        3.868290E+15   1.6560E-16   1.6563E-16   0.99981
FLUX  110    78.50        3.819013E+15   2.4448E-16   2.4448E-16   1.00000
FLUX  111    79.50        3.770975E+15   3.5680E-16   3.5755E-16   0.99790
FLUX  112    80.50        3.724130E+15   5.1783E-16   5.1826E-16   0.99916
FLUX  113    81.50        3.678436E+15   7.4462E-16   7.4471E-16   0.99988
FLUX  114    82.50        3.633848E+15   1.0611E-15   1.0612E-15   0.99997
FLUX  115    83.50        3.590329E+15   1.4995E-15   1.4998E-15   0.99982
FLUX  116    84.50        3.547840E+15   2.1030E-15   2.1030E-15   0.99999
FLUX  117    85.50        3.506345E+15   2.9263E-15   2.9263E-15   0.99999
FLUX  118    86.50        3.465809E+15   4.0414E-15   4.0414E-15   0.99999
FLUX  119    87.50        3.426200E+15   5.5389E-15   5.5411E-15   0.99962
FLUX  120    88.50        3.387486E+15   7.5438E-15   7.5440E-15   0.99998
FLUX  121    89.50        3.349637E+15   1.0201E-14   1.0201E-14   1.00000
FLUX  122    90.50        3.312624E+15   1.3693E-14   1.3702E-14   0.99937
FLUX  123    91.50        3.276421E+15   8.9862E-13   8.6405E-12   0.10400
FLUX  124    92.50        3.241000E+15   5.0576E-12   1.0686E-11   0.47327
FLUX  125    93.50        3.206337E+15   7.6947E-12   1.3158E-11   0.58481
FLUX  126    94.50        3.172407E+15   1.1279E-11   1.6130E-11   0.69926
FLUX  127    95.50        3.139188E+15   1.6231E-11   1.9691E-11   0.82431
FLUX  128    96.50        3.106658E+15   2.1175E-11   2.3940E-11   0.88448
FLUX  129    97.50        3.074795E+15   2.2002E-11   2.8993E-11   0.75888
FLUX  130    98.50        3.043579E+15   3.0878E-11   3.4978E-11   0.88279
FLUX  131    99.50        3.012990E+15   3.5202E-11   4.2043E-11   0.83730
FLUX  132   100.50        2.983010E+15   4.6389E-11   5.0354E-11   0.92126
FLUX  133   101.50        2.953621E+15   5.6377E-11   6.0101E-11   0.93804
FLUX  134   102.50        2.924805E+15   5.0032E-11   7.2627E-11   0.68890
FLUX  135   103.50        2.896546E+15   7.9237E-11   8.6081E-11   0.92050
FLUX  136   104.50        2.868828E+15   9.6670E-11   1.0171E-10   0.95044
FLUX  137   105.50        2.841635E+15   1.1418E-10   1.1981E-10   0.95303
FLUX  138   106.50        2.814953E+15   1.2895E-10   1.4071E-10   0.91641
FLUX  139   107.50        2.788767E+15   1.5649E-10   1.6479E-10   0.94965
FLUX  140   108.50        2.763065E+15   1.8150E-10   1.9245E-10   0.94311
FLUX  141   109.50        2.737831E+15   2.0195E-10   2.2415E-10   0.90094
FLUX  142   110.50        2.713054E+15   5.7910E-10   2.5742E-09   0.22497
FLUX  143   111.50        2.688722E+15   9.6917E-10   2.7759E-09   0.34914
FLUX  144   112.50        2.664822E+15   1.2597E-09   2.9748E-09   0.42344
FLUX  145   113.50        2.641344E+15   1.5394E-09   3.9030E-09   0.39442
FLUX  146   114.50        2.618275E+15   1.7416E-09   4.1964E-09   0.41502
FLUX  147   115.50        2.595606E+15   1.8311E-09   4.5162E-09   0.40545
FLUX  148   116.50        2.573326E+15   2.2325E-09   4.8716E-09   0.45827
FLUX  149   117.50        2.551426E+15   2.4475E-09   5.3113E-09   0.46080
FLUX  150   118.50        2.529895E+15   2.3821E-09   5.7479E-09   0.41443
FLUX  151   119.50        2.508724E+15   1.4619E-09   6.2292E-09   0.23469
FLUX  152   120.50        2.487905E+15   1.4843E-09   6.7588E-09   0.21961
FLUX  153   121.50        2.467428E+15   3.4505E-10   7.3397E-09   0.04701
FLUX  154   122.50        2.447286E+15   1.6951E-09   9.9092E-09   0.17107
FLUX  155   123.50        2.427470E+15   3.6125E-09   1.0697E-08   0.33771
FLUX  156   124.50        2.407972E+15   7.7183E-09   3.8723E-06   0.00199
FLUX  157   125.50        2.388785E+15   1.9738E-08   3.8845E-06   0.00508
FLUX  158   126.50        2.369901E+15   3.3453E-08   3.8953E-06   0.00859
FLUX  159   127.50        2.351314E+15   1.6464E-07   3.9049E-06   0.04216
FLUX  160   128.50        2.333016E+15   4.1442E-07   3.9133E-06   0.10590
FLUX  161   129.50        2.315000E+15   5.6940E-07   3.9206E-06   0.14523
FLUX  162   130.50        2.297261E+15   3.4057E-07   3.9266E-06   0.08673
FLUX  163   131.50        2.279791E+15   8.7207E-07   3.9317E-06   0.22181
FLUX  164   132.50        2.262585E+15   1.0916E-06   3.9366E-06   0.27729
FLUX  165   133.50        2.245637E+15   1.0336E-06   3.9406E-06   0.26229
FLUX  166   134.50        2.228941E+15   1.5444E-06   3.9434E-06   0.39164
FLUX  167   135.50        2.212491E+15   1.4967E-06   3.9452E-06   0.37938
FLUX  168   136.50        2.196282E+15   1.4222E-06   3.9461E-06   0.36041
FLUX  169   137.50        2.180309E+15   1.6961E-06   3.9464E-06   0.42978
FLUX  170   138.50        2.164567E+15   1.6107E-06   3.9460E-06   0.40818
FLUX  171   139.50        2.149050E+15   1.8638E-06   3.9451E-06   0.47243
FLUX  172   140.50        2.133754E+15   1.9614E-06   3.9592E-06   0.49542
FLUX  173   141.50        2.118675E+15   1.8121E-06   3.9886E-06   0.45432
FLUX  174   142.50        2.103807E+15   2.1548E-06   4.0743E-06   0.52888
FLUX  175   143.50        2.089146E+15   1.9414E-06   4.1060E-06   0.47283
FLUX  176   144.20        2.079005E+15   2.3495E-06   4.1283E-06   0.56911
FLUX  177   144.70        2.071821E+15   2.8460E-06   4.9951E-06   0.56976
FLUX  178   145.50        2.060430E+15   2.8667E-06   5.0183E-06   0.57125
FLUX  179   146.50        2.046365E+15   2.4889E-06   5.0469E-06   0.49316
FLUX  180   147.50        2.032492E+15   2.4963E-06   5.0754E-06   0.49185
FLUX  181   148.50        2.018805E+15   2.8686E-06   5.1038E-06   0.56206
FLUX  182   149.50        2.005301E+15   3.2430E-06   5.1320E-06   0.63192
FLUX  183   150.50        1.991977E+15   3.4443E-06   5.1598E-06   0.66753
FLUX  184   151.20        1.982755E+15   2.9791E-06   5.1791E-06   0.57521
FLUX  185   151.70        1.976220E+15   3.2567E-06   5.1928E-06   0.62714
FLUX  186   152.50        1.965852E+15   2.9668E-06   7.4318E-06   0.39921
FLUX  187   153.50        1.953046E+15   2.6451E-06   7.4462E-06   0.35522
FLUX  188   154.50        1.940405E+15   3.9863E-06   7.4605E-06   0.53431
FLUX  189   155.50        1.927926E+15   3.4801E-06   7.4751E-06   0.46556
FLUX  190   156.50        1.915607E+15   3.1343E-06   7.4902E-06   0.41846
FLUX  191   157.50        1.903444E+15   4.0215E-06   7.5656E-06   0.53156
FLUX  192   158.50        1.891435E+15   4.4281E-06   7.5797E-06   0.58421
FLUX  193   159.50        1.879577E+15   5.0478E-06   7.5939E-06   0.66472
FLUX  194   160.50        1.867866E+15   4.7084E-06   7.6078E-06   0.61889
FLUX  195   161.50        1.856300E+15   4.4903E-06   7.6215E-06   0.58917
FLUX  196   162.50        1.844877E+15   3.8237E-06   7.6535E-06   0.49960
FLUX  197   163.50        1.833593E+15   4.4435E-06   7.6685E-06   0.57946
FLUX  198   164.50        1.822447E+15   4.9847E-06   7.6835E-06   0.64876
FLUX  199   165.50        1.811435E+15   3.5750E-06   7.6986E-06   0.46436
FLUX  200   166.50        1.800556E+15   5.0456E-06   7.7139E-06   0.65409
FLUX  201   167.20        1.793017E+15   2.9876E-06   7.7246E-06   0.38677
FLUX  202   167.70        1.787671E+15   5.1062E-06   8.3589E-06   0.61086
FLUX  203   168.50        1.779184E+15   5.7720E-06   8.3773E-06   0.68900
FLUX  204   169.50        1.768687E+15   5.0513E-06   8.3980E-06   0.60149
FLUX  205   170.50        1.758314E+15   4.9261E-06   8.4189E-06   0.58512
FLUX  206   171.50        1.748061E+15   5.1245E-06   8.4655E-06   0.60534
FLUX  207   172.50        1.737928E+15   5.1004E-06   8.4873E-06   0.60094
FLUX  208   173.50        1.727911E+15   5.6660E-06   8.5075E-06   0.66599
FLUX  209   174.50        1.718009E+15   5.5865E-06   8.5294E-06   0.65497
FLUX  210   175.50        1.708219E+15   6.4008E-06   8.5497E-06   0.74865
FLUX  211   176.50        1.698541E+15   5.1882E-06   8.5706E-06   0.60535
FLUX  212   177.50        1.688972E+15   6.1446E-06   8.5918E-06   0.71517
FLUX  213   178.50        1.679510E+15   6.0710E-06   8.6132E-06   0.70485
FLUX  214   179.50        1.670153E+15   7.0982E-06   8.6346E-06   0.82206
FLUX  215   180.50        1.660900E+15   6.7168E-06   8.6565E-06   0.77593
FLUX  216   181.50        1.651749E+15   6.6568E-06   8.6779E-06   0.76709
FLUX  217   182.50        1.642699E+15   6.4351E-06   8.6999E-06   0.73968
FLUX  218   183.50        1.633747E+15   6.1196E-06   8.7232E-06   0.70152
FLUX  219   184.50        1.624892E+15   5.5211E-06   8.7468E-06   0.63121
FLUX  220   185.50        1.616132E+15   6.1189E-06   8.7714E-06   0.69760
FLUX  221   186.50        1.607466E+15   6.3505E-06   8.7957E-06   0.72200
FLUX  222   187.50        1.598893E+15   6.5646E-06   8.8262E-06   0.74376
FLUX  223   188.50        1.590411E+15   6.5816E-06   8.8505E-06   0.74363
FLUX  224   189.50        1.582018E+15   6.8333E-06   8.8752E-06   0.76993
FLUX  225   190.50        1.573714E+15   6.4016E-06   8.9003E-06   0.71926
FLUX  226   191.50        1.565496E+15   6.9509E-06   8.9273E-06   0.77861
FLUX  227   192.50        1.557364E+15   7.1012E-06   8.9526E-06   0.79320
FLUX  228   193.50        1.549315E+15   6.5368E-06   8.9781E-06   0.72808
FLUX  229   194.50        1.541350E+15   7.4015E-06   9.0037E-06   0.82205
FLUX  230   195.50        1.533465E+15   7.3736E-06   9.0295E-06   0.81661
FLUX  231   196.70        1.524110E+15   7.8821E-06   9.0610E-06   0.86989
FLUX  232   197.60        1.517169E+15   7.7904E-06   9.0849E-06   0.85751
FLUX  233   198.40        1.511051E+15   7.5881E-06   9.1300E-06   0.83111
FLUX  234   199.50        1.502719E+15   7.3629E-06   9.1598E-06   0.80383
FLUX  235   200.50        1.495224E+15   7.1535E-06   9.1871E-06   0.77864
FLUX  236   201.50        1.487804E+15   7.0431E-06   9.2152E-06   0.76430
FLUX  237   202.50        1.480457E+15   6.8870E-06   9.2435E-06   0.74506
FLUX  238   203.50        1.473182E+15   7.3645E-06   9.2720E-06   0.79427
FLUX  239   204.50        1.465978E+15   7.9429E-06   9.3009E-06   0.85399
FLUX  240   205.50        1.458844E+15   7.6260E-06   9.3302E-06   0.81735
FLUX  241   206.50        1.451780E+15   7.4680E-06   9.3597E-06   0.79789
FLUX  242   207.40        1.445480E+15   8.2078E-06   9.3865E-06   0.87442
FLUX  243   207.80        1.442697E+15   8.3905E-06   9.4850E-06   0.88460
FLUX  244   208.50        1.437854E+15   8.2426E-06   9.5073E-06   0.86698
FLUX  245   209.50        1.430990E+15   7.9844E-06   9.5392E-06   0.83700
FLUX  246   210.50        1.424192E+15   7.5574E-06   9.5714E-06   0.78958
FLUX  247   211.50        1.417459E+15   7.6694E-06   9.6039E-06   0.79857
FLUX  248   212.50        1.410788E+15   8.0335E-06   9.6366E-06   0.83364
FLUX  249   213.50        1.404180E+15   6.6748E-06   9.6697E-06   0.69028
FLUX  250   214.50        1.397634E+15   7.6839E-06   9.7034E-06   0.79188
FLUX  251   215.50        1.391148E+15   7.8242E-06   9.7375E-06   0.80351
FLUX  252   216.50        1.384723E+15   7.3701E-06   9.7720E-06   0.75421
FLUX  253   217.50        1.378356E+15   7.3195E-06   9.8067E-06   0.74637
FLUX  254   218.50        1.372048E+15   7.5415E-06   9.8418E-06   0.76627
FLUX  255   219.50        1.365797E+15   8.1557E-06   9.8773E-06   0.82571
FLUX  256   220.50        1.359603E+15   7.8207E-06   9.9130E-06   0.78893
FLUX  257   221.50        1.353465E+15   7.1690E-06   9.9490E-06   0.72058
FLUX  258   222.50        1.347382E+15   7.0666E-06   9.9859E-06   0.70766
FLUX  259   223.50        1.341353E+15   8.1216E-06   1.0022E-05   0.81035
FLUX  260   224.50        1.335379E+15   7.2753E-06   1.0059E-05   0.72324
FLUX  261   225.50        1.329457E+15   7.0730E-06   1.0101E-05   0.70024
FLUX  262   226.50        1.323587E+15   7.1774E-06   1.0138E-05   0.70795
FLUX  263   227.50        1.317769E+15   7.6684E-06   1.0176E-05   0.75359
FLUX  264   228.50        1.312002E+15   8.0834E-06   1.0214E-05   0.79142
FLUX  265   229.50        1.306285E+15   7.5920E-06   1.0252E-05   0.74054
FLUX  266   230.50        1.300618E+15   7.6080E-06   1.0291E-05   0.73932
FLUX  267   231.50        1.295000E+15   7.3450E-06   1.0329E-05   0.71108
FLUX  268   232.50        1.289430E+15   5.4259E-06   1.0368E-05   0.52331
FLUX  269   233.50        1.283908E+15   6.7851E-06   1.0409E-05   0.65187
FLUX  270   234.50        1.278433E+15   6.1301E-06   1.0448E-05   0.58672
FLUX  271   235.50        1.273004E+15   7.5442E-06   1.0488E-05   0.71933
FLUX  272   236.50        1.267622E+15   6.3487E-06   1.0528E-05   0.60305
FLUX  273   237.50        1.262284E+15   6.9960E-06   1.0568E-05   0.66201
FLUX  274   238.50        1.256992E+15   5.8929E-06   1.0608E-05   0.55549
FLUX  275   239.50        1.251743E+15   6.7248E-06   1.0649E-05   0.63148
FLUX  276   240.50        1.246538E+15   6.4106E-06   1.0690E-05   0.59967
FLUX  277   241.50        1.241377E+15   6.6923E-06   1.0731E-05   0.62361
FLUX  278   242.50        1.236258E+15   7.5477E-06   1.0773E-05   0.70062
FLUX  279   243.50        1.231181E+15   7.2543E-06   1.0815E-05   0.67079
FLUX  280   244.50        1.226145E+15   7.8704E-06   1.0858E-05   0.72484
FLUX  281   245.50        1.221151E+15   7.6360E-06   1.0900E-05   0.70054
FLUX  282   246.50        1.216197E+15   7.7266E-06   1.0942E-05   0.70612
FLUX  283   247.50        1.211283E+15   7.3517E-06   1.0985E-05   0.66926
FLUX  284   248.50        1.206408E+15   7.7656E-06   1.1027E-05   0.70421
FLUX  285   249.50        1.201573E+15   7.4738E-06   1.1070E-05   0.67513
FLUX  286   250.50        1.196776E+15   8.6809E-06   1.1114E-05   0.78105
FLUX  287   251.30        1.192967E+15   7.4756E-06   1.1149E-05   0.67053
FLUX  288   251.80        1.190598E+15   7.5562E-06   1.1207E-05   0.67425
FLUX  289   252.50        1.187297E+15   6.9860E-06   1.1237E-05   0.62167
FLUX  290   253.50        1.182613E+15   6.9419E-06   1.1282E-05   0.61530
FLUX  291   254.50        1.177967E+15   7.0031E-06   1.1327E-05   0.61828
FLUX  292   255.50        1.173356E+15   7.8506E-06   1.1372E-05   0.69037
FLUX  293   256.50        1.168782E+15   7.8106E-06   1.1417E-05   0.68414
FLUX  294   257.50        1.164243E+15   8.5568E-06   1.1462E-05   0.74654
FLUX  295   258.50        1.159739E+15   8.6257E-06   1.1507E-05   0.74958
FLUX  296   259.50        1.155270E+15   8.3836E-06   1.1553E-05   0.72567
FLUX  297   260.50        1.150835E+15   8.0766E-06   1.1599E-05   0.69634
FLUX  298   261.50        1.146434E+15   7.9158E-06   1.1645E-05   0.67979
FLUX  299   262.50        1.142067E+15   8.8631E-06   1.1691E-05   0.75814
FLUX  300   263.50        1.137732E+15   8.9535E-06   1.1737E-05   0.76285
FLUX  301   264.50        1.133431E+15   1.0349E-05   1.1783E-05   0.87830
FLUX  302   265.50        1.129162E+15   1.0308E-05   1.1829E-05   0.87138
FLUX  303   266.50        1.124925E+15   9.3387E-06   1.1876E-05   0.78637
FLUX  304   267.50        1.120720E+15   9.9137E-06   1.1922E-05   0.83153
FLUX  305   268.50        1.116546E+15   9.9042E-06   1.1969E-05   0.82750
FLUX  306   269.50        1.112403E+15   9.4470E-06   1.2016E-05   0.78624
FLUX  307   270.50        1.108290E+15   9.8185E-06   1.2063E-05   0.81395
FLUX  308   271.50        1.104208E+15   9.2846E-06   1.2110E-05   0.76671
FLUX  309   272.50        1.100156E+15   9.4600E-06   1.2157E-05   0.77818
FLUX  310   273.50        1.096133E+15   1.0338E-05   1.2204E-05   0.84714
FLUX  311   274.50        1.092140E+15   8.4754E-06   1.2251E-05   0.69182
FLUX  312   275.50        1.088176E+15   8.7998E-06   1.2298E-05   0.71555
FLUX  313   276.50        1.084241E+15   9.2465E-06   1.2345E-05   0.74901
FLUX  314   277.50        1.080333E+15   1.0007E-05   1.2392E-05   0.80754
FLUX  315   278.50        1.076454E+15   9.3196E-06   1.2439E-05   0.74920
FLUX  316   279.50        1.072603E+15   5.5348E-06   1.2487E-05   0.44326
FLUX  317   280.50        1.068779E+15   6.5530E-06   1.2534E-05   0.52282
FLUX  318   281.50        1.064982E+15   1.0369E-05   1.2582E-05   0.82411
FLUX  319   282.50        1.061212E+15   1.0994E-05   1.2629E-05   0.87051
FLUX  320   283.50        1.057469E+15   1.0661E-05   1.2677E-05   0.84101
FLUX  321   284.50        1.053752E+15   1.0329E-05   1.2724E-05   0.81176
FLUX  322   285.50        1.050061E+15   1.0066E-05   1.2772E-05   0.78810
FLUX  323   286.50        1.046396E+15   1.0964E-05   1.2820E-05   0.85524
FLUX  324   287.50        1.042757E+15   1.0713E-05   1.2867E-05   0.83256
FLUX  325   288.50        1.039142E+15   1.0992E-05   1.2915E-05   0.85112
FLUX  326   289.50        1.035553E+15   1.0620E-05   1.2963E-05   0.81925
FLUX  327   291.00        1.030215E+15   1.1951E-05   1.3035E-05   0.91686
FLUX  328   293.00        1.023183E+15   1.1617E-05   1.3130E-05   0.88478
FLUX  329   295.00        1.016246E+15   1.1695E-05   1.3225E-05   0.88427
FLUX  330   297.00        1.009402E+15   1.1979E-05   1.3321E-05   0.89927
FLUX  331   299.00        1.002651E+15   1.2291E-05   1.3416E-05   0.91615
FLUX  332   301.00        9.959884E+14   1.2634E-05   1.3511E-05   0.93509
FLUX  333   303.00        9.894142E+14   1.2621E-05   1.3606E-05   0.92756
FLUX  334   305.00        9.829262E+14   1.2704E-05   1.3701E-05   0.92723
FLUX  335   307.00        9.765228E+14   1.2783E-05   1.3796E-05   0.92660
FLUX  336   309.00        9.702023E+14   1.3128E-05   1.3890E-05   0.94512
FLUX  337   311.00        9.639630E+14   1.2922E-05   1.3984E-05   0.92405
FLUX  338   313.00        9.578035E+14   1.3059E-05   1.4078E-05   0.92763
FLUX  339   315.00        9.517222E+14   1.3386E-05   1.4172E-05   0.94456
FLUX  340   317.00        9.457177E+14   1.3457E-05   1.4266E-05   0.94330
FLUX  341   319.00        9.397884E+14   1.3031E-05   1.4359E-05   0.90750
FLUX  342   321.00        9.339330E+14   1.3515E-05   1.4453E-05   0.93511
FLUX  343   323.00        9.281502E+14   1.3341E-05   1.4545E-05   0.91716
FLUX  344   325.00        9.224385E+14   1.3689E-05   1.4638E-05   0.93519
FLUX  345   327.00        9.167966E+14   1.3942E-05   1.4730E-05   0.94653
FLUX  346   329.00        9.112234E+14   1.4180E-05   1.4821E-05   0.95673
FLUX  347   331.00        9.057175E+14   1.4416E-05   1.4912E-05   0.96671
FLUX  348   333.00        9.002778E+14   1.4301E-05   1.5003E-05   0.95320
FLUX  349   335.00        8.949030E+14   1.4269E-05   1.5093E-05   0.94544
FLUX  350   337.00        8.895920E+14   1.4400E-05   1.5182E-05   0.94848
FLUX  351   339.00        8.843437E+14   1.4430E-05   1.5271E-05   0.94490
FLUX  352   341.00        8.791569E+14   1.4792E-05   1.5360E-05   0.96300
FLUX  353   343.00        8.740306E+14   1.4905E-05   1.5448E-05   0.96484
FLUX  354   345.00        8.689638E+14   1.4960E-05   1.5535E-05   0.96295
FLUX  355   347.00        8.639553E+14   1.4931E-05   1.5622E-05   0.95577
FLUX  356   349.00        8.590043E+14   1.5031E-05   1.5708E-05   0.95691
FLUX  357   351.00        8.541097E+14   1.5383E-05   1.5793E-05   0.97400
FLUX  358   353.00        8.492705E+14   1.5532E-05   1.5878E-05   0.97819
FLUX  359   355.00        8.444859E+14   1.5727E-05   1.5962E-05   0.98524
FLUX  360   357.00        8.397549E+14   1.5561E-05   1.6046E-05   0.96974
FLUX  361   359.00        8.350766E+14   1.5624E-05   1.6129E-05   0.96866
FLUX  362   361.00        8.304501E+14   1.5742E-05   1.6212E-05   0.97103
FLUX  363   363.00        8.258747E+14   1.5907E-05   1.6293E-05   0.97629
FLUX  364   364.00        8.236058E+14   1.5911E-05   1.6334E-05   0.97412
FLUX  365   365.00        8.213493E+14   1.6325E-05   6.3005E-05   0.25911
FLUX  366   367.00        8.168733E+14   1.5914E-05   6.2726E-05   0.25370
FLUX  367   369.00        8.124458E+14   1.4720E-05   6.2462E-05   0.23567
FLUX  368   371.00        8.080660E+14   1.6512E-05   6.2186E-05   0.26553
FLUX  369   373.00        8.037332E+14   1.7311E-05   6.1912E-05   0.27960
FLUX  370   375.00        7.994467E+14   2.1939E-05   6.1640E-05   0.35593
FLUX  371   377.00        7.952056E+14   2.3305E-05   6.1375E-05   0.37971
FLUX  372   379.00        7.910092E+14   2.9496E-05   6.1106E-05   0.48270
FLUX  373   381.00        7.868570E+14   3.5444E-05   6.0839E-05   0.58260
FLUX  374   383.00        7.827480E+14   2.7893E-05   6.0573E-05   0.46048
FLUX  375   385.00        7.786818E+14   4.0427E-05   6.0309E-05   0.67033
FLUX  376   387.00        7.746576E+14   4.6963E-05   6.0048E-05   0.78209
FLUX  377   389.00        7.706748E+14   2.4963E-05   5.9787E-05   0.41754
FLUX  378   391.00        7.667327E+14   4.7648E-05   5.9528E-05   0.80043
FLUX  379   393.00        7.628308E+14   4.3485E-05   5.9271E-05   0.73366
FLUX  380   395.00        7.589684E+14   4.7841E-05   5.9016E-05   0.81065
FLUX  381   397.00        7.551448E+14   2.4332E-05   5.8762E-05   0.41408
FLUX  382   399.00        7.513596E+14   4.7402E-05   5.8511E-05   0.81014
FLUX  383   401.00        7.476122E+14   5.4545E-05   5.8260E-05   0.93623
FLUX  384   403.00        7.439020E+14   5.5092E-05   5.8011E-05   0.94967
FLUX  385   405.00        7.402284E+14   5.4954E-05   5.7763E-05   0.95137
FLUX  386   407.00        7.365909E+14   5.2291E-05   5.7517E-05   0.90914
FLUX  387   409.00        7.329890E+14   3.9388E-05   5.7272E-05   0.68774
FLUX  388   411.00        7.294221E+14   2.9748E-05   5.7030E-05   0.52162
FLUX  389   413.00        7.258898E+14   5.0324E-05   5.6791E-05   0.88612
FLUX  390   415.00        7.223916E+14   5.3999E-05   5.6553E-05   0.95484
FLUX  391   417.00        7.189269E+14   5.4221E-05   5.6318E-05   0.96278
FLUX  392   419.00        7.154952E+14   5.3944E-05   5.6084E-05   0.96186
FLUX  393   421.00        7.120962E+14   5.4032E-05   5.5851E-05   0.96743
FLUX  394   423.00        7.087293E+14   5.3220E-05   5.5620E-05   0.95684
FLUX  395   425.00        7.053941E+14   5.3238E-05   5.5391E-05   0.96114
FLUX  396   427.00        7.020902E+14   5.2154E-05   5.5163E-05   0.94546
FLUX  397   429.00        6.988170E+14   5.2519E-05   5.4936E-05   0.95600
FLUX  398   431.00        6.955742E+14   4.8969E-05   5.4712E-05   0.89504
FLUX  399   433.00        6.923614E+14   3.5751E-05   5.4489E-05   0.65612
FLUX  400   435.00        6.891782E+14   3.0509E-05   5.4266E-05   0.56220
FLUX  401   437.00        6.860240E+14   4.9062E-05   5.4045E-05   0.90779
FLUX  402   439.00        6.828986E+14   5.1096E-05   5.3825E-05   0.94930
FLUX  403   441.00        6.798016E+14   5.1291E-05   5.3607E-05   0.95680
FLUX  404   443.00        6.767325E+14   5.1278E-05   5.3390E-05   0.96044
FLUX  405   445.00        6.736910E+14   5.1961E-05   5.3174E-05   0.97719
FLUX  406   447.00        6.706767E+14   5.1732E-05   5.2960E-05   0.97681
FLUX  407   449.00        6.676893E+14   5.1021E-05   5.2747E-05   0.96729
FLUX  408   451.00        6.647284E+14   5.1640E-05   5.2535E-05   0.98296
FLUX  409   453.00        6.617936E+14   5.1028E-05   5.2325E-05   0.97522
FLUX  410   455.00        6.588846E+14   5.0239E-05   5.2116E-05   0.96398
FLUX  411   457.00        6.560011E+14   5.1150E-05   5.1909E-05   0.98538
FLUX  412   459.00        6.531427E+14   5.0433E-05   5.1703E-05   0.97543
FLUX  413   461.00        6.503091E+14   5.1131E-05   5.1499E-05   0.99286
FLUX  414   463.00        6.475000E+14   5.0156E-05   5.1296E-05   0.97779
FLUX  415   465.00        6.447151E+14   5.0652E-05   5.1094E-05   0.99134
FLUX  416   467.00        6.419540E+14   5.0401E-05   5.0894E-05   0.99031
FLUX  417   469.00        6.392164E+14   4.9690E-05   5.0694E-05   0.98019
FLUX  418   471.00        6.365021E+14   4.8170E-05   5.0496E-05   0.95395
FLUX  419   473.00        6.338108E+14   4.9703E-05   5.0299E-05   0.98815
FLUX  420   475.00        6.311421E+14   4.9603E-05   5.0103E-05   0.99002
FLUX  421   477.00        6.284958E+14   4.9268E-05   4.9909E-05   0.98715
FLUX  422   479.00        6.258716E+14   4.8919E-05   4.9716E-05   0.98398
FLUX  423   481.00        6.232692E+14   4.7999E-05   4.9523E-05   0.96921
FLUX  424   483.00        6.206884E+14   4.5687E-05   4.9332E-05   0.92609
FLUX  425   485.00        6.181289E+14   3.4490E-05   4.9143E-05   0.70184
FLUX  426   487.00        6.155903E+14   2.7866E-05   4.8954E-05   0.56922
FLUX  427   489.00        6.130726E+14   4.3713E-05   4.8767E-05   0.89636
FLUX  428   491.00        6.105754E+14   4.6867E-05   4.8581E-05   0.96471
FLUX  429   493.00        6.080984E+14   4.6906E-05   4.8396E-05   0.96921
FLUX  430   495.00        6.056414E+14   4.7355E-05   4.8213E-05   0.98220
FLUX  431   497.00        6.032042E+14   4.7654E-05   4.8030E-05   0.99217
FLUX  432   499.00        6.007866E+14   4.7116E-05   4.7849E-05   0.98469
FLUX  433   501.00        5.983882E+14   4.6276E-05   4.7668E-05   0.97079
FLUX  434   503.00        5.960089E+14   4.6792E-05   4.7488E-05   0.98533
FLUX  435   505.00        5.936485E+14   4.6255E-05   4.7310E-05   0.97770
FLUX  436   507.00        5.913067E+14   4.6697E-05   4.7133E-05   0.99077
FLUX  437   509.00        5.889833E+14   4.6533E-05   4.6956E-05   0.99098
FLUX  438   511.00        5.866781E+14   4.6381E-05   4.6781E-05   0.99145
FLUX  439   513.00        5.843908E+14   4.6093E-05   4.6607E-05   0.98897
FLUX  440   515.00        5.821214E+14   4.5684E-05   4.6434E-05   0.98385
FLUX  441   517.00        5.798694E+14   4.4945E-05   4.6263E-05   0.97151
FLUX  442   519.00        5.776349E+14   4.4886E-05   4.6092E-05   0.97385
FLUX  443   521.00        5.754175E+14   4.5232E-05   4.5922E-05   0.98498
FLUX  444   523.00        5.732170E+14   4.4648E-05   4.5753E-05   0.97585
FLUX  445   525.00        5.710333E+14   4.5187E-05   4.5585E-05   0.99126
FLUX  446   527.00        5.688662E+14   4.4069E-05   4.5418E-05   0.97031
FLUX  447   529.00        5.667155E+14   4.4810E-05   4.5252E-05   0.99022
FLUX  448   531.00        5.645810E+14   4.4265E-05   4.5087E-05   0.98176
FLUX  449   533.00        5.624625E+14   4.3956E-05   4.4923E-05   0.97847
FLUX  450   535.00        5.603598E+14   4.4414E-05   4.4760E-05   0.99227
FLUX  451   537.00        5.582728E+14   4.4021E-05   4.4598E-05   0.98706
FLUX  452   539.00        5.562013E+14   4.3940E-05   4.4438E-05   0.98879
FLUX  453   541.00        5.541451E+14   4.3513E-05   4.4278E-05   0.98273
FLUX  454   543.00        5.521041E+14   4.3556E-05   4.4119E-05   0.98724
FLUX  455   545.00        5.500780E+14   4.3596E-05   4.3960E-05   0.99172
FLUX  456   547.00        5.480667E+14   4.3448E-05   4.3803E-05   0.99189
FLUX  457   549.00        5.460701E+14   4.3390E-05   4.3647E-05   0.99411
FLUX  458   551.00        5.440880E+14   4.3240E-05   4.3491E-05   0.99422
FLUX  459   553.00        5.421203E+14   4.2946E-05   4.3337E-05   0.99098
FLUX  460   555.00        5.401667E+14   4.2966E-05   4.3183E-05   0.99498
FLUX  461   557.00        5.382271E+14   4.2717E-05   4.3030E-05   0.99272
FLUX  462   559.00        5.363014E+14   4.2640E-05   4.2879E-05   0.99444
FLUX  463   561.00        5.343895E+14   4.2566E-05   4.2728E-05   0.99622
FLUX  464   563.00        5.324911E+14   4.2454E-05   4.2579E-05   0.99706
FLUX  465   565.00        5.306062E+14   4.2263E-05   4.2430E-05   0.99607
FLUX  466   567.00        5.287346E+14   4.2063E-05   4.2281E-05   0.99484
FLUX  467   569.00        5.268761E+14   4.2005E-05   4.2133E-05   0.99697
FLUX  468   571.00        5.250306E+14   4.1866E-05   4.1986E-05   0.99714
FLUX  469   573.00        5.231981E+14   4.1804E-05   4.1839E-05   0.99915
FLUX  470   575.00        5.213783E+14   4.1578E-05   4.1694E-05   0.99721
FLUX  471   577.00        5.195711E+14   4.1468E-05   4.1549E-05   0.99804
FLUX  472   579.00        5.177763E+14   4.1293E-05   4.1405E-05   0.99730
FLUX  473   581.00        5.159940E+14   4.1179E-05   4.1262E-05   0.99800
FLUX  474   583.00        5.142238E+14   4.1053E-05   4.1119E-05   0.99839
FLUX  475   585.00        5.124658E+14   4.0923E-05   4.0978E-05   0.99865
FLUX  476   587.00        5.107198E+14   4.0735E-05   4.0837E-05   0.99749
FLUX  477   589.00        5.089856E+14   4.0269E-05   4.0697E-05   0.98949
FLUX  478   591.00        5.072631E+14   4.0478E-05   4.0558E-05   0.99804
FLUX  479   593.00        5.055523E+14   4.0364E-05   4.0419E-05   0.99864
FLUX  480   595.00        5.038529E+14   4.0147E-05   4.0281E-05   0.99667
FLUX  481   597.00        5.021650E+14   4.0062E-05   4.0144E-05   0.99795
FLUX  482   599.00        5.004883E+14   3.9831E-05   4.0008E-05   0.99557
FLUX  483   601.00        4.988228E+14   3.9706E-05   3.9872E-05   0.99583
FLUX  484   603.00        4.971683E+14   3.9655E-05   3.9738E-05   0.99791
FLUX  485   605.00        4.955248E+14   3.9514E-05   3.9604E-05   0.99773
FLUX  486   607.00        4.938921E+14   3.9427E-05   3.9471E-05   0.99889
FLUX  487   609.00        4.922701E+14   3.9271E-05   3.9339E-05   0.99827
FLUX  488   611.00        4.906588E+14   3.9122E-05   3.9207E-05   0.99781
FLUX  489   613.00        4.890579E+14   3.8931E-05   3.9077E-05   0.99628
FLUX  490   615.00        4.874675E+14   3.8356E-05   3.8946E-05   0.98485
FLUX  491   617.00        4.858874E+14   3.8660E-05   3.8817E-05   0.99596
FLUX  492   619.00        4.843174E+14   3.8634E-05   3.8688E-05   0.99862
FLUX  493   621.00        4.827576E+14   3.8510E-05   3.8560E-05   0.99870
FLUX  494   623.00        4.812079E+14   3.8329E-05   3.8432E-05   0.99733
FLUX  495   625.00        4.796680E+14   3.7872E-05   3.8305E-05   0.98870
FLUX  496   627.00        4.781380E+14   3.8147E-05   3.8181E-05   0.99911
FLUX  497   629.00        4.766176E+14   3.8026E-05   3.8056E-05   0.99921
FLUX  498   631.00        4.751070E+14   3.7793E-05   3.7931E-05   0.99636
FLUX  499   633.00        4.736058E+14   3.7730E-05   3.7806E-05   0.99799
FLUX  500   635.00        4.721142E+14   3.7221E-05   3.7683E-05   0.98775
FLUX  501   637.00        4.706319E+14   3.7223E-05   3.7560E-05   0.99102
FLUX  502   639.00        4.691588E+14   3.7341E-05   3.7437E-05   0.99742
FLUX  503   641.00        4.676950E+14   3.7092E-05   3.7316E-05   0.99400
FLUX  504   643.00        4.662403E+14   3.7025E-05   3.7194E-05   0.99544
FLUX  505   645.00        4.647946E+14   3.6601E-05   3.7074E-05   0.98726
FLUX  506   647.00        4.633578E+14   3.6717E-05   3.6954E-05   0.99359
FLUX  507   649.00        4.619299E+14   3.6337E-05   3.6834E-05   0.98649
FLUX  508   651.00        4.605108E+14   3.5974E-05   3.6716E-05   0.97981
FLUX  509   653.00        4.591003E+14   3.4802E-05   3.6597E-05   0.95095
FLUX  510   655.00        4.576985E+14   2.9798E-05   3.6481E-05   0.81682
FLUX  511   657.00        4.563052E+14   2.4061E-05   3.6364E-05   0.66167
FLUX  512   659.00        4.549203E+14   3.3192E-05   3.6247E-05   0.91571
FLUX  513   661.00        4.535439E+14   3.5172E-05   3.6131E-05   0.97347
FLUX  514   663.00        4.521757E+14   3.5573E-05   3.6015E-05   0.98772
FLUX  515   665.00        4.508158E+14   3.5633E-05   3.5900E-05   0.99256
FLUX  516   667.00        4.494640E+14   3.5594E-05   3.5785E-05   0.99464
FLUX  517   669.00        4.481203E+14   3.5545E-05   3.5671E-05   0.99644
FLUX  518   671.00        4.467846E+14   3.5494E-05   3.5558E-05   0.99819
FLUX  519   673.00        4.454569E+14   3.5336E-05   3.5445E-05   0.99692
FLUX  520   675.00        4.441370E+14   3.5256E-05   3.5333E-05   0.99782
FLUX  521   677.00        4.428250E+14   3.5197E-05   3.5221E-05   0.99931
FLUX  522   679.00        4.415206E+14   3.5075E-05   3.5110E-05   0.99901
FLUX  523   681.00        4.402239E+14   3.4970E-05   3.4999E-05   0.99917
FLUX  524   683.00        4.389348E+14   3.4826E-05   3.4889E-05   0.99819
FLUX  525   685.00        4.376533E+14   3.4729E-05   3.4780E-05   0.99855
FLUX  526   687.00        4.363792E+14   3.4643E-05   3.4671E-05   0.99919
FLUX  527   689.00        4.351125E+14   3.4538E-05   3.4562E-05   0.99932
FLUX  528   691.00        4.338531E+14   3.4425E-05   3.4454E-05   0.99917
FLUX  529   693.00        4.326010E+14   3.4307E-05   3.4346E-05   0.99885
FLUX  530   695.00        4.313561E+14   3.4206E-05   3.4240E-05   0.99903
FLUX  531   697.00        4.301184E+14   3.4090E-05   3.4133E-05   0.99874
FLUX  532   699.00        4.288877E+14   3.4009E-05   3.4027E-05   0.99946
FLUX  533   701.00        4.276641E+14   3.3790E-05   3.3922E-05   0.99610
FLUX  534   703.00        4.264474E+14   3.3754E-05   3.3817E-05   0.99812
FLUX  535   705.00        4.252376E+14   3.3665E-05   3.3713E-05   0.99859
FLUX  536   707.00        4.240347E+14   3.3584E-05   3.3609E-05   0.99926
FLUX  537   709.00        4.228385E+14   3.3488E-05   3.3505E-05   0.99948
FLUX  538   711.00        4.216491E+14   3.3012E-05   3.3402E-05   0.98832
FLUX  539   713.00        4.204663E+14   3.3196E-05   3.3300E-05   0.99689
FLUX  540   715.00        4.192902E+14   3.3113E-05   3.3197E-05   0.99746
FLUX  541   717.00        4.181206E+14   3.3037E-05   3.3096E-05   0.99821
FLUX  542   719.00        4.169576E+14   3.2932E-05   3.2995E-05   0.99811
FLUX  543   721.00        4.158010E+14   3.2851E-05   3.2894E-05   0.99868
FLUX  544   723.00        4.146508E+14   3.2719E-05   3.2794E-05   0.99772
FLUX  545   725.00        4.135069E+14   3.2592E-05   3.2695E-05   0.99687
FLUX  546   727.00        4.123693E+14   3.2563E-05   3.2596E-05   0.99900
FLUX  547   729.00        4.112380E+14   3.2416E-05   3.2497E-05   0.99752
FLUX  548   731.00        4.101129E+14   3.2320E-05   3.2400E-05   0.99754
FLUX  549   733.00        4.089939E+14   3.2257E-05   3.2302E-05   0.99859
FLUX  550   735.00        4.078810E+14   3.2179E-05   3.2205E-05   0.99919
FLUX  551   737.00        4.067741E+14   3.2089E-05   3.2107E-05   0.99943
FLUX  552   739.00        4.056732E+14   3.1961E-05   3.2011E-05   0.99843
FLUX  553   741.00        4.045783E+14   3.1702E-05   3.1915E-05   0.99334
FLUX  554   743.00        4.034892E+14   3.1633E-05   3.1819E-05   0.99416
FLUX  555   745.00        4.024060E+14   3.1595E-05   3.1723E-05   0.99595
FLUX  556   747.00        4.013286E+14   3.1376E-05   3.1628E-05   0.99203
FLUX  557   749.00        4.002570E+14   3.1387E-05   3.1534E-05   0.99534
FLUX  558   751.00        3.991911E+14   3.1350E-05   3.1439E-05   0.99716
FLUX  559   753.00        3.981308E+14   3.1295E-05   3.1346E-05   0.99840
FLUX  560   755.00        3.970762E+14   3.1237E-05   3.1252E-05   0.99952
FLUX  561   757.00        3.960271E+14   3.1132E-05   3.1159E-05   0.99912
FLUX  562   759.00        3.949835E+14   3.1045E-05   3.1067E-05   0.99929
FLUX  563   761.00        3.939455E+14   3.0961E-05   3.0975E-05   0.99954
FLUX  564   763.00        3.929128E+14   3.0861E-05   3.0883E-05   0.99929
FLUX  565   765.00        3.918856E+14   3.0745E-05   3.0792E-05   0.99847
FLUX  566   767.00        3.908638E+14   3.0622E-05   3.0701E-05   0.99741
FLUX  567   769.00        3.898472E+14   3.0565E-05   3.0611E-05   0.99850
FLUX  568   771.00        3.888359E+14   3.0434E-05   3.0521E-05   0.99715
FLUX  569   773.00        3.878299E+14   3.0409E-05   3.0431E-05   0.99926
FLUX  570   775.00        3.868290E+14   3.0311E-05   3.0342E-05   0.99897
FLUX  571   777.00        3.858333E+14   2.9602E-05   3.0253E-05   0.97847
FLUX  572   779.00        3.848427E+14   3.0152E-05   3.0165E-05   0.99957
FLUX  573   781.00        3.838572E+14   3.0058E-05   3.0077E-05   0.99939
FLUX  574   783.00        3.828768E+14   2.9935E-05   2.9989E-05   0.99820
FLUX  575   785.00        3.819013E+14   2.9784E-05   2.9902E-05   0.99608
FLUX  576   787.00        3.809307E+14   2.9646E-05   2.9815E-05   0.99436
FLUX  577   789.00        3.799651E+14   2.9516E-05   2.9728E-05   0.99287
FLUX  578   791.00        3.790044E+14   2.9525E-05   2.9642E-05   0.99604
FLUX  579   793.00        3.780485E+14   2.9486E-05   2.9556E-05   0.99762
FLUX  580   795.00        3.770975E+14   2.9260E-05   2.9471E-05   0.99286
FLUX  581   797.00        3.761512E+14   2.9371E-05   2.9386E-05   0.99949
FLUX  582   799.00        3.752096E+14   2.8949E-05   2.9301E-05   0.98797
FLUX  583   801.00        3.742728E+14   2.9179E-05   2.9217E-05   0.99872
FLUX  584   803.00        3.733406E+14   2.9080E-05   2.9133E-05   0.99820
FLUX  585   805.00        3.724130E+14   2.9017E-05   2.9049E-05   0.99891
FLUX  586   807.00        3.714901E+14   2.8918E-05   2.8966E-05   0.99835
FLUX  587   809.00        3.705717E+14   2.8844E-05   2.8883E-05   0.99865
FLUX  588   811.00        3.696578E+14   2.8773E-05   2.8800E-05   0.99906
FLUX  589   813.00        3.687485E+14   2.8708E-05   2.8718E-05   0.99966
FLUX  590   815.00        3.678436E+14   2.8628E-05   2.8636E-05   0.99971
FLUX  591   817.00        3.669431E+14   2.8549E-05   2.8554E-05   0.99981
FLUX  592   819.00        3.660470E+14   2.8230E-05   2.8473E-05   0.99145
FLUX  593   821.00        3.651553E+14   2.8294E-05   3.4841E-05   0.81211
FLUX  594   823.00        3.642679E+14   2.8190E-05   3.4726E-05   0.81178
FLUX  595   825.00        3.633848E+14   2.8194E-05   3.4612E-05   0.81456
FLUX  596   827.00        3.625060E+14   2.8343E-05   3.4499E-05   0.82156
FLUX  597   829.00        3.616315E+14   2.8228E-05   3.4386E-05   0.82092
FLUX  598   831.00        3.607611E+14   2.8139E-05   3.4274E-05   0.82102
FLUX  599   833.00        3.598950E+14   2.7797E-05   3.4162E-05   0.81368
FLUX  600   835.00        3.590329E+14   2.7691E-05   3.4051E-05   0.81322
FLUX  601   837.00        3.581750E+14   2.7491E-05   3.3940E-05   0.80998
FLUX  602   839.00        3.573212E+14   2.7079E-05   3.3830E-05   0.80044
FLUX  603   841.00        3.564715E+14   2.6750E-05   3.3721E-05   0.79327
FLUX  604   843.00        3.556257E+14   2.6525E-05   3.3612E-05   0.78915
FLUX  605   845.00        3.547840E+14   2.6264E-05   3.3503E-05   0.78393
FLUX  606   847.00        3.539463E+14   2.5680E-05   3.3395E-05   0.76898
FLUX  607   849.00        3.531125E+14   2.6658E-05   3.3288E-05   0.80083
FLUX  608   851.00        3.522826E+14   2.5015E-05   3.3181E-05   0.75391
FLUX  609   853.00        3.514566E+14   2.7189E-05   3.3075E-05   0.82204
FLUX  610   855.00        3.506345E+14   2.3697E-05   3.2969E-05   0.71878
FLUX  611   857.00        3.498162E+14   2.8060E-05   3.2863E-05   0.85385
FLUX  612   859.00        3.490017E+14   2.5392E-05   3.2758E-05   0.77514
FLUX  613   861.00        3.481911E+14   2.4874E-05   3.2654E-05   0.76173
FLUX  614   863.00        3.473841E+14   2.8858E-05   3.2550E-05   0.88656
FLUX  615   865.00        3.465809E+14   2.7082E-05   3.2447E-05   0.83465
FLUX  616   867.00        3.457814E+14   2.2257E-05   3.2344E-05   0.68814
FLUX  617   869.00        3.449856E+14   2.7932E-05   3.2241E-05   0.86635
FLUX  618   871.00        3.441935E+14   2.9636E-05   3.2140E-05   0.92211
FLUX  619   873.00        3.434049E+14   2.7933E-05   3.2038E-05   0.87188
FLUX  620   875.00        3.426200E+14   2.1930E-05   3.1937E-05   0.68667
FLUX  621   877.00        3.418387E+14   2.6626E-05   3.1837E-05   0.83633
FLUX  622   879.00        3.410609E+14   2.9684E-05   3.1737E-05   0.93533
FLUX  623   881.00        3.402866E+14   3.0079E-05   3.1637E-05   0.95075
FLUX  624   883.00        3.395159E+14   2.9032E-05   3.1538E-05   0.92055
FLUX  625   885.00        3.387486E+14   2.5485E-05   3.1440E-05   0.81061
FLUX  626   887.00        3.379848E+14   2.1656E-05   3.1342E-05   0.69098
FLUX  627   889.00        3.372244E+14   2.7814E-05   3.1244E-05   0.89022
FLUX  628   891.00        3.364675E+14   2.9583E-05   3.1147E-05   0.94978
FLUX  629   893.00        3.357139E+14   3.0008E-05   3.1050E-05   0.96641
FLUX  630   895.00        3.349637E+14   3.0189E-05   3.0954E-05   0.97528
FLUX  631   897.00        3.342168E+14   2.9586E-05   3.0859E-05   0.95878
FLUX  632   899.00        3.334733E+14   2.7774E-05   3.0763E-05   0.90283
FLUX  633   901.00        3.327331E+14   2.1824E-05   3.0669E-05   0.71162
FLUX  634   903.00        3.319961E+14   2.4040E-05   3.0574E-05   0.78627
FLUX  635   905.00        3.312624E+14   2.8244E-05   3.0480E-05   0.92662
FLUX  636   907.00        3.305320E+14   2.8884E-05   3.0387E-05   0.95054
FLUX  637   909.00        3.298047E+14   2.8981E-05   3.0294E-05   0.95668
FLUX  638   911.00        3.290807E+14   2.9594E-05   3.0201E-05   0.97991
FLUX  639   913.00        3.283598E+14   2.9662E-05   3.0109E-05   0.98516
FLUX  640   915.00        3.276421E+14   2.9597E-05   3.0017E-05   0.98602
FLUX  641   917.00        3.269275E+14   2.9186E-05   2.9925E-05   0.97529
FLUX  642   919.00        3.262160E+14   2.8245E-05   2.9834E-05   0.94674
FLUX  643   921.00        3.255076E+14   2.5764E-05   2.9744E-05   0.86622
FLUX  644   923.00        3.248023E+14   2.0021E-05   2.9653E-05   0.67518
FLUX  645   925.00        3.241000E+14   2.4911E-05   2.9564E-05   0.84261
FLUX  646   927.00        3.234008E+14   2.7199E-05   2.9474E-05   0.92280
FLUX  647   929.00        3.227045E+14   2.8666E-05   2.9385E-05   0.97551
FLUX  648   931.00        3.220113E+14   2.8931E-05   2.9297E-05   0.98750
FLUX  649   933.00        3.213210E+14   2.8937E-05   2.9209E-05   0.99071
FLUX  650   935.00        3.206337E+14   2.8945E-05   2.9121E-05   0.99397
FLUX  651   937.00        3.199493E+14   2.8897E-05   2.9034E-05   0.99529
FLUX  652   939.00        3.192678E+14   2.8606E-05   2.8947E-05   0.98824
FLUX  653   941.00        3.185893E+14   2.8146E-05   2.8860E-05   0.97524
FLUX  654   943.00        3.179136E+14   2.8509E-05   2.8774E-05   0.99079
FLUX  655   945.00        3.172407E+14   2.8408E-05   2.8688E-05   0.99021
FLUX  656   947.00        3.165707E+14   2.8197E-05   2.8603E-05   0.98579
FLUX  657   949.00        3.159036E+14   2.7809E-05   2.8518E-05   0.97515
FLUX  658   951.00        3.152392E+14   2.6868E-05   2.8434E-05   0.94494
FLUX  659   953.00        3.145776E+14   2.4139E-05   2.8349E-05   0.85148
FLUX  660   955.00        3.139188E+14   1.9400E-05   2.8265E-05   0.68634
FLUX  661   957.00        3.132628E+14   2.4608E-05   2.8182E-05   0.87317
FLUX  662   959.00        3.126095E+14   2.6784E-05   2.8099E-05   0.95321
FLUX  663   961.00        3.119589E+14   2.7274E-05   2.8016E-05   0.97349
FLUX  664   963.00        3.113110E+14   2.7185E-05   2.7934E-05   0.97320
FLUX  665   965.00        3.106658E+14   2.7602E-05   2.7852E-05   0.99105
FLUX  666   967.00        3.100233E+14   2.7379E-05   2.7770E-05   0.98591
FLUX  667   969.00        3.093834E+14   2.7475E-05   2.7689E-05   0.99228
FLUX  668   971.00        3.087461E+14   2.7537E-05   2.7608E-05   0.99744
FLUX  669   973.00        3.081115E+14   2.7472E-05   2.7527E-05   0.99799
FLUX  670   975.00        3.074795E+14   2.7367E-05   2.7447E-05   0.99709
FLUX  671   977.00        3.068501E+14   2.7344E-05   2.7367E-05   0.99914
FLUX  672   979.00        3.062232E+14   2.7256E-05   2.7288E-05   0.99885
FLUX  673   981.00        3.055989E+14   2.7160E-05   2.7209E-05   0.99823
FLUX  674   983.00        3.049771E+14   2.7024E-05   2.7130E-05   0.99610
FLUX  675   985.00        3.043579E+14   2.6883E-05   2.7051E-05   0.99378
FLUX  676   987.00        3.037411E+14   2.6806E-05   2.6973E-05   0.99382
FLUX  677   989.00        3.031269E+14   2.6571E-05   2.6895E-05   0.98796
FLUX  678   991.00        3.025151E+14   2.6627E-05   2.6818E-05   0.99288
FLUX  679   993.00        3.019058E+14   2.6489E-05   2.6740E-05   0.99059
FLUX  680   995.00        3.012990E+14   2.6406E-05   2.6664E-05   0.99035
FLUX  681   997.00        3.006946E+14   2.6265E-05   2.6587E-05   0.98790
FLUX  682   999.00        3.000926E+14   2.5928E-05   2.6511E-05   0.97800
FLUX  683  1002.50        2.990449E+14   2.3223E-05   2.6378E-05   0.88039
FLUX  684  1007.50        2.975608E+14   2.2226E-05   2.6191E-05   0.84863
FLUX  685  1012.50        2.960914E+14   2.5373E-05   2.6005E-05   0.97568
FLUX  686  1017.50        2.946364E+14   2.5648E-05   2.5821E-05   0.99330
FLUX  687  1022.50        2.931956E+14   2.5596E-05   2.5640E-05   0.99828
FLUX  688  1027.50        2.917689E+14   2.5436E-05   2.5460E-05   0.99906
FLUX  689  1032.50        2.903559E+14   2.5238E-05   2.5282E-05   0.99827
FLUX  690  1037.50        2.889566E+14   2.5068E-05   2.5106E-05   0.99846
FLUX  691  1042.50        2.875707E+14   2.4896E-05   2.4932E-05   0.99854
FLUX  692  1047.50        2.861981E+14   2.4586E-05   2.4760E-05   0.99297
FLUX  693  1052.50        2.848385E+14   2.4448E-05   2.4589E-05   0.99426
FLUX  694  1057.50        2.834917E+14   2.4334E-05   2.4420E-05   0.99648
FLUX  695  1062.50        2.821576E+14   2.4184E-05   2.4253E-05   0.99715
FLUX  696  1067.50        2.808361E+14   2.3693E-05   2.4087E-05   0.98362
FLUX  697  1072.50        2.795268E+14   2.3723E-05   2.3924E-05   0.99164
FLUX  698  1077.50        2.782297E+14   2.3574E-05   2.3761E-05   0.99210
FLUX  699  1082.50        2.769446E+14   2.3347E-05   2.3601E-05   0.98926
FLUX  700  1087.50        2.756713E+14   2.2794E-05   2.3442E-05   0.97237
FLUX  701  1092.50        2.744096E+14   1.9081E-05   2.3285E-05   0.81948
FLUX  702  1097.50        2.731595E+14   2.1111E-05   2.3129E-05   0.91274
FLUX  703  1102.50        2.719206E+14   2.2649E-05   2.2975E-05   0.98584
FLUX  704  1107.50        2.706930E+14   2.2715E-05   2.2822E-05   0.99531
FLUX  705  1112.50        2.694764E+14   2.2614E-05   2.2671E-05   0.99746
FLUX  706  1117.50        2.682707E+14   2.2493E-05   2.2522E-05   0.99873
FLUX  707  1122.50        2.670757E+14   2.2356E-05   2.2373E-05   0.99922
FLUX  708  1127.50        2.658914E+14   2.1891E-05   2.2227E-05   0.98488
FLUX  709  1132.50        2.647174E+14   2.1790E-05   2.2081E-05   0.98680
FLUX  710  1137.50        2.635538E+14   2.1867E-05   2.1938E-05   0.99678
FLUX  711  1142.50        2.624004E+14   2.1689E-05   2.1795E-05   0.99513
FLUX  712  1147.50        2.612571E+14   2.1634E-05   2.1654E-05   0.99909
FLUX  713  1152.50        2.601236E+14   2.1508E-05   2.1514E-05   0.99970
FLUX  714  1157.50        2.590000E+14   2.1356E-05   2.1376E-05   0.99910
FLUX  715  1162.50        2.578860E+14   2.1082E-05   2.1238E-05   0.99264
FLUX  716  1167.50        2.567816E+14   2.0855E-05   2.1102E-05   0.98828
FLUX  717  1172.50        2.556866E+14   2.0957E-05   2.0968E-05   0.99951
FLUX  718  1177.50        2.546008E+14   2.0534E-05   2.0834E-05   0.98558
FLUX  719  1182.50        2.535243E+14   2.0559E-05   2.0702E-05   0.99307
FLUX  720  1187.50        2.524568E+14   2.0358E-05   2.0571E-05   0.98964
FLUX  721  1192.50        2.513983E+14   2.0440E-05   2.0442E-05   0.99992
FLUX  722  1197.50        2.503486E+14   2.0188E-05   2.0313E-05   0.99386
FLUX  723  1202.50        2.493077E+14   2.0152E-05   2.0186E-05   0.99831
FLUX  724  1207.50        2.482754E+14   1.9975E-05   2.0060E-05   0.99576
FLUX  725  1212.50        2.472515E+14   1.9870E-05   1.9935E-05   0.99677
FLUX  726  1217.50        2.462361E+14   1.9785E-05   1.9811E-05   0.99870
FLUX  727  1222.50        2.452290E+14   1.9647E-05   1.9688E-05   0.99793
FLUX  728  1227.50        2.442301E+14   1.9496E-05   1.9567E-05   0.99639
FLUX  729  1232.50        2.432394E+14   1.9388E-05   1.9446E-05   0.99701
FLUX  730  1237.50        2.422566E+14   1.9291E-05   1.9327E-05   0.99815
FLUX  731  1242.50        2.412817E+14   1.9202E-05   1.9209E-05   0.99966
FLUX  732  1247.50        2.403146E+14   1.9020E-05   1.9091E-05   0.99624
FLUX  733  1252.50        2.393553E+14   1.8949E-05   1.8975E-05   0.99861
FLUX  734  1257.50        2.384036E+14   1.8726E-05   1.8860E-05   0.99288
FLUX  735  1262.50        2.374594E+14   1.8649E-05   1.8746E-05   0.99481
FLUX  736  1267.50        2.365227E+14   1.8543E-05   1.8633E-05   0.99518
FLUX  737  1272.50        2.355933E+14   1.8314E-05   1.8521E-05   0.98881
FLUX  738  1277.50        2.346712E+14   1.7512E-05   1.8410E-05   0.95123
FLUX  739  1282.50        2.337563E+14   1.5037E-05   1.8300E-05   0.82170
FLUX  740  1287.50        2.328485E+14   1.7507E-05   1.8191E-05   0.96242
FLUX  741  1292.50        2.319478E+14   1.7911E-05   1.8083E-05   0.99054
FLUX  742  1297.50        2.310539E+14   1.7902E-05   1.7975E-05   0.99591
FLUX  743  1302.50        2.301670E+14   1.7849E-05   1.7869E-05   0.99887
FLUX  744  1307.50        2.292868E+14   1.7759E-05   1.7764E-05   0.99974
FLUX  745  1312.50        2.284133E+14   1.7649E-05   1.7659E-05   0.99941
FLUX  746  1317.50        2.275465E+14   1.7489E-05   1.7556E-05   0.99618
FLUX  747  1322.50        2.266862E+14   1.7449E-05   1.7453E-05   0.99974
FLUX  748  1327.50        2.258324E+14   1.7347E-05   1.7352E-05   0.99974
FLUX  749  1332.50        2.249850E+14   1.7249E-05   1.7251E-05   0.99988
FLUX  750  1337.50        2.241439E+14   1.7146E-05   1.7151E-05   0.99974
FLUX  751  1342.50        2.233091E+14   1.7043E-05   1.7052E-05   0.99947
FLUX  752  1347.50        2.224805E+14   1.6937E-05   1.6954E-05   0.99902
FLUX  753  1352.50        2.216580E+14   1.6816E-05   1.6856E-05   0.99763
FLUX  754  1357.50        2.208416E+14   1.6723E-05   1.6759E-05   0.99781
FLUX  755  1362.50        2.200312E+14   1.6647E-05   1.6664E-05   0.99899
FLUX  756  1367.50        2.192267E+14   1.6535E-05   1.6569E-05   0.99795
FLUX  757  1372.50        2.184281E+14   1.6375E-05   1.6474E-05   0.99397
FLUX  758  1377.50        2.176352E+14   1.6358E-05   1.6381E-05   0.99862
FLUX  759  1382.50        2.168481E+14   1.6268E-05   1.6288E-05   0.99873
FLUX  760  1387.50        2.160667E+14   1.6196E-05   1.6196E-05   0.99997
FLUX  761  1392.50        2.152908E+14   1.6070E-05   1.6105E-05   0.99783
FLUX  762  1397.50        2.145206E+14   1.6004E-05   1.6015E-05   0.99930
FLUX  763  1402.50        2.137558E+14   1.5918E-05   1.5925E-05   0.99955
FLUX  764  1407.50        2.129964E+14   1.5834E-05   1.5836E-05   0.99987
FLUX  765  1412.50        2.122425E+14   1.5736E-05   1.5748E-05   0.99922
FLUX  766  1417.50        2.114938E+14   1.5654E-05   1.5661E-05   0.99956
FLUX  767  1422.50        2.107504E+14   1.5564E-05   1.5574E-05   0.99935
FLUX  768  1427.50        2.100123E+14   1.5475E-05   1.5488E-05   0.99916
FLUX  769  1432.50        2.092792E+14   1.5393E-05   1.5402E-05   0.99937
FLUX  770  1437.50        2.085513E+14   1.5316E-05   1.5318E-05   0.99987
FLUX  771  1442.50        2.078284E+14   1.5059E-05   1.5234E-05   0.98850
FLUX  772  1447.50        2.071105E+14   1.5140E-05   1.5150E-05   0.99930
FLUX  773  1452.50        2.063976E+14   1.4971E-05   1.5068E-05   0.99358
FLUX  774  1457.00        2.057601E+14   1.4983E-05   1.4994E-05   0.99928
FLUX  775  1462.00        2.050564E+14   1.5253E-05   1.5818E-05   0.96425
FLUX  776  1467.50        2.042879E+14   1.5670E-05   1.5722E-05   0.99672
FLUX  777  1472.50        2.035942E+14   1.5474E-05   1.5634E-05   0.98974
FLUX  778  1477.50        2.029052E+14   1.5195E-05   1.5548E-05   0.97729
FLUX  779  1482.50        2.022209E+14   1.5009E-05   1.5462E-05   0.97069
FLUX  780  1487.50        2.015412E+14   1.4742E-05   1.5377E-05   0.95875
FLUX  781  1492.50        2.008660E+14   1.4642E-05   1.5292E-05   0.95751
FLUX  782  1497.50        2.001953E+14   1.4434E-05   1.5208E-05   0.94911
FLUX  783  1502.50        1.995291E+14   1.4275E-05   1.5125E-05   0.94384
FLUX  784  1507.50        1.988673E+14   1.4086E-05   1.5042E-05   0.93645
FLUX  785  1512.50        1.982099E+14   1.3982E-05   1.4960E-05   0.93460
FLUX  786  1517.50        1.975568E+14   1.3844E-05   1.4879E-05   0.93041
FLUX  787  1522.50        1.969080E+14   1.3763E-05   1.4798E-05   0.93000
FLUX  788  1527.50        1.962635E+14   1.3642E-05   1.4718E-05   0.92688
FLUX  789  1532.50        1.956232E+14   1.3509E-05   1.4639E-05   0.92285
FLUX  790  1537.50        1.949870E+14   1.3561E-05   1.4560E-05   0.93138
FLUX  791  1542.50        1.943549E+14   1.3256E-05   1.4482E-05   0.91536
FLUX  792  1547.50        1.937270E+14   1.3432E-05   1.4404E-05   0.93253
FLUX  793  1552.50        1.931031E+14   1.3331E-05   1.4327E-05   0.93050
FLUX  794  1557.50        1.924831E+14   1.2925E-05   1.4250E-05   0.90695
FLUX  795  1562.50        1.918672E+14   1.3540E-05   1.4175E-05   0.95523
FLUX  796  1567.50        1.912552E+14   1.2967E-05   1.4099E-05   0.91970
FLUX  797  1572.50        1.906471E+14   1.2662E-05   1.4024E-05   0.90287
FLUX  798  1577.50        1.900428E+14   1.3424E-05   1.3950E-05   0.96228
FLUX  799  1582.50        1.894423E+14   1.3284E-05   1.3877E-05   0.95731
FLUX  800  1587.50        1.888457E+14   1.2059E-05   1.3804E-05   0.87361
FLUX  801  1592.50        1.882527E+14   1.2878E-05   1.3731E-05   0.93790
FLUX  802  1597.50        1.876635E+14   1.3410E-05   1.3659E-05   0.98174
FLUX  803  1605.00        1.867866E+14   1.2924E-05   1.3552E-05   0.95364
FLUX  804  1615.00        1.856300E+14   1.2241E-05   1.3411E-05   0.91274
FLUX  805  1625.00        1.844877E+14   1.3098E-05   1.3272E-05   0.98687
FLUX  806  1635.00        1.833593E+14   1.2469E-05   1.3135E-05   0.94930
FLUX  807  1645.00        1.822447E+14   1.1819E-05   1.3000E-05   0.90920
FLUX  808  1655.00        1.811435E+14   1.2742E-05   1.2866E-05   0.99035
FLUX  809  1665.00        1.800556E+14   1.2637E-05   1.2735E-05   0.99231
FLUX  810  1675.00        1.789806E+14   1.1952E-05   1.2605E-05   0.94816
FLUX  811  1685.00        1.779184E+14   1.1303E-05   1.2478E-05   0.90582
FLUX  812  1695.00        1.768687E+14   1.2247E-05   1.2352E-05   0.99144
FLUX  813  1705.00        1.758314E+14   1.2170E-05   1.2229E-05   0.99516
FLUX  814  1715.00        1.748061E+14   1.2063E-05   1.2107E-05   0.99635
FLUX  815  1725.00        1.737928E+14   1.1793E-05   1.1987E-05   0.98382
FLUX  816  1735.00        1.727911E+14   1.0494E-05   1.1869E-05   0.88415
FLUX  817  1745.00        1.718009E+14   1.1383E-05   1.1752E-05   0.96854
FLUX  818  1755.00        1.708219E+14   1.1548E-05   1.1638E-05   0.99234
FLUX  819  1765.00        1.698541E+14   1.1471E-05   1.1525E-05   0.99533
FLUX  820  1775.00        1.688972E+14   1.1386E-05   1.1413E-05   0.99760
FLUX  821  1785.00        1.679510E+14   1.1271E-05   1.1303E-05   0.99718
FLUX  822  1795.00        1.670153E+14   1.1165E-05   1.1195E-05   0.99736
FLUX  823  1805.00        1.660900E+14   1.0935E-05   1.1088E-05   0.98619
FLUX  824  1815.00        1.651749E+14   9.8372E-06   1.0983E-05   0.89566
FLUX  825  1825.00        1.642699E+14   1.0440E-05   1.0880E-05   0.95957
FLUX  826  1835.00        1.633747E+14   1.0713E-05   1.0777E-05   0.99402
FLUX  827  1845.00        1.624892E+14   1.0641E-05   1.0677E-05   0.99666
FLUX  828  1855.00        1.616132E+14   1.0515E-05   1.0577E-05   0.99409
FLUX  829  1865.00        1.607466E+14   1.0317E-05   1.0479E-05   0.98453
FLUX  830  1875.00        1.598893E+14   9.2370E-06   1.0383E-05   0.88965
FLUX  831  1885.00        1.590411E+14   1.0073E-05   1.0287E-05   0.97917
FLUX  832  1895.00        1.582018E+14   1.0126E-05   1.0194E-05   0.99339
FLUX  833  1905.00        1.573714E+14   1.0093E-05   1.0101E-05   0.99918
FLUX  834  1915.00        1.565496E+14   9.9981E-06   1.0010E-05   0.99886
FLUX  835  1925.00        1.557364E+14   9.8779E-06   9.9194E-06   0.99581
FLUX  836  1935.00        1.549315E+14   9.6491E-06   9.8305E-06   0.98154
FLUX  837  1945.00        1.541350E+14   8.6542E-06   9.7428E-06   0.88827
FLUX  838  1955.00        1.533465E+14   9.4802E-06   9.6562E-06   0.98177
FLUX  839  1965.00        1.525662E+14   9.5374E-06   9.5708E-06   0.99650
FLUX  840  1975.00        1.517937E+14   9.4710E-06   9.4866E-06   0.99836
FLUX  841  1985.00        1.510290E+14   9.4002E-06   9.4034E-06   0.99966
FLUX  842  1995.00        1.502719E+14   9.3185E-06   9.3213E-06   0.99969
FLUX  843  2005.00        1.495224E+14   9.2389E-06   9.2403E-06   0.99985
FLUX  844  2015.00        1.487804E+14   9.1596E-06   9.1604E-06   0.99991
FLUX  845  2025.00        1.480457E+14   9.0787E-06   9.0815E-06   0.99969
FLUX  846  2035.00        1.473182E+14   8.9989E-06   9.0036E-06   0.99948
FLUX  847  2045.00        1.465978E+14   8.9261E-06   8.9267E-06   0.99994
FLUX  848  2055.00        1.458844E+14   8.8497E-06   8.8508E-06   0.99988
FLUX  849  2065.00        1.451780E+14   8.7691E-06   8.7759E-06   0.99923
FLUX  850  2075.00        1.444783E+14   8.6977E-06   8.7019E-06   0.99951
FLUX  851  2085.00        1.437854E+14   8.6263E-06   8.6288E-06   0.99970
FLUX  852  2095.00        1.430990E+14   8.5542E-06   8.5567E-06   0.99971
FLUX  853  2105.00        1.424192E+14   8.4806E-06   8.4855E-06   0.99943
FLUX  854  2115.00        1.417459E+14   8.3957E-06   8.4151E-06   0.99769
FLUX  855  2125.00        1.410788E+14   8.3281E-06   8.3457E-06   0.99790
FLUX  856  2135.00        1.404180E+14   8.2604E-06   8.2771E-06   0.99798
FLUX  857  2145.00        1.397634E+14   8.1781E-06   8.2093E-06   0.99619
FLUX  858  2155.00        1.391148E+14   8.0184E-06   8.1424E-06   0.98477
FLUX  859  2165.00        1.384723E+14   7.2388E-06   8.0763E-06   0.89630
FLUX  860  2175.00        1.378356E+14   7.8190E-06   8.0110E-06   0.97603
FLUX  861  2185.00        1.372048E+14   7.9098E-06   7.9465E-06   0.99538
FLUX  862  2195.00        1.365797E+14   7.8796E-06   7.8828E-06   0.99960
FLUX  863  2205.00        1.359603E+14   7.8140E-06   7.8199E-06   0.99924
FLUX  864  2215.00        1.353465E+14   7.7444E-06   7.7577E-06   0.99829
FLUX  865  2225.00        1.347382E+14   7.6960E-06   7.6962E-06   0.99997
FLUX  866  2235.00        1.341353E+14   7.6347E-06   7.6355E-06   0.99989
FLUX  867  2245.00        1.335379E+14   7.5750E-06   7.5755E-06   0.99993
FLUX  868  2255.00        1.329457E+14   7.5103E-06   7.5162E-06   0.99921
FLUX  869  2265.00        1.323587E+14   7.4565E-06   7.4576E-06   0.99984
FLUX  870  2275.00        1.317769E+14   7.3987E-06   7.3997E-06   0.99986
FLUX  871  2285.00        1.312002E+14   7.3752E-06   7.4992E-06   0.98347
FLUX  872  2295.00        1.306285E+14   7.4368E-06   7.4407E-06   0.99946
FLUX  873  2305.00        1.300618E+14   7.3752E-06   7.3830E-06   0.99895
FLUX  874  2315.00        1.295000E+14   7.2938E-06   7.3258E-06   0.99562
FLUX  875  2325.00        1.289430E+14   7.2179E-06   7.2694E-06   0.99292
FLUX  876  2335.00        1.283908E+14   7.1404E-06   7.2136E-06   0.98985
FLUX  877  2345.00        1.278433E+14   7.0671E-06   7.1584E-06   0.98723
FLUX  878  2355.00        1.273004E+14   6.9972E-06   7.1039E-06   0.98497
FLUX  879  2365.00        1.267622E+14   6.9296E-06   7.0500E-06   0.98291
FLUX  880  2375.00        1.262284E+14   6.8616E-06   6.9967E-06   0.98069
FLUX  881  2385.00        1.256992E+14   6.7981E-06   6.9441E-06   0.97898
FLUX  882  2395.00        1.251743E+14   6.7352E-06   6.8920E-06   0.97726
FLUX  883  2405.00        1.246538E+14   6.6729E-06   6.8405E-06   0.97549
FLUX  884  2415.00        1.241377E+14   6.6104E-06   6.7896E-06   0.97361
FLUX  885  2425.00        1.236258E+14   6.5580E-06   6.7392E-06   0.97310
FLUX  886  2435.00        1.231181E+14   6.5126E-06   6.6895E-06   0.97356
FLUX  887  2445.00        1.226145E+14   6.4443E-06   6.6402E-06   0.97049
FLUX  888  2455.00        1.221151E+14   6.4236E-06   6.5916E-06   0.97451
FLUX  889  2465.00        1.216197E+14   6.3456E-06   6.5434E-06   0.96977
FLUX  890  2475.00        1.211283E+14   6.3151E-06   6.4958E-06   0.97218
FLUX  891  2485.00        1.206408E+14   6.3089E-06   6.4487E-06   0.97833
FLUX  892  2495.00        1.201573E+14   6.1496E-06   6.4021E-06   0.96056
FLUX  893  2505.00        1.196776E+14   6.3239E-06   6.3560E-06   0.99495
FLUX  894  2515.00        1.192018E+14   6.2126E-06   6.3104E-06   0.98450
FLUX  895  2525.00        1.187297E+14   5.9736E-06   6.2653E-06   0.95345
FLUX  896  2535.00        1.182613E+14   6.0877E-06   6.2207E-06   0.97862
FLUX  897  2545.00        1.177967E+14   6.1102E-06   6.1765E-06   0.98927
FLUX  898  2555.00        1.173356E+14   5.9912E-06   6.1329E-06   0.97690
FLUX  899  2565.00        1.168782E+14   5.7441E-06   6.0896E-06   0.94326
FLUX  900  2575.00        1.164243E+14   5.9349E-06   6.0469E-06   0.98148
FLUX  901  2585.00        1.159739E+14   5.9514E-06   6.0046E-06   0.99114
FLUX  902  2595.00        1.155270E+14   5.9027E-06   5.9627E-06   0.98994
FLUX  903  2605.00        1.150835E+14   5.7275E-06   5.9213E-06   0.96727
FLUX  904  2615.00        1.146434E+14   5.4703E-06   5.8803E-06   0.93028
FLUX  905  2625.00        1.142067E+14   5.2171E-06   5.8397E-06   0.89338
FLUX  906  2635.00        1.137732E+14   5.6236E-06   5.7996E-06   0.96965
FLUX  907  2645.00        1.133431E+14   5.7072E-06   5.7598E-06   0.99087
FLUX  908  2655.00        1.129162E+14   5.6728E-06   5.7205E-06   0.99166
FLUX  909  2665.00        1.124925E+14   5.5535E-06   5.6816E-06   0.97747
FLUX  910  2675.00        1.120720E+14   5.2116E-06   5.6430E-06   0.92354
FLUX  911  2685.00        1.116546E+14   5.4813E-06   5.6049E-06   0.97795
FLUX  912  2695.00        1.112403E+14   5.5358E-06   5.5671E-06   0.99437
FLUX  913  2705.00        1.108290E+14   5.5154E-06   5.5298E-06   0.99740
FLUX  914  2715.00        1.104208E+14   5.4903E-06   5.4928E-06   0.99956
FLUX  915  2725.00        1.100156E+14   5.4471E-06   5.4561E-06   0.99835
FLUX  916  2735.00        1.096133E+14   5.3971E-06   5.4199E-06   0.99580
FLUX  917  2745.00        1.092140E+14   5.3121E-06   5.3840E-06   0.98665
FLUX  918  2755.00        1.088176E+14   4.9527E-06   5.3485E-06   0.92601
FLUX  919  2765.00        1.084241E+14   5.0947E-06   5.3133E-06   0.95886
FLUX  920  2775.00        1.080333E+14   5.2369E-06   5.2784E-06   0.99214
FLUX  921  2785.00        1.076454E+14   5.2309E-06   5.2439E-06   0.99752
FLUX  922  2795.00        1.072603E+14   5.2096E-06   5.2098E-06   0.99997
FLUX  923  2805.00        1.068779E+14   5.1755E-06   5.1759E-06   0.99992
FLUX  924  2815.00        1.064982E+14   5.1417E-06   5.1424E-06   0.99986
FLUX  925  2825.00        1.061212E+14   5.1085E-06   5.1093E-06   0.99984
FLUX  926  2835.00        1.057469E+14   5.0763E-06   5.0764E-06   0.99997
FLUX  927  2845.00        1.053752E+14   5.0287E-06   5.0439E-06   0.99699
FLUX  928  2855.00        1.050061E+14   4.9763E-06   5.0117E-06   0.99295
FLUX  929  2865.00        1.046396E+14   4.8149E-06   4.9798E-06   0.96689
FLUX  930  2875.00        1.042757E+14   4.5271E-06   4.9482E-06   0.91490
FLUX  931  2885.00        1.039142E+14   4.8370E-06   4.9169E-06   0.98375
FLUX  932  2895.00        1.035553E+14   4.8613E-06   4.8858E-06   0.99498
FLUX  933  2905.00        1.031988E+14   4.8520E-06   4.8551E-06   0.99935
FLUX  934  2915.00        1.028448E+14   4.8175E-06   4.8247E-06   0.99851
FLUX  935  2925.00        1.024932E+14   4.7937E-06   4.7945E-06   0.99982
FLUX  936  2935.00        1.021440E+14   4.7641E-06   4.7647E-06   0.99989
FLUX  937  2945.00        1.017971E+14   4.7347E-06   4.7351E-06   0.99991
FLUX  938  2955.00        1.014526E+14   4.7057E-06   4.7058E-06   0.99998
FLUX  939  2965.00        1.011105E+14   4.6764E-06   4.6767E-06   0.99993
FLUX  940  2975.00        1.007706E+14   4.6476E-06   4.6480E-06   0.99992
FLUX  941  2985.00        1.004330E+14   4.6194E-06   4.6195E-06   0.99998
FLUX  942  2995.00        1.000977E+14   4.5904E-06   4.5912E-06   0.99983
FLUX  943  3005.00        9.976456E+13   4.5596E-06   4.5632E-06   0.99921
FLUX  944  3015.00        9.943367E+13   4.5180E-06   4.5355E-06   0.99614
FLUX  945  3025.00        9.910496E+13   4.4539E-06   4.5080E-06   0.98800
FLUX  946  3035.00        9.877842E+13   4.1585E-06   4.4808E-06   0.92807
FLUX  947  3045.00        9.845402E+13   4.2267E-06   4.4538E-06   0.94902
FLUX  948  3055.00        9.813175E+13   4.3857E-06   4.4271E-06   0.99065
FLUX  949  3065.00        9.781158E+13   4.3883E-06   4.4006E-06   0.99721
FLUX  950  3075.00        9.749350E+13   4.3727E-06   4.3743E-06   0.99963
FLUX  951  3085.00        9.717747E+13   4.3432E-06   4.3483E-06   0.99881
FLUX  952  3095.00        9.686349E+13   4.3209E-06   4.3225E-06   0.99963
FLUX  953  3105.00        9.655153E+13   4.2948E-06   4.2970E-06   0.99950
FLUX  954  3115.00        9.624157E+13   4.2678E-06   4.2717E-06   0.99910
FLUX  955  3125.00        9.593360E+13   4.2425E-06   4.2465E-06   0.99906
FLUX  956  3135.00        9.562759E+13   4.2197E-06   4.2217E-06   0.99952
FLUX  957  3145.00        9.532353E+13   4.1931E-06   4.1970E-06   0.99907
FLUX  958  3155.00        9.502139E+13   4.1716E-06   4.1726E-06   0.99978
FLUX  959  3165.00        9.472117E+13   4.1480E-06   4.1483E-06   0.99993
FLUX  960  3175.00        9.442283E+13   4.1223E-06   4.1243E-06   0.99951
FLUX  961  3185.00        9.412637E+13   4.1004E-06   4.1005E-06   0.99997
FLUX  962  3195.00        9.383177E+13   4.0763E-06   4.0769E-06   0.99985
FLUX  963  3210.00        9.339330E+13   4.0411E-06   4.0418E-06   0.99982
FLUX  964  3230.00        9.281502E+13   3.9957E-06   3.9958E-06   0.99997
FLUX  965  3250.00        9.224385E+13   3.9502E-06   3.9506E-06   0.99991
FLUX  966  3270.00        9.167966E+13   3.8918E-06   3.9061E-06   0.99633
FLUX  967  3290.00        9.112234E+13   3.6391E-06   3.8968E-06   0.93387
FLUX  968  3310.00        9.057175E+13   3.7613E-06   3.8532E-06   0.97614
FLUX  969  3330.00        9.002778E+13   3.7969E-06   3.8104E-06   0.99645
FLUX  970  3350.00        8.949030E+13   3.7589E-06   3.7682E-06   0.99752
FLUX  971  3370.00        8.895920E+13   3.7092E-06   3.7268E-06   0.99527
FLUX  972  3390.00        8.843437E+13   3.6660E-06   3.6860E-06   0.99455
FLUX  973  3410.00        8.791569E+13   3.6231E-06   3.6459E-06   0.99374
FLUX  974  3430.00        8.740306E+13   3.5820E-06   3.6065E-06   0.99320
FLUX  975  3450.00        8.689638E+13   3.5421E-06   3.5677E-06   0.99283
FLUX  976  3470.00        8.639553E+13   3.4995E-06   3.5295E-06   0.99150
FLUX  977  3490.00        8.590043E+13   3.4596E-06   3.4920E-06   0.99074
FLUX  978  3510.00        8.541097E+13   3.4212E-06   3.4550E-06   0.99021
FLUX  979  3530.00        8.492705E+13   3.3824E-06   3.4186E-06   0.98940
FLUX  980  3550.00        8.444859E+13   3.3452E-06   3.3828E-06   0.98887
FLUX  981  3570.00        8.397549E+13   3.3066E-06   3.3476E-06   0.98777
FLUX  982  3590.00        8.350766E+13   3.2759E-06   3.3129E-06   0.98884
FLUX  983  3610.00        8.304501E+13   3.2359E-06   3.2787E-06   0.98694
FLUX  984  3630.00        8.258747E+13   3.2101E-06   3.2450E-06   0.98925
FLUX  985  3650.00        8.213493E+13   3.1656E-06   3.2119E-06   0.98557
FLUX  986  3670.00        8.168733E+13   3.1510E-06   3.1793E-06   0.99109
FLUX  987  3690.00        8.124458E+13   3.0892E-06   3.1472E-06   0.98159
FLUX  988  3710.00        8.080660E+13   3.0808E-06   3.1155E-06   0.98886
FLUX  989  3730.00        8.037332E+13   2.9686E-06   3.0844E-06   0.96246
FLUX  990  3750.00        7.994467E+13   2.8903E-06   3.0537E-06   0.94650
FLUX  991  3770.00        7.952056E+13   2.9940E-06   3.0234E-06   0.99029
FLUX  992  3790.00        7.910092E+13   2.9769E-06   2.9936E-06   0.99441
FLUX  993  3810.00        7.868570E+13   2.9076E-06   2.9642E-06   0.98089
FLUX  994  3830.00        7.827480E+13   2.8860E-06   2.9353E-06   0.98320
FLUX  995  3850.00        7.786818E+13   2.8960E-06   2.9068E-06   0.99629
FLUX  996  3870.00        7.746576E+13   2.8682E-06   2.8787E-06   0.99635
FLUX  997  3890.00        7.706748E+13   2.8206E-06   2.8510E-06   0.98931
FLUX  998  3910.00        7.667327E+13   2.7382E-06   2.8237E-06   0.96971
FLUX  999  3930.00        7.628308E+13   2.7802E-06   2.7968E-06   0.99406
FLUX 1000  3950.00        7.589684E+13   2.7676E-06   2.7703E-06   0.99901
FLUX 1001  3970.00        7.551448E+13   2.7440E-06   2.7442E-06   0.99991
FLUX 1002  3990.00        7.513596E+13   2.7157E-06   2.7184E-06   0.99901
FLUX 1003  4010.00        7.476122E+13   2.6320E-06   2.6930E-06   0.97734
FLUX 1004  4030.00        7.439020E+13   2.5908E-06   2.6680E-06   0.97108
FLUX 1005  4050.00        7.402284E+13   2.5029E-06   2.6433E-06   0.94689
FLUX 1006  4070.00        7.365909E+13   2.5973E-06   2.6189E-06   0.99174
FLUX 1007  4090.00        7.329890E+13   2.5911E-06   2.5949E-06   0.99856
FLUX 1008  4110.00        7.294221E+13   2.5708E-06   2.5712E-06   0.99986
FLUX 1009  4130.00        7.258898E+13   2.5447E-06   2.5478E-06   0.99877
FLUX 1010  4150.00        7.223916E+13   2.5037E-06   2.5247E-06   0.99168
FLUX 1011  4170.00        7.189269E+13   2.3940E-06   2.5020E-06   0.95684
FLUX 1012  4190.00        7.154952E+13   2.4560E-06   2.4795E-06   0.99051
FLUX 1013  4210.00        7.120962E+13   2.4537E-06   2.4574E-06   0.99850
FLUX 1014  4230.00        7.087293E+13   2.4355E-06   2.4355E-06   0.99997
FLUX 1015  4250.00        7.053941E+13   2.4138E-06   2.4140E-06   0.99992
FLUX 1016  4270.00        7.020902E+13   2.3927E-06   2.3927E-06   0.99999
FLUX 1017  4290.00        6.988170E+13   2.3717E-06   2.3717E-06   0.99999
FLUX 1018  4310.00        6.955742E+13   2.3508E-06   2.3510E-06   0.99993
FLUX 1019  4330.00        6.923614E+13   2.3300E-06   2.3305E-06   0.99976
FLUX 1020  4350.00        6.891782E+13   2.2989E-06   2.3104E-06   0.99506
FLUX 1021  4370.00        6.860240E+13   2.1936E-06   2.2904E-06   0.95770
FLUX 1022  4390.00        6.828986E+13   2.2278E-06   2.2708E-06   0.98108
FLUX 1023  4410.00        6.798016E+13   2.2460E-06   2.2514E-06   0.99764
FLUX 1024  4430.00        6.767325E+13   2.2319E-06   2.2322E-06   0.99986
FLUX 1025  4450.00        6.736910E+13   2.2129E-06   2.2133E-06   0.99984
FLUX 1026  4470.00        6.706767E+13   2.2038E-06   2.2040E-06   0.99993
FLUX 1027  4490.00        6.676893E+13   2.1850E-06   2.1854E-06   0.99982
FLUX 1028  4510.00        6.647284E+13   2.1671E-06   2.1671E-06   0.99999
FLUX 1029  4530.00        6.617936E+13   2.1487E-06   2.1490E-06   0.99986
FLUX 1030  4550.00        6.588846E+13   2.1310E-06   2.1311E-06   0.99998
FLUX 1031  4570.00        6.560011E+13   2.1129E-06   2.1134E-06   0.99976
FLUX 1032  4590.00        6.531427E+13   2.0954E-06   2.0960E-06   0.99969
FLUX 1033  4610.00        6.503091E+13   2.0749E-06   2.0788E-06   0.99814
FLUX 1034  4630.00        6.475000E+13   2.0447E-06   2.0618E-06   0.99173
FLUX 1035  4650.00        6.447151E+13   1.9250E-06   2.0450E-06   0.94131
FLUX 1036  4670.00        6.419540E+13   1.9103E-06   2.0284E-06   0.94178
FLUX 1037  4690.00        6.392164E+13   1.9821E-06   2.0120E-06   0.98513
FLUX 1038  4710.00        6.365021E+13   1.9895E-06   1.9958E-06   0.99686
FLUX 1039  4730.00        6.338108E+13   1.9797E-06   1.9798E-06   0.99997
FLUX 1040  4750.00        6.311421E+13   1.9632E-06   1.9640E-06   0.99960
FLUX 1041  4770.00        6.284958E+13   1.9480E-06   1.9484E-06   0.99983
FLUX 1042  4790.00        6.258716E+13   1.9329E-06   1.9329E-06   0.99999
FLUX 1043  4810.00        6.232692E+13   1.9176E-06   1.9177E-06   0.99998
FLUX 1044  4830.00        6.206884E+13   1.9025E-06   1.9026E-06   0.99997
FLUX 1045  4850.00        6.181289E+13   1.8877E-06   1.8877E-06   0.99998
FLUX 1046  4870.00        6.155903E+13   1.8730E-06   1.8730E-06   0.99999
FLUX 1047  4890.00        6.130726E+13   1.8584E-06   1.8584E-06   0.99999
FLUX 1048  4910.00        6.105754E+13   1.8439E-06   1.8441E-06   0.99990
FLUX 1049  4930.00        6.080984E+13   1.8298E-06   1.8298E-06   0.99997
FLUX 1050  4950.00        6.056414E+13   1.8158E-06   1.8158E-06   0.99998
FLUX 1051  4970.00        6.032042E+13   1.8018E-06   1.8019E-06   0.99997
FLUX 1052  4990.00        6.007866E+13   1.7880E-06   1.7882E-06   0.99990
FLUX 1053  5010.00        5.983882E+13   1.7745E-06   1.7746E-06   0.99995
FLUX 1054  5030.00        5.960089E+13   1.7609E-06   1.7612E-06   0.99987
FLUX 1055  5050.00        5.936485E+13   1.7478E-06   1.7479E-06   0.99997
FLUX 1056  5070.00        5.913067E+13   1.7347E-06   1.7348E-06   0.99998
FLUX 1057  5090.00        5.889833E+13   1.7183E-06   1.7218E-06   0.99798
FLUX 1058  5110.00        5.866781E+13   1.6874E-06   1.7090E-06   0.98738
FLUX 1059  5130.00        5.843908E+13   1.6004E-06   1.6963E-06   0.94349
FLUX 1060  5150.00        5.821214E+13   1.6680E-06   1.6837E-06   0.99065
FLUX 1061  5170.00        5.798694E+13   1.6692E-06   1.6713E-06   0.99873
FLUX 1062  5190.00        5.776349E+13   1.6590E-06   1.6590E-06   0.99998
FLUX 1063  5210.00        5.754175E+13   1.6469E-06   1.6469E-06   0.99997
FLUX 1064  5230.00        5.732170E+13   1.6349E-06   1.6349E-06   0.99998
FLUX 1065  5250.00        5.710333E+13   1.6230E-06   1.6230E-06   0.99999
FLUX 1066  5270.00        5.688662E+13   1.6113E-06   1.6113E-06   0.99998
FLUX 1067  5290.00        5.667155E+13   1.5997E-06   1.5997E-06   1.00000
FLUX 1068  5310.00        5.645810E+13   1.5882E-06   1.5882E-06   0.99999
FLUX 1069  5330.00        5.624625E+13   1.5768E-06   1.5768E-06   0.99999
FLUX 1070  5350.00        5.603598E+13   1.5655E-06   1.5656E-06   0.99999
FLUX 1071  5370.00        5.582728E+13   1.5543E-06   1.5544E-06   0.99992
FLUX 1072  5390.00        5.562013E+13   1.5434E-06   1.5434E-06   0.99998
FLUX 1073  5410.00        5.541451E+13   1.5325E-06   1.5325E-06   0.99999
FLUX 1074  5430.00        5.521041E+13   1.5217E-06   1.5218E-06   0.99997
FLUX 1075  5450.00        5.500780E+13   1.5110E-06   1.5111E-06   0.99993
FLUX 1076  5470.00        5.480667E+13   1.5004E-06   1.5005E-06   0.99990
FLUX 1077  5490.00        5.460701E+13   1.4901E-06   1.4901E-06   0.99998
FLUX 1078  5510.00        5.440880E+13   1.4797E-06   1.4798E-06   0.99999
FLUX 1079  5530.00        5.421203E+13   1.4695E-06   1.4695E-06   0.99997
FLUX 1080  5550.00        5.401667E+13   1.4594E-06   1.4594E-06   0.99998
FLUX 1081  5570.00        5.382271E+13   1.4492E-06   1.4494E-06   0.99984
FLUX 1082  5590.00        5.363014E+13   1.4390E-06   1.4395E-06   0.99971
FLUX 1083  5610.00        5.343895E+13   1.4295E-06   1.4297E-06   0.99990
FLUX 1084  5630.00        5.324911E+13   1.4199E-06   1.4199E-06   0.99998
FLUX 1085  5650.00        5.306062E+13   1.4103E-06   1.4103E-06   0.99998
FLUX 1086  5670.00        5.287346E+13   1.4008E-06   1.4008E-06   0.99998
FLUX 1087  5690.00        5.268761E+13   1.3914E-06   1.3914E-06   0.99999
FLUX 1088  5710.00        5.250306E+13   1.3821E-06   1.3821E-06   1.00000
FLUX 1089  5730.00        5.231981E+13   1.3728E-06   1.3728E-06   0.99996
FLUX 1090  5750.00        5.213783E+13   1.3637E-06   1.3637E-06   0.99999
FLUX 1091  5770.00        5.195711E+13   1.3546E-06   1.3546E-06   0.99998
FLUX 1092  5790.00        5.177763E+13   1.3456E-06   1.3457E-06   0.99992
FLUX 1093  5810.00        5.159940E+13   1.3368E-06   1.3368E-06   0.99998
FLUX 1094  5830.00        5.142238E+13   1.3280E-06   1.3280E-06   0.99999
FLUX 1095  5850.00        5.124658E+13   1.3223E-06   1.3223E-06   0.99997
FLUX 1096  5870.00        5.107198E+13   1.3099E-06   1.3136E-06   0.99714
FLUX 1097  5890.00        5.089856E+13   1.2863E-06   1.3051E-06   0.98563
FLUX 1098  5910.00        5.072631E+13   1.2217E-06   1.2966E-06   0.94220
FLUX 1099  5930.00        5.055523E+13   1.2753E-06   1.2882E-06   0.99001
FLUX 1100  5950.00        5.038529E+13   1.2772E-06   1.2799E-06   0.99789
FLUX 1101  5970.00        5.021650E+13   1.2716E-06   1.2717E-06   0.99998
FLUX 1102  5990.00        5.004883E+13   1.2634E-06   1.2635E-06   0.99993
FLUX 1103  6010.00        4.988228E+13   1.2554E-06   1.2554E-06   0.99994
FLUX 1104  6030.00        4.971683E+13   1.2474E-06   1.2474E-06   0.99999
FLUX 1105  6050.00        4.955248E+13   1.2395E-06   1.2395E-06   0.99999
FLUX 1106  6070.00        4.938921E+13   1.2316E-06   1.2317E-06   0.99998
FLUX 1107  6090.00        4.922701E+13   1.2238E-06   1.2239E-06   0.99997
FLUX 1108  6110.00        4.906588E+13   1.2160E-06   1.2162E-06   0.99984
FLUX 1109  6130.00        4.890579E+13   1.2085E-06   1.2085E-06   0.99999
FLUX 1110  6150.00        4.874675E+13   1.2010E-06   1.2010E-06   0.99997
FLUX 1111  6170.00        4.858874E+13   1.1935E-06   1.1935E-06   1.00000
FLUX 1112  6190.00        4.843174E+13   1.1861E-06   1.1861E-06   0.99998
FLUX 1113  6210.00        4.827576E+13   1.1787E-06   1.1787E-06   0.99999
FLUX 1114  6230.00        4.812079E+13   1.1713E-06   1.1714E-06   0.99990
FLUX 1115  6250.00        4.796680E+13   1.1642E-06   1.1642E-06   0.99997
FLUX 1116  6270.00        4.781380E+13   1.1570E-06   1.1571E-06   0.99992
FLUX 1117  6290.00        4.766176E+13   1.1500E-06   1.1500E-06   0.99999
FLUX 1118  6310.00        4.751070E+13   1.1429E-06   1.1430E-06   0.99993
FLUX 1119  6330.00        4.736058E+13   1.1359E-06   1.1360E-06   0.99989
FLUX 1120  6350.00        4.721142E+13   1.1290E-06   1.1291E-06   0.99992
FLUX 1121  6370.00        4.706319E+13   1.1223E-06   1.1223E-06   0.99999
FLUX 1122  6390.00        4.691588E+13   1.1155E-06   1.1155E-06   0.99997
FLUX 1123  6420.00        4.669665E+13   1.1055E-06   1.1055E-06   0.99999
FLUX 1124  6460.00        4.640751E+13   1.0923E-06   1.0923E-06   0.99998
FLUX 1125  6500.00        4.612192E+13   1.0794E-06   1.0794E-06   0.99998
FLUX 1126  6540.00        4.583983E+13   1.0667E-06   1.0667E-06   1.00000
FLUX 1127  6580.00        4.556117E+13   1.0542E-06   1.0542E-06   0.99998
FLUX 1128  6620.00        4.528588E+13   1.0418E-06   1.0419E-06   0.99990
FLUX 1129  6660.00        4.501389E+13   1.0298E-06   1.0299E-06   0.99995
FLUX 1130  6700.00        4.474515E+13   1.0180E-06   1.0180E-06   0.99998
FLUX 1131  6740.00        4.447960E+13   1.0063E-06   1.0064E-06   0.99998
FLUX 1132  6780.00        4.421718E+13   9.9489E-07   9.9492E-07   0.99998
FLUX 1133  6820.00        4.395784E+13   9.8364E-07   9.8366E-07   0.99998
FLUX 1134  6860.00        4.370153E+13   9.7248E-07   9.7259E-07   0.99988
FLUX 1135  6900.00        4.344819E+13   9.6156E-07   9.6171E-07   0.99985
FLUX 1136  6940.00        4.319777E+13   9.5087E-07   9.5101E-07   0.99985
FLUX 1137  6980.00        4.295021E+13   9.4036E-07   9.4049E-07   0.99987
FLUX 1138  7020.00        4.270548E+13   9.3005E-07   9.3014E-07   0.99991
FLUX 1139  7060.00        4.246353E+13   9.1983E-07   9.1996E-07   0.99987
FLUX 1140  7100.00        4.222430E+13   9.0993E-07   9.0994E-07   0.99999
FLUX 1141  7140.00        4.198775E+13   8.9997E-07   9.0009E-07   0.99987
FLUX 1142  7180.00        4.175383E+13   8.9031E-07   8.9039E-07   0.99991
FLUX 1143  7220.00        4.152251E+13   8.8057E-07   8.8086E-07   0.99968
FLUX 1144  7260.00        4.129373E+13   8.7133E-07   8.7147E-07   0.99984
FLUX 1145  7300.00        4.106747E+13   8.6221E-07   8.6223E-07   0.99997
FLUX 1146  7340.00        4.084366E+13   8.5308E-07   8.5314E-07   0.99992
FLUX 1147  7380.00        4.062229E+13   8.4411E-07   8.4420E-07   0.99990
FLUX 1148  7420.00        4.040330E+13   8.3225E-07   8.3541E-07   0.99621
FLUX 1149  7460.00        4.018666E+13   7.9730E-07   8.2677E-07   0.96436
FLUX 1150  7500.00        3.997233E+13   7.8747E-07   8.1826E-07   0.96237
FLUX 1151  7540.00        3.976028E+13   8.0619E-07   8.0987E-07   0.99545
FLUX 1152  7580.00        3.955046E+13   8.0151E-07   8.0162E-07   0.99987
FLUX 1153  7620.00        3.934285E+13   7.9347E-07   7.9349E-07   0.99997
FLUX 1154  7660.00        3.913740E+13   7.8546E-07   7.8548E-07   0.99997
FLUX 1155  7700.00        3.893409E+13   7.7758E-07   7.7760E-07   0.99998
FLUX 1156  7740.00        3.873288E+13   7.6981E-07   7.6983E-07   0.99998
FLUX 1157  7780.00        3.853374E+13   7.6217E-07   7.6217E-07   1.00000
FLUX 1158  7820.00        3.833664E+13   7.5463E-07   7.5463E-07   1.00000
FLUX 1159  7860.00        3.814154E+13   7.4720E-07   7.4720E-07   1.00000
FLUX 1160  7900.00        3.794842E+13   7.3988E-07   7.3988E-07   1.00000
FLUX 1161  7940.00        3.775724E+13   7.3266E-07   7.3267E-07   1.00000
FLUX 1162  7980.00        3.756798E+13   7.2555E-07   7.2556E-07   0.99999
FLUX 1163  8020.00        3.738061E+13   7.1854E-07   7.1855E-07   0.99999
FLUX 1164  8060.00        3.719510E+13   7.1163E-07   7.1164E-07   0.99999
FLUX 1165  8100.00        3.701142E+13   7.0483E-07   7.0483E-07   1.00000
FLUX 1166  8140.00        3.682955E+13   6.9810E-07   6.9812E-07   0.99998
FLUX 1167  8180.00        3.664945E+13   6.9149E-07   6.9150E-07   0.99999
FLUX 1168  8220.00        3.647111E+13   6.8498E-07   6.8498E-07   0.99999
FLUX 1169  8260.00        3.629449E+13   6.7854E-07   6.7855E-07   1.00000
FLUX 1170  8300.00        3.611958E+13   6.7220E-07   6.7221E-07   0.99999
FLUX 1171  8340.00        3.594634E+13   6.6587E-07   6.6595E-07   0.99988
FLUX 1172  8380.00        3.577476E+13   6.5965E-07   6.5978E-07   0.99980
FLUX 1173  8420.00        3.560481E+13   6.5363E-07   6.5370E-07   0.99989
FLUX 1174  8460.00        3.543647E+13   6.4769E-07   6.4770E-07   0.99998
FLUX 1175  8500.00        3.526971E+13   6.4178E-07   6.4178E-07   1.00000
FLUX 1176  8540.00        3.510451E+13   6.3593E-07   6.3595E-07   0.99998
FLUX 1177  8580.00        3.494085E+13   6.3018E-07   6.3019E-07   0.99999
FLUX 1178  8620.00        3.477871E+13   6.2450E-07   6.2451E-07   0.99998
FLUX 1179  8660.00        3.461807E+13   6.1890E-07   6.1891E-07   1.00000
FLUX 1180  8700.00        3.445891E+13   6.1338E-07   6.1338E-07   1.00000
FLUX 1181  8740.00        3.430120E+13   6.0792E-07   6.0792E-07   0.99999
FLUX 1182  8780.00        3.414493E+13   6.0254E-07   6.0254E-07   1.00000
FLUX 1183  8820.00        3.399008E+13   5.9721E-07   5.9723E-07   0.99998
FLUX 1184  8860.00        3.383663E+13   5.9196E-07   5.9198E-07   0.99997
FLUX 1185  8900.00        3.368455E+13   5.8680E-07   5.8681E-07   0.99998
FLUX 1186  8940.00        3.353384E+13   5.8170E-07   5.8170E-07   0.99999
FLUX 1187  8980.00        3.338447E+13   5.7665E-07   5.7666E-07   0.99998
FLUX 1188  9020.00        3.323642E+13   5.7168E-07   5.7168E-07   0.99999
FLUX 1189  9060.00        3.308968E+13   5.6677E-07   5.6677E-07   0.99999
FLUX 1190  9100.00        3.294423E+13   5.6191E-07   5.6192E-07   0.99998
FLUX 1191  9140.00        3.280005E+13   5.5713E-07   5.5713E-07   0.99999
FLUX 1192  9180.00        3.265714E+13   5.5240E-07   5.5241E-07   1.00000
FLUX 1193  9220.00        3.251546E+13   5.4773E-07   5.4774E-07   0.99999
FLUX 1194  9260.00        3.237500E+13   5.4313E-07   5.4313E-07   1.00000
FLUX 1195  9300.00        3.223575E+13   5.3857E-07   5.3858E-07   0.99999
FLUX 1196  9340.00        3.209770E+13   5.3408E-07   5.3408E-07   1.00000
FLUX 1197  9380.00        3.196082E+13   5.2964E-07   5.2964E-07   0.99999
FLUX 1198  9420.00        3.182511E+13   5.2526E-07   5.2526E-07   1.00000
FLUX 1199  9460.00        3.169054E+13   5.2092E-07   5.2093E-07   0.99999
FLUX 1200  9500.00        3.155711E+13   5.1665E-07   5.1665E-07   0.99999
FLUX 1201  9540.00        3.142479E+13   5.1240E-07   5.1243E-07   0.99994
FLUX 1202  9580.00        3.129358E+13   5.0825E-07   5.0825E-07   1.00000
FLUX 1203  9620.00        3.116346E+13   5.0412E-07   5.0413E-07   0.99999
FLUX 1204  9660.00        3.103442E+13   5.0005E-07   5.0006E-07   1.00000
FLUX 1205  9700.00        3.090644E+13   4.9603E-07   4.9603E-07   1.00000
FLUX 1206  9740.00        3.077952E+13   4.9205E-07   4.9205E-07   0.99999
FLUX 1207  9780.00        3.065363E+13   4.8812E-07   4.8813E-07   0.99999
FLUX 1208  9820.00        3.052877E+13   4.8423E-07   4.8424E-07   0.99998
FLUX 1209  9860.00        3.040492E+13   4.8040E-07   4.8041E-07   0.99999
FLUX 1210  9900.00        3.028207E+13   4.7662E-07   4.7662E-07   1.00000
FLUX 1211  9940.00        3.016021E+13   4.7287E-07   4.7287E-07   0.99999
FLUX 1212  9980.00        3.003933E+13   4.6916E-07   4.6917E-07   0.99998
FLUX 1213 10020.00        2.991941E+13   4.6550E-07   4.6551E-07   0.99998
FLUX 1214 20000.00        1.498963E+13   1.1866E-07   1.1866E-07   1.00000
FLUX 1215 40000.00        7.494813E+12   2.9509E-08   2.9509E-08   1.00000
FLUX 1216 60000.00        4.996542E+12   1.3000E-08   1.3000E-08   1.00000
FLUX 1217 80000.00        3.747406E+12   7.2538E-09   7.2538E-09   1.00000
FLUX 1218100000.00        2.997925E+12   4.6097E-09   4.6097E-09   1.00000
FLUX 1219120000.00        2.498271E+12   3.1815E-09   3.1815E-09   1.00000
FLUX 1220140000.00        2.141375E+12   2.3247E-09   2.3247E-09   1.00000
FLUX 1221160000.00        1.873703E+12   1.7712E-09   1.7712E-09   1.00000
FLUX
