TEFF  18000.  GRAVITY 2.50000 LTE 
TITLE TEST MODEL WITH SDSC OPACITY  VTURB 2 KM/S                                
 OPACITY IFOP
FLUX   45    23.00        1.303446E+16   6.8609E-26   8.4495E-26   0.81199
FLUX   46    23.40        1.281165E+16   1.8865E-25   1.9281E-25   0.97843
FLUX   47    24.00        1.249135E+16   6.2770E-25   6.3218E-25   0.99291
FLUX   48    24.65        1.216197E+16   2.1366E-24   2.1502E-24   0.99364
FLUX   49    25.24        1.187767E+16   6.1780E-24   6.1971E-24   0.99692
FLUX   50    25.68        1.167416E+16   1.2941E-23   1.3239E-23   0.97747
FLUX   51    26.00        1.153048E+16   2.2720E-23   2.2787E-23   0.99706
FLUX   52    26.40        1.135578E+16   4.3636E-23   4.3767E-23   0.99700
FLUX   53    26.85        1.116546E+16   8.8245E-23   8.8501E-23   0.99710
FLUX   54    27.35        1.096133E+16   1.8736E-22   1.8822E-22   0.99540
FLUX   55    27.85        1.076454E+16   3.9198E-22   3.9304E-22   0.99730
FLUX   56    28.40        1.055607E+16   8.6296E-22   8.6633E-22   0.99611
FLUX   57    29.00        1.033767E+16   1.9434E-21   1.9511E-21   0.99606
FLUX   58    29.60        1.012813E+16   4.2053E-21   4.2244E-21   0.99547
FLUX   59    30.10        9.959884E+15   7.8812E-21   7.9287E-21   0.99402
FLUX   60    30.80        9.733523E+15   1.8296E-20   1.8755E-20   0.97550
FLUX   61    31.80        9.427437E+15   5.8499E-20   5.8731E-20   0.99605
FLUX   62    32.80        9.140015E+15   1.6897E-19   1.7256E-19   0.97916
FLUX   63    33.80        8.869601E+15   4.7425E-19   4.7567E-19   0.99701
FLUX   64    34.80        8.614727E+15   1.2430E-18   1.2476E-18   0.99629
FLUX   65    35.70        8.397549E+15   3.1146E-18   3.1856E-18   0.97771
FLUX   66    36.60        8.191052E+15   6.9253E-18   6.9777E-18   0.99250
FLUX   67    37.50        7.994467E+15   1.4412E-17   1.4655E-17   0.98341
FLUX   68    38.50        7.786818E+15   3.1843E-17   3.2308E-17   0.98561
FLUX   69    39.50        7.589684E+15   6.7853E-17   6.8741E-17   0.98708
FLUX   70    40.50        7.402284E+15   1.3963E-16   1.4158E-16   0.98628
FLUX   71    41.40        7.241365E+15   2.6263E-16   2.6496E-16   0.99121
FLUX   72    42.20        7.104088E+15   4.4780E-16   4.5626E-16   0.98145
FLUX   73    43.00        6.971919E+15   7.5205E-16   7.6676E-16   0.98081
FLUX   74    44.10        6.798016E+15   1.5086E-15   1.5270E-15   0.98791
FLUX   75    45.10        6.647284E+15   2.7564E-15   2.7835E-15   0.99026
FLUX   76    46.00        6.517228E+15   4.6387E-15   4.6894E-15   0.98918
FLUX   77    47.00        6.378564E+15   8.1531E-15   8.2157E-15   0.99238
FLUX   78    48.00        6.245677E+15   1.3995E-14   1.4089E-14   0.99327
FLUX   79    49.00        6.118214E+15   2.3702E-14   2.3767E-14   0.99727
FLUX   80    50.00        5.995850E+15   3.9188E-14   3.9237E-14   0.99875
FLUX   81    50.60        5.924753E+15   8.9714E-12   1.5996E-11   0.56086
FLUX   82    51.20        5.855322E+15   1.1335E-10   1.9210E-10   0.59006
FLUX   83    52.00        5.765240E+15   1.5277E-10   2.4858E-10   0.61455
FLUX   84    53.00        5.656462E+15   2.4397E-10   3.3941E-10   0.71880
FLUX   85    54.00        5.551713E+15   2.7402E-10   4.5825E-10   0.59797
FLUX   86    55.00        5.450773E+15   5.2923E-10   6.1227E-10   0.86438
FLUX   87    56.00        5.353438E+15   6.9382E-10   8.0969E-10   0.85689
FLUX   88    57.00        5.259518E+15   9.7983E-10   1.0604E-09   0.92406
FLUX   89    58.00        5.168836E+15   9.4287E-10   1.4297E-09   0.65949
FLUX   90    59.00        5.081229E+15   1.4499E-09   1.8338E-09   0.79065
FLUX   91    60.00        4.996542E+15   2.1249E-09   2.3326E-09   0.91094
FLUX   92    61.00        4.914631E+15   2.8784E-09   2.9433E-09   0.97794
FLUX   93    62.00        4.835363E+15   3.5173E-09   3.6860E-09   0.95423
FLUX   94    63.00        4.758611E+15   4.4138E-09   4.5830E-09   0.96308
FLUX   95    64.00        4.684258E+15   5.0530E-09   5.6611E-09   0.89259
FLUX   96    65.00        4.612192E+15   6.4552E-09   6.9472E-09   0.92918
FLUX   97    65.80        4.556117E+15   7.9411E-09   8.1467E-09   0.97476
FLUX   98    66.50        4.508158E+15   8.8320E-09   9.3353E-09   0.94609
FLUX   99    67.50        4.441370E+15   1.0025E-08   1.1284E-08   0.88841
FLUX  100    68.50        4.376533E+15   1.1701E-08   1.3563E-08   0.86270
FLUX  101    69.50        4.313561E+15   1.5531E-08   1.6214E-08   0.95784
FLUX  102    70.50        4.252376E+15   1.7829E-08   1.9284E-08   0.92454
FLUX  103    71.60        4.187046E+15   2.1676E-08   2.3203E-08   0.93419
FLUX  104    72.60        4.129373E+15   2.5003E-08   2.7317E-08   0.91532
FLUX  105    73.50        4.078810E+15   2.8096E-08   3.1518E-08   0.89143
FLUX  106    74.50        4.024060E+15   3.4558E-08   3.6798E-08   0.93912
FLUX  107    75.50        3.970762E+15   4.0634E-08   4.2780E-08   0.94984
FLUX  108    76.50        3.918856E+15   4.7495E-08   4.9551E-08   0.95851
FLUX  109    77.50        3.868290E+15   5.5411E-08   5.7147E-08   0.96963
FLUX  110    78.50        3.819013E+15   6.3776E-08   6.5658E-08   0.97133
FLUX  111    79.50        3.770975E+15   7.1491E-08   7.5162E-08   0.95116
FLUX  112    80.50        3.724130E+15   8.0813E-08   8.5741E-08   0.94252
FLUX  113    81.50        3.678436E+15   8.9916E-08   9.7479E-08   0.92241
FLUX  114    82.50        3.633848E+15   1.0473E-07   1.1047E-07   0.94809
FLUX  115    83.50        3.590329E+15   1.0153E-07   1.2480E-07   0.81351
FLUX  116    84.50        3.547840E+15   1.2643E-07   1.4056E-07   0.89948
FLUX  117    85.50        3.506345E+15   1.4035E-07   1.5785E-07   0.88915
FLUX  118    86.50        3.465809E+15   1.5937E-07   1.7676E-07   0.90161
FLUX  119    87.50        3.426200E+15   1.8178E-07   1.9738E-07   0.92099
FLUX  120    88.50        3.387486E+15   2.0932E-07   2.1983E-07   0.95218
FLUX  121    89.50        3.349637E+15   2.3307E-07   2.4421E-07   0.95440
FLUX  122    90.50        3.312624E+15   2.3979E-07   2.7061E-07   0.88609
FLUX  123    91.50        3.276421E+15   6.7793E-07   1.7595E-04   0.00385
FLUX  124    92.50        3.241000E+15   1.4903E-05   1.7844E-04   0.08352
FLUX  125    93.50        3.206337E+15   3.1827E-05   1.8090E-04   0.17594
FLUX  126    94.50        3.172407E+15   5.1385E-05   1.8332E-04   0.28030
FLUX  127    95.50        3.139188E+15   6.8156E-05   1.8570E-04   0.36702
FLUX  128    96.50        3.106658E+15   5.5461E-05   1.8805E-04   0.29493
FLUX  129    97.50        3.074795E+15   8.6413E-06   1.9037E-04   0.04539
FLUX  130    98.50        3.043579E+15   3.1590E-05   1.9265E-04   0.16398
FLUX  131    99.50        3.012990E+15   4.7729E-05   1.9489E-04   0.24490
FLUX  132   100.50        2.983010E+15   8.6585E-05   1.9709E-04   0.43932
FLUX  133   101.50        2.953621E+15   9.0885E-05   1.9925E-04   0.45613
FLUX  134   102.50        2.924805E+15   6.7169E-05   2.0213E-04   0.33231
FLUX  135   103.50        2.896546E+15   5.6451E-05   2.0421E-04   0.27644
FLUX  136   104.50        2.868828E+15   1.2803E-04   2.0625E-04   0.62076
FLUX  137   105.50        2.841635E+15   1.2297E-04   2.0825E-04   0.59047
FLUX  138   106.50        2.814953E+15   9.1039E-05   2.1022E-04   0.43307
FLUX  139   107.50        2.788767E+15   1.1568E-04   2.1214E-04   0.54529
FLUX  140   108.50        2.763065E+15   7.6516E-05   2.1403E-04   0.35749
FLUX  141   109.50        2.737831E+15   1.3262E-04   2.1589E-04   0.61429
FLUX  142   110.50        2.713054E+15   1.1810E-04   2.2013E-04   0.53647
FLUX  143   111.50        2.688722E+15   1.0922E-04   2.2191E-04   0.49221
FLUX  144   112.50        2.664822E+15   8.9018E-05   2.2364E-04   0.39804
FLUX  145   113.50        2.641344E+15   1.3859E-04   2.2552E-04   0.61453
FLUX  146   114.50        2.618275E+15   1.3022E-04   2.2717E-04   0.57322
FLUX  147   115.50        2.595606E+15   1.3975E-04   2.2878E-04   0.61084
FLUX  148   116.50        2.573326E+15   1.4169E-04   2.3035E-04   0.61508
FLUX  149   117.50        2.551426E+15   8.0442E-05   2.3200E-04   0.34673
FLUX  150   118.50        2.529895E+15   1.4896E-04   2.3350E-04   0.63793
FLUX  151   119.50        2.508724E+15   1.1122E-04   2.3496E-04   0.47338
FLUX  152   120.50        2.487905E+15   4.8165E-05   2.3638E-04   0.20376
FLUX  153   121.50        2.467428E+15   7.8002E-05   2.3777E-04   0.32806
FLUX  154   122.50        2.447286E+15   1.4623E-04   2.3937E-04   0.61091
FLUX  155   123.50        2.427470E+15   1.7995E-04   2.4068E-04   0.74767
FLUX  156   124.50        2.407972E+15   1.8592E-04   2.4239E-04   0.76705
FLUX  157   125.50        2.388785E+15   1.7871E-04   2.4363E-04   0.73354
FLUX  158   126.50        2.369901E+15   1.7178E-04   2.4483E-04   0.70164
FLUX  159   127.50        2.351314E+15   1.9201E-04   2.4599E-04   0.78055
FLUX  160   128.50        2.333016E+15   1.9394E-04   2.4713E-04   0.78476
FLUX  161   129.50        2.315000E+15   1.3678E-04   2.4822E-04   0.55102
FLUX  162   130.50        2.297261E+15   1.5458E-04   2.4929E-04   0.62009
FLUX  163   131.50        2.279791E+15   1.9806E-04   2.5032E-04   0.79125
FLUX  164   132.50        2.262585E+15   1.8424E-04   2.5133E-04   0.73307
FLUX  165   133.50        2.245637E+15   1.5309E-04   2.5230E-04   0.60679
FLUX  166   134.50        2.228941E+15   1.9810E-04   2.5324E-04   0.78228
FLUX  167   135.50        2.212491E+15   1.9506E-04   2.5415E-04   0.76750
FLUX  168   136.50        2.196282E+15   1.7348E-04   2.5503E-04   0.68024
FLUX  169   137.50        2.180309E+15   1.7781E-04   2.5587E-04   0.69493
FLUX  170   138.50        2.164567E+15   1.7864E-04   2.5669E-04   0.69592
FLUX  171   139.50        2.149050E+15   1.3361E-04   2.5748E-04   0.51889
FLUX  172   140.50        2.133754E+15   1.5065E-04   2.5824E-04   0.58337
FLUX  173   141.50        2.118675E+15   1.7118E-04   2.5897E-04   0.66097
FLUX  174   142.50        2.103807E+15   1.7737E-04   2.5969E-04   0.68301
FLUX  175   143.50        2.089146E+15   1.8541E-04   2.6037E-04   0.71211
FLUX  176   144.20        2.079005E+15   1.9294E-04   2.6082E-04   0.73976
FLUX  177   144.70        2.071821E+15   1.9007E-04   2.6116E-04   0.72779
FLUX  178   145.50        2.060430E+15   1.8684E-04   2.6166E-04   0.71409
FLUX  179   146.50        2.046365E+15   1.7305E-04   2.6225E-04   0.65987
FLUX  180   147.50        2.032492E+15   1.8025E-04   2.6281E-04   0.68585
FLUX  181   148.50        2.018805E+15   1.8208E-04   2.6334E-04   0.69143
FLUX  182   149.50        2.005301E+15   1.8127E-04   2.6385E-04   0.68701
FLUX  183   150.50        1.991977E+15   1.6877E-04   2.6434E-04   0.63847
FLUX  184   151.20        1.982755E+15   1.4629E-04   2.6466E-04   0.55273
FLUX  185   151.70        1.976220E+15   1.5651E-04   2.6489E-04   0.59085
FLUX  186   152.50        1.965852E+15   1.6548E-04   2.6523E-04   0.62392
FLUX  187   153.50        1.953046E+15   1.4198E-04   2.6565E-04   0.53446
FLUX  188   154.50        1.940405E+15   1.4450E-04   2.6603E-04   0.54316
FLUX  189   155.50        1.927926E+15   1.4286E-04   2.6640E-04   0.53627
FLUX  190   156.50        1.915607E+15   1.5517E-04   2.6674E-04   0.58175
FLUX  191   157.50        1.903444E+15   1.6766E-04   2.6706E-04   0.62781
FLUX  192   158.50        1.891435E+15   1.7472E-04   2.6735E-04   0.65353
FLUX  193   159.50        1.879577E+15   1.7623E-04   2.6762E-04   0.65851
FLUX  194   160.50        1.867866E+15   1.8077E-04   2.6788E-04   0.67483
FLUX  195   161.50        1.856300E+15   1.8459E-04   2.6811E-04   0.68847
FLUX  196   162.50        1.844877E+15   1.7819E-04   2.6832E-04   0.66411
FLUX  197   163.50        1.833593E+15   1.9571E-04   2.6851E-04   0.72889
FLUX  198   164.50        1.822447E+15   1.9735E-04   2.6868E-04   0.73452
FLUX  199   165.50        1.811435E+15   1.9137E-04   2.6883E-04   0.71184
FLUX  200   166.50        1.800556E+15   2.0709E-04   2.6897E-04   0.76995
FLUX  201   167.20        1.793017E+15   1.9913E-04   2.6906E-04   0.74010
FLUX  202   167.70        1.787671E+15   2.0995E-04   2.6911E-04   0.78015
FLUX  203   168.50        1.779184E+15   2.1528E-04   2.6920E-04   0.79971
FLUX  204   169.50        1.768687E+15   2.0199E-04   2.6928E-04   0.75010
FLUX  205   170.50        1.758314E+15   1.9937E-04   2.6935E-04   0.74022
FLUX  206   171.50        1.748061E+15   1.8671E-04   2.6939E-04   0.69309
FLUX  207   172.50        1.737928E+15   1.8999E-04   2.6943E-04   0.70517
FLUX  208   173.50        1.727911E+15   2.0615E-04   2.6944E-04   0.76511
FLUX  209   174.50        1.718009E+15   1.9890E-04   2.6944E-04   0.73821
FLUX  210   175.50        1.708219E+15   2.0933E-04   2.6942E-04   0.77699
FLUX  211   176.50        1.698541E+15   2.0289E-04   2.6938E-04   0.75317
FLUX  212   177.50        1.688972E+15   1.9601E-04   2.6934E-04   0.72777
FLUX  213   178.50        1.679510E+15   2.0509E-04   2.6927E-04   0.76165
FLUX  214   179.50        1.670153E+15   2.1847E-04   2.6919E-04   0.81158
FLUX  215   180.50        1.660900E+15   2.2503E-04   2.6910E-04   0.83623
FLUX  216   181.50        1.651749E+15   1.9327E-04   2.6899E-04   0.71851
FLUX  217   182.50        1.642699E+15   2.1047E-04   2.6887E-04   0.78279
FLUX  218   183.50        1.633747E+15   2.0378E-04   2.6875E-04   0.75828
FLUX  219   184.50        1.624892E+15   1.8580E-04   2.6861E-04   0.69172
FLUX  220   185.50        1.616132E+15   1.7474E-04   2.6846E-04   0.65089
FLUX  221   186.50        1.607466E+15   1.8457E-04   2.6830E-04   0.68791
FLUX  222   187.50        1.598893E+15   2.1422E-04   2.6812E-04   0.79896
FLUX  223   188.50        1.590411E+15   1.8741E-04   2.6794E-04   0.69946
FLUX  224   189.50        1.582018E+15   1.7218E-04   2.6774E-04   0.64309
FLUX  225   190.50        1.573714E+15   2.0118E-04   2.6753E-04   0.75201
FLUX  226   191.50        1.565496E+15   1.8078E-04   2.6734E-04   0.67620
FLUX  227   192.50        1.557364E+15   1.7677E-04   2.6711E-04   0.66178
FLUX  228   193.50        1.549315E+15   1.9511E-04   2.6687E-04   0.73112
FLUX  229   194.50        1.541350E+15   2.0078E-04   2.6662E-04   0.75308
FLUX  230   195.50        1.533465E+15   1.8163E-04   2.6635E-04   0.68190
FLUX  231   196.70        1.524110E+15   2.0767E-04   2.6605E-04   0.78056
FLUX  232   197.60        1.517169E+15   2.1690E-04   2.6582E-04   0.81595
FLUX  233   198.40        1.511051E+15   2.0305E-04   2.6561E-04   0.76447
FLUX  234   199.50        1.502719E+15   1.9938E-04   2.6531E-04   0.75152
FLUX  235   200.50        1.495224E+15   2.1567E-04   2.6502E-04   0.81380
FLUX  236   201.50        1.487804E+15   2.1082E-04   2.6472E-04   0.79640
FLUX  237   202.50        1.480457E+15   2.2531E-04   2.6442E-04   0.85208
FLUX  238   203.50        1.473182E+15   2.0327E-04   2.6411E-04   0.76965
FLUX  239   204.50        1.465978E+15   2.1445E-04   2.6378E-04   0.81299
FLUX  240   205.50        1.458844E+15   2.0887E-04   2.6347E-04   0.79277
FLUX  241   206.50        1.451780E+15   2.0777E-04   2.6313E-04   0.78962
FLUX  242   207.40        1.445480E+15   2.3167E-04   2.6282E-04   0.88146
FLUX  243   207.80        1.442697E+15   1.9811E-04   2.6268E-04   0.75418
FLUX  244   208.50        1.437854E+15   2.1894E-04   2.6243E-04   0.83429
FLUX  245   209.50        1.430990E+15   2.0788E-04   2.6207E-04   0.79322
FLUX  246   210.50        1.424192E+15   2.1705E-04   2.6171E-04   0.82935
FLUX  247   211.50        1.417459E+15   2.2194E-04   2.6133E-04   0.84925
FLUX  248   212.50        1.410788E+15   2.2606E-04   2.6095E-04   0.86628
FLUX  249   213.50        1.404180E+15   2.2378E-04   2.6056E-04   0.85881
FLUX  250   214.50        1.397634E+15   2.1358E-04   2.6017E-04   0.82090
FLUX  251   215.50        1.391148E+15   2.2828E-04   2.5977E-04   0.87878
FLUX  252   216.50        1.384723E+15   2.3071E-04   2.5937E-04   0.88953
FLUX  253   217.50        1.378356E+15   2.3119E-04   2.5895E-04   0.89278
FLUX  254   218.50        1.372048E+15   2.2154E-04   2.5854E-04   0.85689
FLUX  255   219.50        1.365797E+15   2.3263E-04   2.5811E-04   0.90128
FLUX  256   220.50        1.359603E+15   2.3226E-04   2.5769E-04   0.90131
FLUX  257   221.50        1.353465E+15   2.2727E-04   2.5726E-04   0.88345
FLUX  258   222.50        1.347382E+15   2.2240E-04   2.5682E-04   0.86599
FLUX  259   223.50        1.341353E+15   2.2811E-04   2.5638E-04   0.88976
FLUX  260   224.50        1.335379E+15   2.3145E-04   2.5593E-04   0.90434
FLUX  261   225.50        1.329457E+15   2.2317E-04   2.5548E-04   0.87355
FLUX  262   226.50        1.323587E+15   2.3195E-04   2.5502E-04   0.90950
FLUX  263   227.50        1.317769E+15   2.3345E-04   2.5457E-04   0.91707
FLUX  264   228.50        1.312002E+15   2.3769E-04   2.5410E-04   0.93541
FLUX  265   229.50        1.306285E+15   2.2448E-04   2.5364E-04   0.88504
FLUX  266   230.50        1.300618E+15   2.3272E-04   2.5316E-04   0.91923
FLUX  267   231.50        1.295000E+15   2.2352E-04   2.5269E-04   0.88457
FLUX  268   232.50        1.289430E+15   1.6096E-04   2.5221E-04   0.63821
FLUX  269   233.50        1.283908E+15   2.1244E-04   2.5173E-04   0.84391
FLUX  270   234.50        1.278433E+15   2.1713E-04   2.5125E-04   0.86420
FLUX  271   235.50        1.273004E+15   2.2223E-04   2.5076E-04   0.88624
FLUX  272   236.50        1.267622E+15   2.1966E-04   2.5027E-04   0.87768
FLUX  273   237.50        1.262284E+15   2.2043E-04   2.4978E-04   0.88253
FLUX  274   238.50        1.256992E+15   2.1745E-04   2.4928E-04   0.87230
FLUX  275   239.50        1.251743E+15   2.2378E-04   2.4878E-04   0.89949
FLUX  276   240.50        1.246538E+15   2.1629E-04   2.4828E-04   0.87116
FLUX  277   241.50        1.241377E+15   2.2077E-04   2.4778E-04   0.89102
FLUX  278   242.50        1.236258E+15   2.2420E-04   2.4727E-04   0.90669
FLUX  279   243.50        1.231181E+15   2.1625E-04   2.4676E-04   0.87634
FLUX  280   244.50        1.226145E+15   2.2420E-04   2.4625E-04   0.91045
FLUX  281   245.50        1.221151E+15   2.2622E-04   2.4574E-04   0.92057
FLUX  282   246.50        1.216197E+15   2.2220E-04   2.4522E-04   0.90611
FLUX  283   247.50        1.211283E+15   2.1955E-04   2.4471E-04   0.89719
FLUX  284   248.50        1.206408E+15   2.2357E-04   2.4419E-04   0.91558
FLUX  285   249.50        1.201573E+15   2.0560E-04   2.4367E-04   0.84379
FLUX  286   250.50        1.196776E+15   2.2346E-04   2.4315E-04   0.91904
FLUX  287   251.30        1.192967E+15   2.1207E-04   2.4273E-04   0.87368
FLUX  288   251.80        1.190598E+15   2.2314E-04   2.4247E-04   0.92029
FLUX  289   252.50        1.187297E+15   2.1684E-04   2.4210E-04   0.89566
FLUX  290   253.50        1.182613E+15   2.1631E-04   2.4158E-04   0.89538
FLUX  291   254.50        1.177967E+15   2.1134E-04   2.4106E-04   0.87670
FLUX  292   255.50        1.173356E+15   2.1992E-04   2.4054E-04   0.91430
FLUX  293   256.50        1.168782E+15   2.1899E-04   2.4002E-04   0.91238
FLUX  294   257.50        1.164243E+15   2.2497E-04   2.3949E-04   0.93936
FLUX  295   258.50        1.159739E+15   2.2448E-04   2.3897E-04   0.93938
FLUX  296   259.50        1.155270E+15   2.2449E-04   2.3844E-04   0.94147
FLUX  297   260.50        1.150835E+15   2.2303E-04   2.4012E-04   0.92883
FLUX  298   261.50        1.146434E+15   2.2186E-04   2.3957E-04   0.92607
FLUX  299   262.50        1.142067E+15   2.2262E-04   2.3902E-04   0.93136
FLUX  300   263.50        1.137732E+15   2.2417E-04   2.3847E-04   0.94003
FLUX  301   264.50        1.133431E+15   2.2880E-04   2.3792E-04   0.96165
FLUX  302   265.50        1.129162E+15   2.3062E-04   2.3737E-04   0.97156
FLUX  303   266.50        1.124925E+15   2.2290E-04   2.3682E-04   0.94125
FLUX  304   267.50        1.120720E+15   2.2805E-04   2.3627E-04   0.96524
FLUX  305   268.50        1.116546E+15   2.2768E-04   2.3571E-04   0.96593
FLUX  306   269.50        1.112403E+15   2.2265E-04   2.3516E-04   0.94683
FLUX  307   270.50        1.108290E+15   2.2183E-04   2.3460E-04   0.94556
FLUX  308   271.50        1.104208E+15   2.2208E-04   2.3405E-04   0.94886
FLUX  309   272.50        1.100156E+15   2.2182E-04   2.3350E-04   0.94999
FLUX  310   273.50        1.096133E+15   2.2503E-04   2.3294E-04   0.96602
FLUX  311   274.50        1.092140E+15   2.1656E-04   2.3239E-04   0.93190
FLUX  312   275.50        1.088176E+15   2.1797E-04   2.3183E-04   0.94020
FLUX  313   276.50        1.084241E+15   2.1997E-04   2.3128E-04   0.95111
FLUX  314   277.50        1.080333E+15   2.2437E-04   2.3073E-04   0.97246
FLUX  315   278.50        1.076454E+15   2.2298E-04   2.3017E-04   0.96875
FLUX  316   279.50        1.072603E+15   2.1606E-04   2.2962E-04   0.94093
FLUX  317   280.50        1.068779E+15   2.2182E-04   2.2907E-04   0.96836
FLUX  318   281.50        1.064982E+15   2.2372E-04   2.2852E-04   0.97901
FLUX  319   282.50        1.061212E+15   2.2298E-04   2.2797E-04   0.97814
FLUX  320   283.50        1.057469E+15   2.1388E-04   2.2741E-04   0.94047
FLUX  321   284.50        1.053752E+15   2.1641E-04   2.2686E-04   0.95393
FLUX  322   285.50        1.050061E+15   2.1685E-04   2.2631E-04   0.95818
FLUX  323   286.50        1.046396E+15   2.2167E-04   2.2576E-04   0.98186
FLUX  324   287.50        1.042757E+15   2.1992E-04   2.2521E-04   0.97651
FLUX  325   288.50        1.039142E+15   2.1999E-04   2.2467E-04   0.97920
FLUX  326   289.50        1.035553E+15   2.1841E-04   2.2412E-04   0.97453
FLUX  327   291.00        1.030215E+15   2.1878E-04   2.2330E-04   0.97976
FLUX  328   293.00        1.023183E+15   2.1770E-04   2.2221E-04   0.97973
FLUX  329   295.00        1.016246E+15   2.1463E-04   2.2112E-04   0.97068
FLUX  330   297.00        1.009402E+15   2.1569E-04   2.2003E-04   0.98030
FLUX  331   299.00        1.002651E+15   2.1465E-04   2.1894E-04   0.98039
FLUX  332   301.00        9.959884E+14   2.1174E-04   2.1786E-04   0.97190
FLUX  333   303.00        9.894142E+14   2.1501E-04   2.1679E-04   0.99183
FLUX  334   305.00        9.829262E+14   2.1409E-04   2.1571E-04   0.99248
FLUX  335   307.00        9.765228E+14   2.1328E-04   2.1464E-04   0.99364
FLUX  336   309.00        9.702023E+14   2.1045E-04   2.1358E-04   0.98537
FLUX  337   311.00        9.639630E+14   2.1061E-04   2.1252E-04   0.99102
FLUX  338   313.00        9.578035E+14   2.0984E-04   2.1177E-04   0.99088
FLUX  339   315.00        9.517222E+14   2.0927E-04   2.1071E-04   0.99316
FLUX  340   317.00        9.457177E+14   2.0680E-04   2.0966E-04   0.98633
FLUX  341   319.00        9.397884E+14   2.0487E-04   2.0862E-04   0.98205
FLUX  342   321.00        9.339330E+14   2.0575E-04   2.0758E-04   0.99119
FLUX  343   323.00        9.281502E+14   2.0500E-04   2.0654E-04   0.99253
FLUX  344   325.00        9.224385E+14   2.0435E-04   2.0551E-04   0.99434
FLUX  345   327.00        9.167966E+14   2.0297E-04   2.0449E-04   0.99259
FLUX  346   329.00        9.112234E+14   2.0201E-04   2.0347E-04   0.99283
FLUX  347   331.00        9.057175E+14   2.0153E-04   2.0245E-04   0.99543
FLUX  348   333.00        9.002778E+14   2.0041E-04   2.0144E-04   0.99488
FLUX  349   335.00        8.949030E+14   1.9921E-04   2.0044E-04   0.99390
FLUX  350   337.00        8.895920E+14   1.9852E-04   1.9944E-04   0.99540
FLUX  351   339.00        8.843437E+14   1.9785E-04   1.9844E-04   0.99701
FLUX  352   341.00        8.791569E+14   1.9709E-04   1.9746E-04   0.99813
FLUX  353   343.00        8.740306E+14   1.9504E-04   1.9812E-04   0.98450
FLUX  354   345.00        8.689638E+14   1.9406E-04   1.9711E-04   0.98451
FLUX  355   347.00        8.639553E+14   1.9374E-04   1.9611E-04   0.98788
FLUX  356   349.00        8.590043E+14   1.9281E-04   1.9512E-04   0.98814
FLUX  357   351.00        8.541097E+14   1.9223E-04   1.9414E-04   0.99017
FLUX  358   353.00        8.492705E+14   1.9194E-04   1.9316E-04   0.99372
FLUX  359   355.00        8.444859E+14   1.9106E-04   1.9218E-04   0.99413
FLUX  360   357.00        8.397549E+14   1.9077E-04   1.9122E-04   0.99766
FLUX  361   359.00        8.350766E+14   1.8802E-04   1.9026E-04   0.98823
FLUX  362   361.00        8.304501E+14   1.8679E-04   1.8930E-04   0.98672
FLUX  363   363.00        8.258747E+14   1.8699E-04   1.8835E-04   0.99277
FLUX  364   364.00        8.236058E+14   1.8782E-04   1.8788E-04   0.99967
FLUX  365   365.00        8.213493E+14   1.8676E-04   2.4887E-04   0.75042
FLUX  366   367.00        8.168733E+14   1.8057E-04   2.4748E-04   0.72964
FLUX  367   369.00        8.124458E+14   1.7683E-04   2.4816E-04   0.71258
FLUX  368   371.00        8.080660E+14   1.9789E-04   2.4677E-04   0.80190
FLUX  369   373.00        8.037332E+14   2.0012E-04   2.4540E-04   0.81549
FLUX  370   375.00        7.994467E+14   2.1827E-04   2.4403E-04   0.89446
FLUX  371   377.00        7.952056E+14   2.1825E-04   2.4267E-04   0.89940
FLUX  372   379.00        7.910092E+14   2.2129E-04   2.4131E-04   0.91701
FLUX  373   381.00        7.868570E+14   2.3093E-04   2.3997E-04   0.96232
FLUX  374   383.00        7.827480E+14   2.1247E-04   2.3863E-04   0.89036
FLUX  375   385.00        7.786818E+14   2.3234E-04   2.3730E-04   0.97910
FLUX  376   387.00        7.746576E+14   2.2882E-04   2.3598E-04   0.96968
FLUX  377   389.00        7.706748E+14   2.1112E-04   2.3466E-04   0.89970
FLUX  378   391.00        7.667327E+14   2.3149E-04   2.3335E-04   0.99200
FLUX  379   393.00        7.628308E+14   2.2479E-04   2.3206E-04   0.96871
FLUX  380   395.00        7.589684E+14   2.2798E-04   2.3076E-04   0.98796
FLUX  381   397.00        7.551448E+14   2.0448E-04   2.2948E-04   0.89106
FLUX  382   399.00        7.513596E+14   2.2530E-04   2.2820E-04   0.98728
FLUX  383   401.00        7.476122E+14   2.2402E-04   2.2694E-04   0.98716
FLUX  384   403.00        7.439020E+14   2.1855E-04   2.2568E-04   0.96844
FLUX  385   405.00        7.402284E+14   2.2204E-04   2.2442E-04   0.98936
FLUX  386   407.00        7.365909E+14   2.1784E-04   2.2318E-04   0.97608
FLUX  387   409.00        7.329890E+14   2.1455E-04   2.2194E-04   0.96668
FLUX  388   411.00        7.294221E+14   1.9965E-04   2.2071E-04   0.90455
FLUX  389   413.00        7.258898E+14   2.1312E-04   2.1949E-04   0.97097
FLUX  390   415.00        7.223916E+14   2.1345E-04   2.1828E-04   0.97787
FLUX  391   417.00        7.189269E+14   2.1381E-04   2.1707E-04   0.98496
FLUX  392   419.00        7.154952E+14   2.1409E-04   2.1588E-04   0.99171
FLUX  393   421.00        7.120962E+14   2.1384E-04   2.1469E-04   0.99607
FLUX  394   423.00        7.087293E+14   2.1170E-04   2.1351E-04   0.99154
FLUX  395   425.00        7.053941E+14   2.0982E-04   2.1233E-04   0.98815
FLUX  396   427.00        7.020902E+14   2.0607E-04   2.1117E-04   0.97588
FLUX  397   429.00        6.988170E+14   2.0725E-04   2.1001E-04   0.98688
FLUX  398   431.00        6.955742E+14   2.0479E-04   2.0886E-04   0.98053
FLUX  399   433.00        6.923614E+14   1.9944E-04   2.0771E-04   0.96016
FLUX  400   435.00        6.891782E+14   1.8686E-04   2.0658E-04   0.90455
FLUX  401   437.00        6.860240E+14   2.0096E-04   2.0545E-04   0.97815
FLUX  402   439.00        6.828986E+14   2.0019E-04   2.0433E-04   0.97975
FLUX  403   441.00        6.798016E+14   2.0072E-04   2.0321E-04   0.98772
FLUX  404   443.00        6.767325E+14   1.9907E-04   2.0211E-04   0.98495
FLUX  405   445.00        6.736910E+14   1.9925E-04   2.0101E-04   0.99123
FLUX  406   447.00        6.706767E+14   1.9464E-04   1.9992E-04   0.97359
FLUX  407   449.00        6.676893E+14   1.9645E-04   1.9884E-04   0.98800
FLUX  408   451.00        6.647284E+14   1.9688E-04   1.9776E-04   0.99555
FLUX  409   453.00        6.617936E+14   1.9524E-04   1.9669E-04   0.99261
FLUX  410   455.00        6.588846E+14   1.9451E-04   1.9563E-04   0.99425
FLUX  411   457.00        6.560011E+14   1.9343E-04   1.9458E-04   0.99410
FLUX  412   459.00        6.531427E+14   1.9233E-04   1.9353E-04   0.99380
FLUX  413   461.00        6.503091E+14   1.9024E-04   1.9249E-04   0.98831
FLUX  414   463.00        6.475000E+14   1.8937E-04   1.9145E-04   0.98911
FLUX  415   465.00        6.447151E+14   1.8706E-04   1.9043E-04   0.98234
FLUX  416   467.00        6.419540E+14   1.8769E-04   1.8941E-04   0.99092
FLUX  417   469.00        6.392164E+14   1.8776E-04   1.8839E-04   0.99663
FLUX  418   471.00        6.365021E+14   1.8324E-04   1.8739E-04   0.97789
FLUX  419   473.00        6.338108E+14   1.8381E-04   1.8639E-04   0.98617
FLUX  420   475.00        6.311421E+14   1.8287E-04   1.8540E-04   0.98635
FLUX  421   477.00        6.284958E+14   1.8428E-04   1.8441E-04   0.99928
FLUX  422   479.00        6.258716E+14   1.8275E-04   1.8343E-04   0.99629
FLUX  423   481.00        6.232692E+14   1.8088E-04   1.8246E-04   0.99133
FLUX  424   483.00        6.206884E+14   1.8043E-04   1.8150E-04   0.99414
FLUX  425   485.00        6.181289E+14   1.7737E-04   1.8054E-04   0.98245
FLUX  426   487.00        6.155903E+14   1.6386E-04   1.7959E-04   0.91245
FLUX  427   489.00        6.130726E+14   1.7802E-04   1.7864E-04   0.99654
FLUX  428   491.00        6.105754E+14   1.7711E-04   1.7770E-04   0.99664
FLUX  429   493.00        6.080984E+14   1.7359E-04   1.7677E-04   0.98198
FLUX  430   495.00        6.056414E+14   1.7498E-04   1.7585E-04   0.99509
FLUX  431   497.00        6.032042E+14   1.7476E-04   1.7493E-04   0.99903
FLUX  432   499.00        6.007866E+14   1.7343E-04   1.7401E-04   0.99664
FLUX  433   501.00        5.983882E+14   1.6811E-04   1.7311E-04   0.97112
FLUX  434   503.00        5.960089E+14   1.7125E-04   1.7221E-04   0.99447
FLUX  435   505.00        5.936485E+14   1.6838E-04   1.7131E-04   0.98286
FLUX  436   507.00        5.913067E+14   1.6959E-04   1.7042E-04   0.99513
FLUX  437   509.00        5.889833E+14   1.6879E-04   1.6954E-04   0.99556
FLUX  438   511.00        5.866781E+14   1.6754E-04   1.6866E-04   0.99331
FLUX  439   513.00        5.843908E+14   1.6533E-04   1.6779E-04   0.98532
FLUX  440   515.00        5.821214E+14   1.6503E-04   1.6693E-04   0.98861
FLUX  441   517.00        5.798694E+14   1.6546E-04   1.6607E-04   0.99630
FLUX  442   519.00        5.776349E+14   1.6459E-04   1.6522E-04   0.99620
FLUX  443   521.00        5.754175E+14   1.6268E-04   1.6437E-04   0.98968
FLUX  444   523.00        5.732170E+14   1.6275E-04   1.6353E-04   0.99525
FLUX  445   525.00        5.710333E+14   1.6210E-04   1.6270E-04   0.99632
FLUX  446   527.00        5.688662E+14   1.6097E-04   1.6187E-04   0.99446
FLUX  447   529.00        5.667155E+14   1.6060E-04   1.6104E-04   0.99727
FLUX  448   531.00        5.645810E+14   1.5952E-04   1.6023E-04   0.99557
FLUX  449   533.00        5.624625E+14   1.5879E-04   1.5941E-04   0.99607
FLUX  450   535.00        5.603598E+14   1.5760E-04   1.5861E-04   0.99368
FLUX  451   537.00        5.582728E+14   1.5742E-04   1.5781E-04   0.99756
FLUX  452   539.00        5.562013E+14   1.5655E-04   1.5701E-04   0.99708
FLUX  453   541.00        5.541451E+14   1.5586E-04   1.5622E-04   0.99771
FLUX  454   543.00        5.521041E+14   1.5453E-04   1.5544E-04   0.99414
FLUX  455   545.00        5.500780E+14   1.5389E-04   1.5466E-04   0.99506
FLUX  456   547.00        5.480667E+14   1.5315E-04   1.5388E-04   0.99523
FLUX  457   549.00        5.460701E+14   1.5256E-04   1.5312E-04   0.99636
FLUX  458   551.00        5.440880E+14   1.5197E-04   1.5235E-04   0.99751
FLUX  459   553.00        5.421203E+14   1.5103E-04   1.5159E-04   0.99627
FLUX  460   555.00        5.401667E+14   1.5063E-04   1.5084E-04   0.99861
FLUX  461   557.00        5.382271E+14   1.4968E-04   1.5009E-04   0.99725
FLUX  462   559.00        5.363014E+14   1.4917E-04   1.4935E-04   0.99878
FLUX  463   561.00        5.343895E+14   1.4821E-04   1.4861E-04   0.99730
FLUX  464   563.00        5.324911E+14   1.4777E-04   1.4788E-04   0.99926
FLUX  465   565.00        5.306062E+14   1.4582E-04   1.4715E-04   0.99091
FLUX  466   567.00        5.287346E+14   1.4492E-04   1.4643E-04   0.98964
FLUX  467   569.00        5.268761E+14   1.4431E-04   1.4571E-04   0.99038
FLUX  468   571.00        5.250306E+14   1.4442E-04   1.4500E-04   0.99602
FLUX  469   573.00        5.231981E+14   1.4378E-04   1.4429E-04   0.99641
FLUX  470   575.00        5.213783E+14   1.4294E-04   1.4359E-04   0.99548
FLUX  471   577.00        5.195711E+14   1.4271E-04   1.4289E-04   0.99871
FLUX  472   579.00        5.177763E+14   1.4196E-04   1.4220E-04   0.99828
FLUX  473   581.00        5.159940E+14   1.4130E-04   1.4151E-04   0.99851
FLUX  474   583.00        5.142238E+14   1.4039E-04   1.4083E-04   0.99689
FLUX  475   585.00        5.124658E+14   1.3988E-04   1.4015E-04   0.99811
FLUX  476   587.00        5.107198E+14   1.3614E-04   1.3947E-04   0.97609
FLUX  477   589.00        5.089856E+14   1.3743E-04   1.3880E-04   0.99009
FLUX  478   591.00        5.072631E+14   1.3761E-04   1.3814E-04   0.99617
FLUX  479   593.00        5.055523E+14   1.3676E-04   1.3748E-04   0.99477
FLUX  480   595.00        5.038529E+14   1.3583E-04   1.3682E-04   0.99279
FLUX  481   597.00        5.021650E+14   1.3602E-04   1.3617E-04   0.99891
FLUX  482   599.00        5.004883E+14   1.3486E-04   1.3552E-04   0.99509
FLUX  483   601.00        4.988228E+14   1.3468E-04   1.3488E-04   0.99851
FLUX  484   603.00        4.971683E+14   1.3387E-04   1.3424E-04   0.99727
FLUX  485   605.00        4.955248E+14   1.3331E-04   1.3361E-04   0.99781
FLUX  486   607.00        4.938921E+14   1.3282E-04   1.3298E-04   0.99881
FLUX  487   609.00        4.922701E+14   1.3215E-04   1.3235E-04   0.99849
FLUX  488   611.00        4.906588E+14   1.3159E-04   1.3173E-04   0.99895
FLUX  489   613.00        4.890579E+14   1.3103E-04   1.3111E-04   0.99940
FLUX  490   615.00        4.874675E+14   1.2976E-04   1.3050E-04   0.99432
FLUX  491   617.00        4.858874E+14   1.2955E-04   1.2989E-04   0.99736
FLUX  492   619.00        4.843174E+14   1.2915E-04   1.2928E-04   0.99895
FLUX  493   621.00        4.827576E+14   1.2860E-04   1.2868E-04   0.99934
FLUX  494   623.00        4.812079E+14   1.2801E-04   1.2808E-04   0.99941
FLUX  495   625.00        4.796680E+14   1.2711E-04   1.2749E-04   0.99699
FLUX  496   627.00        4.781380E+14   1.2672E-04   1.2690E-04   0.99859
FLUX  497   629.00        4.766176E+14   1.2618E-04   1.2632E-04   0.99893
FLUX  498   631.00        4.751070E+14   1.2546E-04   1.2573E-04   0.99779
FLUX  499   633.00        4.736058E+14   1.2508E-04   1.2515E-04   0.99942
FLUX  500   635.00        4.721142E+14   1.2379E-04   1.2458E-04   0.99366
FLUX  501   637.00        4.706319E+14   1.2348E-04   1.2401E-04   0.99571
FLUX  502   639.00        4.691588E+14   1.2322E-04   1.2344E-04   0.99823
FLUX  503   641.00        4.676950E+14   1.2265E-04   1.2288E-04   0.99811
FLUX  504   643.00        4.662403E+14   1.2230E-04   1.2232E-04   0.99982
FLUX  505   645.00        4.647946E+14   1.2165E-04   1.2176E-04   0.99908
FLUX  506   647.00        4.633578E+14   1.2085E-04   1.2121E-04   0.99698
FLUX  507   649.00        4.619299E+14   1.2033E-04   1.2066E-04   0.99720
FLUX  508   651.00        4.605108E+14   1.1994E-04   1.2012E-04   0.99851
FLUX  509   653.00        4.591003E+14   1.1936E-04   1.1958E-04   0.99820
FLUX  510   655.00        4.576985E+14   1.1760E-04   1.1904E-04   0.98794
FLUX  511   657.00        4.563052E+14   1.0700E-04   1.1850E-04   0.90295
FLUX  512   659.00        4.549203E+14   1.1660E-04   1.1797E-04   0.98839
FLUX  513   661.00        4.535439E+14   1.1721E-04   1.1744E-04   0.99802
FLUX  514   663.00        4.521757E+14   1.1683E-04   1.1692E-04   0.99923
FLUX  515   665.00        4.508158E+14   1.1634E-04   1.1649E-04   0.99871
FLUX  516   667.00        4.494640E+14   1.1513E-04   1.1597E-04   0.99279
FLUX  517   669.00        4.481203E+14   1.1462E-04   1.1545E-04   0.99282
FLUX  518   671.00        4.467846E+14   1.1486E-04   1.1494E-04   0.99931
FLUX  519   673.00        4.454569E+14   1.1419E-04   1.1443E-04   0.99785
FLUX  520   675.00        4.441370E+14   1.1384E-04   1.1393E-04   0.99923
FLUX  521   677.00        4.428250E+14   1.1340E-04   1.1342E-04   0.99981
FLUX  522   679.00        4.415206E+14   1.1209E-04   1.1293E-04   0.99256
FLUX  523   681.00        4.402239E+14   1.1222E-04   1.1243E-04   0.99811
FLUX  524   683.00        4.389348E+14   1.1180E-04   1.1194E-04   0.99874
FLUX  525   685.00        4.376533E+14   1.1138E-04   1.1145E-04   0.99938
FLUX  526   687.00        4.363792E+14   1.1092E-04   1.1096E-04   0.99961
FLUX  527   689.00        4.351125E+14   1.1038E-04   1.1048E-04   0.99910
FLUX  528   691.00        4.338531E+14   1.0989E-04   1.1000E-04   0.99904
FLUX  529   693.00        4.326010E+14   1.0937E-04   1.0952E-04   0.99861
FLUX  530   695.00        4.313561E+14   1.0900E-04   1.0905E-04   0.99961
FLUX  531   697.00        4.301184E+14   1.0855E-04   1.0857E-04   0.99981
FLUX  532   699.00        4.288877E+14   1.0805E-04   1.0811E-04   0.99948
FLUX  533   701.00        4.276641E+14   1.0759E-04   1.0764E-04   0.99948
FLUX  534   703.00        4.264474E+14   1.0712E-04   1.0718E-04   0.99949
FLUX  535   705.00        4.252376E+14   1.0659E-04   1.0672E-04   0.99879
FLUX  536   707.00        4.240347E+14   1.0463E-04   1.0626E-04   0.98461
FLUX  537   709.00        4.228385E+14   1.0580E-04   1.0581E-04   0.99988
FLUX  538   711.00        4.216491E+14   1.0486E-04   1.0536E-04   0.99525
FLUX  539   713.00        4.204663E+14   1.0448E-04   1.0491E-04   0.99590
FLUX  540   715.00        4.192902E+14   1.0440E-04   1.0447E-04   0.99934
FLUX  541   717.00        4.181206E+14   1.0397E-04   1.0402E-04   0.99945
FLUX  542   719.00        4.169576E+14   1.0357E-04   1.0358E-04   0.99990
FLUX  543   721.00        4.158010E+14   1.0313E-04   1.0315E-04   0.99988
FLUX  544   723.00        4.146508E+14   1.0116E-04   1.0271E-04   0.98494
FLUX  545   725.00        4.135069E+14   1.0216E-04   1.0228E-04   0.99878
FLUX  546   727.00        4.123693E+14   1.0182E-04   1.0185E-04   0.99968
FLUX  547   729.00        4.112380E+14   1.0057E-04   1.0142E-04   0.99158
FLUX  548   731.00        4.101129E+14   1.0096E-04   1.0100E-04   0.99956
FLUX  549   733.00        4.089939E+14   1.0053E-04   1.0058E-04   0.99955
FLUX  550   735.00        4.078810E+14   1.0016E-04   1.0016E-04   0.99994
FLUX  551   737.00        4.067741E+14   9.9743E-05   9.9745E-05   0.99998
FLUX  552   739.00        4.056732E+14   9.9325E-05   9.9332E-05   0.99993
FLUX  553   741.00        4.045783E+14   9.8919E-05   9.8921E-05   0.99998
FLUX  554   743.00        4.034892E+14   9.8430E-05   9.8512E-05   0.99916
FLUX  555   745.00        4.024060E+14   9.8082E-05   9.8122E-05   0.99959
FLUX  556   747.00        4.013286E+14   9.7498E-05   9.7718E-05   0.99775
FLUX  557   749.00        4.002570E+14   9.7257E-05   9.7317E-05   0.99938
FLUX  558   751.00        3.991911E+14   9.6808E-05   9.6918E-05   0.99886
FLUX  559   753.00        3.981308E+14   9.6427E-05   9.6521E-05   0.99903
FLUX  560   755.00        3.970762E+14   9.6101E-05   9.6127E-05   0.99973
FLUX  561   757.00        3.960271E+14   9.5713E-05   9.5735E-05   0.99977
FLUX  562   759.00        3.949835E+14   9.5297E-05   9.5346E-05   0.99948
FLUX  563   761.00        3.939455E+14   9.4906E-05   9.4959E-05   0.99945
FLUX  564   763.00        3.929128E+14   9.4542E-05   9.4574E-05   0.99966
FLUX  565   765.00        3.918856E+14   9.4164E-05   9.4192E-05   0.99971
FLUX  566   767.00        3.908638E+14   9.3798E-05   9.3811E-05   0.99986
FLUX  567   769.00        3.898472E+14   9.3400E-05   9.3433E-05   0.99964
FLUX  568   771.00        3.888359E+14   9.3023E-05   9.3058E-05   0.99962
FLUX  569   773.00        3.878299E+14   9.2647E-05   9.2684E-05   0.99960
FLUX  570   775.00        3.868290E+14   9.2280E-05   9.2313E-05   0.99965
FLUX  571   777.00        3.858333E+14   9.1200E-05   9.1944E-05   0.99192
FLUX  572   779.00        3.848427E+14   9.1566E-05   9.1577E-05   0.99988
FLUX  573   781.00        3.838572E+14   9.1121E-05   9.1212E-05   0.99900
FLUX  574   783.00        3.828768E+14   9.0847E-05   9.0849E-05   0.99998
FLUX  575   785.00        3.819013E+14   9.0359E-05   9.0601E-05   0.99733
FLUX  576   787.00        3.809307E+14   8.9861E-05   9.0242E-05   0.99578
FLUX  577   789.00        3.799651E+14   8.9342E-05   8.9885E-05   0.99396
FLUX  578   791.00        3.790044E+14   8.9304E-05   8.9530E-05   0.99748
FLUX  579   793.00        3.780485E+14   8.8930E-05   8.9177E-05   0.99724
FLUX  580   795.00        3.770975E+14   8.8477E-05   8.8826E-05   0.99607
FLUX  581   797.00        3.761512E+14   8.8223E-05   8.8477E-05   0.99714
FLUX  582   799.00        3.752096E+14   8.7734E-05   8.8130E-05   0.99551
FLUX  583   801.00        3.742728E+14   8.7528E-05   8.7785E-05   0.99707
FLUX  584   803.00        3.733406E+14   8.7279E-05   8.7442E-05   0.99813
FLUX  585   805.00        3.724130E+14   8.6953E-05   8.7101E-05   0.99831
FLUX  586   807.00        3.714901E+14   8.6696E-05   8.6762E-05   0.99924
FLUX  587   809.00        3.705717E+14   8.6168E-05   8.6424E-05   0.99703
FLUX  588   811.00        3.696578E+14   8.5796E-05   8.6089E-05   0.99659
FLUX  589   813.00        3.687485E+14   8.5691E-05   8.5756E-05   0.99925
FLUX  590   815.00        3.678436E+14   8.5195E-05   8.5424E-05   0.99731
FLUX  591   817.00        3.669431E+14   8.5054E-05   8.5095E-05   0.99952
FLUX  592   819.00        3.660470E+14   8.4584E-05   8.4767E-05   0.99784
FLUX  593   821.00        3.651553E+14   8.3746E-05   8.8922E-05   0.94179
FLUX  594   823.00        3.642679E+14   8.3501E-05   8.8576E-05   0.94271
FLUX  595   825.00        3.633848E+14   8.3517E-05   8.8232E-05   0.94656
FLUX  596   827.00        3.625060E+14   8.2767E-05   8.7939E-05   0.94119
FLUX  597   829.00        3.616315E+14   8.2729E-05   8.7598E-05   0.94441
FLUX  598   831.00        3.607611E+14   8.2210E-05   8.7260E-05   0.94213
FLUX  599   833.00        3.598950E+14   8.1422E-05   8.6923E-05   0.93671
FLUX  600   835.00        3.590329E+14   8.0678E-05   8.6588E-05   0.93175
FLUX  601   837.00        3.581750E+14   7.9800E-05   8.6255E-05   0.92517
FLUX  602   839.00        3.573212E+14   7.9863E-05   8.5924E-05   0.92946
FLUX  603   841.00        3.564715E+14   7.9612E-05   8.5595E-05   0.93010
FLUX  604   843.00        3.556257E+14   8.0228E-05   8.5267E-05   0.94090
FLUX  605   845.00        3.547840E+14   7.9512E-05   8.4942E-05   0.93607
FLUX  606   847.00        3.539463E+14   7.7855E-05   8.4618E-05   0.92008
FLUX  607   849.00        3.531125E+14   8.1583E-05   8.4296E-05   0.96781
FLUX  608   851.00        3.522826E+14   7.7372E-05   8.3976E-05   0.92136
FLUX  609   853.00        3.514566E+14   8.1766E-05   8.3657E-05   0.97740
FLUX  610   855.00        3.506345E+14   7.5959E-05   8.3340E-05   0.91143
FLUX  611   857.00        3.498162E+14   8.2267E-05   8.3025E-05   0.99086
FLUX  612   859.00        3.490017E+14   7.7908E-05   8.2712E-05   0.94192
FLUX  613   861.00        3.481911E+14   7.7265E-05   8.2401E-05   0.93767
FLUX  614   863.00        3.473841E+14   8.1616E-05   8.2091E-05   0.99421
FLUX  615   865.00        3.465809E+14   8.0014E-05   8.1783E-05   0.97837
FLUX  616   867.00        3.457814E+14   7.3795E-05   8.1476E-05   0.90572
FLUX  617   869.00        3.449856E+14   8.0576E-05   8.1171E-05   0.99267
FLUX  618   871.00        3.441935E+14   8.0754E-05   8.0868E-05   0.99858
FLUX  619   873.00        3.434049E+14   7.9169E-05   8.0567E-05   0.98266
FLUX  620   875.00        3.426200E+14   7.2644E-05   8.0267E-05   0.90503
FLUX  621   877.00        3.418387E+14   7.8439E-05   7.9968E-05   0.98088
FLUX  622   879.00        3.410609E+14   7.9519E-05   7.9672E-05   0.99809
FLUX  623   881.00        3.402866E+14   7.9150E-05   7.9377E-05   0.99715
FLUX  624   883.00        3.395159E+14   7.8820E-05   7.9083E-05   0.99667
FLUX  625   885.00        3.387486E+14   7.6348E-05   7.8791E-05   0.96899
FLUX  626   887.00        3.379848E+14   7.1390E-05   7.8501E-05   0.90942
FLUX  627   889.00        3.372244E+14   7.7905E-05   7.8212E-05   0.99607
FLUX  628   891.00        3.364675E+14   7.7714E-05   7.7925E-05   0.99729
FLUX  629   893.00        3.357139E+14   7.7305E-05   7.7640E-05   0.99569
FLUX  630   895.00        3.349637E+14   7.7300E-05   7.7356E-05   0.99928
FLUX  631   897.00        3.342168E+14   7.7052E-05   7.7073E-05   0.99972
FLUX  632   899.00        3.334733E+14   7.5565E-05   7.6792E-05   0.98403
FLUX  633   901.00        3.327331E+14   7.0056E-05   7.6512E-05   0.91562
FLUX  634   903.00        3.319961E+14   7.3986E-05   7.6234E-05   0.97050
FLUX  635   905.00        3.312624E+14   7.5841E-05   7.5958E-05   0.99846
FLUX  636   907.00        3.305320E+14   7.5011E-05   7.5683E-05   0.99112
FLUX  637   909.00        3.298047E+14   7.5038E-05   7.5409E-05   0.99508
FLUX  638   911.00        3.290807E+14   7.5035E-05   7.5137E-05   0.99865
FLUX  639   913.00        3.283598E+14   7.4802E-05   7.4866E-05   0.99914
FLUX  640   915.00        3.276421E+14   7.4568E-05   7.4597E-05   0.99962
FLUX  641   917.00        3.269275E+14   7.4083E-05   7.4329E-05   0.99669
FLUX  642   919.00        3.262160E+14   7.3964E-05   7.4063E-05   0.99867
FLUX  643   921.00        3.255076E+14   7.2355E-05   7.3798E-05   0.98045
FLUX  644   923.00        3.248023E+14   6.6134E-05   7.3534E-05   0.89936
FLUX  645   925.00        3.241000E+14   7.2256E-05   7.3272E-05   0.98614
FLUX  646   927.00        3.234008E+14   7.2277E-05   7.3011E-05   0.98994
FLUX  647   929.00        3.227045E+14   7.2676E-05   7.2751E-05   0.99896
FLUX  648   931.00        3.220113E+14   7.2170E-05   7.2493E-05   0.99554
FLUX  649   933.00        3.213210E+14   7.2063E-05   7.2236E-05   0.99761
FLUX  650   935.00        3.206337E+14   7.1890E-05   7.1981E-05   0.99873
FLUX  651   937.00        3.199493E+14   7.1699E-05   7.1727E-05   0.99962
FLUX  652   939.00        3.192678E+14   7.1433E-05   7.1474E-05   0.99943
FLUX  653   941.00        3.185893E+14   7.0942E-05   7.1222E-05   0.99607
FLUX  654   943.00        3.179136E+14   7.0947E-05   7.0972E-05   0.99965
FLUX  655   945.00        3.172407E+14   7.0701E-05   7.0723E-05   0.99968
FLUX  656   947.00        3.165707E+14   7.0088E-05   7.0476E-05   0.99450
FLUX  657   949.00        3.159036E+14   7.0180E-05   7.0229E-05   0.99930
FLUX  658   951.00        3.152392E+14   6.9380E-05   6.9984E-05   0.99138
FLUX  659   953.00        3.145776E+14   6.8187E-05   6.9740E-05   0.97774
FLUX  660   955.00        3.139188E+14   6.2881E-05   6.9497E-05   0.90480
FLUX  661   957.00        3.132628E+14   6.8785E-05   6.9256E-05   0.99320
FLUX  662   959.00        3.126095E+14   6.9000E-05   6.9016E-05   0.99977
FLUX  663   961.00        3.119589E+14   6.8525E-05   6.8777E-05   0.99634
FLUX  664   963.00        3.113110E+14   6.8006E-05   6.8539E-05   0.99223
FLUX  665   965.00        3.106658E+14   6.8297E-05   6.8303E-05   0.99992
FLUX  666   967.00        3.100233E+14   6.8037E-05   6.8067E-05   0.99955
FLUX  667   969.00        3.093834E+14   6.7744E-05   6.7833E-05   0.99869
FLUX  668   971.00        3.087461E+14   6.7367E-05   6.7600E-05   0.99655
FLUX  669   973.00        3.081115E+14   6.7361E-05   6.7369E-05   0.99989
FLUX  670   975.00        3.074795E+14   6.7109E-05   6.7138E-05   0.99957
FLUX  671   977.00        3.068501E+14   6.6906E-05   6.6909E-05   0.99997
FLUX  672   979.00        3.062232E+14   6.6669E-05   6.6680E-05   0.99984
FLUX  673   981.00        3.055989E+14   6.6420E-05   6.6453E-05   0.99949
FLUX  674   983.00        3.049771E+14   6.6198E-05   6.6227E-05   0.99956
FLUX  675   985.00        3.043579E+14   6.5988E-05   6.6003E-05   0.99978
FLUX  676   987.00        3.037411E+14   6.5731E-05   6.5779E-05   0.99927
FLUX  677   989.00        3.031269E+14   6.5463E-05   6.5556E-05   0.99857
FLUX  678   991.00        3.025151E+14   6.5026E-05   6.5335E-05   0.99528
FLUX  679   993.00        3.019058E+14   6.5106E-05   6.5114E-05   0.99986
FLUX  680   995.00        3.012990E+14   6.4882E-05   6.4895E-05   0.99979
FLUX  681   997.00        3.006946E+14   6.4628E-05   6.4677E-05   0.99924
FLUX  682   999.00        3.000926E+14   6.4448E-05   6.4460E-05   0.99981
FLUX  683  1002.50        2.990449E+14   6.2825E-05   6.4083E-05   0.98038
FLUX  684  1007.50        2.975608E+14   6.1448E-05   6.3549E-05   0.96694
FLUX  685  1012.50        2.960914E+14   6.2782E-05   6.3023E-05   0.99619
FLUX  686  1017.50        2.946364E+14   6.2483E-05   6.2502E-05   0.99970
FLUX  687  1022.50        2.931956E+14   6.1948E-05   6.1988E-05   0.99935
FLUX  688  1027.50        2.917689E+14   6.1472E-05   6.1481E-05   0.99986
FLUX  689  1032.50        2.903559E+14   6.0774E-05   6.0979E-05   0.99664
FLUX  690  1037.50        2.889566E+14   6.0477E-05   6.0483E-05   0.99989
FLUX  691  1042.50        2.875707E+14   5.9992E-05   5.9993E-05   0.99997
FLUX  692  1047.50        2.861981E+14   5.9502E-05   5.9509E-05   0.99987
FLUX  693  1052.50        2.848385E+14   5.9001E-05   5.9031E-05   0.99949
FLUX  694  1057.50        2.834917E+14   5.8547E-05   5.8558E-05   0.99981
FLUX  695  1062.50        2.821576E+14   5.8087E-05   5.8091E-05   0.99993
FLUX  696  1067.50        2.808361E+14   5.7469E-05   5.7630E-05   0.99722
FLUX  697  1072.50        2.795268E+14   5.7164E-05   5.7173E-05   0.99984
FLUX  698  1077.50        2.782297E+14   5.6712E-05   5.6722E-05   0.99981
FLUX  699  1082.50        2.769446E+14   5.5611E-05   5.6277E-05   0.98817
FLUX  700  1087.50        2.756713E+14   5.5831E-05   5.5836E-05   0.99991
FLUX  701  1092.50        2.744096E+14   5.2650E-05   5.5401E-05   0.95036
FLUX  702  1097.50        2.731595E+14   5.4650E-05   5.4970E-05   0.99418
FLUX  703  1102.50        2.719206E+14   5.4287E-05   5.4545E-05   0.99527
FLUX  704  1107.50        2.706930E+14   5.4121E-05   5.4124E-05   0.99993
FLUX  705  1112.50        2.694764E+14   5.3705E-05   5.3709E-05   0.99992
FLUX  706  1117.50        2.682707E+14   5.3290E-05   5.3298E-05   0.99986
FLUX  707  1122.50        2.670757E+14   5.2849E-05   5.2891E-05   0.99920
FLUX  708  1127.50        2.658914E+14   5.2358E-05   5.2490E-05   0.99750
FLUX  709  1132.50        2.647174E+14   5.1988E-05   5.2092E-05   0.99799
FLUX  710  1137.50        2.635538E+14   5.1694E-05   5.1700E-05   0.99988
FLUX  711  1142.50        2.624004E+14   5.1279E-05   5.1311E-05   0.99937
FLUX  712  1147.50        2.612571E+14   5.0924E-05   5.0927E-05   0.99994
FLUX  713  1152.50        2.601236E+14   5.0543E-05   5.0547E-05   0.99992
FLUX  714  1157.50        2.590000E+14   5.0140E-05   5.0172E-05   0.99937
FLUX  715  1162.50        2.578860E+14   4.9773E-05   4.9800E-05   0.99944
FLUX  716  1167.50        2.567816E+14   4.9412E-05   4.9433E-05   0.99957
FLUX  717  1172.50        2.556866E+14   4.9062E-05   4.9070E-05   0.99984
FLUX  718  1177.50        2.546008E+14   4.8660E-05   4.8710E-05   0.99897
FLUX  719  1182.50        2.535243E+14   4.8349E-05   4.8355E-05   0.99988
FLUX  720  1187.50        2.524568E+14   4.7996E-05   4.8003E-05   0.99984
FLUX  721  1192.50        2.513983E+14   4.7655E-05   4.7656E-05   0.99998
FLUX  722  1197.50        2.503486E+14   4.7048E-05   4.7312E-05   0.99442
FLUX  723  1202.50        2.493077E+14   4.6969E-05   4.6971E-05   0.99995
FLUX  724  1207.50        2.482754E+14   4.6633E-05   4.6635E-05   0.99997
FLUX  725  1212.50        2.472515E+14   4.6298E-05   4.6301E-05   0.99992
FLUX  726  1217.50        2.462361E+14   4.5968E-05   4.5972E-05   0.99993
FLUX  727  1222.50        2.452290E+14   4.5644E-05   4.5646E-05   0.99997
FLUX  728  1227.50        2.442301E+14   4.5320E-05   4.5323E-05   0.99992
FLUX  729  1232.50        2.432394E+14   4.5000E-05   4.5004E-05   0.99990
FLUX  730  1237.50        2.422566E+14   4.4684E-05   4.4688E-05   0.99991
FLUX  731  1242.50        2.412817E+14   4.4375E-05   4.4376E-05   0.99999
FLUX  732  1247.50        2.403146E+14   4.4021E-05   4.4066E-05   0.99897
FLUX  733  1252.50        2.393553E+14   4.3671E-05   4.3760E-05   0.99797
FLUX  734  1257.50        2.384036E+14   4.3432E-05   4.3457E-05   0.99943
FLUX  735  1262.50        2.374594E+14   4.3148E-05   4.3157E-05   0.99978
FLUX  736  1267.50        2.365227E+14   4.2859E-05   4.2861E-05   0.99997
FLUX  737  1272.50        2.355933E+14   4.2566E-05   4.2567E-05   0.99998
FLUX  738  1277.50        2.346712E+14   4.1855E-05   4.2276E-05   0.99003
FLUX  739  1282.50        2.337563E+14   4.0063E-05   4.1988E-05   0.95413
FLUX  740  1287.50        2.328485E+14   4.1664E-05   4.1704E-05   0.99905
FLUX  741  1292.50        2.319478E+14   4.1420E-05   4.1422E-05   0.99997
FLUX  742  1297.50        2.310539E+14   4.0936E-05   4.1142E-05   0.99498
FLUX  743  1302.50        2.301670E+14   4.0863E-05   4.0866E-05   0.99994
FLUX  744  1307.50        2.292868E+14   4.0592E-05   4.0592E-05   0.99999
FLUX  745  1312.50        2.284133E+14   4.0321E-05   4.0321E-05   1.00000
FLUX  746  1317.50        2.275465E+14   4.0036E-05   4.0053E-05   0.99958
FLUX  747  1322.50        2.266862E+14   3.9787E-05   3.9788E-05   0.99999
FLUX  748  1327.50        2.258324E+14   3.9524E-05   3.9525E-05   0.99999
FLUX  749  1332.50        2.249850E+14   3.9260E-05   3.9264E-05   0.99990
FLUX  750  1337.50        2.241439E+14   3.9004E-05   3.9006E-05   0.99995
FLUX  751  1342.50        2.233091E+14   3.8707E-05   3.8751E-05   0.99887
FLUX  752  1347.50        2.224805E+14   3.8495E-05   3.8498E-05   0.99991
FLUX  753  1352.50        2.216580E+14   3.8240E-05   3.8248E-05   0.99980
FLUX  754  1357.50        2.208416E+14   3.7996E-05   3.8000E-05   0.99991
FLUX  755  1362.50        2.200312E+14   3.7748E-05   3.7754E-05   0.99983
FLUX  756  1367.50        2.192267E+14   3.7502E-05   3.7511E-05   0.99977
FLUX  757  1372.50        2.184281E+14   3.7262E-05   3.7270E-05   0.99978
FLUX  758  1377.50        2.176352E+14   3.7031E-05   3.7031E-05   0.99999
FLUX  759  1382.50        2.168481E+14   3.6795E-05   3.6795E-05   0.99999
FLUX  760  1387.50        2.160667E+14   3.6559E-05   3.6561E-05   0.99994
FLUX  761  1392.50        2.152908E+14   3.6303E-05   3.6329E-05   0.99929
FLUX  762  1397.50        2.145206E+14   3.6084E-05   3.6099E-05   0.99957
FLUX  763  1402.50        2.137558E+14   3.5869E-05   3.5872E-05   0.99994
FLUX  764  1407.50        2.129964E+14   3.5644E-05   3.5646E-05   0.99995
FLUX  765  1412.50        2.122425E+14   3.5419E-05   3.5423E-05   0.99990
FLUX  766  1417.50        2.114938E+14   3.5200E-05   3.5202E-05   0.99995
FLUX  767  1422.50        2.107504E+14   3.4982E-05   3.4983E-05   0.99999
FLUX  768  1427.50        2.100123E+14   3.4765E-05   3.4766E-05   0.99998
FLUX  769  1432.50        2.092792E+14   3.4548E-05   3.4550E-05   0.99994
FLUX  770  1437.50        2.085513E+14   3.4334E-05   3.4337E-05   0.99990
FLUX  771  1442.50        2.078284E+14   3.4117E-05   3.4126E-05   0.99973
FLUX  772  1447.50        2.071105E+14   3.3911E-05   3.3917E-05   0.99982
FLUX  773  1452.50        2.063976E+14   3.3704E-05   3.3710E-05   0.99983
FLUX  774  1457.00        2.057601E+14   3.3524E-05   3.3525E-05   0.99999
FLUX  775  1462.00        2.050564E+14   3.3522E-05   3.3816E-05   0.99130
FLUX  776  1467.50        2.042879E+14   3.3547E-05   3.3590E-05   0.99873
FLUX  777  1472.50        2.035942E+14   3.3204E-05   3.3386E-05   0.99453
FLUX  778  1477.50        2.029052E+14   3.2873E-05   3.3184E-05   0.99063
FLUX  779  1482.50        2.022209E+14   3.2587E-05   3.2984E-05   0.98797
FLUX  780  1487.50        2.015412E+14   3.2277E-05   3.2786E-05   0.98448
FLUX  781  1492.50        2.008660E+14   3.2021E-05   3.2590E-05   0.98254
FLUX  782  1497.50        2.001953E+14   3.1747E-05   3.2395E-05   0.97999
FLUX  783  1502.50        1.995291E+14   3.1513E-05   3.2202E-05   0.97861
FLUX  784  1507.50        1.988673E+14   3.1276E-05   3.2011E-05   0.97705
FLUX  785  1512.50        1.982099E+14   3.1124E-05   3.1821E-05   0.97809
FLUX  786  1517.50        1.975568E+14   3.0978E-05   3.1633E-05   0.97928
FLUX  787  1522.50        1.969080E+14   3.0997E-05   3.1447E-05   0.98569
FLUX  788  1527.50        1.962635E+14   3.0486E-05   3.1263E-05   0.97517
FLUX  789  1532.50        1.956232E+14   3.0386E-05   3.1080E-05   0.97768
FLUX  790  1537.50        1.949870E+14   3.0513E-05   3.0898E-05   0.98753
FLUX  791  1542.50        1.943549E+14   2.9887E-05   3.0718E-05   0.97293
FLUX  792  1547.50        1.937270E+14   3.0232E-05   3.0540E-05   0.98991
FLUX  793  1552.50        1.931031E+14   3.0127E-05   3.0363E-05   0.99222
FLUX  794  1557.50        1.924831E+14   2.9204E-05   3.0188E-05   0.96742
FLUX  795  1562.50        1.918672E+14   2.9994E-05   3.0014E-05   0.99932
FLUX  796  1567.50        1.912552E+14   2.9453E-05   2.9842E-05   0.98696
FLUX  797  1572.50        1.906471E+14   2.8775E-05   2.9671E-05   0.96978
FLUX  798  1577.50        1.900428E+14   2.9496E-05   2.9502E-05   0.99980
FLUX  799  1582.50        1.894423E+14   2.9305E-05   2.9334E-05   0.99902
FLUX  800  1587.50        1.888457E+14   2.7988E-05   2.9168E-05   0.95956
FLUX  801  1592.50        1.882527E+14   2.8864E-05   2.9003E-05   0.99524
FLUX  802  1597.50        1.876635E+14   2.8838E-05   2.8839E-05   0.99999
FLUX  803  1605.00        1.867866E+14   2.8515E-05   2.8596E-05   0.99716
FLUX  804  1615.00        1.856300E+14   2.7679E-05   2.8277E-05   0.97885
FLUX  805  1625.00        1.844877E+14   2.7962E-05   2.7963E-05   0.99997
FLUX  806  1635.00        1.833593E+14   2.7556E-05   2.7654E-05   0.99645
FLUX  807  1645.00        1.822447E+14   2.6771E-05   2.7351E-05   0.97882
FLUX  808  1655.00        1.811435E+14   2.7052E-05   2.7052E-05   0.99998
FLUX  809  1665.00        1.800556E+14   2.6758E-05   2.6758E-05   0.99999
FLUX  810  1675.00        1.789806E+14   2.6360E-05   2.6469E-05   0.99586
FLUX  811  1685.00        1.779184E+14   2.5622E-05   2.6185E-05   0.97853
FLUX  812  1695.00        1.768687E+14   2.5897E-05   2.5905E-05   0.99970
FLUX  813  1705.00        1.758314E+14   2.5526E-05   2.5629E-05   0.99598
FLUX  814  1715.00        1.748061E+14   2.5351E-05   2.5358E-05   0.99970
FLUX  815  1725.00        1.737928E+14   2.5089E-05   2.5091E-05   0.99991
FLUX  816  1735.00        1.727911E+14   2.4211E-05   2.4829E-05   0.97511
FLUX  817  1745.00        1.718009E+14   2.4549E-05   2.4570E-05   0.99915
FLUX  818  1755.00        1.708219E+14   2.4313E-05   2.4316E-05   0.99990
FLUX  819  1765.00        1.698541E+14   2.4063E-05   2.4065E-05   0.99992
FLUX  820  1775.00        1.688972E+14   2.3813E-05   2.3818E-05   0.99978
FLUX  821  1785.00        1.679510E+14   2.3550E-05   2.3575E-05   0.99893
FLUX  822  1795.00        1.670153E+14   2.3336E-05   2.3336E-05   0.99999
FLUX  823  1805.00        1.660900E+14   2.3079E-05   2.3100E-05   0.99909
FLUX  824  1815.00        1.651749E+14   2.2325E-05   2.2868E-05   0.97626
FLUX  825  1825.00        1.642699E+14   2.2577E-05   2.2639E-05   0.99726
FLUX  826  1835.00        1.633747E+14   2.2411E-05   2.2414E-05   0.99984
FLUX  827  1845.00        1.624892E+14   2.2188E-05   2.2192E-05   0.99983
FLUX  828  1855.00        1.616132E+14   2.1947E-05   2.1974E-05   0.99879
FLUX  829  1865.00        1.607466E+14   2.1649E-05   2.1758E-05   0.99497
FLUX  830  1875.00        1.598893E+14   2.0983E-05   2.1546E-05   0.97389
FLUX  831  1885.00        1.590411E+14   2.1334E-05   2.1336E-05   0.99988
FLUX  832  1895.00        1.582018E+14   2.1112E-05   2.1130E-05   0.99913
FLUX  833  1905.00        1.573714E+14   2.0864E-05   2.0927E-05   0.99700
FLUX  834  1915.00        1.565496E+14   2.0726E-05   2.0726E-05   0.99998
FLUX  835  1925.00        1.557364E+14   2.0528E-05   2.0529E-05   0.99998
FLUX  836  1935.00        1.549315E+14   2.0333E-05   2.0334E-05   0.99997
FLUX  837  1945.00        1.541350E+14   1.9598E-05   2.0142E-05   0.97301
FLUX  838  1955.00        1.533465E+14   1.9925E-05   1.9953E-05   0.99860
FLUX  839  1965.00        1.525662E+14   1.9766E-05   1.9766E-05   1.00000
FLUX  840  1975.00        1.517937E+14   1.9582E-05   1.9582E-05   0.99999
FLUX  841  1985.00        1.510290E+14   1.9400E-05   1.9400E-05   0.99999
FLUX  842  1995.00        1.502719E+14   1.9221E-05   1.9221E-05   0.99999
FLUX  843  2005.00        1.495224E+14   1.9045E-05   1.9045E-05   0.99999
FLUX  844  2015.00        1.487804E+14   1.8870E-05   1.8870E-05   0.99999
FLUX  845  2025.00        1.480457E+14   1.8699E-05   1.8699E-05   0.99999
FLUX  846  2035.00        1.473182E+14   1.8529E-05   1.8529E-05   0.99999
FLUX  847  2045.00        1.465978E+14   1.8354E-05   1.8362E-05   0.99955
FLUX  848  2055.00        1.458844E+14   1.8155E-05   1.8197E-05   0.99770
FLUX  849  2065.00        1.451780E+14   1.8034E-05   1.8034E-05   0.99999
FLUX  850  2075.00        1.444783E+14   1.7874E-05   1.7874E-05   0.99999
FLUX  851  2085.00        1.437854E+14   1.7715E-05   1.7715E-05   1.00000
FLUX  852  2095.00        1.430990E+14   1.7559E-05   1.7559E-05   0.99997
FLUX  853  2105.00        1.424192E+14   1.7404E-05   1.7405E-05   0.99998
FLUX  854  2115.00        1.417459E+14   1.7185E-05   1.7252E-05   0.99608
FLUX  855  2125.00        1.410788E+14   1.7101E-05   1.7102E-05   0.99995
FLUX  856  2135.00        1.404180E+14   1.6952E-05   1.6954E-05   0.99991
FLUX  857  2145.00        1.397634E+14   1.6801E-05   1.6807E-05   0.99963
FLUX  858  2155.00        1.391148E+14   1.6661E-05   1.6663E-05   0.99987
FLUX  859  2165.00        1.384723E+14   1.6059E-05   1.6520E-05   0.97209
FLUX  860  2175.00        1.378356E+14   1.6368E-05   1.6379E-05   0.99933
FLUX  861  2185.00        1.372048E+14   1.6229E-05   1.6240E-05   0.99933
FLUX  862  2195.00        1.365797E+14   1.6101E-05   1.6103E-05   0.99988
FLUX  863  2205.00        1.359603E+14   1.5967E-05   1.5967E-05   1.00000
FLUX  864  2215.00        1.353465E+14   1.5833E-05   1.5834E-05   0.99999
FLUX  865  2225.00        1.347382E+14   1.5696E-05   1.5701E-05   0.99969
FLUX  866  2235.00        1.341353E+14   1.5571E-05   1.5571E-05   0.99999
FLUX  867  2245.00        1.335379E+14   1.5442E-05   1.5442E-05   0.99999
FLUX  868  2255.00        1.329457E+14   1.5314E-05   1.5314E-05   0.99999
FLUX  869  2265.00        1.323587E+14   1.5189E-05   1.5189E-05   1.00000
FLUX  870  2275.00        1.317769E+14   1.5064E-05   1.5064E-05   1.00000
FLUX  871  2285.00        1.312002E+14   1.4959E-05   1.5026E-05   0.99555
FLUX  872  2295.00        1.306285E+14   1.4904E-05   1.4904E-05   0.99998
FLUX  873  2305.00        1.300618E+14   1.4773E-05   1.4783E-05   0.99928
FLUX  874  2315.00        1.295000E+14   1.4624E-05   1.4664E-05   0.99725
FLUX  875  2325.00        1.289430E+14   1.4490E-05   1.4546E-05   0.99612
FLUX  876  2335.00        1.283908E+14   1.4357E-05   1.4430E-05   0.99498
FLUX  877  2345.00        1.278433E+14   1.4230E-05   1.4315E-05   0.99410
FLUX  878  2355.00        1.273004E+14   1.4099E-05   1.4201E-05   0.99282
FLUX  879  2365.00        1.267622E+14   1.3984E-05   1.4089E-05   0.99254
FLUX  880  2375.00        1.262284E+14   1.3869E-05   1.3978E-05   0.99219
FLUX  881  2385.00        1.256992E+14   1.3758E-05   1.3868E-05   0.99204
FLUX  882  2395.00        1.251743E+14   1.3649E-05   1.3760E-05   0.99194
FLUX  883  2405.00        1.246538E+14   1.3532E-05   1.3652E-05   0.99117
FLUX  884  2415.00        1.241377E+14   1.3411E-05   1.3547E-05   0.99002
FLUX  885  2425.00        1.236258E+14   1.3372E-05   1.3442E-05   0.99482
FLUX  886  2435.00        1.231181E+14   1.3215E-05   1.3338E-05   0.99076
FLUX  887  2445.00        1.226145E+14   1.3102E-05   1.3236E-05   0.98986
FLUX  888  2455.00        1.221151E+14   1.3076E-05   1.3135E-05   0.99549
FLUX  889  2465.00        1.216197E+14   1.2927E-05   1.3035E-05   0.99174
FLUX  890  2475.00        1.211283E+14   1.2812E-05   1.2936E-05   0.99041
FLUX  891  2485.00        1.206408E+14   1.2830E-05   1.2838E-05   0.99936
FLUX  892  2495.00        1.201573E+14   1.2523E-05   1.2742E-05   0.98279
FLUX  893  2505.00        1.196776E+14   1.2646E-05   1.2646E-05   1.00000
FLUX  894  2515.00        1.192018E+14   1.2549E-05   1.2552E-05   0.99979
FLUX  895  2525.00        1.187297E+14   1.2218E-05   1.2458E-05   0.98069
FLUX  896  2535.00        1.182613E+14   1.2351E-05   1.2366E-05   0.99879
FLUX  897  2545.00        1.177967E+14   1.2274E-05   1.2275E-05   0.99999
FLUX  898  2555.00        1.173356E+14   1.2170E-05   1.2184E-05   0.99887
FLUX  899  2565.00        1.168782E+14   1.1833E-05   1.2095E-05   0.97833
FLUX  900  2575.00        1.164243E+14   1.2001E-05   1.2006E-05   0.99954
FLUX  901  2585.00        1.159739E+14   1.1919E-05   1.1919E-05   0.99999
FLUX  902  2595.00        1.155270E+14   1.1832E-05   1.1832E-05   0.99999
FLUX  903  2605.00        1.150835E+14   1.1718E-05   1.1747E-05   0.99752
FLUX  904  2615.00        1.146434E+14   1.1367E-05   1.1662E-05   0.97472
FLUX  905  2625.00        1.142067E+14   1.1236E-05   1.1578E-05   0.97038
FLUX  906  2635.00        1.137732E+14   1.1486E-05   1.1496E-05   0.99916
FLUX  907  2645.00        1.133431E+14   1.1414E-05   1.1414E-05   0.99999
FLUX  908  2655.00        1.129162E+14   1.1322E-05   1.1333E-05   0.99910
FLUX  909  2665.00        1.124925E+14   1.1239E-05   1.1252E-05   0.99884
FLUX  910  2675.00        1.120720E+14   1.0888E-05   1.1173E-05   0.97450
FLUX  911  2685.00        1.116546E+14   1.1078E-05   1.1094E-05   0.99858
FLUX  912  2695.00        1.112403E+14   1.1016E-05   1.1017E-05   0.99999
FLUX  913  2705.00        1.108290E+14   1.0940E-05   1.0940E-05   1.00000
FLUX  914  2715.00        1.104208E+14   1.0863E-05   1.0863E-05   1.00000
FLUX  915  2725.00        1.100156E+14   1.0788E-05   1.0788E-05   1.00000
FLUX  916  2735.00        1.096133E+14   1.0713E-05   1.0714E-05   0.99999
FLUX  917  2745.00        1.092140E+14   1.0640E-05   1.0640E-05   0.99998
FLUX  918  2755.00        1.088176E+14   1.0314E-05   1.0567E-05   0.97611
FLUX  919  2765.00        1.084241E+14   1.0444E-05   1.0494E-05   0.99523
FLUX  920  2775.00        1.080333E+14   1.0423E-05   1.0423E-05   0.99999
FLUX  921  2785.00        1.076454E+14   1.0352E-05   1.0352E-05   1.00000
FLUX  922  2795.00        1.072603E+14   1.0282E-05   1.0282E-05   1.00000
FLUX  923  2805.00        1.068779E+14   1.0211E-05   1.0213E-05   0.99989
FLUX  924  2815.00        1.064982E+14   1.0144E-05   1.0144E-05   0.99998
FLUX  925  2825.00        1.061212E+14   1.0076E-05   1.0076E-05   0.99997
FLUX  926  2835.00        1.057469E+14   1.0008E-05   1.0008E-05   0.99991
FLUX  927  2845.00        1.053752E+14   9.9417E-06   9.9418E-06   0.99999
FLUX  928  2855.00        1.050061E+14   9.8712E-06   9.8758E-06   0.99954
FLUX  929  2865.00        1.046396E+14   9.7894E-06   9.8105E-06   0.99785
FLUX  930  2875.00        1.042757E+14   9.4857E-06   9.7458E-06   0.97331
FLUX  931  2885.00        1.039142E+14   9.6814E-06   9.6817E-06   0.99997
FLUX  932  2895.00        1.035553E+14   9.6165E-06   9.6183E-06   0.99982
FLUX  933  2905.00        1.031988E+14   9.5554E-06   9.5555E-06   1.00000
FLUX  934  2915.00        1.028448E+14   9.4930E-06   9.4932E-06   0.99998
FLUX  935  2925.00        1.024932E+14   9.4316E-06   9.4316E-06   0.99999
FLUX  936  2935.00        1.021440E+14   9.3704E-06   9.3706E-06   0.99997
FLUX  937  2945.00        1.017971E+14   9.3100E-06   9.3102E-06   0.99998
FLUX  938  2955.00        1.014526E+14   9.2503E-06   9.2503E-06   1.00000
FLUX  939  2965.00        1.011105E+14   9.1910E-06   9.1911E-06   0.99999
FLUX  940  2975.00        1.007706E+14   9.1323E-06   9.1324E-06   1.00000
FLUX  941  2985.00        1.004330E+14   9.0742E-06   9.0742E-06   1.00000
FLUX  942  2995.00        1.000977E+14   9.0166E-06   9.0166E-06   1.00000
FLUX  943  3005.00        9.976456E+13   8.9595E-06   8.9595E-06   0.99999
FLUX  944  3015.00        9.943367E+13   8.9011E-06   8.9030E-06   0.99978
FLUX  945  3025.00        9.910496E+13   8.8469E-06   8.8470E-06   0.99998
FLUX  946  3035.00        9.877842E+13   8.6077E-06   8.7916E-06   0.97909
FLUX  947  3045.00        9.845402E+13   8.6676E-06   8.7366E-06   0.99210
FLUX  948  3055.00        9.813175E+13   8.6812E-06   8.6822E-06   0.99988
FLUX  949  3065.00        9.781158E+13   8.6282E-06   8.6283E-06   0.99999
FLUX  950  3075.00        9.749350E+13   8.5721E-06   8.5748E-06   0.99968
FLUX  951  3085.00        9.717747E+13   8.5198E-06   8.5219E-06   0.99975
FLUX  952  3095.00        9.686349E+13   8.4694E-06   8.4695E-06   0.99999
FLUX  953  3105.00        9.655153E+13   8.4174E-06   8.4175E-06   0.99999
FLUX  954  3115.00        9.624157E+13   8.3650E-06   8.3660E-06   0.99989
FLUX  955  3125.00        9.593360E+13   8.3132E-06   8.3150E-06   0.99979
FLUX  956  3135.00        9.562759E+13   8.2643E-06   8.2644E-06   0.99999
FLUX  957  3145.00        9.532353E+13   8.2142E-06   8.2143E-06   0.99999
FLUX  958  3155.00        9.502139E+13   8.1646E-06   8.1647E-06   1.00000
FLUX  959  3165.00        9.472117E+13   8.1152E-06   8.1154E-06   0.99998
FLUX  960  3175.00        9.442283E+13   8.0666E-06   8.0667E-06   0.99999
FLUX  961  3185.00        9.412637E+13   8.0183E-06   8.0184E-06   1.00000
FLUX  962  3195.00        9.383177E+13   7.9704E-06   7.9705E-06   0.99999
FLUX  963  3210.00        9.339330E+13   7.8994E-06   7.8994E-06   1.00000
FLUX  964  3230.00        9.281502E+13   7.8061E-06   7.8061E-06   1.00000
FLUX  965  3250.00        9.224385E+13   7.7145E-06   7.7145E-06   1.00000
FLUX  966  3270.00        9.167966E+13   7.6244E-06   7.6244E-06   0.99999
FLUX  967  3290.00        9.112234E+13   7.4144E-06   7.5557E-06   0.98130
FLUX  968  3310.00        9.057175E+13   7.4578E-06   7.4685E-06   0.99858
FLUX  969  3330.00        9.002778E+13   7.3808E-06   7.3827E-06   0.99975
FLUX  970  3350.00        8.949030E+13   7.2982E-06   7.2984E-06   0.99997
FLUX  971  3370.00        8.895920E+13   7.2093E-06   7.2155E-06   0.99915
FLUX  972  3390.00        8.843437E+13   7.1167E-06   7.1340E-06   0.99757
FLUX  973  3410.00        8.791569E+13   7.0341E-06   7.0539E-06   0.99720
FLUX  974  3430.00        8.740306E+13   6.9510E-06   6.9751E-06   0.99655
FLUX  975  3450.00        8.689638E+13   6.8727E-06   6.8976E-06   0.99640
FLUX  976  3470.00        8.639553E+13   6.7960E-06   6.8213E-06   0.99628
FLUX  977  3490.00        8.590043E+13   6.7197E-06   6.7464E-06   0.99605
FLUX  978  3510.00        8.541097E+13   6.6478E-06   6.6726E-06   0.99629
FLUX  979  3530.00        8.492705E+13   6.5789E-06   6.6001E-06   0.99679
FLUX  980  3550.00        8.444859E+13   6.5017E-06   6.5287E-06   0.99587
FLUX  981  3570.00        8.397549E+13   6.4275E-06   6.4584E-06   0.99520
FLUX  982  3590.00        8.350766E+13   6.3850E-06   6.3893E-06   0.99932
FLUX  983  3610.00        8.304501E+13   6.2847E-06   6.3213E-06   0.99420
FLUX  984  3630.00        8.258747E+13   6.2513E-06   6.2544E-06   0.99951
FLUX  985  3650.00        8.213493E+13   6.1479E-06   6.1885E-06   0.99345
FLUX  986  3670.00        8.168733E+13   6.1232E-06   6.1236E-06   0.99993
FLUX  987  3690.00        8.124458E+13   6.0108E-06   6.0598E-06   0.99191
FLUX  988  3710.00        8.080660E+13   5.9876E-06   5.9969E-06   0.99844
FLUX  989  3730.00        8.037332E+13   5.8976E-06   5.9350E-06   0.99370
FLUX  990  3750.00        7.994467E+13   5.7629E-06   5.8741E-06   0.98106
FLUX  991  3770.00        7.952056E+13   5.8139E-06   5.8141E-06   0.99997
FLUX  992  3790.00        7.910092E+13   5.7549E-06   5.7550E-06   0.99999
FLUX  993  3810.00        7.868570E+13   5.6580E-06   5.6968E-06   0.99319
FLUX  994  3830.00        7.827480E+13   5.6146E-06   5.6394E-06   0.99560
FLUX  995  3850.00        7.786818E+13   5.5829E-06   5.5830E-06   0.99999
FLUX  996  3870.00        7.746576E+13   5.5273E-06   5.5273E-06   0.99999
FLUX  997  3890.00        7.706748E+13   5.4699E-06   5.4725E-06   0.99953
FLUX  998  3910.00        7.667327E+13   5.3508E-06   5.4185E-06   0.98751
FLUX  999  3930.00        7.628308E+13   5.3652E-06   5.3653E-06   0.99998
FLUX 1000  3950.00        7.589684E+13   5.3121E-06   5.3129E-06   0.99986
FLUX 1001  3970.00        7.551448E+13   5.2611E-06   5.2612E-06   0.99999
FLUX 1002  3990.00        7.513596E+13   5.2102E-06   5.2103E-06   0.99999
FLUX 1003  4010.00        7.476122E+13   5.1353E-06   5.1601E-06   0.99519
FLUX 1004  4030.00        7.439020E+13   5.0524E-06   5.1106E-06   0.98862
FLUX 1005  4050.00        7.402284E+13   4.9812E-06   5.0619E-06   0.98406
FLUX 1006  4070.00        7.365909E+13   5.0137E-06   5.0138E-06   0.99998
FLUX 1007  4090.00        7.329890E+13   4.9664E-06   4.9664E-06   0.99999
FLUX 1008  4110.00        7.294221E+13   4.9196E-06   4.9197E-06   1.00000
FLUX 1009  4130.00        7.258898E+13   4.8694E-06   4.8736E-06   0.99914
FLUX 1010  4150.00        7.223916E+13   4.8280E-06   4.8281E-06   0.99998
FLUX 1011  4170.00        7.189269E+13   4.7091E-06   4.7833E-06   0.98449
FLUX 1012  4190.00        7.154952E+13   4.7390E-06   4.7391E-06   0.99997
FLUX 1013  4210.00        7.120962E+13   4.6955E-06   4.6955E-06   1.00000
FLUX 1014  4230.00        7.087293E+13   4.6525E-06   4.6525E-06   1.00000
FLUX 1015  4250.00        7.053941E+13   4.6076E-06   4.6101E-06   0.99945
FLUX 1016  4270.00        7.020902E+13   4.5683E-06   4.5683E-06   1.00000
FLUX 1017  4290.00        6.988170E+13   4.5185E-06   4.5270E-06   0.99811
FLUX 1018  4310.00        6.955742E+13   4.4863E-06   4.4863E-06   1.00000
FLUX 1019  4330.00        6.923614E+13   4.4461E-06   4.4461E-06   1.00000
FLUX 1020  4350.00        6.891782E+13   4.4065E-06   4.4065E-06   0.99999
FLUX 1021  4370.00        6.860240E+13   4.3016E-06   4.3674E-06   0.98494
FLUX 1022  4390.00        6.828986E+13   4.3213E-06   4.3288E-06   0.99827
FLUX 1023  4410.00        6.798016E+13   4.2907E-06   4.2907E-06   1.00000
FLUX 1024  4430.00        6.767325E+13   4.2531E-06   4.2531E-06   1.00000
FLUX 1025  4450.00        6.736910E+13   4.2160E-06   4.2160E-06   1.00000
FLUX 1026  4470.00        6.706767E+13   4.1853E-06   4.1853E-06   1.00000
FLUX 1027  4490.00        6.676893E+13   4.1491E-06   4.1491E-06   1.00000
FLUX 1028  4510.00        6.647284E+13   4.1133E-06   4.1133E-06   1.00000
FLUX 1029  4530.00        6.617936E+13   4.0778E-06   4.0780E-06   0.99995
FLUX 1030  4550.00        6.588846E+13   4.0432E-06   4.0432E-06   0.99999
FLUX 1031  4570.00        6.560011E+13   4.0087E-06   4.0088E-06   0.99999
FLUX 1032  4590.00        6.531427E+13   3.9748E-06   3.9748E-06   0.99999
FLUX 1033  4610.00        6.503091E+13   3.9398E-06   3.9413E-06   0.99963
FLUX 1034  4630.00        6.475000E+13   3.9081E-06   3.9081E-06   0.99999
FLUX 1035  4650.00        6.447151E+13   3.8205E-06   3.8754E-06   0.98583
FLUX 1036  4670.00        6.419540E+13   3.7717E-06   3.8431E-06   0.98141
FLUX 1037  4690.00        6.392164E+13   3.8057E-06   3.8112E-06   0.99856
FLUX 1038  4710.00        6.365021E+13   3.7797E-06   3.7797E-06   1.00000
FLUX 1039  4730.00        6.338108E+13   3.7486E-06   3.7486E-06   1.00000
FLUX 1040  4750.00        6.311421E+13   3.7176E-06   3.7178E-06   0.99993
FLUX 1041  4770.00        6.284958E+13   3.6874E-06   3.6875E-06   0.99999
FLUX 1042  4790.00        6.258716E+13   3.6575E-06   3.6575E-06   1.00000
FLUX 1043  4810.00        6.232692E+13   3.6278E-06   3.6278E-06   1.00000
FLUX 1044  4830.00        6.206884E+13   3.5985E-06   3.5985E-06   1.00000
FLUX 1045  4850.00        6.181289E+13   3.5696E-06   3.5696E-06   1.00000
FLUX 1046  4870.00        6.155903E+13   3.5410E-06   3.5410E-06   1.00000
FLUX 1047  4890.00        6.130726E+13   3.5128E-06   3.5128E-06   1.00000
FLUX 1048  4910.00        6.105754E+13   3.4849E-06   3.4849E-06   1.00000
FLUX 1049  4930.00        6.080984E+13   3.4573E-06   3.4573E-06   1.00000
FLUX 1050  4950.00        6.056414E+13   3.4300E-06   3.4300E-06   1.00000
FLUX 1051  4970.00        6.032042E+13   3.4031E-06   3.4031E-06   1.00000
FLUX 1052  4990.00        6.007866E+13   3.3765E-06   3.3765E-06   1.00000
FLUX 1053  5010.00        5.983882E+13   3.3502E-06   3.3502E-06   1.00000
FLUX 1054  5030.00        5.960089E+13   3.3241E-06   3.3242E-06   0.99999
FLUX 1055  5050.00        5.936485E+13   3.2985E-06   3.2985E-06   1.00000
FLUX 1056  5070.00        5.913067E+13   3.2731E-06   3.2731E-06   1.00000
FLUX 1057  5090.00        5.889833E+13   3.2479E-06   3.2479E-06   1.00000
FLUX 1058  5110.00        5.866781E+13   3.2219E-06   3.2231E-06   0.99962
FLUX 1059  5130.00        5.843908E+13   3.1376E-06   3.1986E-06   0.98095
FLUX 1060  5150.00        5.821214E+13   3.1742E-06   3.1743E-06   0.99997
FLUX 1061  5170.00        5.798694E+13   3.1503E-06   3.1503E-06   1.00000
FLUX 1062  5190.00        5.776349E+13   3.1266E-06   3.1266E-06   1.00000
FLUX 1063  5210.00        5.754175E+13   3.1031E-06   3.1031E-06   1.00000
FLUX 1064  5230.00        5.732170E+13   3.0799E-06   3.0799E-06   0.99999
FLUX 1065  5250.00        5.710333E+13   3.0569E-06   3.0569E-06   1.00000
FLUX 1066  5270.00        5.688662E+13   3.0342E-06   3.0343E-06   0.99998
FLUX 1067  5290.00        5.667155E+13   3.0118E-06   3.0118E-06   1.00000
FLUX 1068  5310.00        5.645810E+13   2.9896E-06   2.9896E-06   1.00000
FLUX 1069  5330.00        5.624625E+13   2.9677E-06   2.9677E-06   1.00000
FLUX 1070  5350.00        5.603598E+13   2.9460E-06   2.9460E-06   1.00000
FLUX 1071  5370.00        5.582728E+13   2.9245E-06   2.9245E-06   1.00000
FLUX 1072  5390.00        5.562013E+13   2.9032E-06   2.9032E-06   0.99999
FLUX 1073  5410.00        5.541451E+13   2.8822E-06   2.8822E-06   1.00000
FLUX 1074  5430.00        5.521041E+13   2.8614E-06   2.8615E-06   1.00000
FLUX 1075  5450.00        5.500780E+13   2.8409E-06   2.8409E-06   1.00000
FLUX 1076  5470.00        5.480667E+13   2.8205E-06   2.8205E-06   1.00000
FLUX 1077  5490.00        5.460701E+13   2.8004E-06   2.8004E-06   1.00000
FLUX 1078  5510.00        5.440880E+13   2.7805E-06   2.7805E-06   1.00000
FLUX 1079  5530.00        5.421203E+13   2.7608E-06   2.7608E-06   1.00000
FLUX 1080  5550.00        5.401667E+13   2.7413E-06   2.7413E-06   1.00000
FLUX 1081  5570.00        5.382271E+13   2.7220E-06   2.7220E-06   1.00000
FLUX 1082  5590.00        5.363014E+13   2.7029E-06   2.7029E-06   1.00000
FLUX 1083  5610.00        5.343895E+13   2.6840E-06   2.6840E-06   0.99999
FLUX 1084  5630.00        5.324911E+13   2.6653E-06   2.6653E-06   1.00000
FLUX 1085  5650.00        5.306062E+13   2.6468E-06   2.6468E-06   1.00000
FLUX 1086  5670.00        5.287346E+13   2.6285E-06   2.6285E-06   1.00000
FLUX 1087  5690.00        5.268761E+13   2.6104E-06   2.6104E-06   1.00000
FLUX 1088  5710.00        5.250306E+13   2.5924E-06   2.5924E-06   1.00000
FLUX 1089  5730.00        5.231981E+13   2.5747E-06   2.5747E-06   1.00000
FLUX 1090  5750.00        5.213783E+13   2.5571E-06   2.5571E-06   1.00000
FLUX 1091  5770.00        5.195711E+13   2.5397E-06   2.5397E-06   1.00000
FLUX 1092  5790.00        5.177763E+13   2.5224E-06   2.5225E-06   0.99998
FLUX 1093  5810.00        5.159940E+13   2.5054E-06   2.5054E-06   1.00000
FLUX 1094  5830.00        5.142238E+13   2.4885E-06   2.4885E-06   1.00000
FLUX 1095  5850.00        5.124658E+13   2.4740E-06   2.4740E-06   1.00000
FLUX 1096  5870.00        5.107198E+13   2.4574E-06   2.4574E-06   1.00000
FLUX 1097  5890.00        5.089856E+13   2.4398E-06   2.4410E-06   0.99950
FLUX 1098  5910.00        5.072631E+13   2.3793E-06   2.4248E-06   0.98124
FLUX 1099  5930.00        5.055523E+13   2.4086E-06   2.4087E-06   0.99997
FLUX 1100  5950.00        5.038529E+13   2.3928E-06   2.3928E-06   1.00000
FLUX 1101  5970.00        5.021650E+13   2.3770E-06   2.3770E-06   1.00000
FLUX 1102  5990.00        5.004883E+13   2.3614E-06   2.3614E-06   1.00000
FLUX 1103  6010.00        4.988228E+13   2.3460E-06   2.3460E-06   1.00000
FLUX 1104  6030.00        4.971683E+13   2.3306E-06   2.3306E-06   1.00000
FLUX 1105  6050.00        4.955248E+13   2.3155E-06   2.3155E-06   1.00000
FLUX 1106  6070.00        4.938921E+13   2.3005E-06   2.3005E-06   1.00000
FLUX 1107  6090.00        4.922701E+13   2.2856E-06   2.2856E-06   1.00000
FLUX 1108  6110.00        4.906588E+13   2.2709E-06   2.2709E-06   1.00000
FLUX 1109  6130.00        4.890579E+13   2.2563E-06   2.2563E-06   1.00000
FLUX 1110  6150.00        4.874675E+13   2.2419E-06   2.2419E-06   1.00000
FLUX 1111  6170.00        4.858874E+13   2.2276E-06   2.2276E-06   1.00000
FLUX 1112  6190.00        4.843174E+13   2.2134E-06   2.2134E-06   1.00000
FLUX 1113  6210.00        4.827576E+13   2.1994E-06   2.1994E-06   1.00000
FLUX 1114  6230.00        4.812079E+13   2.1855E-06   2.1855E-06   1.00000
FLUX 1115  6250.00        4.796680E+13   2.1717E-06   2.1717E-06   1.00000
FLUX 1116  6270.00        4.781380E+13   2.1581E-06   2.1581E-06   1.00000
FLUX 1117  6290.00        4.766176E+13   2.1445E-06   2.1445E-06   1.00000
FLUX 1118  6310.00        4.751070E+13   2.1312E-06   2.1312E-06   1.00000
FLUX 1119  6330.00        4.736058E+13   2.1179E-06   2.1179E-06   1.00000
FLUX 1120  6350.00        4.721142E+13   2.1047E-06   2.1048E-06   0.99999
FLUX 1121  6370.00        4.706319E+13   2.0917E-06   2.0917E-06   1.00000
FLUX 1122  6390.00        4.691588E+13   2.0788E-06   2.0788E-06   1.00000
FLUX 1123  6420.00        4.669665E+13   2.0597E-06   2.0597E-06   1.00000
FLUX 1124  6460.00        4.640751E+13   2.0346E-06   2.0346E-06   1.00000
FLUX 1125  6500.00        4.612192E+13   2.0099E-06   2.0099E-06   1.00000
FLUX 1126  6540.00        4.583983E+13   1.9857E-06   1.9857E-06   1.00000
FLUX 1127  6580.00        4.556117E+13   1.9620E-06   1.9620E-06   1.00000
FLUX 1128  6620.00        4.528588E+13   1.9386E-06   1.9386E-06   0.99998
FLUX 1129  6660.00        4.501389E+13   1.9157E-06   1.9157E-06   1.00000
FLUX 1130  6700.00        4.474515E+13   1.8931E-06   1.8931E-06   1.00000
FLUX 1131  6740.00        4.447960E+13   1.8710E-06   1.8710E-06   1.00000
FLUX 1132  6780.00        4.421718E+13   1.8492E-06   1.8492E-06   1.00000
FLUX 1133  6820.00        4.395784E+13   1.8278E-06   1.8278E-06   1.00000
FLUX 1134  6860.00        4.370153E+13   1.8068E-06   1.8068E-06   0.99999
FLUX 1135  6900.00        4.344819E+13   1.7862E-06   1.7862E-06   1.00000
FLUX 1136  6940.00        4.319777E+13   1.7658E-06   1.7659E-06   0.99999
FLUX 1137  6980.00        4.295021E+13   1.7459E-06   1.7459E-06   1.00000
FLUX 1138  7020.00        4.270548E+13   1.7262E-06   1.7263E-06   1.00000
FLUX 1139  7060.00        4.246353E+13   1.7069E-06   1.7069E-06   1.00000
FLUX 1140  7100.00        4.222430E+13   1.6880E-06   1.6880E-06   1.00000
FLUX 1141  7140.00        4.198775E+13   1.6692E-06   1.6693E-06   0.99997
FLUX 1142  7180.00        4.175383E+13   1.6509E-06   1.6509E-06   0.99999
FLUX 1143  7220.00        4.152251E+13   1.6328E-06   1.6328E-06   1.00000
FLUX 1144  7260.00        4.129373E+13   1.6151E-06   1.6151E-06   0.99999
FLUX 1145  7300.00        4.106747E+13   1.5976E-06   1.5976E-06   1.00000
FLUX 1146  7340.00        4.084366E+13   1.5803E-06   1.5804E-06   0.99999
FLUX 1147  7380.00        4.062229E+13   1.5634E-06   1.5634E-06   1.00000
FLUX 1148  7420.00        4.040330E+13   1.5445E-06   1.5468E-06   0.99853
FLUX 1149  7460.00        4.018666E+13   1.5215E-06   1.5304E-06   0.99420
FLUX 1150  7500.00        3.997233E+13   1.4975E-06   1.5143E-06   0.98896
FLUX 1151  7540.00        3.976028E+13   1.4984E-06   1.4984E-06   0.99999
FLUX 1152  7580.00        3.955046E+13   1.4828E-06   1.4828E-06   1.00000
FLUX 1153  7620.00        3.934285E+13   1.4674E-06   1.4674E-06   1.00000
FLUX 1154  7660.00        3.913740E+13   1.4522E-06   1.4522E-06   0.99999
FLUX 1155  7700.00        3.893409E+13   1.4373E-06   1.4373E-06   1.00000
FLUX 1156  7740.00        3.873288E+13   1.4226E-06   1.4226E-06   0.99999
FLUX 1157  7780.00        3.853374E+13   1.4081E-06   1.4081E-06   1.00000
FLUX 1158  7820.00        3.833664E+13   1.3939E-06   1.3939E-06   1.00000
FLUX 1159  7860.00        3.814154E+13   1.3799E-06   1.3799E-06   1.00000
FLUX 1160  7900.00        3.794842E+13   1.3660E-06   1.3660E-06   1.00000
FLUX 1161  7940.00        3.775724E+13   1.3524E-06   1.3524E-06   1.00000
FLUX 1162  7980.00        3.756798E+13   1.3390E-06   1.3390E-06   1.00000
FLUX 1163  8020.00        3.738061E+13   1.3258E-06   1.3258E-06   1.00000
FLUX 1164  8060.00        3.719510E+13   1.3127E-06   1.3127E-06   1.00000
FLUX 1165  8100.00        3.701142E+13   1.2999E-06   1.2999E-06   1.00000
FLUX 1166  8140.00        3.682955E+13   1.2872E-06   1.2872E-06   1.00000
FLUX 1167  8180.00        3.664945E+13   1.2748E-06   1.2748E-06   1.00000
FLUX 1168  8220.00        3.647111E+13   1.2625E-06   1.2625E-06   1.00000
FLUX 1169  8260.00        3.629449E+13   1.2503E-06   1.2503E-06   1.00000
FLUX 1170  8300.00        3.611958E+13   1.2384E-06   1.2384E-06   1.00000
FLUX 1171  8340.00        3.594634E+13   1.2266E-06   1.2266E-06   1.00000
FLUX 1172  8380.00        3.577476E+13   1.2150E-06   1.2150E-06   1.00000
FLUX 1173  8420.00        3.560481E+13   1.2036E-06   1.2036E-06   1.00000
FLUX 1174  8460.00        3.543647E+13   1.1923E-06   1.1923E-06   1.00000
FLUX 1175  8500.00        3.526971E+13   1.1812E-06   1.1812E-06   1.00000
FLUX 1176  8540.00        3.510451E+13   1.1702E-06   1.1702E-06   1.00000
FLUX 1177  8580.00        3.494085E+13   1.1594E-06   1.1594E-06   1.00000
FLUX 1178  8620.00        3.477871E+13   1.1487E-06   1.1487E-06   1.00000
FLUX 1179  8660.00        3.461807E+13   1.1382E-06   1.1382E-06   1.00000
FLUX 1180  8700.00        3.445891E+13   1.1278E-06   1.1278E-06   1.00000
FLUX 1181  8740.00        3.430120E+13   1.1175E-06   1.1175E-06   1.00000
FLUX 1182  8780.00        3.414493E+13   1.1074E-06   1.1074E-06   1.00000
FLUX 1183  8820.00        3.399008E+13   1.0974E-06   1.0974E-06   1.00000
FLUX 1184  8860.00        3.383663E+13   1.0876E-06   1.0876E-06   1.00000
FLUX 1185  8900.00        3.368455E+13   1.0779E-06   1.0779E-06   1.00000
FLUX 1186  8940.00        3.353384E+13   1.0683E-06   1.0683E-06   1.00000
FLUX 1187  8980.00        3.338447E+13   1.0589E-06   1.0589E-06   1.00000
FLUX 1188  9020.00        3.323642E+13   1.0495E-06   1.0495E-06   1.00000
FLUX 1189  9060.00        3.308968E+13   1.0403E-06   1.0403E-06   1.00000
FLUX 1190  9100.00        3.294423E+13   1.0312E-06   1.0312E-06   1.00000
FLUX 1191  9140.00        3.280005E+13   1.0223E-06   1.0223E-06   1.00000
FLUX 1192  9180.00        3.265714E+13   1.0134E-06   1.0134E-06   1.00000
FLUX 1193  9220.00        3.251546E+13   1.0047E-06   1.0047E-06   1.00000
FLUX 1194  9260.00        3.237500E+13   9.9603E-07   9.9604E-07   0.99999
FLUX 1195  9300.00        3.223575E+13   9.8752E-07   9.8752E-07   1.00000
FLUX 1196  9340.00        3.209770E+13   9.7911E-07   9.7911E-07   1.00000
FLUX 1197  9380.00        3.196082E+13   9.7080E-07   9.7080E-07   1.00000
FLUX 1198  9420.00        3.182511E+13   9.6260E-07   9.6260E-07   1.00000
FLUX 1199  9460.00        3.169054E+13   9.5450E-07   9.5450E-07   1.00000
FLUX 1200  9500.00        3.155711E+13   9.4651E-07   9.4651E-07   1.00000
FLUX 1201  9540.00        3.142479E+13   9.3861E-07   9.3861E-07   1.00000
FLUX 1202  9580.00        3.129358E+13   9.3081E-07   9.3081E-07   1.00000
FLUX 1203  9620.00        3.116346E+13   9.2310E-07   9.2310E-07   1.00000
FLUX 1204  9660.00        3.103442E+13   9.1549E-07   9.1549E-07   1.00000
FLUX 1205  9700.00        3.090644E+13   9.0797E-07   9.0797E-07   0.99999
FLUX 1206  9740.00        3.077952E+13   9.0055E-07   9.0055E-07   1.00000
FLUX 1207  9780.00        3.065363E+13   8.9321E-07   8.9321E-07   1.00000
FLUX 1208  9820.00        3.052877E+13   8.8597E-07   8.8597E-07   1.00000
FLUX 1209  9860.00        3.040492E+13   8.7881E-07   8.7881E-07   1.00000
FLUX 1210  9900.00        3.028207E+13   8.7173E-07   8.7173E-07   1.00000
FLUX 1211  9940.00        3.016021E+13   8.6475E-07   8.6475E-07   1.00000
FLUX 1212  9980.00        3.003933E+13   8.5784E-07   8.5784E-07   1.00000
FLUX 1213 10020.00        2.991941E+13   8.5101E-07   8.5101E-07   1.00000
FLUX 1214 20000.00        1.498963E+13   2.1201E-07   2.1201E-07   1.00000
FLUX 1215 40000.00        7.494813E+12   5.2091E-08   5.2091E-08   1.00000
FLUX 1216 60000.00        4.996542E+12   2.2888E-08   2.2888E-08   1.00000
FLUX 1217 80000.00        3.747406E+12   1.2773E-08   1.2773E-08   1.00000
FLUX 1218100000.00        2.997925E+12   8.1266E-09   8.1266E-09   1.00000
FLUX 1219120000.00        2.498271E+12   5.6172E-09   5.6172E-09   1.00000
FLUX 1220140000.00        2.141375E+12   4.1108E-09   4.1108E-09   1.00000
FLUX 1221160000.00        1.873703E+12   3.1368E-09   3.1368E-09   1.00000
FLUX
