TEFF  14000.  GRAVITY 3.50000 LTE 
TITLE TEST MODEL WITH SDSC OPACITY  VTURB 2 KM/S                                
 OPACITY IFOP
FLUX   45    23.00        1.303446E+16   3.1932E-33   3.2025E-33   0.99709
FLUX   46    23.40        1.281165E+16   1.0116E-32   1.0140E-32   0.99765
FLUX   47    24.00        1.249135E+16   5.3546E-32   5.3548E-32   0.99997
FLUX   48    24.65        1.216197E+16   2.9925E-31   2.9926E-31   0.99997
FLUX   49    25.24        1.187767E+16   1.3324E-30   1.3325E-30   0.99997
FLUX   50    25.68        1.167416E+16   3.8973E-30   3.8980E-30   0.99983
FLUX   51    26.00        1.153048E+16   8.3324E-30   8.3326E-30   0.99998
FLUX   52    26.40        1.135578E+16   2.1028E-29   2.1028E-29   0.99998
FLUX   53    26.85        1.116546E+16   5.7487E-29   5.7488E-29   0.99998
FLUX   54    27.35        1.096133E+16   1.6948E-28   1.6950E-28   0.99991
FLUX   55    27.85        1.076454E+16   4.8463E-28   4.8464E-28   0.99998
FLUX   56    28.40        1.055607E+16   1.4752E-27   1.4753E-27   0.99998
FLUX   57    29.00        1.033767E+16   4.7446E-27   4.7447E-27   0.99998
FLUX   58    29.60        1.012813E+16   1.4530E-26   1.4531E-26   0.99998
FLUX   59    30.10        9.959884E+15   3.5910E-26   3.5922E-26   0.99967
FLUX   60    30.80        9.733523E+15   1.2156E-25   1.2157E-25   0.99984
FLUX   61    31.80        9.427437E+15   6.3431E-25   6.3432E-25   0.99998
FLUX   62    32.80        9.140015E+15   3.0088E-24   3.0096E-24   0.99972
FLUX   63    33.80        8.869601E+15   1.3048E-23   1.3049E-23   0.99999
FLUX   64    34.80        8.614727E+15   5.2240E-23   5.2245E-23   0.99990
FLUX   65    35.70        8.397549E+15   1.7276E-22   1.7287E-22   0.99940
FLUX   66    36.60        8.191052E+15   5.3363E-22   5.3381E-22   0.99968
FLUX   67    37.50        7.994467E+15   1.5584E-21   1.5614E-21   0.99810
FLUX   68    38.50        7.786818E+15   4.8536E-21   4.8589E-21   0.99892
FLUX   69    39.50        7.589684E+15   1.4261E-20   1.4279E-20   0.99873
FLUX   70    40.50        7.402284E+15   3.9836E-20   3.9864E-20   0.99928
FLUX   71    41.40        7.241365E+15   9.6298E-20   9.6358E-20   0.99938
FLUX   72    42.20        7.104088E+15   2.0428E-19   2.0464E-19   0.99823
FLUX   73    43.00        6.971919E+15   4.2017E-19   4.2249E-19   0.99450
FLUX   74    44.10        6.798016E+15   1.0965E-18   1.0977E-18   0.99893
FLUX   75    45.10        6.647284E+15   2.5078E-18   2.5099E-18   0.99915
FLUX   76    46.00        6.517228E+15   5.1192E-18   5.1242E-18   0.99902
FLUX   77    47.00        6.378564E+15   1.0959E-17   1.0969E-17   0.99909
FLUX   78    48.00        6.245677E+15   2.2726E-17   2.2744E-17   0.99918
FLUX   79    49.00        6.118214E+15   4.5792E-17   4.5802E-17   0.99979
FLUX   80    50.00        5.995850E+15   8.9567E-17   8.9575E-17   0.99991
FLUX   81    50.60        5.924753E+15   6.1746E-15   1.0528E-14   0.58650
FLUX   82    51.20        5.855322E+15   1.6323E-14   1.7967E-14   0.90851
FLUX   83    52.00        5.765240E+15   2.4183E-14   2.6347E-14   0.91787
FLUX   84    53.00        5.656462E+15   3.9569E-14   4.1848E-14   0.94554
FLUX   85    54.00        5.551713E+15   5.7845E-14   6.5375E-14   0.88482
FLUX   86    55.00        5.450773E+15   9.8389E-14   1.0059E-13   0.97816
FLUX   87    56.00        5.353438E+15   1.4915E-13   1.5245E-13   0.97830
FLUX   88    57.00        5.259518E+15   2.2663E-13   2.2778E-13   0.99495
FLUX   89    58.00        5.168836E+15   3.0976E-13   3.5765E-13   0.86610
FLUX   90    59.00        5.081229E+15   4.9636E-13   5.1755E-13   0.95906
FLUX   91    60.00        4.996542E+15   7.1916E-13   7.4010E-13   0.97170
FLUX   92    61.00        4.914631E+15   1.0444E-12   1.0464E-12   0.99809
FLUX   93    62.00        4.835363E+15   1.4409E-12   1.4635E-12   0.98457
FLUX   94    63.00        4.758611E+15   2.0216E-12   2.0258E-12   0.99793
FLUX   95    64.00        4.684258E+15   2.7121E-12   2.7780E-12   0.97626
FLUX   96    65.00        4.612192E+15   3.7349E-12   3.7737E-12   0.98970
FLUX   97    65.80        4.556117E+15   4.7752E-12   4.7900E-12   0.99691
FLUX   98    66.50        4.508158E+15   5.7629E-12   5.8743E-12   0.98104
FLUX   99    67.50        4.441370E+15   7.6050E-12   7.8062E-12   0.97422
FLUX  100    68.50        4.376533E+15   1.0104E-11   1.0289E-11   0.98198
FLUX  101    69.50        4.313561E+15   1.3377E-11   1.3457E-11   0.99407
FLUX  102    70.50        4.252376E+15   1.7287E-11   1.7468E-11   0.98959
FLUX  103    71.60        4.187046E+15   2.2683E-11   2.3082E-11   0.98270
FLUX  104    72.60        4.129373E+15   2.9183E-11   2.9523E-11   0.98849
FLUX  105    73.50        4.078810E+15   3.5787E-11   3.6640E-11   0.97670
FLUX  106    74.50        4.024060E+15   4.5759E-11   4.6303E-11   0.98825
FLUX  107    75.50        3.970762E+15   5.7612E-11   5.8153E-11   0.99069
FLUX  108    76.50        3.918856E+15   7.1673E-11   7.2692E-11   0.98598
FLUX  109    77.50        3.868290E+15   8.9832E-11   9.0242E-11   0.99545
FLUX  110    78.50        3.819013E+15   1.1123E-10   1.1142E-10   0.99838
FLUX  111    79.50        3.770975E+15   1.3503E-10   1.3683E-10   0.98680
FLUX  112    80.50        3.724130E+15   1.6562E-10   1.6718E-10   0.99062
FLUX  113    81.50        3.678436E+15   1.9967E-10   2.0327E-10   0.98230
FLUX  114    82.50        3.633848E+15   2.4254E-10   2.4597E-10   0.98603
FLUX  115    83.50        3.590329E+15   2.8689E-10   2.9631E-10   0.96819
FLUX  116    84.50        3.547840E+15   3.4836E-10   3.5538E-10   0.98025
FLUX  117    85.50        3.506345E+15   4.1647E-10   4.2442E-10   0.98127
FLUX  118    86.50        3.465809E+15   4.9743E-10   5.0473E-10   0.98555
FLUX  119    87.50        3.426200E+15   5.8904E-10   5.9782E-10   0.98532
FLUX  120    88.50        3.387486E+15   7.0366E-10   7.0537E-10   0.99757
FLUX  121    89.50        3.349637E+15   8.2519E-10   8.2917E-10   0.99521
FLUX  122    90.50        3.312624E+15   9.4418E-10   9.7115E-10   0.97223
FLUX  123    91.50        3.276421E+15   9.3522E-09   3.6458E-05   0.00026
FLUX  124    92.50        3.241000E+15   4.6392E-08   3.6824E-05   0.00126
FLUX  125    93.50        3.206337E+15   8.7340E-08   3.7190E-05   0.00235
FLUX  126    94.50        3.172407E+15   4.5009E-07   3.7557E-05   0.01198
FLUX  127    95.50        3.139188E+15   2.3816E-06   3.7925E-05   0.06280
FLUX  128    96.50        3.106658E+15   3.7260E-06   3.8298E-05   0.09729
FLUX  129    97.50        3.074795E+15   7.1977E-07   3.8679E-05   0.01861
FLUX  130    98.50        3.043579E+15   6.8326E-06   3.9064E-05   0.17491
FLUX  131    99.50        3.012990E+15   6.6341E-06   3.9452E-05   0.16816
FLUX  132   100.50        2.983010E+15   1.0268E-05   3.9845E-05   0.25771
FLUX  133   101.50        2.953621E+15   8.8781E-06   4.0243E-05   0.22061
FLUX  134   102.50        2.924805E+15   6.1967E-07   4.3732E-05   0.01417
FLUX  135   103.50        2.896546E+15   4.0577E-06   4.4111E-05   0.09199
FLUX  136   104.50        2.868828E+15   1.5624E-05   4.4496E-05   0.35114
FLUX  137   105.50        2.841635E+15   1.8697E-05   4.4884E-05   0.41656
FLUX  138   106.50        2.814953E+15   1.5227E-05   4.5278E-05   0.33631
FLUX  139   107.50        2.788767E+15   1.9008E-05   4.5677E-05   0.41614
FLUX  140   108.50        2.763065E+15   1.3643E-05   4.6083E-05   0.29606
FLUX  141   109.50        2.737831E+15   2.0180E-05   4.6495E-05   0.43403
FLUX  142   110.50        2.713054E+15   2.3648E-05   7.0248E-05   0.33664
FLUX  143   111.50        2.688722E+15   2.3189E-05   7.0643E-05   0.32825
FLUX  144   112.50        2.664822E+15   2.3961E-05   7.1022E-05   0.33737
FLUX  145   113.50        2.641344E+15   2.9604E-05   7.2474E-05   0.40848
FLUX  146   114.50        2.618275E+15   2.7321E-05   7.2823E-05   0.37517
FLUX  147   115.50        2.595606E+15   3.1349E-05   7.3160E-05   0.42850
FLUX  148   116.50        2.573326E+15   3.5188E-05   7.3487E-05   0.47883
FLUX  149   117.50        2.551426E+15   3.1148E-05   7.4141E-05   0.42012
FLUX  150   118.50        2.529895E+15   3.3348E-05   7.4457E-05   0.44788
FLUX  151   119.50        2.508724E+15   9.2877E-06   7.4766E-05   0.12422
FLUX  152   120.50        2.487905E+15   1.0427E-05   7.5066E-05   0.13891
FLUX  153   121.50        2.467428E+15   1.1746E-06   7.5360E-05   0.01559
FLUX  154   122.50        2.447286E+15   1.0950E-05   7.6390E-05   0.14334
FLUX  155   123.50        2.427470E+15   3.8628E-05   7.6673E-05   0.50381
FLUX  156   124.50        2.407972E+15   4.9241E-05   8.1669E-05   0.60293
FLUX  157   125.50        2.388785E+15   4.6153E-05   8.1904E-05   0.56350
FLUX  158   126.50        2.369901E+15   3.0575E-05   8.2130E-05   0.37227
FLUX  159   127.50        2.351314E+15   5.3463E-05   8.2348E-05   0.64923
FLUX  160   128.50        2.333016E+15   5.8709E-05   8.2556E-05   0.71114
FLUX  161   129.50        2.315000E+15   4.5887E-05   8.2758E-05   0.55448
FLUX  162   130.50        2.297261E+15   4.2307E-05   8.2951E-05   0.51002
FLUX  163   131.50        2.279791E+15   5.6467E-05   8.3139E-05   0.67918
FLUX  164   132.50        2.262585E+15   5.5972E-05   8.3329E-05   0.67170
FLUX  165   133.50        2.245637E+15   4.5620E-05   8.3512E-05   0.54628
FLUX  166   134.50        2.228941E+15   6.2425E-05   8.3686E-05   0.74594
FLUX  167   135.50        2.212491E+15   6.0318E-05   8.3854E-05   0.71932
FLUX  168   136.50        2.196282E+15   5.2282E-05   8.4015E-05   0.62229
FLUX  169   137.50        2.180309E+15   5.9498E-05   8.4172E-05   0.70687
FLUX  170   138.50        2.164567E+15   6.2304E-05   8.4322E-05   0.73888
FLUX  171   139.50        2.149050E+15   6.1903E-05   8.4467E-05   0.73286
FLUX  172   140.50        2.133754E+15   6.3892E-05   8.4606E-05   0.75517
FLUX  173   141.50        2.118675E+15   5.9131E-05   8.4743E-05   0.69777
FLUX  174   142.50        2.103807E+15   6.2617E-05   8.4904E-05   0.73751
FLUX  175   143.50        2.089146E+15   6.0614E-05   8.5030E-05   0.71286
FLUX  176   144.20        2.079005E+15   6.6073E-05   8.5114E-05   0.77628
FLUX  177   144.70        2.071821E+15   6.8801E-05   8.5403E-05   0.80560
FLUX  178   145.50        2.060430E+15   6.7137E-05   8.5492E-05   0.78530
FLUX  179   146.50        2.046365E+15   6.3031E-05   8.5598E-05   0.73637
FLUX  180   147.50        2.032492E+15   6.1215E-05   8.5699E-05   0.71430
FLUX  181   148.50        2.018805E+15   6.4036E-05   8.5796E-05   0.74637
FLUX  182   149.50        2.005301E+15   6.6728E-05   8.5888E-05   0.77692
FLUX  183   150.50        1.991977E+15   6.4943E-05   8.5975E-05   0.75537
FLUX  184   151.20        1.982755E+15   5.8959E-05   8.6034E-05   0.68530
FLUX  185   151.70        1.976220E+15   6.4576E-05   8.6074E-05   0.75023
FLUX  186   152.50        1.965852E+15   6.0389E-05   8.6201E-05   0.70056
FLUX  187   153.50        1.953046E+15   5.4452E-05   8.6277E-05   0.63113
FLUX  188   154.50        1.940405E+15   6.3503E-05   8.6348E-05   0.73543
FLUX  189   155.50        1.927926E+15   5.9068E-05   8.6416E-05   0.68353
FLUX  190   156.50        1.915607E+15   5.8413E-05   8.6480E-05   0.67545
FLUX  191   157.50        1.903444E+15   6.0491E-05   8.6541E-05   0.69899
FLUX  192   158.50        1.891435E+15   6.5604E-05   8.6598E-05   0.75757
FLUX  193   159.50        1.879577E+15   6.8005E-05   8.6652E-05   0.78480
FLUX  194   160.50        1.867866E+15   6.4973E-05   8.6703E-05   0.74938
FLUX  195   161.50        1.856300E+15   6.6766E-05   8.6750E-05   0.76963
FLUX  196   162.50        1.844877E+15   6.2590E-05   8.6795E-05   0.72112
FLUX  197   163.50        1.833593E+15   6.6160E-05   8.6836E-05   0.76189
FLUX  198   164.50        1.822447E+15   6.7702E-05   8.6875E-05   0.77930
FLUX  199   165.50        1.811435E+15   6.1108E-05   8.6911E-05   0.70311
FLUX  200   166.50        1.800556E+15   6.8339E-05   8.6947E-05   0.78598
FLUX  201   167.20        1.793017E+15   5.9773E-05   8.6971E-05   0.68728
FLUX  202   167.70        1.787671E+15   6.6770E-05   8.7005E-05   0.76742
FLUX  203   168.50        1.779184E+15   7.2447E-05   8.7030E-05   0.83244
FLUX  204   169.50        1.768687E+15   6.9009E-05   8.7058E-05   0.79268
FLUX  205   170.50        1.758314E+15   6.5361E-05   8.7084E-05   0.75055
FLUX  206   171.50        1.748061E+15   6.0966E-05   8.7107E-05   0.69990
FLUX  207   172.50        1.737928E+15   6.1064E-05   8.7128E-05   0.70086
FLUX  208   173.50        1.727911E+15   6.5377E-05   8.7146E-05   0.75020
FLUX  209   174.50        1.718009E+15   6.4884E-05   8.7162E-05   0.74440
FLUX  210   175.50        1.708219E+15   7.1092E-05   8.7176E-05   0.81550
FLUX  211   176.50        1.698541E+15   6.3798E-05   8.7188E-05   0.73172
FLUX  212   177.50        1.688972E+15   6.7979E-05   8.7198E-05   0.77959
FLUX  213   178.50        1.679510E+15   6.9832E-05   8.7207E-05   0.80076
FLUX  214   179.50        1.670153E+15   7.4594E-05   8.7213E-05   0.85531
FLUX  215   180.50        1.660900E+15   7.4059E-05   8.7218E-05   0.84913
FLUX  216   181.50        1.651749E+15   7.0004E-05   8.7221E-05   0.80261
FLUX  217   182.50        1.642699E+15   7.0868E-05   8.7224E-05   0.81248
FLUX  218   183.50        1.633747E+15   6.8442E-05   8.7232E-05   0.78460
FLUX  219   184.50        1.624892E+15   6.4184E-05   8.7238E-05   0.73574
FLUX  220   185.50        1.616132E+15   6.2475E-05   8.7243E-05   0.71610
FLUX  221   186.50        1.607466E+15   6.4955E-05   8.7247E-05   0.74450
FLUX  222   187.50        1.598893E+15   7.3128E-05   8.7249E-05   0.83816
FLUX  223   188.50        1.590411E+15   6.8060E-05   8.7249E-05   0.78007
FLUX  224   189.50        1.582018E+15   6.5339E-05   8.7248E-05   0.74889
FLUX  225   190.50        1.573714E+15   7.0095E-05   8.7245E-05   0.80342
FLUX  226   191.50        1.565496E+15   6.7768E-05   8.7304E-05   0.77624
FLUX  227   192.50        1.557364E+15   6.7547E-05   8.7299E-05   0.77374
FLUX  228   193.50        1.549315E+15   7.0963E-05   8.7294E-05   0.81293
FLUX  229   194.50        1.541350E+15   7.2486E-05   8.7287E-05   0.83043
FLUX  230   195.50        1.533465E+15   6.8638E-05   8.7280E-05   0.78642
FLUX  231   196.70        1.524110E+15   7.5608E-05   8.7274E-05   0.86633
FLUX  232   197.60        1.517169E+15   7.8363E-05   8.7269E-05   0.89794
FLUX  233   198.40        1.511051E+15   7.4311E-05   8.7279E-05   0.85142
FLUX  234   199.50        1.502719E+15   7.1625E-05   8.7270E-05   0.82073
FLUX  235   200.50        1.495224E+15   7.4817E-05   8.7260E-05   0.85740
FLUX  236   201.50        1.487804E+15   7.1474E-05   8.7250E-05   0.81918
FLUX  237   202.50        1.480457E+15   7.7212E-05   8.7238E-05   0.88507
FLUX  238   203.50        1.473182E+15   7.2612E-05   8.7226E-05   0.83247
FLUX  239   204.50        1.465978E+15   7.5688E-05   8.7212E-05   0.86787
FLUX  240   205.50        1.458844E+15   7.2373E-05   8.7197E-05   0.83000
FLUX  241   206.50        1.451780E+15   7.4076E-05   8.7181E-05   0.84968
FLUX  242   207.40        1.445480E+15   7.7908E-05   8.7166E-05   0.89379
FLUX  243   207.80        1.442697E+15   7.4919E-05   8.7163E-05   0.85953
FLUX  244   208.50        1.437854E+15   7.7622E-05   8.7150E-05   0.89067
FLUX  245   209.50        1.430990E+15   7.3556E-05   8.7132E-05   0.84419
FLUX  246   210.50        1.424192E+15   7.4742E-05   8.7112E-05   0.85799
FLUX  247   211.50        1.417459E+15   7.5641E-05   8.7092E-05   0.86852
FLUX  248   212.50        1.410788E+15   7.7196E-05   8.7071E-05   0.88659
FLUX  249   213.50        1.404180E+15   7.1318E-05   8.7049E-05   0.81928
FLUX  250   214.50        1.397634E+15   7.4813E-05   8.7027E-05   0.85966
FLUX  251   215.50        1.391148E+15   7.7989E-05   8.7003E-05   0.89639
FLUX  252   216.50        1.384723E+15   7.5253E-05   8.6979E-05   0.86519
FLUX  253   217.50        1.378356E+15   7.4669E-05   8.6955E-05   0.85872
FLUX  254   218.50        1.372048E+15   7.2984E-05   8.6929E-05   0.83957
FLUX  255   219.50        1.365797E+15   7.7454E-05   8.6904E-05   0.89127
FLUX  256   220.50        1.359603E+15   7.5172E-05   8.6877E-05   0.86527
FLUX  257   221.50        1.353465E+15   7.2115E-05   8.6849E-05   0.83034
FLUX  258   222.50        1.347382E+15   6.8799E-05   8.6821E-05   0.79243
FLUX  259   223.50        1.341353E+15   7.5323E-05   8.6792E-05   0.86786
FLUX  260   224.50        1.335379E+15   7.0308E-05   8.6762E-05   0.81035
FLUX  261   225.50        1.329457E+15   6.8776E-05   8.6732E-05   0.79297
FLUX  262   226.50        1.323587E+15   7.0916E-05   8.6702E-05   0.81793
FLUX  263   227.50        1.317769E+15   7.4012E-05   8.6670E-05   0.85395
FLUX  264   228.50        1.312002E+15   7.5866E-05   8.6638E-05   0.87567
FLUX  265   229.50        1.306285E+15   7.3257E-05   8.6606E-05   0.84587
FLUX  266   230.50        1.300618E+15   7.0718E-05   8.6573E-05   0.81685
FLUX  267   231.50        1.295000E+15   6.7774E-05   8.6540E-05   0.78315
FLUX  268   232.50        1.289430E+15   5.2568E-05   8.6507E-05   0.60768
FLUX  269   233.50        1.283908E+15   6.4893E-05   8.6473E-05   0.75044
FLUX  270   234.50        1.278433E+15   6.3506E-05   8.6438E-05   0.73470
FLUX  271   235.50        1.273004E+15   6.7924E-05   8.6403E-05   0.78612
FLUX  272   236.50        1.267622E+15   6.3157E-05   8.6368E-05   0.73125
FLUX  273   237.50        1.262284E+15   6.5008E-05   8.6333E-05   0.75299
FLUX  274   238.50        1.256992E+15   6.1035E-05   8.6296E-05   0.70727
FLUX  275   239.50        1.251743E+15   6.6893E-05   8.6260E-05   0.77549
FLUX  276   240.50        1.246538E+15   6.3455E-05   8.6222E-05   0.73595
FLUX  277   241.50        1.241377E+15   6.5151E-05   8.6185E-05   0.75594
FLUX  278   242.50        1.236258E+15   6.8287E-05   8.6147E-05   0.79268
FLUX  279   243.50        1.231181E+15   6.5228E-05   8.6108E-05   0.75751
FLUX  280   244.50        1.226145E+15   7.0344E-05   8.6070E-05   0.81729
FLUX  281   245.50        1.221151E+15   6.8184E-05   8.6031E-05   0.79256
FLUX  282   246.50        1.216197E+15   6.9140E-05   8.5991E-05   0.80403
FLUX  283   247.50        1.211283E+15   6.6437E-05   8.5951E-05   0.77296
FLUX  284   248.50        1.206408E+15   7.1569E-05   8.5911E-05   0.83306
FLUX  285   249.50        1.201573E+15   6.9888E-05   8.5871E-05   0.81387
FLUX  286   250.50        1.196776E+15   7.4330E-05   8.5830E-05   0.86601
FLUX  287   251.30        1.192967E+15   6.8763E-05   8.5797E-05   0.80146
FLUX  288   251.80        1.190598E+15   7.1955E-05   8.5777E-05   0.83886
FLUX  289   252.50        1.187297E+15   6.7767E-05   8.5748E-05   0.79030
FLUX  290   253.50        1.182613E+15   6.8905E-05   8.5710E-05   0.80393
FLUX  291   254.50        1.177967E+15   6.7210E-05   8.5672E-05   0.78451
FLUX  292   255.50        1.173356E+15   7.0970E-05   8.5634E-05   0.82876
FLUX  293   256.50        1.168782E+15   7.0317E-05   8.5595E-05   0.82151
FLUX  294   257.50        1.164243E+15   7.5255E-05   8.5556E-05   0.87959
FLUX  295   258.50        1.159739E+15   7.4784E-05   8.5517E-05   0.87449
FLUX  296   259.50        1.155270E+15   7.5469E-05   8.5477E-05   0.88291
FLUX  297   260.50        1.150835E+15   7.2532E-05   8.5620E-05   0.84714
FLUX  298   261.50        1.146434E+15   7.2601E-05   8.5575E-05   0.84840
FLUX  299   262.50        1.142067E+15   7.4404E-05   8.5529E-05   0.86992
FLUX  300   263.50        1.137732E+15   7.5308E-05   8.5483E-05   0.88097
FLUX  301   264.50        1.133431E+15   7.9592E-05   8.5437E-05   0.93158
FLUX  302   265.50        1.129162E+15   7.9008E-05   8.5391E-05   0.92525
FLUX  303   266.50        1.124925E+15   7.5228E-05   8.5345E-05   0.88145
FLUX  304   267.50        1.120720E+15   7.8384E-05   8.5299E-05   0.91893
FLUX  305   268.50        1.116546E+15   7.7432E-05   8.5252E-05   0.90827
FLUX  306   269.50        1.112403E+15   7.6225E-05   8.5205E-05   0.89461
FLUX  307   270.50        1.108290E+15   7.7860E-05   8.5157E-05   0.91431
FLUX  308   271.50        1.104208E+15   7.5343E-05   8.5110E-05   0.88525
FLUX  309   272.50        1.100156E+15   7.6041E-05   8.5062E-05   0.89395
FLUX  310   273.50        1.096133E+15   7.9672E-05   8.5013E-05   0.93717
FLUX  311   274.50        1.092140E+15   7.2655E-05   8.4965E-05   0.85511
FLUX  312   275.50        1.088176E+15   7.2644E-05   8.4916E-05   0.85548
FLUX  313   276.50        1.084241E+15   7.5091E-05   8.4867E-05   0.88480
FLUX  314   277.50        1.080333E+15   7.7946E-05   8.4818E-05   0.91898
FLUX  315   278.50        1.076454E+15   7.8632E-05   8.4768E-05   0.92761
FLUX  316   279.50        1.072603E+15   7.0075E-05   8.4719E-05   0.82715
FLUX  317   280.50        1.068779E+15   7.4514E-05   8.4669E-05   0.88006
FLUX  318   281.50        1.064982E+15   8.0043E-05   8.4618E-05   0.94593
FLUX  319   282.50        1.061212E+15   7.9716E-05   8.4568E-05   0.94263
FLUX  320   283.50        1.057469E+15   7.6755E-05   8.4517E-05   0.90817
FLUX  321   284.50        1.053752E+15   7.4988E-05   8.4466E-05   0.88780
FLUX  322   285.50        1.050061E+15   7.6339E-05   8.4414E-05   0.90434
FLUX  323   286.50        1.046396E+15   7.8666E-05   8.4362E-05   0.93248
FLUX  324   287.50        1.042757E+15   7.7411E-05   8.4310E-05   0.91817
FLUX  325   288.50        1.039142E+15   7.8632E-05   8.4258E-05   0.93324
FLUX  326   289.50        1.035553E+15   7.8206E-05   8.4205E-05   0.92875
FLUX  327   291.00        1.030215E+15   8.1480E-05   8.4126E-05   0.96855
FLUX  328   293.00        1.023183E+15   8.0283E-05   8.4019E-05   0.95553
FLUX  329   295.00        1.016246E+15   8.0141E-05   8.3911E-05   0.95507
FLUX  330   297.00        1.009402E+15   8.0456E-05   8.3802E-05   0.96006
FLUX  331   299.00        1.002651E+15   8.0663E-05   8.3693E-05   0.96380
FLUX  332   301.00        9.959884E+14   8.2311E-05   8.3582E-05   0.98479
FLUX  333   303.00        9.894142E+14   8.2304E-05   8.3470E-05   0.98604
FLUX  334   305.00        9.829262E+14   8.1813E-05   8.3357E-05   0.98148
FLUX  335   307.00        9.765228E+14   8.1488E-05   8.3243E-05   0.97891
FLUX  336   309.00        9.702023E+14   8.2263E-05   8.3128E-05   0.98960
FLUX  337   311.00        9.639630E+14   8.1243E-05   8.3012E-05   0.97870
FLUX  338   313.00        9.578035E+14   8.1308E-05   8.2905E-05   0.98074
FLUX  339   315.00        9.517222E+14   8.1661E-05   8.2787E-05   0.98641
FLUX  340   317.00        9.457177E+14   8.1281E-05   8.2669E-05   0.98320
FLUX  341   319.00        9.397884E+14   7.9600E-05   8.2551E-05   0.96425
FLUX  342   321.00        9.339330E+14   8.0970E-05   8.2431E-05   0.98228
FLUX  343   323.00        9.281502E+14   8.0935E-05   8.2310E-05   0.98329
FLUX  344   325.00        9.224385E+14   8.0806E-05   8.2189E-05   0.98318
FLUX  345   327.00        9.167966E+14   8.1132E-05   8.2066E-05   0.98862
FLUX  346   329.00        9.112234E+14   8.1099E-05   8.1942E-05   0.98971
FLUX  347   331.00        9.057175E+14   8.1435E-05   8.1817E-05   0.99534
FLUX  348   333.00        9.002778E+14   8.1066E-05   8.1691E-05   0.99236
FLUX  349   335.00        8.949030E+14   8.0565E-05   8.1563E-05   0.98776
FLUX  350   337.00        8.895920E+14   8.0531E-05   8.1435E-05   0.98890
FLUX  351   339.00        8.843437E+14   8.0258E-05   8.1307E-05   0.98710
FLUX  352   341.00        8.791569E+14   8.0572E-05   8.1177E-05   0.99255
FLUX  353   343.00        8.740306E+14   8.0375E-05   8.1081E-05   0.99129
FLUX  354   345.00        8.689638E+14   8.0291E-05   8.0947E-05   0.99189
FLUX  355   347.00        8.639553E+14   7.9890E-05   8.0813E-05   0.98858
FLUX  356   349.00        8.590043E+14   7.9903E-05   8.0678E-05   0.99040
FLUX  357   351.00        8.541097E+14   8.0235E-05   8.0541E-05   0.99620
FLUX  358   353.00        8.492705E+14   8.0255E-05   8.0404E-05   0.99814
FLUX  359   355.00        8.444859E+14   8.0153E-05   8.0266E-05   0.99859
FLUX  360   357.00        8.397549E+14   7.9960E-05   8.0127E-05   0.99791
FLUX  361   359.00        8.350766E+14   7.9632E-05   7.9988E-05   0.99555
FLUX  362   361.00        8.304501E+14   7.9664E-05   7.9848E-05   0.99769
FLUX  363   363.00        8.258747E+14   7.9417E-05   7.9706E-05   0.99638
FLUX  364   364.00        8.236058E+14   7.9569E-05   7.9636E-05   0.99916
FLUX  365   365.00        8.213493E+14   7.9831E-05   1.5711E-04   0.50811
FLUX  366   367.00        8.168733E+14   7.7888E-05   1.5621E-04   0.49860
FLUX  367   369.00        8.124458E+14   7.3116E-05   1.5667E-04   0.46670
FLUX  368   371.00        8.080660E+14   8.1755E-05   1.5576E-04   0.52488
FLUX  369   373.00        8.037332E+14   8.5151E-05   1.5486E-04   0.54986
FLUX  370   375.00        7.994467E+14   1.0263E-04   1.5397E-04   0.66659
FLUX  371   377.00        7.952056E+14   1.0506E-04   1.5308E-04   0.68631
FLUX  372   379.00        7.910092E+14   1.1755E-04   1.5221E-04   0.77228
FLUX  373   381.00        7.868570E+14   1.2874E-04   1.5134E-04   0.85069
FLUX  374   383.00        7.827480E+14   1.1010E-04   1.5047E-04   0.73171
FLUX  375   385.00        7.786818E+14   1.3496E-04   1.4961E-04   0.90207
FLUX  376   387.00        7.746576E+14   1.4159E-04   1.4876E-04   0.95177
FLUX  377   389.00        7.706748E+14   1.0441E-04   1.4792E-04   0.70583
FLUX  378   391.00        7.667327E+14   1.4199E-04   1.4708E-04   0.96538
FLUX  379   393.00        7.628308E+14   1.4094E-04   1.4625E-04   0.96364
FLUX  380   395.00        7.589684E+14   1.4122E-04   1.4543E-04   0.97103
FLUX  381   397.00        7.551448E+14   1.0190E-04   1.4461E-04   0.70466
FLUX  382   399.00        7.513596E+14   1.3843E-04   1.4380E-04   0.96263
FLUX  383   401.00        7.476122E+14   1.4082E-04   1.4299E-04   0.98482
FLUX  384   403.00        7.439020E+14   1.3746E-04   1.4219E-04   0.96673
FLUX  385   405.00        7.402284E+14   1.4048E-04   1.4140E-04   0.99349
FLUX  386   407.00        7.365909E+14   1.3842E-04   1.4061E-04   0.98437
FLUX  387   409.00        7.329890E+14   1.2644E-04   1.3983E-04   0.90425
FLUX  388   411.00        7.294221E+14   1.0636E-04   1.3906E-04   0.76484
FLUX  389   413.00        7.258898E+14   1.3313E-04   1.3829E-04   0.96268
FLUX  390   415.00        7.223916E+14   1.3557E-04   1.3753E-04   0.98571
FLUX  391   417.00        7.189269E+14   1.3549E-04   1.3678E-04   0.99056
FLUX  392   419.00        7.154952E+14   1.3528E-04   1.3603E-04   0.99448
FLUX  393   421.00        7.120962E+14   1.3477E-04   1.3528E-04   0.99621
FLUX  394   423.00        7.087293E+14   1.3394E-04   1.3455E-04   0.99546
FLUX  395   425.00        7.053941E+14   1.3303E-04   1.3382E-04   0.99412
FLUX  396   427.00        7.020902E+14   1.3105E-04   1.3309E-04   0.98465
FLUX  397   429.00        6.988170E+14   1.3164E-04   1.3237E-04   0.99450
FLUX  398   431.00        6.955742E+14   1.2990E-04   1.3165E-04   0.98666
FLUX  399   433.00        6.923614E+14   1.1503E-04   1.3094E-04   0.87843
FLUX  400   435.00        6.891782E+14   1.0285E-04   1.3024E-04   0.78969
FLUX  401   437.00        6.860240E+14   1.2748E-04   1.2954E-04   0.98410
FLUX  402   439.00        6.828986E+14   1.2625E-04   1.2885E-04   0.97983
FLUX  403   441.00        6.798016E+14   1.2763E-04   1.2816E-04   0.99586
FLUX  404   443.00        6.767325E+14   1.2615E-04   1.2748E-04   0.98955
FLUX  405   445.00        6.736910E+14   1.2643E-04   1.2680E-04   0.99705
FLUX  406   447.00        6.706767E+14   1.2290E-04   1.2613E-04   0.97437
FLUX  407   449.00        6.676893E+14   1.2363E-04   1.2547E-04   0.98534
FLUX  408   451.00        6.647284E+14   1.2402E-04   1.2481E-04   0.99370
FLUX  409   453.00        6.617936E+14   1.2330E-04   1.2415E-04   0.99314
FLUX  410   455.00        6.588846E+14   1.2211E-04   1.2350E-04   0.98877
FLUX  411   457.00        6.560011E+14   1.2260E-04   1.2285E-04   0.99796
FLUX  412   459.00        6.531427E+14   1.2145E-04   1.2221E-04   0.99377
FLUX  413   461.00        6.503091E+14   1.2135E-04   1.2158E-04   0.99816
FLUX  414   463.00        6.475000E+14   1.1982E-04   1.2094E-04   0.99070
FLUX  415   465.00        6.447151E+14   1.1994E-04   1.2032E-04   0.99689
FLUX  416   467.00        6.419540E+14   1.1918E-04   1.1969E-04   0.99573
FLUX  417   469.00        6.392164E+14   1.1884E-04   1.1907E-04   0.99802
FLUX  418   471.00        6.365021E+14   1.1651E-04   1.1846E-04   0.98350
FLUX  419   473.00        6.338108E+14   1.1715E-04   1.1785E-04   0.99402
FLUX  420   475.00        6.311421E+14   1.1637E-04   1.1725E-04   0.99248
FLUX  421   477.00        6.284958E+14   1.1657E-04   1.1665E-04   0.99937
FLUX  422   479.00        6.258716E+14   1.1583E-04   1.1605E-04   0.99810
FLUX  423   481.00        6.232692E+14   1.1463E-04   1.1546E-04   0.99281
FLUX  424   483.00        6.206884E+14   1.1337E-04   1.1487E-04   0.98695
FLUX  425   485.00        6.181289E+14   1.0271E-04   1.1429E-04   0.89869
FLUX  426   487.00        6.155903E+14   8.9216E-05   1.1371E-04   0.78456
FLUX  427   489.00        6.130726E+14   1.1134E-04   1.1314E-04   0.98405
FLUX  428   491.00        6.105754E+14   1.1178E-04   1.1257E-04   0.99298
FLUX  429   493.00        6.080984E+14   1.1000E-04   1.1201E-04   0.98211
FLUX  430   495.00        6.056414E+14   1.1107E-04   1.1145E-04   0.99662
FLUX  431   497.00        6.032042E+14   1.1069E-04   1.1089E-04   0.99824
FLUX  432   499.00        6.007866E+14   1.0990E-04   1.1034E-04   0.99606
FLUX  433   501.00        5.983882E+14   1.0754E-04   1.0979E-04   0.97956
FLUX  434   503.00        5.960089E+14   1.0820E-04   1.0924E-04   0.99044
FLUX  435   505.00        5.936485E+14   1.0599E-04   1.0870E-04   0.97507
FLUX  436   507.00        5.913067E+14   1.0741E-04   1.0817E-04   0.99305
FLUX  437   509.00        5.889833E+14   1.0686E-04   1.0763E-04   0.99282
FLUX  438   511.00        5.866781E+14   1.0602E-04   1.0711E-04   0.98983
FLUX  439   513.00        5.843908E+14   1.0585E-04   1.0658E-04   0.99319
FLUX  440   515.00        5.821214E+14   1.0475E-04   1.0606E-04   0.98766
FLUX  441   517.00        5.798694E+14   1.0436E-04   1.0554E-04   0.98879
FLUX  442   519.00        5.776349E+14   1.0418E-04   1.0503E-04   0.99195
FLUX  443   521.00        5.754175E+14   1.0294E-04   1.0452E-04   0.98492
FLUX  444   523.00        5.732170E+14   1.0274E-04   1.0401E-04   0.98775
FLUX  445   525.00        5.710333E+14   1.0275E-04   1.0351E-04   0.99268
FLUX  446   527.00        5.688662E+14   1.0168E-04   1.0301E-04   0.98711
FLUX  447   529.00        5.667155E+14   1.0212E-04   1.0252E-04   0.99613
FLUX  448   531.00        5.645810E+14   1.0115E-04   1.0203E-04   0.99136
FLUX  449   533.00        5.624625E+14   1.0102E-04   1.0154E-04   0.99492
FLUX  450   535.00        5.603598E+14   1.0045E-04   1.0106E-04   0.99398
FLUX  451   537.00        5.582728E+14   1.0014E-04   1.0057E-04   0.99569
FLUX  452   539.00        5.562013E+14   9.9591E-05   1.0010E-04   0.99496
FLUX  453   541.00        5.541451E+14   9.8981E-05   9.9621E-05   0.99357
FLUX  454   543.00        5.521041E+14   9.8485E-05   9.9149E-05   0.99330
FLUX  455   545.00        5.500780E+14   9.8201E-05   9.8681E-05   0.99513
FLUX  456   547.00        5.480667E+14   9.7570E-05   9.8216E-05   0.99342
FLUX  457   549.00        5.460701E+14   9.7307E-05   9.7755E-05   0.99542
FLUX  458   551.00        5.440880E+14   9.6794E-05   9.7296E-05   0.99484
FLUX  459   553.00        5.421203E+14   9.6520E-05   9.6841E-05   0.99669
FLUX  460   555.00        5.401667E+14   9.6090E-05   9.6389E-05   0.99690
FLUX  461   557.00        5.382271E+14   9.5635E-05   9.5940E-05   0.99681
FLUX  462   559.00        5.363014E+14   9.5205E-05   9.5495E-05   0.99696
FLUX  463   561.00        5.343895E+14   9.4873E-05   9.5052E-05   0.99811
FLUX  464   563.00        5.324911E+14   9.4531E-05   9.4613E-05   0.99914
FLUX  465   565.00        5.306062E+14   9.3494E-05   9.4176E-05   0.99275
FLUX  466   567.00        5.287346E+14   9.3247E-05   9.3743E-05   0.99471
FLUX  467   569.00        5.268761E+14   9.3084E-05   9.3313E-05   0.99755
FLUX  468   571.00        5.250306E+14   9.2715E-05   9.2885E-05   0.99817
FLUX  469   573.00        5.231981E+14   9.2351E-05   9.2461E-05   0.99882
FLUX  470   575.00        5.213783E+14   9.1931E-05   9.2039E-05   0.99882
FLUX  471   577.00        5.195711E+14   9.1515E-05   9.1620E-05   0.99885
FLUX  472   579.00        5.177763E+14   9.0981E-05   9.1204E-05   0.99755
FLUX  473   581.00        5.159940E+14   9.0614E-05   9.0791E-05   0.99806
FLUX  474   583.00        5.142238E+14   9.0249E-05   9.0380E-05   0.99854
FLUX  475   585.00        5.124658E+14   8.9837E-05   8.9973E-05   0.99849
FLUX  476   587.00        5.107198E+14   8.8013E-05   8.9568E-05   0.98264
FLUX  477   589.00        5.089856E+14   8.8800E-05   8.9166E-05   0.99590
FLUX  478   591.00        5.072631E+14   8.8623E-05   8.8767E-05   0.99838
FLUX  479   593.00        5.055523E+14   8.8320E-05   8.8370E-05   0.99943
FLUX  480   595.00        5.038529E+14   8.7428E-05   8.7976E-05   0.99377
FLUX  481   597.00        5.021650E+14   8.7388E-05   8.7585E-05   0.99775
FLUX  482   599.00        5.004883E+14   8.6724E-05   8.7196E-05   0.99458
FLUX  483   601.00        4.988228E+14   8.6751E-05   8.6810E-05   0.99932
FLUX  484   603.00        4.971683E+14   8.6343E-05   8.6426E-05   0.99904
FLUX  485   605.00        4.955248E+14   8.5950E-05   8.6046E-05   0.99889
FLUX  486   607.00        4.938921E+14   8.5550E-05   8.5668E-05   0.99863
FLUX  487   609.00        4.922701E+14   8.5168E-05   8.5293E-05   0.99854
FLUX  488   611.00        4.906588E+14   8.4883E-05   8.4920E-05   0.99957
FLUX  489   613.00        4.890579E+14   8.4486E-05   8.4550E-05   0.99925
FLUX  490   615.00        4.874675E+14   8.3635E-05   8.4182E-05   0.99351
FLUX  491   617.00        4.858874E+14   8.3710E-05   8.3816E-05   0.99874
FLUX  492   619.00        4.843174E+14   8.3409E-05   8.3453E-05   0.99947
FLUX  493   621.00        4.827576E+14   8.3043E-05   8.3092E-05   0.99941
FLUX  494   623.00        4.812079E+14   8.2581E-05   8.2733E-05   0.99815
FLUX  495   625.00        4.796680E+14   8.1859E-05   8.2377E-05   0.99371
FLUX  496   627.00        4.781380E+14   8.1951E-05   8.2023E-05   0.99913
FLUX  497   629.00        4.766176E+14   8.1571E-05   8.1671E-05   0.99877
FLUX  498   631.00        4.751070E+14   8.1116E-05   8.1321E-05   0.99748
FLUX  499   633.00        4.736058E+14   8.0858E-05   8.0974E-05   0.99857
FLUX  500   635.00        4.721142E+14   7.9546E-05   8.0628E-05   0.98658
FLUX  501   637.00        4.706319E+14   7.9511E-05   8.0285E-05   0.99035
FLUX  502   639.00        4.691588E+14   7.9788E-05   7.9944E-05   0.99804
FLUX  503   641.00        4.676950E+14   7.9340E-05   7.9606E-05   0.99666
FLUX  504   643.00        4.662403E+14   7.9196E-05   7.9269E-05   0.99907
FLUX  505   645.00        4.647946E+14   7.8653E-05   7.8935E-05   0.99643
FLUX  506   647.00        4.633578E+14   7.8520E-05   7.8603E-05   0.99895
FLUX  507   649.00        4.619299E+14   7.8050E-05   7.8273E-05   0.99715
FLUX  508   651.00        4.605108E+14   7.7520E-05   7.7945E-05   0.99455
FLUX  509   653.00        4.591003E+14   7.6810E-05   7.7619E-05   0.98958
FLUX  510   655.00        4.576985E+14   7.2563E-05   7.7295E-05   0.93878
FLUX  511   657.00        4.563052E+14   6.2533E-05   7.6973E-05   0.81239
FLUX  512   659.00        4.549203E+14   7.5158E-05   7.6653E-05   0.98049
FLUX  513   661.00        4.535439E+14   7.5960E-05   7.6335E-05   0.99508
FLUX  514   663.00        4.521757E+14   7.5865E-05   7.6020E-05   0.99797
FLUX  515   665.00        4.508158E+14   7.5641E-05   7.5713E-05   0.99905
FLUX  516   667.00        4.494640E+14   7.4991E-05   7.5401E-05   0.99457
FLUX  517   669.00        4.481203E+14   7.4693E-05   7.5091E-05   0.99470
FLUX  518   671.00        4.467846E+14   7.4684E-05   7.4782E-05   0.99868
FLUX  519   673.00        4.454569E+14   7.4387E-05   7.4476E-05   0.99881
FLUX  520   675.00        4.441370E+14   7.4094E-05   7.4172E-05   0.99895
FLUX  521   677.00        4.428250E+14   7.3818E-05   7.3869E-05   0.99931
FLUX  522   679.00        4.415206E+14   7.3453E-05   7.3568E-05   0.99844
FLUX  523   681.00        4.402239E+14   7.3178E-05   7.3269E-05   0.99875
FLUX  524   683.00        4.389348E+14   7.2801E-05   7.2972E-05   0.99765
FLUX  525   685.00        4.376533E+14   7.2562E-05   7.2677E-05   0.99841
FLUX  526   687.00        4.363792E+14   7.2300E-05   7.2384E-05   0.99884
FLUX  527   689.00        4.351125E+14   7.2001E-05   7.2092E-05   0.99874
FLUX  528   691.00        4.338531E+14   7.1712E-05   7.1802E-05   0.99874
FLUX  529   693.00        4.326010E+14   7.1298E-05   7.1514E-05   0.99698
FLUX  530   695.00        4.313561E+14   7.1139E-05   7.1228E-05   0.99875
FLUX  531   697.00        4.301184E+14   7.0883E-05   7.0944E-05   0.99915
FLUX  532   699.00        4.288877E+14   7.0623E-05   7.0661E-05   0.99945
FLUX  533   701.00        4.276641E+14   7.0276E-05   7.0380E-05   0.99851
FLUX  534   703.00        4.264474E+14   7.0025E-05   7.0101E-05   0.99892
FLUX  535   705.00        4.252376E+14   6.9570E-05   6.9823E-05   0.99637
FLUX  536   707.00        4.240347E+14   6.9057E-05   6.9547E-05   0.99296
FLUX  537   709.00        4.228385E+14   6.9244E-05   6.9273E-05   0.99959
FLUX  538   711.00        4.216491E+14   6.8871E-05   6.9000E-05   0.99813
FLUX  539   713.00        4.204663E+14   6.8624E-05   6.8729E-05   0.99848
FLUX  540   715.00        4.192902E+14   6.8370E-05   6.8459E-05   0.99869
FLUX  541   717.00        4.181206E+14   6.8131E-05   6.8191E-05   0.99912
FLUX  542   719.00        4.169576E+14   6.7889E-05   6.7925E-05   0.99948
FLUX  543   721.00        4.158010E+14   6.7629E-05   6.7660E-05   0.99955
FLUX  544   723.00        4.146508E+14   6.7133E-05   6.7396E-05   0.99610
FLUX  545   725.00        4.135069E+14   6.7042E-05   6.7135E-05   0.99863
FLUX  546   727.00        4.123693E+14   6.6848E-05   6.6874E-05   0.99961
FLUX  547   729.00        4.112380E+14   6.6442E-05   6.6615E-05   0.99740
FLUX  548   731.00        4.101129E+14   6.6317E-05   6.6358E-05   0.99938
FLUX  549   733.00        4.089939E+14   6.6066E-05   6.6102E-05   0.99945
FLUX  550   735.00        4.078810E+14   6.5841E-05   6.5848E-05   0.99990
FLUX  551   737.00        4.067741E+14   6.5581E-05   6.5595E-05   0.99979
FLUX  552   739.00        4.056732E+14   6.5334E-05   6.5343E-05   0.99986
FLUX  553   741.00        4.045783E+14   6.5062E-05   6.5093E-05   0.99952
FLUX  554   743.00        4.034892E+14   6.4713E-05   6.4845E-05   0.99797
FLUX  555   745.00        4.024060E+14   6.4522E-05   6.4598E-05   0.99881
FLUX  556   747.00        4.013286E+14   6.4182E-05   6.4353E-05   0.99735
FLUX  557   749.00        4.002570E+14   6.4017E-05   6.4108E-05   0.99857
FLUX  558   751.00        3.991911E+14   6.3771E-05   6.3865E-05   0.99853
FLUX  559   753.00        3.981308E+14   6.3584E-05   6.3624E-05   0.99937
FLUX  560   755.00        3.970762E+14   6.3349E-05   6.3384E-05   0.99945
FLUX  561   757.00        3.960271E+14   6.3117E-05   6.3145E-05   0.99956
FLUX  562   759.00        3.949835E+14   6.2858E-05   6.2908E-05   0.99921
FLUX  563   761.00        3.939455E+14   6.2666E-05   6.2672E-05   0.99991
FLUX  564   763.00        3.929128E+14   6.2415E-05   6.2437E-05   0.99965
FLUX  565   765.00        3.918856E+14   6.2156E-05   6.2204E-05   0.99923
FLUX  566   767.00        3.908638E+14   6.1935E-05   6.1972E-05   0.99941
FLUX  567   769.00        3.898472E+14   6.1694E-05   6.1741E-05   0.99924
FLUX  568   771.00        3.888359E+14   6.1460E-05   6.1512E-05   0.99916
FLUX  569   773.00        3.878299E+14   6.1248E-05   6.1284E-05   0.99942
FLUX  570   775.00        3.868290E+14   6.1015E-05   6.1057E-05   0.99931
FLUX  571   777.00        3.858333E+14   6.0043E-05   6.0831E-05   0.98704
FLUX  572   779.00        3.848427E+14   6.0566E-05   6.0607E-05   0.99932
FLUX  573   781.00        3.838572E+14   6.0372E-05   6.0384E-05   0.99980
FLUX  574   783.00        3.828768E+14   6.0145E-05   6.0162E-05   0.99971
FLUX  575   785.00        3.819013E+14   5.9710E-05   5.9946E-05   0.99606
FLUX  576   787.00        3.809307E+14   5.9469E-05   5.9727E-05   0.99568
FLUX  577   789.00        3.799651E+14   5.9185E-05   5.9509E-05   0.99456
FLUX  578   791.00        3.790044E+14   5.9235E-05   5.9292E-05   0.99904
FLUX  579   793.00        3.780485E+14   5.9057E-05   5.9076E-05   0.99967
FLUX  580   795.00        3.770975E+14   5.8623E-05   5.8861E-05   0.99595
FLUX  581   797.00        3.761512E+14   5.8614E-05   5.8648E-05   0.99942
FLUX  582   799.00        3.752096E+14   5.8039E-05   5.8435E-05   0.99322
FLUX  583   801.00        3.742728E+14   5.8195E-05   5.8224E-05   0.99949
FLUX  584   803.00        3.733406E+14   5.7978E-05   5.8014E-05   0.99937
FLUX  585   805.00        3.724130E+14   5.7760E-05   5.7805E-05   0.99921
FLUX  586   807.00        3.714901E+14   5.7574E-05   5.7598E-05   0.99959
FLUX  587   809.00        3.705717E+14   5.7338E-05   5.7391E-05   0.99907
FLUX  588   811.00        3.696578E+14   5.7125E-05   5.7186E-05   0.99894
FLUX  589   813.00        3.687485E+14   5.6940E-05   5.6981E-05   0.99928
FLUX  590   815.00        3.678436E+14   5.6735E-05   5.6778E-05   0.99925
FLUX  591   817.00        3.669431E+14   5.6559E-05   5.6576E-05   0.99970
FLUX  592   819.00        3.660470E+14   5.6292E-05   5.6375E-05   0.99854
FLUX  593   821.00        3.651553E+14   5.5977E-05   6.2943E-05   0.88933
FLUX  594   823.00        3.642679E+14   5.5690E-05   6.2703E-05   0.88814
FLUX  595   825.00        3.633848E+14   5.5810E-05   6.2466E-05   0.89346
FLUX  596   827.00        3.625060E+14   5.5652E-05   6.2235E-05   0.89421
FLUX  597   829.00        3.616315E+14   5.5312E-05   6.2000E-05   0.89213
FLUX  598   831.00        3.607611E+14   5.5139E-05   6.1766E-05   0.89270
FLUX  599   833.00        3.598950E+14   5.4723E-05   6.1533E-05   0.88933
FLUX  600   835.00        3.590329E+14   5.4102E-05   6.1302E-05   0.88254
FLUX  601   837.00        3.581750E+14   5.3615E-05   6.1072E-05   0.87790
FLUX  602   839.00        3.573212E+14   5.3017E-05   6.0843E-05   0.87136
FLUX  603   841.00        3.564715E+14   5.2564E-05   6.0616E-05   0.86716
FLUX  604   843.00        3.556257E+14   5.2582E-05   6.0390E-05   0.87071
FLUX  605   845.00        3.547840E+14   5.2470E-05   6.0165E-05   0.87209
FLUX  606   847.00        3.539463E+14   5.0872E-05   5.9942E-05   0.84869
FLUX  607   849.00        3.531125E+14   5.3716E-05   5.9719E-05   0.89947
FLUX  608   851.00        3.522826E+14   5.0423E-05   5.9498E-05   0.84747
FLUX  609   853.00        3.514566E+14   5.4699E-05   5.9278E-05   0.92275
FLUX  610   855.00        3.506345E+14   4.8750E-05   5.9059E-05   0.82544
FLUX  611   857.00        3.498162E+14   5.5799E-05   5.8842E-05   0.94829
FLUX  612   859.00        3.490017E+14   5.1449E-05   5.8625E-05   0.87759
FLUX  613   861.00        3.481911E+14   5.0419E-05   5.8410E-05   0.86320
FLUX  614   863.00        3.473841E+14   5.6321E-05   5.8196E-05   0.96777
FLUX  615   865.00        3.465809E+14   5.4029E-05   5.7983E-05   0.93180
FLUX  616   867.00        3.457814E+14   4.6770E-05   5.7772E-05   0.80957
FLUX  617   869.00        3.449856E+14   5.5096E-05   5.7561E-05   0.95718
FLUX  618   871.00        3.441935E+14   5.6380E-05   5.7352E-05   0.98306
FLUX  619   873.00        3.434049E+14   5.4717E-05   5.7143E-05   0.95755
FLUX  620   875.00        3.426200E+14   4.5900E-05   5.6936E-05   0.80617
FLUX  621   877.00        3.418387E+14   5.2940E-05   5.6730E-05   0.93320
FLUX  622   879.00        3.410609E+14   5.5707E-05   5.6525E-05   0.98552
FLUX  623   881.00        3.402866E+14   5.5800E-05   5.6322E-05   0.99075
FLUX  624   883.00        3.395159E+14   5.5024E-05   5.6119E-05   0.98049
FLUX  625   885.00        3.387486E+14   5.1366E-05   5.5917E-05   0.91861
FLUX  626   887.00        3.379848E+14   4.5320E-05   5.5717E-05   0.81340
FLUX  627   889.00        3.372244E+14   5.3757E-05   5.5517E-05   0.96829
FLUX  628   891.00        3.364675E+14   5.4735E-05   5.5319E-05   0.98944
FLUX  629   893.00        3.357139E+14   5.4642E-05   5.5122E-05   0.99129
FLUX  630   895.00        3.349637E+14   5.4673E-05   5.4926E-05   0.99540
FLUX  631   897.00        3.342168E+14   5.4303E-05   5.4731E-05   0.99218
FLUX  632   899.00        3.334733E+14   5.3011E-05   5.4537E-05   0.97202
FLUX  633   901.00        3.327331E+14   4.5253E-05   5.4344E-05   0.83273
FLUX  634   903.00        3.319961E+14   4.8633E-05   5.4152E-05   0.89810
FLUX  635   905.00        3.312624E+14   5.3028E-05   5.3961E-05   0.98272
FLUX  636   907.00        3.305320E+14   5.3052E-05   5.3771E-05   0.98664
FLUX  637   909.00        3.298047E+14   5.3024E-05   5.3582E-05   0.98959
FLUX  638   911.00        3.290807E+14   5.3165E-05   5.3394E-05   0.99571
FLUX  639   913.00        3.283598E+14   5.2986E-05   5.3207E-05   0.99585
FLUX  640   915.00        3.276421E+14   5.2890E-05   5.3021E-05   0.99753
FLUX  641   917.00        3.269275E+14   5.2471E-05   5.2836E-05   0.99310
FLUX  642   919.00        3.262160E+14   5.1860E-05   5.2652E-05   0.98496
FLUX  643   921.00        3.255076E+14   4.9987E-05   5.2469E-05   0.95270
FLUX  644   923.00        3.248023E+14   4.1796E-05   5.2287E-05   0.79936
FLUX  645   925.00        3.241000E+14   4.8951E-05   5.2106E-05   0.93947
FLUX  646   927.00        3.234008E+14   5.0506E-05   5.1925E-05   0.97266
FLUX  647   929.00        3.227045E+14   5.1350E-05   5.1746E-05   0.99234
FLUX  648   931.00        3.220113E+14   5.1399E-05   5.1568E-05   0.99672
FLUX  649   933.00        3.213210E+14   5.1246E-05   5.1390E-05   0.99720
FLUX  650   935.00        3.206337E+14   5.1151E-05   5.1214E-05   0.99877
FLUX  651   937.00        3.199493E+14   5.0979E-05   5.1038E-05   0.99884
FLUX  652   939.00        3.192678E+14   5.0732E-05   5.0863E-05   0.99743
FLUX  653   941.00        3.185893E+14   5.0165E-05   5.0689E-05   0.98966
FLUX  654   943.00        3.179136E+14   5.0442E-05   5.0516E-05   0.99853
FLUX  655   945.00        3.172407E+14   5.0311E-05   5.0344E-05   0.99934
FLUX  656   947.00        3.165707E+14   4.9994E-05   5.0173E-05   0.99643
FLUX  657   949.00        3.159036E+14   4.9748E-05   5.0003E-05   0.99489
FLUX  658   951.00        3.152392E+14   4.9132E-05   4.9834E-05   0.98592
FLUX  659   953.00        3.145776E+14   4.6841E-05   4.9665E-05   0.94313
FLUX  660   955.00        3.139188E+14   3.9993E-05   4.9498E-05   0.80798
FLUX  661   957.00        3.132628E+14   4.7266E-05   4.9331E-05   0.95815
FLUX  662   959.00        3.126095E+14   4.8689E-05   4.9165E-05   0.99033
FLUX  663   961.00        3.119589E+14   4.8762E-05   4.9000E-05   0.99515
FLUX  664   963.00        3.113110E+14   4.8338E-05   4.8835E-05   0.98982
FLUX  665   965.00        3.106658E+14   4.8644E-05   4.8672E-05   0.99942
FLUX  666   967.00        3.100233E+14   4.8378E-05   4.8509E-05   0.99728
FLUX  667   969.00        3.093834E+14   4.8307E-05   4.8348E-05   0.99916
FLUX  668   971.00        3.087461E+14   4.8159E-05   4.8187E-05   0.99943
FLUX  669   973.00        3.081115E+14   4.8009E-05   4.8026E-05   0.99963
FLUX  670   975.00        3.074795E+14   4.7837E-05   4.7867E-05   0.99938
FLUX  671   977.00        3.068501E+14   4.7705E-05   4.7709E-05   0.99992
FLUX  672   979.00        3.062232E+14   4.7537E-05   4.7551E-05   0.99972
FLUX  673   981.00        3.055989E+14   4.7367E-05   4.7394E-05   0.99943
FLUX  674   983.00        3.049771E+14   4.7170E-05   4.7238E-05   0.99857
FLUX  675   985.00        3.043579E+14   4.7047E-05   4.7082E-05   0.99925
FLUX  676   987.00        3.037411E+14   4.6887E-05   4.6928E-05   0.99914
FLUX  677   989.00        3.031269E+14   4.6662E-05   4.6774E-05   0.99762
FLUX  678   991.00        3.025151E+14   4.6562E-05   4.6621E-05   0.99874
FLUX  679   993.00        3.019058E+14   4.6433E-05   4.6468E-05   0.99925
FLUX  680   995.00        3.012990E+14   4.6273E-05   4.6317E-05   0.99905
FLUX  681   997.00        3.006946E+14   4.6057E-05   4.6166E-05   0.99764
FLUX  682   999.00        3.000926E+14   4.5819E-05   4.6015E-05   0.99573
FLUX  683  1002.50        2.990449E+14   4.3446E-05   4.5754E-05   0.94956
FLUX  684  1007.50        2.975608E+14   4.1947E-05   4.5385E-05   0.92425
FLUX  685  1012.50        2.960914E+14   4.4633E-05   4.5020E-05   0.99141
FLUX  686  1017.50        2.946364E+14   4.4584E-05   4.4660E-05   0.99830
FLUX  687  1022.50        2.931956E+14   4.4280E-05   4.4304E-05   0.99946
FLUX  688  1027.50        2.917689E+14   4.3934E-05   4.3952E-05   0.99959
FLUX  689  1032.50        2.903559E+14   4.3536E-05   4.3604E-05   0.99844
FLUX  690  1037.50        2.889566E+14   4.3241E-05   4.3261E-05   0.99954
FLUX  691  1042.50        2.875707E+14   4.2911E-05   4.2921E-05   0.99976
FLUX  692  1047.50        2.861981E+14   4.2554E-05   4.2586E-05   0.99926
FLUX  693  1052.50        2.848385E+14   4.2195E-05   4.2254E-05   0.99859
FLUX  694  1057.50        2.834917E+14   4.1899E-05   4.1926E-05   0.99935
FLUX  695  1062.50        2.821576E+14   4.1592E-05   4.1603E-05   0.99975
FLUX  696  1067.50        2.808361E+14   4.1102E-05   4.1282E-05   0.99562
FLUX  697  1072.50        2.795268E+14   4.0914E-05   4.0966E-05   0.99873
FLUX  698  1077.50        2.782297E+14   4.0628E-05   4.0653E-05   0.99938
FLUX  699  1082.50        2.769446E+14   4.0088E-05   4.0344E-05   0.99365
FLUX  700  1087.50        2.756713E+14   3.9840E-05   4.0039E-05   0.99504
FLUX  701  1092.50        2.744096E+14   3.5944E-05   3.9736E-05   0.90456
FLUX  702  1097.50        2.731595E+14   3.8290E-05   3.9438E-05   0.97090
FLUX  703  1102.50        2.719206E+14   3.9023E-05   3.9142E-05   0.99696
FLUX  704  1107.50        2.706930E+14   3.8841E-05   3.8850E-05   0.99977
FLUX  705  1112.50        2.694764E+14   3.8552E-05   3.8562E-05   0.99975
FLUX  706  1117.50        2.682707E+14   3.8259E-05   3.8276E-05   0.99957
FLUX  707  1122.50        2.670757E+14   3.7983E-05   3.7994E-05   0.99972
FLUX  708  1127.50        2.658914E+14   3.7506E-05   3.7715E-05   0.99448
FLUX  709  1132.50        2.647174E+14   3.7271E-05   3.7439E-05   0.99552
FLUX  710  1137.50        2.635538E+14   3.7153E-05   3.7165E-05   0.99968
FLUX  711  1142.50        2.624004E+14   3.6882E-05   3.6895E-05   0.99964
FLUX  712  1147.50        2.612571E+14   3.6624E-05   3.6628E-05   0.99987
FLUX  713  1152.50        2.601236E+14   3.6359E-05   3.6364E-05   0.99985
FLUX  714  1157.50        2.590000E+14   3.6098E-05   3.6103E-05   0.99986
FLUX  715  1162.50        2.578860E+14   3.5784E-05   3.5844E-05   0.99830
FLUX  716  1167.50        2.567816E+14   3.5530E-05   3.5589E-05   0.99836
FLUX  717  1172.50        2.556866E+14   3.5319E-05   3.5336E-05   0.99953
FLUX  718  1177.50        2.546008E+14   3.4961E-05   3.5085E-05   0.99647
FLUX  719  1182.50        2.535243E+14   3.4819E-05   3.4837E-05   0.99946
FLUX  720  1187.50        2.524568E+14   3.4553E-05   3.4592E-05   0.99887
FLUX  721  1192.50        2.513983E+14   3.4347E-05   3.4350E-05   0.99993
FLUX  722  1197.50        2.503486E+14   3.4058E-05   3.4110E-05   0.99850
FLUX  723  1202.50        2.493077E+14   3.3868E-05   3.3872E-05   0.99988
FLUX  724  1207.50        2.482754E+14   3.3633E-05   3.3637E-05   0.99987
FLUX  725  1212.50        2.472515E+14   3.3393E-05   3.3404E-05   0.99967
FLUX  726  1217.50        2.462361E+14   3.3169E-05   3.3174E-05   0.99983
FLUX  727  1222.50        2.452290E+14   3.2938E-05   3.2947E-05   0.99974
FLUX  728  1227.50        2.442301E+14   3.2707E-05   3.2721E-05   0.99956
FLUX  729  1232.50        2.432394E+14   3.2486E-05   3.2498E-05   0.99963
FLUX  730  1237.50        2.422566E+14   3.2268E-05   3.2277E-05   0.99972
FLUX  731  1242.50        2.412817E+14   3.2058E-05   3.2059E-05   0.99997
FLUX  732  1247.50        2.403146E+14   3.1788E-05   3.1842E-05   0.99830
FLUX  733  1252.50        2.393553E+14   3.1616E-05   3.1628E-05   0.99961
FLUX  734  1257.50        2.384036E+14   3.1376E-05   3.1416E-05   0.99873
FLUX  735  1262.50        2.374594E+14   3.1193E-05   3.1206E-05   0.99958
FLUX  736  1267.50        2.365227E+14   3.0993E-05   3.0998E-05   0.99981
FLUX  737  1272.50        2.355933E+14   3.0753E-05   3.0793E-05   0.99870
FLUX  738  1277.50        2.346712E+14   3.0159E-05   3.0589E-05   0.98594
FLUX  739  1282.50        2.337563E+14   2.7502E-05   3.0388E-05   0.90505
FLUX  740  1287.50        2.328485E+14   2.9929E-05   3.0188E-05   0.99143
FLUX  741  1292.50        2.319478E+14   2.9969E-05   2.9990E-05   0.99928
FLUX  742  1297.50        2.310539E+14   2.9776E-05   2.9795E-05   0.99937
FLUX  743  1302.50        2.301670E+14   2.9600E-05   2.9601E-05   0.99998
FLUX  744  1307.50        2.292868E+14   2.9408E-05   2.9409E-05   0.99997
FLUX  745  1312.50        2.284133E+14   2.9218E-05   2.9219E-05   0.99998
FLUX  746  1317.50        2.275465E+14   2.8997E-05   2.9031E-05   0.99882
FLUX  747  1322.50        2.266862E+14   2.8844E-05   2.8845E-05   0.99998
FLUX  748  1327.50        2.258324E+14   2.8660E-05   2.8660E-05   0.99999
FLUX  749  1332.50        2.249850E+14   2.8476E-05   2.8477E-05   0.99997
FLUX  750  1337.50        2.241439E+14   2.8296E-05   2.8296E-05   0.99998
FLUX  751  1342.50        2.233091E+14   2.8109E-05   2.8117E-05   0.99970
FLUX  752  1347.50        2.224805E+14   2.7932E-05   2.7939E-05   0.99974
FLUX  753  1352.50        2.216580E+14   2.7752E-05   2.7763E-05   0.99959
FLUX  754  1357.50        2.208416E+14   2.7581E-05   2.7589E-05   0.99972
FLUX  755  1362.50        2.200312E+14   2.7409E-05   2.7416E-05   0.99971
FLUX  756  1367.50        2.192267E+14   2.7227E-05   2.7245E-05   0.99931
FLUX  757  1372.50        2.184281E+14   2.7061E-05   2.7076E-05   0.99945
FLUX  758  1377.50        2.176352E+14   2.6906E-05   2.6908E-05   0.99993
FLUX  759  1382.50        2.168481E+14   2.6740E-05   2.6742E-05   0.99994
FLUX  760  1387.50        2.160667E+14   2.6576E-05   2.6577E-05   0.99997
FLUX  761  1392.50        2.152908E+14   2.6409E-05   2.6414E-05   0.99983
FLUX  762  1397.50        2.145206E+14   2.6249E-05   2.6252E-05   0.99987
FLUX  763  1402.50        2.137558E+14   2.6091E-05   2.6092E-05   0.99997
FLUX  764  1407.50        2.129964E+14   2.5930E-05   2.5933E-05   0.99988
FLUX  765  1412.50        2.122425E+14   2.5770E-05   2.5776E-05   0.99978
FLUX  766  1417.50        2.114938E+14   2.5619E-05   2.5620E-05   0.99998
FLUX  767  1422.50        2.107504E+14   2.5465E-05   2.5465E-05   0.99997
FLUX  768  1427.50        2.100123E+14   2.5312E-05   2.5312E-05   0.99999
FLUX  769  1432.50        2.092792E+14   2.5159E-05   2.5161E-05   0.99993
FLUX  770  1437.50        2.085513E+14   2.5007E-05   2.5010E-05   0.99989
FLUX  771  1442.50        2.078284E+14   2.4828E-05   2.4861E-05   0.99864
FLUX  772  1447.50        2.071105E+14   2.4706E-05   2.4714E-05   0.99967
FLUX  773  1452.50        2.063976E+14   2.4550E-05   2.4567E-05   0.99930
FLUX  774  1457.00        2.057601E+14   2.4436E-05   2.4437E-05   0.99998
FLUX  775  1462.00        2.050564E+14   2.4605E-05   2.5057E-05   0.98193
FLUX  776  1467.50        2.042879E+14   2.4854E-05   2.4893E-05   0.99842
FLUX  777  1472.50        2.035942E+14   2.4581E-05   2.4745E-05   0.99340
FLUX  778  1477.50        2.029052E+14   2.4266E-05   2.4598E-05   0.98653
FLUX  779  1482.50        2.022209E+14   2.3996E-05   2.4452E-05   0.98134
FLUX  780  1487.50        2.015412E+14   2.3736E-05   2.4308E-05   0.97648
FLUX  781  1492.50        2.008660E+14   2.3521E-05   2.4165E-05   0.97336
FLUX  782  1497.50        2.001953E+14   2.3245E-05   2.4023E-05   0.96760
FLUX  783  1502.50        1.995291E+14   2.3051E-05   2.3883E-05   0.96515
FLUX  784  1507.50        1.988673E+14   2.2856E-05   2.3744E-05   0.96264
FLUX  785  1512.50        1.982099E+14   2.2646E-05   2.3606E-05   0.95934
FLUX  786  1517.50        1.975568E+14   2.2503E-05   2.3469E-05   0.95887
FLUX  787  1522.50        1.969080E+14   2.2463E-05   2.3333E-05   0.96270
FLUX  788  1527.50        1.962635E+14   2.2191E-05   2.3199E-05   0.95657
FLUX  789  1532.50        1.956232E+14   2.2071E-05   2.3065E-05   0.95690
FLUX  790  1537.50        1.949870E+14   2.2162E-05   2.2933E-05   0.96637
FLUX  791  1542.50        1.943549E+14   2.1694E-05   2.2802E-05   0.95138
FLUX  792  1547.50        1.937270E+14   2.1966E-05   2.2673E-05   0.96883
FLUX  793  1552.50        1.931031E+14   2.1875E-05   2.2544E-05   0.97033
FLUX  794  1557.50        1.924831E+14   2.1138E-05   2.2416E-05   0.94296
FLUX  795  1562.50        1.918672E+14   2.2015E-05   2.2290E-05   0.98768
FLUX  796  1567.50        1.912552E+14   2.1317E-05   2.2164E-05   0.96179
FLUX  797  1572.50        1.906471E+14   2.0803E-05   2.2040E-05   0.94388
FLUX  798  1577.50        1.900428E+14   2.1731E-05   2.1916E-05   0.99154
FLUX  799  1582.50        1.894423E+14   2.1548E-05   2.1794E-05   0.98870
FLUX  800  1587.50        1.888457E+14   2.0043E-05   2.1673E-05   0.92478
FLUX  801  1592.50        1.882527E+14   2.1040E-05   2.1552E-05   0.97621
FLUX  802  1597.50        1.876635E+14   2.1364E-05   2.1433E-05   0.99676
FLUX  803  1605.00        1.867866E+14   2.0929E-05   2.1256E-05   0.98464
FLUX  804  1615.00        1.856300E+14   2.0089E-05   2.1023E-05   0.95558
FLUX  805  1625.00        1.844877E+14   2.0763E-05   2.0794E-05   0.99849
FLUX  806  1635.00        1.833593E+14   2.0213E-05   2.0569E-05   0.98272
FLUX  807  1645.00        1.822447E+14   1.9434E-05   2.0347E-05   0.95512
FLUX  808  1655.00        1.811435E+14   2.0114E-05   2.0129E-05   0.99926
FLUX  809  1665.00        1.800556E+14   1.9910E-05   1.9915E-05   0.99977
FLUX  810  1675.00        1.789806E+14   1.9347E-05   1.9704E-05   0.98190
FLUX  811  1685.00        1.779184E+14   1.8601E-05   1.9496E-05   0.95411
FLUX  812  1695.00        1.768687E+14   1.9264E-05   1.9291E-05   0.99859
FLUX  813  1705.00        1.758314E+14   1.9068E-05   1.9090E-05   0.99882
FLUX  814  1715.00        1.748061E+14   1.8882E-05   1.8892E-05   0.99946
FLUX  815  1725.00        1.737928E+14   1.8655E-05   1.8697E-05   0.99775
FLUX  816  1735.00        1.727911E+14   1.7454E-05   1.8505E-05   0.94319
FLUX  817  1745.00        1.718009E+14   1.8184E-05   1.8316E-05   0.99278
FLUX  818  1755.00        1.708219E+14   1.8120E-05   1.8130E-05   0.99948
FLUX  819  1765.00        1.698541E+14   1.7939E-05   1.7946E-05   0.99958
FLUX  820  1775.00        1.688972E+14   1.7754E-05   1.7766E-05   0.99935
FLUX  821  1785.00        1.679510E+14   1.7582E-05   1.7588E-05   0.99963
FLUX  822  1795.00        1.670153E+14   1.7412E-05   1.7413E-05   0.99997
FLUX  823  1805.00        1.660900E+14   1.7189E-05   1.7240E-05   0.99701
FLUX  824  1815.00        1.651749E+14   1.6183E-05   1.7070E-05   0.94804
FLUX  825  1825.00        1.642699E+14   1.6695E-05   1.6903E-05   0.98767
FLUX  826  1835.00        1.633747E+14   1.6732E-05   1.6738E-05   0.99966
FLUX  827  1845.00        1.624892E+14   1.6573E-05   1.6575E-05   0.99987
FLUX  828  1855.00        1.616132E+14   1.6405E-05   1.6415E-05   0.99940
FLUX  829  1865.00        1.607466E+14   1.6197E-05   1.6257E-05   0.99633
FLUX  830  1875.00        1.598893E+14   1.5264E-05   1.6101E-05   0.94799
FLUX  831  1885.00        1.590411E+14   1.5896E-05   1.5948E-05   0.99673
FLUX  832  1895.00        1.582018E+14   1.5792E-05   1.5797E-05   0.99970
FLUX  833  1905.00        1.573714E+14   1.5639E-05   1.5648E-05   0.99946
FLUX  834  1915.00        1.565496E+14   1.5499E-05   1.5501E-05   0.99989
FLUX  835  1925.00        1.557364E+14   1.5352E-05   1.5356E-05   0.99975
FLUX  836  1935.00        1.549315E+14   1.5156E-05   1.5213E-05   0.99626
FLUX  837  1945.00        1.541350E+14   1.4232E-05   1.5072E-05   0.94427
FLUX  838  1955.00        1.533465E+14   1.4875E-05   1.4933E-05   0.99612
FLUX  839  1965.00        1.525662E+14   1.4796E-05   1.4796E-05   0.99998
FLUX  840  1975.00        1.517937E+14   1.4660E-05   1.4661E-05   0.99993
FLUX  841  1985.00        1.510290E+14   1.4527E-05   1.4527E-05   0.99997
FLUX  842  1995.00        1.502719E+14   1.4396E-05   1.4396E-05   0.99998
FLUX  843  2005.00        1.495224E+14   1.4266E-05   1.4266E-05   0.99999
FLUX  844  2015.00        1.487804E+14   1.4138E-05   1.4138E-05   0.99999
FLUX  845  2025.00        1.480457E+14   1.4012E-05   1.4012E-05   0.99999
FLUX  846  2035.00        1.473182E+14   1.3887E-05   1.3887E-05   0.99997
FLUX  847  2045.00        1.465978E+14   1.3764E-05   1.3765E-05   0.99997
FLUX  848  2055.00        1.458844E+14   1.3637E-05   1.3643E-05   0.99951
FLUX  849  2065.00        1.451780E+14   1.3523E-05   1.3524E-05   0.99998
FLUX  850  2075.00        1.444783E+14   1.3405E-05   1.3406E-05   0.99998
FLUX  851  2085.00        1.437854E+14   1.3289E-05   1.3289E-05   0.99999
FLUX  852  2095.00        1.430990E+14   1.3173E-05   1.3174E-05   0.99991
FLUX  853  2105.00        1.424192E+14   1.3060E-05   1.3061E-05   0.99997
FLUX  854  2115.00        1.417459E+14   1.2941E-05   1.2948E-05   0.99942
FLUX  855  2125.00        1.410788E+14   1.2835E-05   1.2838E-05   0.99980
FLUX  856  2135.00        1.404180E+14   1.2725E-05   1.2729E-05   0.99974
FLUX  857  2145.00        1.397634E+14   1.2617E-05   1.2621E-05   0.99974
FLUX  858  2155.00        1.391148E+14   1.2477E-05   1.2514E-05   0.99705
FLUX  859  2165.00        1.384723E+14   1.1744E-05   1.2409E-05   0.94636
FLUX  860  2175.00        1.378356E+14   1.2232E-05   1.2305E-05   0.99402
FLUX  861  2185.00        1.372048E+14   1.2201E-05   1.2203E-05   0.99987
FLUX  862  2195.00        1.365797E+14   1.2099E-05   1.2102E-05   0.99979
FLUX  863  2205.00        1.359603E+14   1.2001E-05   1.2002E-05   0.99999
FLUX  864  2215.00        1.353465E+14   1.1902E-05   1.1903E-05   0.99992
FLUX  865  2225.00        1.347382E+14   1.1805E-05   1.1805E-05   0.99997
FLUX  866  2235.00        1.341353E+14   1.1709E-05   1.1709E-05   0.99998
FLUX  867  2245.00        1.335379E+14   1.1614E-05   1.1614E-05   0.99999
FLUX  868  2255.00        1.329457E+14   1.1520E-05   1.1520E-05   0.99999
FLUX  869  2265.00        1.323587E+14   1.1427E-05   1.1427E-05   0.99999
FLUX  870  2275.00        1.317769E+14   1.1335E-05   1.1335E-05   0.99999
FLUX  871  2285.00        1.312002E+14   1.1271E-05   1.1369E-05   0.99144
FLUX  872  2295.00        1.306285E+14   1.1277E-05   1.1278E-05   0.99994
FLUX  873  2305.00        1.300618E+14   1.1183E-05   1.1188E-05   0.99957
FLUX  874  2315.00        1.295000E+14   1.1064E-05   1.1099E-05   0.99689
FLUX  875  2325.00        1.289430E+14   1.0955E-05   1.1011E-05   0.99494
FLUX  876  2335.00        1.283908E+14   1.0849E-05   1.0924E-05   0.99312
FLUX  877  2345.00        1.278433E+14   1.0751E-05   1.0838E-05   0.99193
FLUX  878  2355.00        1.273004E+14   1.0646E-05   1.0754E-05   0.99001
FLUX  879  2365.00        1.267622E+14   1.0559E-05   1.0670E-05   0.98962
FLUX  880  2375.00        1.262284E+14   1.0455E-05   1.0587E-05   0.98758
FLUX  881  2385.00        1.256992E+14   1.0363E-05   1.0505E-05   0.98644
FLUX  882  2395.00        1.251743E+14   1.0281E-05   1.0424E-05   0.98627
FLUX  883  2405.00        1.246538E+14   1.0192E-05   1.0344E-05   0.98531
FLUX  884  2415.00        1.241377E+14   1.0101E-05   1.0265E-05   0.98398
FLUX  885  2425.00        1.236258E+14   1.0046E-05   1.0187E-05   0.98617
FLUX  886  2435.00        1.231181E+14   9.9577E-06   1.0110E-05   0.98496
FLUX  887  2445.00        1.226145E+14   9.8650E-06   1.0033E-05   0.98322
FLUX  888  2455.00        1.221151E+14   9.8351E-06   9.9578E-06   0.98768
FLUX  889  2465.00        1.216197E+14   9.7228E-06   9.8831E-06   0.98378
FLUX  890  2475.00        1.211283E+14   9.6580E-06   9.8093E-06   0.98458
FLUX  891  2485.00        1.206408E+14   9.6678E-06   9.7363E-06   0.99296
FLUX  892  2495.00        1.201573E+14   9.4116E-06   9.6641E-06   0.97387
FLUX  893  2505.00        1.196776E+14   9.5924E-06   9.5927E-06   0.99997
FLUX  894  2515.00        1.192018E+14   9.4773E-06   9.5221E-06   0.99529
FLUX  895  2525.00        1.187297E+14   9.1650E-06   9.4523E-06   0.96961
FLUX  896  2535.00        1.182613E+14   9.3104E-06   9.3832E-06   0.99224
FLUX  897  2545.00        1.177967E+14   9.2943E-06   9.3149E-06   0.99778
FLUX  898  2555.00        1.173356E+14   9.1754E-06   9.2474E-06   0.99221
FLUX  899  2565.00        1.168782E+14   8.8522E-06   9.1805E-06   0.96424
FLUX  900  2575.00        1.164243E+14   9.0641E-06   9.1144E-06   0.99448
FLUX  901  2585.00        1.159739E+14   9.0472E-06   9.0490E-06   0.99980
FLUX  902  2595.00        1.155270E+14   8.9729E-06   8.9844E-06   0.99873
FLUX  903  2605.00        1.150835E+14   8.8101E-06   8.9204E-06   0.98764
FLUX  904  2615.00        1.146434E+14   8.5006E-06   8.8571E-06   0.95976
FLUX  905  2625.00        1.142067E+14   8.2926E-06   8.7944E-06   0.94294
FLUX  906  2635.00        1.137732E+14   8.6611E-06   8.7324E-06   0.99184
FLUX  907  2645.00        1.133431E+14   8.6653E-06   8.6711E-06   0.99933
FLUX  908  2655.00        1.129162E+14   8.6067E-06   8.6104E-06   0.99957
FLUX  909  2665.00        1.124925E+14   8.4941E-06   8.5504E-06   0.99341
FLUX  910  2675.00        1.120720E+14   8.1055E-06   8.4910E-06   0.95460
FLUX  911  2685.00        1.116546E+14   8.3756E-06   8.4322E-06   0.99328
FLUX  912  2695.00        1.112403E+14   8.3732E-06   8.3740E-06   0.99990
FLUX  913  2705.00        1.108290E+14   8.3163E-06   8.3164E-06   0.99999
FLUX  914  2715.00        1.104208E+14   8.2594E-06   8.2594E-06   0.99999
FLUX  915  2725.00        1.100156E+14   8.2029E-06   8.2030E-06   0.99999
FLUX  916  2735.00        1.096133E+14   8.1470E-06   8.1472E-06   0.99997
FLUX  917  2745.00        1.092140E+14   8.0680E-06   8.0919E-06   0.99704
FLUX  918  2755.00        1.088176E+14   7.6983E-06   8.0372E-06   0.95783
FLUX  919  2765.00        1.084241E+14   7.8476E-06   7.9830E-06   0.98304
FLUX  920  2775.00        1.080333E+14   7.9218E-06   7.9294E-06   0.99904
FLUX  921  2785.00        1.076454E+14   7.8762E-06   7.8763E-06   0.99999
FLUX  922  2795.00        1.072603E+14   7.8237E-06   7.8238E-06   0.99999
FLUX  923  2805.00        1.068779E+14   7.7717E-06   7.7718E-06   0.99999
FLUX  924  2815.00        1.064982E+14   7.7199E-06   7.7203E-06   0.99995
FLUX  925  2825.00        1.061212E+14   7.6688E-06   7.6693E-06   0.99993
FLUX  926  2835.00        1.057469E+14   7.6178E-06   7.6188E-06   0.99987
FLUX  927  2845.00        1.053752E+14   7.5683E-06   7.5688E-06   0.99993
FLUX  928  2855.00        1.050061E+14   7.5141E-06   7.5193E-06   0.99931
FLUX  929  2865.00        1.046396E+14   7.3827E-06   7.4702E-06   0.98828
FLUX  930  2875.00        1.042757E+14   7.0609E-06   7.4217E-06   0.95138
FLUX  931  2885.00        1.039142E+14   7.3442E-06   7.3736E-06   0.99600
FLUX  932  2895.00        1.035553E+14   7.3228E-06   7.3260E-06   0.99957
FLUX  933  2905.00        1.031988E+14   7.2788E-06   7.2789E-06   0.99999
FLUX  934  2915.00        1.028448E+14   7.2313E-06   7.2322E-06   0.99988
FLUX  935  2925.00        1.024932E+14   7.1858E-06   7.1859E-06   0.99998
FLUX  936  2935.00        1.021440E+14   7.1396E-06   7.1401E-06   0.99993
FLUX  937  2945.00        1.017971E+14   7.0945E-06   7.0948E-06   0.99996
FLUX  938  2955.00        1.014526E+14   7.0498E-06   7.0498E-06   1.00000
FLUX  939  2965.00        1.011105E+14   7.0052E-06   7.0053E-06   0.99999
FLUX  940  2975.00        1.007706E+14   6.9612E-06   6.9612E-06   0.99999
FLUX  941  2985.00        1.004330E+14   6.9175E-06   6.9176E-06   1.00000
FLUX  942  2995.00        1.000977E+14   6.8743E-06   6.8743E-06   0.99999
FLUX  943  3005.00        9.976456E+13   6.8313E-06   6.8314E-06   0.99998
FLUX  944  3015.00        9.943367E+13   6.7888E-06   6.7890E-06   0.99997
FLUX  945  3025.00        9.910496E+13   6.7305E-06   6.7469E-06   0.99757
FLUX  946  3035.00        9.877842E+13   6.4391E-06   6.7053E-06   0.96031
FLUX  947  3045.00        9.845402E+13   6.5114E-06   6.6640E-06   0.97711
FLUX  948  3055.00        9.813175E+13   6.6112E-06   6.6231E-06   0.99821
FLUX  949  3065.00        9.781158E+13   6.5824E-06   6.5825E-06   0.99998
FLUX  950  3075.00        9.749350E+13   6.5422E-06   6.5424E-06   0.99998
FLUX  951  3085.00        9.717747E+13   6.4991E-06   6.5026E-06   0.99947
FLUX  952  3095.00        9.686349E+13   6.4630E-06   6.4631E-06   0.99998
FLUX  953  3105.00        9.655153E+13   6.4240E-06   6.4241E-06   0.99998
FLUX  954  3115.00        9.624157E+13   6.3853E-06   6.3853E-06   0.99999
FLUX  955  3125.00        9.593360E+13   6.3466E-06   6.3470E-06   0.99994
FLUX  956  3135.00        9.562759E+13   6.3089E-06   6.3090E-06   0.99999
FLUX  957  3145.00        9.532353E+13   6.2709E-06   6.2713E-06   0.99994
FLUX  958  3155.00        9.502139E+13   6.2338E-06   6.2339E-06   0.99999
FLUX  959  3165.00        9.472117E+13   6.1965E-06   6.1969E-06   0.99994
FLUX  960  3175.00        9.442283E+13   6.1601E-06   6.1602E-06   0.99997
FLUX  961  3185.00        9.412637E+13   6.1238E-06   6.1239E-06   0.99999
FLUX  962  3195.00        9.383177E+13   6.0877E-06   6.0878E-06   0.99998
FLUX  963  3210.00        9.339330E+13   6.0343E-06   6.0344E-06   0.99999
FLUX  964  3230.00        9.281502E+13   5.9641E-06   5.9642E-06   1.00000
FLUX  965  3250.00        9.224385E+13   5.8951E-06   5.8952E-06   0.99999
FLUX  966  3270.00        9.167966E+13   5.8261E-06   5.8273E-06   0.99979
FLUX  967  3290.00        9.112234E+13   5.5816E-06   5.7877E-06   0.96438
FLUX  968  3310.00        9.057175E+13   5.6787E-06   5.7218E-06   0.99247
FLUX  969  3330.00        9.002778E+13   5.6565E-06   5.6570E-06   0.99991
FLUX  970  3350.00        8.949030E+13   5.5927E-06   5.5932E-06   0.99990
FLUX  971  3370.00        8.895920E+13   5.5198E-06   5.5306E-06   0.99806
FLUX  972  3390.00        8.843437E+13   5.4527E-06   5.4689E-06   0.99702
FLUX  973  3410.00        8.791569E+13   5.3888E-06   5.4083E-06   0.99638
FLUX  974  3430.00        8.740306E+13   5.3259E-06   5.3487E-06   0.99574
FLUX  975  3450.00        8.689638E+13   5.2646E-06   5.2901E-06   0.99519
FLUX  976  3470.00        8.639553E+13   5.2057E-06   5.2324E-06   0.99490
FLUX  977  3490.00        8.590043E+13   5.1439E-06   5.1757E-06   0.99387
FLUX  978  3510.00        8.541097E+13   5.0881E-06   5.1198E-06   0.99380
FLUX  979  3530.00        8.492705E+13   5.0341E-06   5.0649E-06   0.99392
FLUX  980  3550.00        8.444859E+13   4.9778E-06   5.0109E-06   0.99340
FLUX  981  3570.00        8.397549E+13   4.9211E-06   4.9577E-06   0.99262
FLUX  982  3590.00        8.350766E+13   4.8812E-06   4.9053E-06   0.99508
FLUX  983  3610.00        8.304501E+13   4.8142E-06   4.8538E-06   0.99183
FLUX  984  3630.00        8.258747E+13   4.7825E-06   4.8031E-06   0.99571
FLUX  985  3650.00        8.213493E+13   4.7093E-06   4.7531E-06   0.99077
FLUX  986  3670.00        8.168733E+13   4.6909E-06   4.7040E-06   0.99721
FLUX  987  3690.00        8.124458E+13   4.6020E-06   4.6556E-06   0.98849
FLUX  988  3710.00        8.080660E+13   4.5911E-06   4.6080E-06   0.99633
FLUX  989  3730.00        8.037332E+13   4.4879E-06   4.5610E-06   0.98397
FLUX  990  3750.00        7.994467E+13   4.3744E-06   4.5148E-06   0.96890
FLUX  991  3770.00        7.952056E+13   4.4598E-06   4.4693E-06   0.99788
FLUX  992  3790.00        7.910092E+13   4.4240E-06   4.4245E-06   0.99990
FLUX  993  3810.00        7.868570E+13   4.3321E-06   4.3803E-06   0.98899
FLUX  994  3830.00        7.827480E+13   4.2973E-06   4.3368E-06   0.99088
FLUX  995  3850.00        7.786818E+13   4.2938E-06   4.2940E-06   0.99997
FLUX  996  3870.00        7.746576E+13   4.2514E-06   4.2518E-06   0.99991
FLUX  997  3890.00        7.706748E+13   4.1965E-06   4.2102E-06   0.99675
FLUX  998  3910.00        7.667327E+13   4.0884E-06   4.1692E-06   0.98062
FLUX  999  3930.00        7.628308E+13   4.1242E-06   4.1288E-06   0.99889
FLUX 1000  3950.00        7.589684E+13   4.0880E-06   4.0889E-06   0.99976
FLUX 1001  3970.00        7.551448E+13   4.0497E-06   4.0497E-06   0.99999
FLUX 1002  3990.00        7.513596E+13   4.0108E-06   4.0110E-06   0.99995
FLUX 1003  4010.00        7.476122E+13   3.9282E-06   3.9729E-06   0.98877
FLUX 1004  4030.00        7.439020E+13   3.8711E-06   3.9353E-06   0.98369
FLUX 1005  4050.00        7.402284E+13   3.7890E-06   3.8982E-06   0.97199
FLUX 1006  4070.00        7.365909E+13   3.8567E-06   3.8616E-06   0.99873
FLUX 1007  4090.00        7.329890E+13   3.8255E-06   3.8256E-06   0.99998
FLUX 1008  4110.00        7.294221E+13   3.7900E-06   3.7900E-06   0.99999
FLUX 1009  4130.00        7.258898E+13   3.7547E-06   3.7550E-06   0.99994
FLUX 1010  4150.00        7.223916E+13   3.7138E-06   3.7204E-06   0.99823
FLUX 1011  4170.00        7.189269E+13   3.5896E-06   3.6863E-06   0.97376
FLUX 1012  4190.00        7.154952E+13   3.6441E-06   3.6527E-06   0.99765
FLUX 1013  4210.00        7.120962E+13   3.6194E-06   3.6195E-06   0.99998
FLUX 1014  4230.00        7.087293E+13   3.5868E-06   3.5868E-06   1.00000
FLUX 1015  4250.00        7.053941E+13   3.5544E-06   3.5545E-06   0.99999
FLUX 1016  4270.00        7.020902E+13   3.5226E-06   3.5226E-06   1.00000
FLUX 1017  4290.00        6.988170E+13   3.4910E-06   3.4912E-06   0.99993
FLUX 1018  4310.00        6.955742E+13   3.4602E-06   3.4602E-06   0.99999
FLUX 1019  4330.00        6.923614E+13   3.4296E-06   3.4296E-06   0.99999
FLUX 1020  4350.00        6.891782E+13   3.3972E-06   3.3994E-06   0.99937
FLUX 1021  4370.00        6.860240E+13   3.2837E-06   3.3696E-06   0.97452
FLUX 1022  4390.00        6.828986E+13   3.3156E-06   3.3402E-06   0.99264
FLUX 1023  4410.00        6.798016E+13   3.3111E-06   3.3111E-06   0.99998
FLUX 1024  4430.00        6.767325E+13   3.2825E-06   3.2825E-06   0.99999
FLUX 1025  4450.00        6.736910E+13   3.2542E-06   3.2542E-06   1.00000
FLUX 1026  4470.00        6.706767E+13   3.2338E-06   3.2338E-06   1.00000
FLUX 1027  4490.00        6.676893E+13   3.2061E-06   3.2061E-06   0.99999
FLUX 1028  4510.00        6.647284E+13   3.1788E-06   3.1788E-06   1.00000
FLUX 1029  4530.00        6.617936E+13   3.1516E-06   3.1519E-06   0.99990
FLUX 1030  4550.00        6.588846E+13   3.1252E-06   3.1253E-06   0.99999
FLUX 1031  4570.00        6.560011E+13   3.0989E-06   3.0990E-06   0.99998
FLUX 1032  4590.00        6.531427E+13   3.0730E-06   3.0730E-06   0.99998
FLUX 1033  4610.00        6.503091E+13   3.0473E-06   3.0474E-06   0.99998
FLUX 1034  4630.00        6.475000E+13   3.0177E-06   3.0221E-06   0.99856
FLUX 1035  4650.00        6.447151E+13   2.8984E-06   2.9971E-06   0.96706
FLUX 1036  4670.00        6.419540E+13   2.8711E-06   2.9724E-06   0.96594
FLUX 1037  4690.00        6.392164E+13   2.9345E-06   2.9480E-06   0.99542
FLUX 1038  4710.00        6.365021E+13   2.9239E-06   2.9239E-06   0.99998
FLUX 1039  4730.00        6.338108E+13   2.9001E-06   2.9001E-06   0.99999
FLUX 1040  4750.00        6.311421E+13   2.8763E-06   2.8766E-06   0.99987
FLUX 1041  4770.00        6.284958E+13   2.8534E-06   2.8534E-06   0.99999
FLUX 1042  4790.00        6.258716E+13   2.8304E-06   2.8304E-06   1.00000
FLUX 1043  4810.00        6.232692E+13   2.8078E-06   2.8078E-06   1.00000
FLUX 1044  4830.00        6.206884E+13   2.7854E-06   2.7854E-06   1.00000
FLUX 1045  4850.00        6.181289E+13   2.7632E-06   2.7632E-06   1.00000
FLUX 1046  4870.00        6.155903E+13   2.7414E-06   2.7414E-06   1.00000
FLUX 1047  4890.00        6.130726E+13   2.7198E-06   2.7198E-06   1.00000
FLUX 1048  4910.00        6.105754E+13   2.6984E-06   2.6984E-06   1.00000
FLUX 1049  4930.00        6.080984E+13   2.6773E-06   2.6773E-06   1.00000
FLUX 1050  4950.00        6.056414E+13   2.6564E-06   2.6564E-06   1.00000
FLUX 1051  4970.00        6.032042E+13   2.6358E-06   2.6358E-06   1.00000
FLUX 1052  4990.00        6.007866E+13   2.6154E-06   2.6154E-06   1.00000
FLUX 1053  5010.00        5.983882E+13   2.5952E-06   2.5953E-06   0.99999
FLUX 1054  5030.00        5.960089E+13   2.5753E-06   2.5753E-06   0.99998
FLUX 1055  5050.00        5.936485E+13   2.5556E-06   2.5556E-06   1.00000
FLUX 1056  5070.00        5.913067E+13   2.5362E-06   2.5362E-06   1.00000
FLUX 1057  5090.00        5.889833E+13   2.5169E-06   2.5169E-06   0.99998
FLUX 1058  5110.00        5.866781E+13   2.4892E-06   2.4979E-06   0.99654
FLUX 1059  5130.00        5.843908E+13   2.3946E-06   2.4791E-06   0.96591
FLUX 1060  5150.00        5.821214E+13   2.4552E-06   2.4605E-06   0.99784
FLUX 1061  5170.00        5.798694E+13   2.4420E-06   2.4421E-06   0.99999
FLUX 1062  5190.00        5.776349E+13   2.4239E-06   2.4239E-06   1.00000
FLUX 1063  5210.00        5.754175E+13   2.4059E-06   2.4059E-06   0.99999
FLUX 1064  5230.00        5.732170E+13   2.3881E-06   2.3881E-06   0.99999
FLUX 1065  5250.00        5.710333E+13   2.3705E-06   2.3705E-06   1.00000
FLUX 1066  5270.00        5.688662E+13   2.3530E-06   2.3531E-06   0.99995
FLUX 1067  5290.00        5.667155E+13   2.3359E-06   2.3359E-06   1.00000
FLUX 1068  5310.00        5.645810E+13   2.3189E-06   2.3189E-06   1.00000
FLUX 1069  5330.00        5.624625E+13   2.3020E-06   2.3020E-06   1.00000
FLUX 1070  5350.00        5.603598E+13   2.2854E-06   2.2854E-06   1.00000
FLUX 1071  5370.00        5.582728E+13   2.2689E-06   2.2689E-06   1.00000
FLUX 1072  5390.00        5.562013E+13   2.2526E-06   2.2526E-06   0.99997
FLUX 1073  5410.00        5.541451E+13   2.2365E-06   2.2365E-06   1.00000
FLUX 1074  5430.00        5.521041E+13   2.2205E-06   2.2205E-06   1.00000
FLUX 1075  5450.00        5.500780E+13   2.2048E-06   2.2048E-06   1.00000
FLUX 1076  5470.00        5.480667E+13   2.1891E-06   2.1891E-06   1.00000
FLUX 1077  5490.00        5.460701E+13   2.1737E-06   2.1737E-06   1.00000
FLUX 1078  5510.00        5.440880E+13   2.1584E-06   2.1584E-06   1.00000
FLUX 1079  5530.00        5.421203E+13   2.1433E-06   2.1433E-06   1.00000
FLUX 1080  5550.00        5.401667E+13   2.1283E-06   2.1283E-06   1.00000
FLUX 1081  5570.00        5.382271E+13   2.1135E-06   2.1135E-06   0.99999
FLUX 1082  5590.00        5.363014E+13   2.0988E-06   2.0988E-06   0.99999
FLUX 1083  5610.00        5.343895E+13   2.0843E-06   2.0843E-06   0.99999
FLUX 1084  5630.00        5.324911E+13   2.0700E-06   2.0700E-06   1.00000
FLUX 1085  5650.00        5.306062E+13   2.0558E-06   2.0558E-06   1.00000
FLUX 1086  5670.00        5.287346E+13   2.0417E-06   2.0417E-06   1.00000
FLUX 1087  5690.00        5.268761E+13   2.0278E-06   2.0278E-06   1.00000
FLUX 1088  5710.00        5.250306E+13   2.0140E-06   2.0140E-06   1.00000
FLUX 1089  5730.00        5.231981E+13   2.0003E-06   2.0003E-06   1.00000
FLUX 1090  5750.00        5.213783E+13   1.9868E-06   1.9868E-06   1.00000
FLUX 1091  5770.00        5.195711E+13   1.9735E-06   1.9735E-06   1.00000
FLUX 1092  5790.00        5.177763E+13   1.9602E-06   1.9602E-06   1.00000
FLUX 1093  5810.00        5.159940E+13   1.9471E-06   1.9471E-06   1.00000
FLUX 1094  5830.00        5.142238E+13   1.9341E-06   1.9341E-06   1.00000
FLUX 1095  5850.00        5.124658E+13   1.9238E-06   1.9238E-06   0.99999
FLUX 1096  5870.00        5.107198E+13   1.9110E-06   1.9111E-06   0.99998
FLUX 1097  5890.00        5.089856E+13   1.8898E-06   1.8985E-06   0.99543
FLUX 1098  5910.00        5.072631E+13   1.8172E-06   1.8860E-06   0.96353
FLUX 1099  5930.00        5.055523E+13   1.8688E-06   1.8736E-06   0.99746
FLUX 1100  5950.00        5.038529E+13   1.8613E-06   1.8613E-06   0.99998
FLUX 1101  5970.00        5.021650E+13   1.8492E-06   1.8492E-06   1.00000
FLUX 1102  5990.00        5.004883E+13   1.8372E-06   1.8372E-06   0.99999
FLUX 1103  6010.00        4.988228E+13   1.8253E-06   1.8253E-06   1.00000
FLUX 1104  6030.00        4.971683E+13   1.8135E-06   1.8135E-06   1.00000
FLUX 1105  6050.00        4.955248E+13   1.8019E-06   1.8019E-06   1.00000
FLUX 1106  6070.00        4.938921E+13   1.7903E-06   1.7903E-06   1.00000
FLUX 1107  6090.00        4.922701E+13   1.7789E-06   1.7789E-06   1.00000
FLUX 1108  6110.00        4.906588E+13   1.7675E-06   1.7675E-06   1.00000
FLUX 1109  6130.00        4.890579E+13   1.7563E-06   1.7563E-06   1.00000
FLUX 1110  6150.00        4.874675E+13   1.7452E-06   1.7452E-06   1.00000
FLUX 1111  6170.00        4.858874E+13   1.7341E-06   1.7342E-06   1.00000
FLUX 1112  6190.00        4.843174E+13   1.7232E-06   1.7232E-06   1.00000
FLUX 1113  6210.00        4.827576E+13   1.7124E-06   1.7124E-06   1.00000
FLUX 1114  6230.00        4.812079E+13   1.7017E-06   1.7017E-06   1.00000
FLUX 1115  6250.00        4.796680E+13   1.6911E-06   1.6911E-06   1.00000
FLUX 1116  6270.00        4.781380E+13   1.6806E-06   1.6806E-06   1.00000
FLUX 1117  6290.00        4.766176E+13   1.6702E-06   1.6702E-06   1.00000
FLUX 1118  6310.00        4.751070E+13   1.6599E-06   1.6599E-06   1.00000
FLUX 1119  6330.00        4.736058E+13   1.6496E-06   1.6496E-06   0.99999
FLUX 1120  6350.00        4.721142E+13   1.6395E-06   1.6395E-06   0.99999
FLUX 1121  6370.00        4.706319E+13   1.6295E-06   1.6295E-06   1.00000
FLUX 1122  6390.00        4.691588E+13   1.6195E-06   1.6195E-06   1.00000
FLUX 1123  6420.00        4.669665E+13   1.6048E-06   1.6048E-06   1.00000
FLUX 1124  6460.00        4.640751E+13   1.5854E-06   1.5854E-06   1.00000
FLUX 1125  6500.00        4.612192E+13   1.5664E-06   1.5664E-06   1.00000
FLUX 1126  6540.00        4.583983E+13   1.5477E-06   1.5477E-06   1.00000
FLUX 1127  6580.00        4.556117E+13   1.5294E-06   1.5294E-06   1.00000
FLUX 1128  6620.00        4.528588E+13   1.5113E-06   1.5114E-06   0.99996
FLUX 1129  6660.00        4.501389E+13   1.4937E-06   1.4937E-06   1.00000
FLUX 1130  6700.00        4.474515E+13   1.4763E-06   1.4763E-06   1.00000
FLUX 1131  6740.00        4.447960E+13   1.4592E-06   1.4592E-06   1.00000
FLUX 1132  6780.00        4.421718E+13   1.4424E-06   1.4424E-06   1.00000
FLUX 1133  6820.00        4.395784E+13   1.4259E-06   1.4259E-06   1.00000
FLUX 1134  6860.00        4.370153E+13   1.4096E-06   1.4096E-06   0.99998
FLUX 1135  6900.00        4.344819E+13   1.3937E-06   1.3937E-06   1.00000
FLUX 1136  6940.00        4.319777E+13   1.3780E-06   1.3780E-06   0.99998
FLUX 1137  6980.00        4.295021E+13   1.3626E-06   1.3626E-06   1.00000
FLUX 1138  7020.00        4.270548E+13   1.3474E-06   1.3474E-06   0.99999
FLUX 1139  7060.00        4.246353E+13   1.3325E-06   1.3325E-06   0.99999
FLUX 1140  7100.00        4.222430E+13   1.3178E-06   1.3178E-06   1.00000
FLUX 1141  7140.00        4.198775E+13   1.3033E-06   1.3034E-06   0.99995
FLUX 1142  7180.00        4.175383E+13   1.2891E-06   1.2892E-06   0.99998
FLUX 1143  7220.00        4.152251E+13   1.2752E-06   1.2752E-06   0.99999
FLUX 1144  7260.00        4.129373E+13   1.2614E-06   1.2614E-06   0.99998
FLUX 1145  7300.00        4.106747E+13   1.2479E-06   1.2479E-06   1.00000
FLUX 1146  7340.00        4.084366E+13   1.2346E-06   1.2346E-06   0.99999
FLUX 1147  7380.00        4.062229E+13   1.2215E-06   1.2215E-06   0.99999
FLUX 1148  7420.00        4.040330E+13   1.2081E-06   1.2086E-06   0.99953
FLUX 1149  7460.00        4.018666E+13   1.1748E-06   1.1959E-06   0.98234
FLUX 1150  7500.00        3.997233E+13   1.1563E-06   1.1835E-06   0.97706
FLUX 1151  7540.00        3.976028E+13   1.1703E-06   1.1712E-06   0.99921
FLUX 1152  7580.00        3.955046E+13   1.1591E-06   1.1591E-06   0.99999
FLUX 1153  7620.00        3.934285E+13   1.1472E-06   1.1472E-06   1.00000
FLUX 1154  7660.00        3.913740E+13   1.1355E-06   1.1355E-06   0.99999
FLUX 1155  7700.00        3.893409E+13   1.1239E-06   1.1239E-06   1.00000
FLUX 1156  7740.00        3.873288E+13   1.1125E-06   1.1126E-06   0.99999
FLUX 1157  7780.00        3.853374E+13   1.1014E-06   1.1014E-06   1.00000
FLUX 1158  7820.00        3.833664E+13   1.0903E-06   1.0903E-06   1.00000
FLUX 1159  7860.00        3.814154E+13   1.0794E-06   1.0795E-06   1.00000
FLUX 1160  7900.00        3.794842E+13   1.0687E-06   1.0687E-06   1.00000
FLUX 1161  7940.00        3.775724E+13   1.0582E-06   1.0582E-06   1.00000
FLUX 1162  7980.00        3.756798E+13   1.0478E-06   1.0478E-06   1.00000
FLUX 1163  8020.00        3.738061E+13   1.0375E-06   1.0376E-06   1.00000
FLUX 1164  8060.00        3.719510E+13   1.0275E-06   1.0275E-06   1.00000
FLUX 1165  8100.00        3.701142E+13   1.0175E-06   1.0175E-06   1.00000
FLUX 1166  8140.00        3.682955E+13   1.0077E-06   1.0077E-06   1.00000
FLUX 1167  8180.00        3.664945E+13   9.9803E-07   9.9803E-07   1.00000
FLUX 1168  8220.00        3.647111E+13   9.8850E-07   9.8850E-07   1.00000
FLUX 1169  8260.00        3.629449E+13   9.7911E-07   9.7911E-07   1.00000
FLUX 1170  8300.00        3.611958E+13   9.6984E-07   9.6984E-07   1.00000
FLUX 1171  8340.00        3.594634E+13   9.6071E-07   9.6071E-07   1.00000
FLUX 1172  8380.00        3.577476E+13   9.5170E-07   9.5171E-07   0.99999
FLUX 1173  8420.00        3.560481E+13   9.4283E-07   9.4283E-07   1.00000
FLUX 1174  8460.00        3.543647E+13   9.3407E-07   9.3407E-07   1.00000
FLUX 1175  8500.00        3.526971E+13   9.2544E-07   9.2544E-07   1.00000
FLUX 1176  8540.00        3.510451E+13   9.1692E-07   9.1692E-07   1.00000
FLUX 1177  8580.00        3.494085E+13   9.0852E-07   9.0852E-07   1.00000
FLUX 1178  8620.00        3.477871E+13   9.0023E-07   9.0023E-07   1.00000
FLUX 1179  8660.00        3.461807E+13   8.9206E-07   8.9206E-07   1.00000
FLUX 1180  8700.00        3.445891E+13   8.8399E-07   8.8399E-07   1.00000
FLUX 1181  8740.00        3.430120E+13   8.7603E-07   8.7603E-07   1.00000
FLUX 1182  8780.00        3.414493E+13   8.6818E-07   8.6818E-07   1.00000
FLUX 1183  8820.00        3.399008E+13   8.6043E-07   8.6043E-07   1.00000
FLUX 1184  8860.00        3.383663E+13   8.5279E-07   8.5279E-07   1.00000
FLUX 1185  8900.00        3.368455E+13   8.4525E-07   8.4525E-07   1.00000
FLUX 1186  8940.00        3.353384E+13   8.3780E-07   8.3780E-07   1.00000
FLUX 1187  8980.00        3.338447E+13   8.3045E-07   8.3045E-07   1.00000
FLUX 1188  9020.00        3.323642E+13   8.2320E-07   8.2320E-07   1.00000
FLUX 1189  9060.00        3.308968E+13   8.1605E-07   8.1605E-07   1.00000
FLUX 1190  9100.00        3.294423E+13   8.0898E-07   8.0898E-07   1.00000
FLUX 1191  9140.00        3.280005E+13   8.0201E-07   8.0201E-07   1.00000
FLUX 1192  9180.00        3.265714E+13   7.9512E-07   7.9512E-07   1.00000
FLUX 1193  9220.00        3.251546E+13   7.8832E-07   7.8832E-07   1.00000
FLUX 1194  9260.00        3.237500E+13   7.8161E-07   7.8161E-07   1.00000
FLUX 1195  9300.00        3.223575E+13   7.7499E-07   7.7499E-07   1.00000
FLUX 1196  9340.00        3.209770E+13   7.6845E-07   7.6845E-07   1.00000
FLUX 1197  9380.00        3.196082E+13   7.6199E-07   7.6199E-07   1.00000
FLUX 1198  9420.00        3.182511E+13   7.5561E-07   7.5561E-07   1.00000
FLUX 1199  9460.00        3.169054E+13   7.4931E-07   7.4931E-07   1.00000
FLUX 1200  9500.00        3.155711E+13   7.4308E-07   7.4308E-07   1.00000
FLUX 1201  9540.00        3.142479E+13   7.3694E-07   7.3694E-07   1.00000
FLUX 1202  9580.00        3.129358E+13   7.3087E-07   7.3087E-07   1.00000
FLUX 1203  9620.00        3.116346E+13   7.2487E-07   7.2487E-07   1.00000
FLUX 1204  9660.00        3.103442E+13   7.1895E-07   7.1895E-07   1.00000
FLUX 1205  9700.00        3.090644E+13   7.1309E-07   7.1310E-07   0.99999
FLUX 1206  9740.00        3.077952E+13   7.0731E-07   7.0732E-07   1.00000
FLUX 1207  9780.00        3.065363E+13   7.0160E-07   7.0160E-07   1.00000
FLUX 1208  9820.00        3.052877E+13   6.9596E-07   6.9596E-07   1.00000
FLUX 1209  9860.00        3.040492E+13   6.9039E-07   6.9039E-07   1.00000
FLUX 1210  9900.00        3.028207E+13   6.8488E-07   6.8488E-07   1.00000
FLUX 1211  9940.00        3.016021E+13   6.7943E-07   6.7943E-07   1.00000
FLUX 1212  9980.00        3.003933E+13   6.7405E-07   6.7405E-07   1.00000
FLUX 1213 10020.00        2.991941E+13   6.6874E-07   6.6874E-07   1.00000
FLUX 1214 20000.00        1.498963E+13   1.6806E-07   1.6806E-07   1.00000
FLUX 1215 40000.00        7.494813E+12   4.1326E-08   4.1326E-08   1.00000
FLUX 1216 60000.00        4.996542E+12   1.8103E-08   1.8103E-08   1.00000
FLUX 1217 80000.00        3.747406E+12   1.0065E-08   1.0065E-08   1.00000
FLUX 1218100000.00        2.997925E+12   6.3803E-09   6.3803E-09   1.00000
FLUX 1219120000.00        2.498271E+12   4.3955E-09   4.3955E-09   1.00000
FLUX 1220140000.00        2.141375E+12   3.2073E-09   3.2073E-09   1.00000
FLUX 1221160000.00        1.873703E+12   2.4411E-09   2.4411E-09   1.00000
FLUX
