TEFF   9000.  GRAVITY 4.50000 LTE 
TITLE TEST RUN VEGA MODEL WITH SDSC OPACITY  VTURB 2 KM/S                       
 OPACITY IFOP
FLUX   81    50.60        5.924753E+15   9.1396E-24   1.0293E-23   0.88796
FLUX   82    51.20        5.855322E+15   1.6823E-23   1.7068E-23   0.98565
FLUX   83    52.00        5.765240E+15   3.2551E-23   3.2866E-23   0.99039
FLUX   84    53.00        5.656462E+15   7.2552E-23   7.2570E-23   0.99975
FLUX   85    54.00        5.551713E+15   1.5523E-22   1.5582E-22   0.99625
FLUX   86    55.00        5.450773E+15   3.2588E-22   3.2607E-22   0.99941
FLUX   87    56.00        5.353438E+15   6.6581E-22   6.6583E-22   0.99998
FLUX   88    57.00        5.259518E+15   1.3288E-21   1.3288E-21   0.99999
FLUX   89    58.00        5.168836E+15   2.5812E-21   2.5963E-21   0.99419
FLUX   90    59.00        5.081229E+15   4.9682E-21   4.9702E-21   0.99960
FLUX   91    60.00        4.996542E+15   9.3311E-21   9.3366E-21   0.99941
FLUX   92    61.00        4.914631E+15   1.7230E-20   1.7230E-20   0.99999
FLUX   93    62.00        4.835363E+15   3.1265E-20   3.1266E-20   0.99998
FLUX   94    63.00        4.758611E+15   5.5840E-20   5.5840E-20   0.99999
FLUX   95    64.00        4.684258E+15   9.8236E-20   9.8266E-20   0.99970
FLUX   96    65.00        4.612192E+15   1.7045E-19   1.7045E-19   0.99998
FLUX   97    65.80        4.556117E+15   2.6219E-19   2.6220E-19   0.99998
FLUX   98    66.50        4.508158E+15   3.7927E-19   3.7951E-19   0.99935
FLUX   99    67.50        4.441370E+15   6.3629E-19   6.3662E-19   0.99949
FLUX  100    68.50        4.376533E+15   1.0545E-18   1.0546E-18   0.99991
FLUX  101    69.50        4.313561E+15   1.7261E-18   1.7261E-18   0.99999
FLUX  102    70.50        4.252376E+15   2.7879E-18   2.7923E-18   0.99844
FLUX  103    71.60        4.187046E+15   4.6780E-18   4.6781E-18   0.99998
FLUX  104    72.60        4.129373E+15   7.3928E-18   7.3928E-18   1.00000
FLUX  105    73.50        4.078810E+15   1.1060E-17   1.1060E-17   0.99998
FLUX  106    74.50        4.024060E+15   1.7130E-17   1.7135E-17   0.99972
FLUX  107    75.50        3.970762E+15   2.6271E-17   2.6278E-17   0.99971
FLUX  108    76.50        3.918856E+15   3.9898E-17   3.9907E-17   0.99979
FLUX  109    77.50        3.868290E+15   6.0012E-17   6.0024E-17   0.99980
FLUX  110    78.50        3.819013E+15   8.9442E-17   8.9443E-17   1.00000
FLUX  111    79.50        3.770975E+15   1.3178E-16   1.3207E-16   0.99776
FLUX  112    80.50        3.724130E+15   1.9313E-16   1.9330E-16   0.99912
FLUX  113    81.50        3.678436E+15   2.8045E-16   2.8049E-16   0.99987
FLUX  114    82.50        3.633848E+15   4.0359E-16   4.0360E-16   0.99997
FLUX  115    83.50        3.590329E+15   5.7598E-16   5.7603E-16   0.99990
FLUX  116    84.50        3.547840E+15   8.1561E-16   8.1562E-16   0.99999
FLUX  117    85.50        3.506345E+15   1.1460E-15   1.1460E-15   0.99999
FLUX  118    86.50        3.465809E+15   1.5980E-15   1.5980E-15   0.99999
FLUX  119    87.50        3.426200E+15   2.2112E-15   2.2120E-15   0.99963
FLUX  120    88.50        3.387486E+15   3.0401E-15   3.0402E-15   0.99998
FLUX  121    89.50        3.349637E+15   4.1496E-15   4.1496E-15   1.00000
FLUX  122    90.50        3.312624E+15   5.6227E-15   5.6257E-15   0.99946
FLUX  123    91.50        3.276421E+15   3.2851E-13   2.4821E-12   0.13236
FLUX  124    92.50        3.241000E+15   1.7448E-12   3.1087E-12   0.56128
FLUX  125    93.50        3.206337E+15   2.5683E-12   3.8751E-12   0.66277
FLUX  126    94.50        3.172407E+15   3.6319E-12   4.8085E-12   0.75531
FLUX  127    95.50        3.139188E+15   5.1369E-12   5.9404E-12   0.86474
FLUX  128    96.50        3.106658E+15   6.6697E-12   7.3074E-12   0.91273
FLUX  129    97.50        3.074795E+15   7.2430E-12   8.9518E-12   0.80911
FLUX  130    98.50        3.043579E+15   9.8984E-12   1.0922E-11   0.90625
FLUX  131    99.50        3.012990E+15   1.1485E-11   1.3275E-11   0.86519
FLUX  132   100.50        2.983010E+15   1.5195E-11   1.6074E-11   0.94534
FLUX  133   101.50        2.953621E+15   1.8571E-11   1.9392E-11   0.95770
FLUX  134   102.50        2.924805E+15   1.7648E-11   2.3493E-11   0.75122
FLUX  135   103.50        2.896546E+15   2.6646E-11   2.8141E-11   0.94691
FLUX  136   104.50        2.868828E+15   3.2546E-11   3.3597E-11   0.96870
FLUX  137   105.50        2.841635E+15   3.8754E-11   3.9981E-11   0.96930
FLUX  138   106.50        2.814953E+15   4.4455E-11   4.7431E-11   0.93725
FLUX  139   107.50        2.788767E+15   5.4083E-11   5.6099E-11   0.96406
FLUX  140   108.50        2.763065E+15   6.3504E-11   6.6158E-11   0.95988
FLUX  141   109.50        2.737831E+15   7.1943E-11   7.7799E-11   0.92473
FLUX  142   110.50        2.713054E+15   2.4827E-10   6.3130E-10   0.39327
FLUX  143   111.50        2.688722E+15   4.1105E-10   7.2309E-10   0.56847
FLUX  144   112.50        2.664822E+15   5.3510E-10   8.2595E-10   0.64786
FLUX  145   113.50        2.641344E+15   6.6556E-10   9.5249E-10   0.69876
FLUX  146   114.50        2.618275E+15   7.8409E-10   1.0830E-09   0.72400
FLUX  147   115.50        2.595606E+15   8.3036E-10   1.2286E-09   0.67586
FLUX  148   116.50        2.573326E+15   1.0529E-09   1.3908E-09   0.75706
FLUX  149   117.50        2.551426E+15   1.1964E-09   1.5714E-09   0.76134
FLUX  150   118.50        2.529895E+15   1.1951E-09   1.7714E-09   0.67468
FLUX  151   119.50        2.508724E+15   7.8294E-10   1.9929E-09   0.39287
FLUX  152   120.50        2.487905E+15   8.0609E-10   2.2376E-09   0.36024
FLUX  153   121.50        2.467428E+15   1.8734E-10   2.5076E-09   0.07471
FLUX  154   122.50        2.447286E+15   9.3382E-10   2.9164E-09   0.32019
FLUX  155   123.50        2.427470E+15   1.9211E-09   3.2568E-09   0.58988
FLUX  156   124.50        2.407972E+15   3.8327E-09   1.8101E-06   0.00212
FLUX  157   125.50        2.388785E+15   6.0178E-09   1.8066E-06   0.00333
FLUX  158   126.50        2.369901E+15   6.7582E-09   1.8026E-06   0.00375
FLUX  159   127.50        2.351314E+15   1.4911E-08   1.7981E-06   0.00829
FLUX  160   128.50        2.333016E+15   4.3987E-08   1.7932E-06   0.02453
FLUX  161   129.50        2.315000E+15   7.9933E-08   1.7876E-06   0.04471
FLUX  162   130.50        2.297261E+15   5.9883E-08   1.7816E-06   0.03361
FLUX  163   131.50        2.279791E+15   1.7636E-07   1.7752E-06   0.09935
FLUX  164   132.50        2.262585E+15   2.4046E-07   1.7687E-06   0.13596
FLUX  165   133.50        2.245637E+15   2.6143E-07   1.7616E-06   0.14840
FLUX  166   134.50        2.228941E+15   4.1863E-07   1.7541E-06   0.23866
FLUX  167   135.50        2.212491E+15   4.0819E-07   1.7460E-06   0.23378
FLUX  168   136.50        2.196282E+15   4.3254E-07   1.7376E-06   0.24894
FLUX  169   137.50        2.180309E+15   5.2666E-07   1.7287E-06   0.30465
FLUX  170   138.50        2.164567E+15   4.7792E-07   1.7199E-06   0.27788
FLUX  171   139.50        2.149050E+15   5.7809E-07   1.7110E-06   0.33787
FLUX  172   140.50        2.133754E+15   6.2458E-07   1.7163E-06   0.36390
FLUX  173   141.50        2.118675E+15   6.2310E-07   1.7362E-06   0.35888
FLUX  174   142.50        2.103807E+15   7.3821E-07   1.7885E-06   0.41276
FLUX  175   143.50        2.089146E+15   6.6951E-07   1.8105E-06   0.36979
FLUX  176   144.20        2.079005E+15   8.7496E-07   1.8263E-06   0.47909
FLUX  177   144.70        2.071821E+15   1.0888E-06   2.5203E-06   0.43201
FLUX  178   145.50        2.060430E+15   1.1780E-06   2.5389E-06   0.46397
FLUX  179   146.50        2.046365E+15   9.8524E-07   2.5624E-06   0.38450
FLUX  180   147.50        2.032492E+15   1.0435E-06   2.5858E-06   0.40357
FLUX  181   148.50        2.018805E+15   1.2109E-06   2.6092E-06   0.46409
FLUX  182   149.50        2.005301E+15   1.4187E-06   2.6326E-06   0.53889
FLUX  183   150.50        1.991977E+15   1.5466E-06   2.6559E-06   0.58233
FLUX  184   151.20        1.982755E+15   1.3524E-06   2.6723E-06   0.50610
FLUX  185   151.70        1.976220E+15   1.3901E-06   2.6840E-06   0.51792
FLUX  186   152.50        1.965852E+15   1.6057E-06   5.8449E-06   0.27472
FLUX  187   153.50        1.953046E+15   1.5602E-06   5.8542E-06   0.26651
FLUX  188   154.50        1.940405E+15   2.4632E-06   5.8641E-06   0.42004
FLUX  189   155.50        1.927926E+15   2.1523E-06   5.8752E-06   0.36634
FLUX  190   156.50        1.915607E+15   1.8935E-06   5.8876E-06   0.32160
FLUX  191   157.50        1.903444E+15   2.7733E-06   6.0067E-06   0.46170
FLUX  192   158.50        1.891435E+15   2.9969E-06   6.0179E-06   0.49801
FLUX  193   159.50        1.879577E+15   3.5319E-06   6.0290E-06   0.58583
FLUX  194   160.50        1.867866E+15   3.2966E-06   6.0400E-06   0.54579
FLUX  195   161.50        1.856300E+15   3.0905E-06   6.0509E-06   0.51075
FLUX  196   162.50        1.844877E+15   2.4862E-06   6.0941E-06   0.40797
FLUX  197   163.50        1.833593E+15   3.1033E-06   6.1070E-06   0.50816
FLUX  198   164.50        1.822447E+15   3.7434E-06   6.1199E-06   0.61168
FLUX  199   165.50        1.811435E+15   2.3884E-06   6.1333E-06   0.38941
FLUX  200   166.50        1.800556E+15   3.7736E-06   6.1469E-06   0.61390
FLUX  201   167.20        1.793017E+15   2.1692E-06   6.1566E-06   0.35234
FLUX  202   167.70        1.787671E+15   4.1886E-06   7.3126E-06   0.57280
FLUX  203   168.50        1.779184E+15   4.7048E-06   7.3356E-06   0.64137
FLUX  204   169.50        1.768687E+15   3.8476E-06   7.3601E-06   0.52277
FLUX  205   170.50        1.758314E+15   3.9371E-06   7.3853E-06   0.53310
FLUX  206   171.50        1.748061E+15   4.2847E-06   7.4610E-06   0.57428
FLUX  207   172.50        1.737928E+15   4.2677E-06   7.4883E-06   0.56991
FLUX  208   173.50        1.727911E+15   4.7968E-06   7.5127E-06   0.63849
FLUX  209   174.50        1.718009E+15   4.7426E-06   7.5402E-06   0.62897
FLUX  210   175.50        1.708219E+15   5.4148E-06   7.5646E-06   0.71581
FLUX  211   176.50        1.698541E+15   4.2648E-06   7.5890E-06   0.56197
FLUX  212   177.50        1.688972E+15   5.1806E-06   7.6135E-06   0.68045
FLUX  213   178.50        1.679510E+15   5.1778E-06   7.6381E-06   0.67790
FLUX  214   179.50        1.670153E+15   6.1278E-06   7.6629E-06   0.79968
FLUX  215   180.50        1.660900E+15   5.7373E-06   7.6886E-06   0.74621
FLUX  216   181.50        1.651749E+15   5.6939E-06   7.7138E-06   0.73814
FLUX  217   182.50        1.642699E+15   5.4688E-06   7.7397E-06   0.70659
FLUX  218   183.50        1.633747E+15   5.1294E-06   7.7667E-06   0.66044
FLUX  219   184.50        1.624892E+15   4.5371E-06   7.7936E-06   0.58215
FLUX  220   185.50        1.616132E+15   5.1360E-06   7.8216E-06   0.65665
FLUX  221   186.50        1.607466E+15   5.4779E-06   7.8488E-06   0.69793
FLUX  222   187.50        1.598893E+15   5.5588E-06   7.8881E-06   0.70470
FLUX  223   188.50        1.590411E+15   5.6207E-06   7.9152E-06   0.71012
FLUX  224   189.50        1.582018E+15   5.9184E-06   7.9425E-06   0.74516
FLUX  225   190.50        1.573714E+15   5.5114E-06   7.9698E-06   0.69154
FLUX  226   191.50        1.565496E+15   6.0516E-06   7.9984E-06   0.75661
FLUX  227   192.50        1.557364E+15   6.1355E-06   8.0260E-06   0.76445
FLUX  228   193.50        1.549315E+15   5.3497E-06   8.0538E-06   0.66425
FLUX  229   194.50        1.541350E+15   6.4574E-06   8.0816E-06   0.79902
FLUX  230   195.50        1.533465E+15   6.4638E-06   8.1098E-06   0.79704
FLUX  231   196.70        1.524110E+15   6.9845E-06   8.1438E-06   0.85765
FLUX  232   197.60        1.517169E+15   6.8673E-06   8.1695E-06   0.84060
FLUX  233   198.40        1.511051E+15   6.6881E-06   8.2384E-06   0.81182
FLUX  234   199.50        1.502719E+15   6.4895E-06   8.2703E-06   0.78467
FLUX  235   200.50        1.495224E+15   6.1971E-06   8.2997E-06   0.74666
FLUX  236   201.50        1.487804E+15   6.1952E-06   8.3294E-06   0.74377
FLUX  237   202.50        1.480457E+15   5.8980E-06   8.3593E-06   0.70556
FLUX  238   203.50        1.473182E+15   6.4636E-06   8.3894E-06   0.77044
FLUX  239   204.50        1.465978E+15   7.0627E-06   8.4198E-06   0.83883
FLUX  240   205.50        1.458844E+15   6.7888E-06   8.4503E-06   0.80338
FLUX  241   206.50        1.451780E+15   6.6375E-06   8.4811E-06   0.78263
FLUX  242   207.40        1.445480E+15   7.3834E-06   8.5089E-06   0.86773
FLUX  243   207.80        1.442697E+15   7.5538E-06   8.6927E-06   0.86898
FLUX  244   208.50        1.437854E+15   7.4002E-06   8.7170E-06   0.84894
FLUX  245   209.50        1.430990E+15   7.1407E-06   8.7520E-06   0.81589
FLUX  246   210.50        1.424192E+15   6.6713E-06   8.7873E-06   0.75921
FLUX  247   211.50        1.417459E+15   6.7962E-06   8.8228E-06   0.77030
FLUX  248   212.50        1.410788E+15   7.1649E-06   8.8587E-06   0.80880
FLUX  249   213.50        1.404180E+15   5.9091E-06   8.8949E-06   0.66432
FLUX  250   214.50        1.397634E+15   6.8846E-06   8.9312E-06   0.77084
FLUX  251   215.50        1.391148E+15   6.9478E-06   8.9679E-06   0.77474
FLUX  252   216.50        1.384723E+15   6.4650E-06   9.0048E-06   0.71795
FLUX  253   217.50        1.378356E+15   6.4367E-06   9.0421E-06   0.71186
FLUX  254   218.50        1.372048E+15   6.7399E-06   9.0795E-06   0.74232
FLUX  255   219.50        1.365797E+15   7.2922E-06   9.1173E-06   0.79982
FLUX  256   220.50        1.359603E+15   6.9935E-06   9.1554E-06   0.76387
FLUX  257   221.50        1.353465E+15   6.3778E-06   9.1937E-06   0.69372
FLUX  258   222.50        1.347382E+15   6.3255E-06   9.2338E-06   0.68503
FLUX  259   223.50        1.341353E+15   7.3452E-06   9.2728E-06   0.79212
FLUX  260   224.50        1.335379E+15   6.5704E-06   9.3121E-06   0.70557
FLUX  261   225.50        1.329457E+15   6.3362E-06   9.3606E-06   0.67690
FLUX  262   226.50        1.323587E+15   6.3914E-06   9.4000E-06   0.67994
FLUX  263   227.50        1.317769E+15   6.8202E-06   9.4396E-06   0.72252
FLUX  264   228.50        1.312002E+15   7.2561E-06   9.4793E-06   0.76546
FLUX  265   229.50        1.306285E+15   6.7490E-06   9.5193E-06   0.70898
FLUX  266   230.50        1.300618E+15   6.8719E-06   9.5594E-06   0.71886
FLUX  267   231.50        1.295000E+15   6.6568E-06   9.5998E-06   0.69344
FLUX  268   232.50        1.289430E+15   4.9483E-06   9.6404E-06   0.51329
FLUX  269   233.50        1.283908E+15   6.0969E-06   9.6831E-06   0.62965
FLUX  270   234.50        1.278433E+15   5.3881E-06   9.7241E-06   0.55410
FLUX  271   235.50        1.273004E+15   6.8135E-06   9.7652E-06   0.69773
FLUX  272   236.50        1.267622E+15   5.6588E-06   9.8066E-06   0.57704
FLUX  273   237.50        1.262284E+15   6.2710E-06   9.8482E-06   0.63676
FLUX  274   238.50        1.256992E+15   5.2066E-06   9.8902E-06   0.52644
FLUX  275   239.50        1.251743E+15   5.9327E-06   9.9322E-06   0.59732
FLUX  276   240.50        1.246538E+15   5.7068E-06   9.9743E-06   0.57215
FLUX  277   241.50        1.241377E+15   5.8843E-06   1.0017E-05   0.58745
FLUX  278   242.50        1.236258E+15   6.7544E-06   1.0059E-05   0.67146
FLUX  279   243.50        1.231181E+15   6.4782E-06   1.0102E-05   0.64128
FLUX  280   244.50        1.226145E+15   7.0589E-06   1.0148E-05   0.69561
FLUX  281   245.50        1.221151E+15   6.8982E-06   1.0191E-05   0.67692
FLUX  282   246.50        1.216197E+15   7.0196E-06   1.0234E-05   0.68593
FLUX  283   247.50        1.211283E+15   6.5871E-06   1.0277E-05   0.64097
FLUX  284   248.50        1.206408E+15   6.8881E-06   1.0320E-05   0.66744
FLUX  285   249.50        1.201573E+15   6.5783E-06   1.0364E-05   0.63475
FLUX  286   250.50        1.196776E+15   7.8288E-06   1.0410E-05   0.75208
FLUX  287   251.30        1.192967E+15   6.6036E-06   1.0444E-05   0.63226
FLUX  288   251.80        1.190598E+15   6.4752E-06   1.0542E-05   0.61423
FLUX  289   252.50        1.187297E+15   5.9773E-06   1.0573E-05   0.56534
FLUX  290   253.50        1.182613E+15   5.9940E-06   1.0618E-05   0.56450
FLUX  291   254.50        1.177967E+15   6.0715E-06   1.0663E-05   0.56938
FLUX  292   255.50        1.173356E+15   6.9334E-06   1.0709E-05   0.64745
FLUX  293   256.50        1.168782E+15   6.8836E-06   1.0754E-05   0.64008
FLUX  294   257.50        1.164243E+15   7.6136E-06   1.0800E-05   0.70496
FLUX  295   258.50        1.159739E+15   7.7391E-06   1.0846E-05   0.71357
FLUX  296   259.50        1.155270E+15   7.5602E-06   1.0892E-05   0.69413
FLUX  297   260.50        1.150835E+15   7.2711E-06   1.0938E-05   0.66479
FLUX  298   261.50        1.146434E+15   7.0395E-06   1.0984E-05   0.64092
FLUX  299   262.50        1.142067E+15   8.0502E-06   1.1030E-05   0.72988
FLUX  300   263.50        1.137732E+15   8.1388E-06   1.1076E-05   0.73478
FLUX  301   264.50        1.133431E+15   9.4713E-06   1.1123E-05   0.85153
FLUX  302   265.50        1.129162E+15   9.5122E-06   1.1169E-05   0.85166
FLUX  303   266.50        1.124925E+15   8.4965E-06   1.1215E-05   0.75758
FLUX  304   267.50        1.120720E+15   9.0979E-06   1.1262E-05   0.80786
FLUX  305   268.50        1.116546E+15   9.1419E-06   1.1308E-05   0.80843
FLUX  306   269.50        1.112403E+15   8.5973E-06   1.1355E-05   0.75715
FLUX  307   270.50        1.108290E+15   8.9721E-06   1.1402E-05   0.78688
FLUX  308   271.50        1.104208E+15   8.4077E-06   1.1449E-05   0.73438
FLUX  309   272.50        1.100156E+15   8.5933E-06   1.1495E-05   0.74755
FLUX  310   273.50        1.096133E+15   9.4143E-06   1.1542E-05   0.81566
FLUX  311   274.50        1.092140E+15   7.6151E-06   1.1589E-05   0.65711
FLUX  312   275.50        1.088176E+15   7.9528E-06   1.1635E-05   0.68350
FLUX  313   276.50        1.084241E+15   8.3699E-06   1.1682E-05   0.71647
FLUX  314   277.50        1.080333E+15   9.0191E-06   1.1729E-05   0.76896
FLUX  315   278.50        1.076454E+15   8.0092E-06   1.1776E-05   0.68014
FLUX  316   279.50        1.072603E+15   4.3909E-06   1.1823E-05   0.37140
FLUX  317   280.50        1.068779E+15   5.2615E-06   1.1869E-05   0.44328
FLUX  318   281.50        1.064982E+15   9.2217E-06   1.1916E-05   0.77387
FLUX  319   282.50        1.061212E+15   1.0047E-05   1.1963E-05   0.83980
FLUX  320   283.50        1.057469E+15   9.8210E-06   1.2010E-05   0.81773
FLUX  321   284.50        1.053752E+15   9.4956E-06   1.2057E-05   0.78756
FLUX  322   285.50        1.050061E+15   9.2058E-06   1.2104E-05   0.76057
FLUX  323   286.50        1.046396E+15   1.0147E-05   1.2151E-05   0.83512
FLUX  324   287.50        1.042757E+15   9.9641E-06   1.2198E-05   0.81689
FLUX  325   288.50        1.039142E+15   1.0206E-05   1.2244E-05   0.83354
FLUX  326   289.50        1.035553E+15   9.8458E-06   1.2291E-05   0.80104
FLUX  327   291.00        1.030215E+15   1.1141E-05   1.2362E-05   0.90126
FLUX  328   293.00        1.023183E+15   1.0793E-05   1.2455E-05   0.86656
FLUX  329   295.00        1.016246E+15   1.0870E-05   1.2549E-05   0.86619
FLUX  330   297.00        1.009402E+15   1.1151E-05   1.2642E-05   0.88206
FLUX  331   299.00        1.002651E+15   1.1450E-05   1.2735E-05   0.89909
FLUX  332   301.00        9.959884E+14   1.1742E-05   1.2828E-05   0.91532
FLUX  333   303.00        9.894142E+14   1.1744E-05   1.2921E-05   0.90896
FLUX  334   305.00        9.829262E+14   1.1863E-05   1.3013E-05   0.91160
FLUX  335   307.00        9.765228E+14   1.1983E-05   1.3105E-05   0.91443
FLUX  336   309.00        9.702023E+14   1.2282E-05   1.3197E-05   0.93067
FLUX  337   311.00        9.639630E+14   1.2093E-05   1.3288E-05   0.91004
FLUX  338   313.00        9.578035E+14   1.2232E-05   1.3380E-05   0.91420
FLUX  339   315.00        9.517222E+14   1.2555E-05   1.3471E-05   0.93203
FLUX  340   317.00        9.457177E+14   1.2614E-05   1.3562E-05   0.93011
FLUX  341   319.00        9.397884E+14   1.2140E-05   1.3652E-05   0.88920
FLUX  342   321.00        9.339330E+14   1.2627E-05   1.3743E-05   0.91885
FLUX  343   323.00        9.281502E+14   1.2394E-05   1.3833E-05   0.89598
FLUX  344   325.00        9.224385E+14   1.2804E-05   1.3922E-05   0.91967
FLUX  345   327.00        9.167966E+14   1.3112E-05   1.4011E-05   0.93581
FLUX  346   329.00        9.112234E+14   1.3319E-05   1.4099E-05   0.94465
FLUX  347   331.00        9.057175E+14   1.3576E-05   1.4187E-05   0.95690
FLUX  348   333.00        9.002778E+14   1.3467E-05   1.4274E-05   0.94342
FLUX  349   335.00        8.949030E+14   1.3436E-05   1.4361E-05   0.93555
FLUX  350   337.00        8.895920E+14   1.3530E-05   1.4447E-05   0.93651
FLUX  351   339.00        8.843437E+14   1.3576E-05   1.4533E-05   0.93412
FLUX  352   341.00        8.791569E+14   1.3857E-05   1.4619E-05   0.94794
FLUX  353   343.00        8.740306E+14   1.3989E-05   1.4703E-05   0.95143
FLUX  354   345.00        8.689638E+14   1.4035E-05   1.4787E-05   0.94916
FLUX  355   347.00        8.639553E+14   1.4023E-05   1.4871E-05   0.94299
FLUX  356   349.00        8.590043E+14   1.4135E-05   1.4953E-05   0.94525
FLUX  357   351.00        8.541097E+14   1.4485E-05   1.5036E-05   0.96339
FLUX  358   353.00        8.492705E+14   1.4573E-05   1.5117E-05   0.96399
FLUX  359   355.00        8.444859E+14   1.4826E-05   1.5198E-05   0.97552
FLUX  360   357.00        8.397549E+14   1.4601E-05   1.5279E-05   0.95564
FLUX  361   359.00        8.350766E+14   1.4635E-05   1.5358E-05   0.95292
FLUX  362   361.00        8.304501E+14   1.4760E-05   1.5438E-05   0.95609
FLUX  363   363.00        8.258747E+14   1.4948E-05   1.5516E-05   0.96338
FLUX  364   364.00        8.236058E+14   1.4950E-05   1.5555E-05   0.96110
FLUX  365   365.00        8.213493E+14   1.5400E-05   5.6547E-05   0.27233
FLUX  366   367.00        8.168733E+14   1.5206E-05   5.6322E-05   0.26999
FLUX  367   369.00        8.124458E+14   1.3938E-05   5.6101E-05   0.24844
FLUX  368   371.00        8.080660E+14   1.4630E-05   5.5878E-05   0.26181
FLUX  369   373.00        8.037332E+14   1.4900E-05   5.5656E-05   0.26771
FLUX  370   375.00        7.994467E+14   1.8197E-05   5.5436E-05   0.32826
FLUX  371   377.00        7.952056E+14   1.9191E-05   5.5228E-05   0.34748
FLUX  372   379.00        7.910092E+14   2.3573E-05   5.5012E-05   0.42852
FLUX  373   381.00        7.868570E+14   2.7981E-05   5.4795E-05   0.51065
FLUX  374   383.00        7.827480E+14   2.2436E-05   5.4580E-05   0.41107
FLUX  375   385.00        7.786818E+14   3.2122E-05   5.4367E-05   0.59084
FLUX  376   387.00        7.746576E+14   3.7411E-05   5.4155E-05   0.69082
FLUX  377   389.00        7.706748E+14   2.0590E-05   5.3944E-05   0.38170
FLUX  378   391.00        7.667327E+14   3.8353E-05   5.3735E-05   0.71375
FLUX  379   393.00        7.628308E+14   3.3419E-05   5.3527E-05   0.62434
FLUX  380   395.00        7.589684E+14   3.8057E-05   5.3320E-05   0.71375
FLUX  381   397.00        7.551448E+14   1.9949E-05   5.3115E-05   0.37559
FLUX  382   399.00        7.513596E+14   3.8465E-05   5.2911E-05   0.72697
FLUX  383   401.00        7.476122E+14   4.6943E-05   5.2709E-05   0.89061
FLUX  384   403.00        7.439020E+14   4.8221E-05   5.2509E-05   0.91834
FLUX  385   405.00        7.402284E+14   4.7924E-05   5.2310E-05   0.91616
FLUX  386   407.00        7.365909E+14   4.4430E-05   5.2112E-05   0.85260
FLUX  387   409.00        7.329890E+14   3.2252E-05   5.1915E-05   0.62124
FLUX  388   411.00        7.294221E+14   2.4705E-05   5.1720E-05   0.47766
FLUX  389   413.00        7.258898E+14   4.2512E-05   5.1527E-05   0.82504
FLUX  390   415.00        7.223916E+14   4.7290E-05   5.1335E-05   0.92120
FLUX  391   417.00        7.189269E+14   4.8292E-05   5.1145E-05   0.94422
FLUX  392   419.00        7.154952E+14   4.8115E-05   5.0956E-05   0.94425
FLUX  393   421.00        7.120962E+14   4.8381E-05   5.0768E-05   0.95300
FLUX  394   423.00        7.087293E+14   4.7447E-05   5.0581E-05   0.93804
FLUX  395   425.00        7.053941E+14   4.7674E-05   5.0395E-05   0.94600
FLUX  396   427.00        7.020902E+14   4.6320E-05   5.0211E-05   0.92251
FLUX  397   429.00        6.988170E+14   4.6438E-05   5.0028E-05   0.92823
FLUX  398   431.00        6.955742E+14   4.1894E-05   4.9846E-05   0.84047
FLUX  399   433.00        6.923614E+14   2.9954E-05   4.9665E-05   0.60313
FLUX  400   435.00        6.891782E+14   2.5765E-05   4.9485E-05   0.52066
FLUX  401   437.00        6.860240E+14   4.2049E-05   4.9306E-05   0.85282
FLUX  402   439.00        6.828986E+14   4.5444E-05   4.9128E-05   0.92500
FLUX  403   441.00        6.798016E+14   4.5996E-05   4.8951E-05   0.93962
FLUX  404   443.00        6.767325E+14   4.5967E-05   4.8775E-05   0.94242
FLUX  405   445.00        6.736910E+14   4.6930E-05   4.8600E-05   0.96565
FLUX  406   447.00        6.706767E+14   4.6834E-05   4.8426E-05   0.96713
FLUX  407   449.00        6.676893E+14   4.6232E-05   4.8253E-05   0.95811
FLUX  408   451.00        6.647284E+14   4.7096E-05   4.8082E-05   0.97949
FLUX  409   453.00        6.617936E+14   4.6380E-05   4.7911E-05   0.96804
FLUX  410   455.00        6.588846E+14   4.5820E-05   4.7742E-05   0.95975
FLUX  411   457.00        6.560011E+14   4.6751E-05   4.7573E-05   0.98273
FLUX  412   459.00        6.531427E+14   4.6051E-05   4.7405E-05   0.97143
FLUX  413   461.00        6.503091E+14   4.6633E-05   4.7239E-05   0.98719
FLUX  414   463.00        6.475000E+14   4.5789E-05   4.7073E-05   0.97272
FLUX  415   465.00        6.447151E+14   4.6194E-05   4.6908E-05   0.98478
FLUX  416   467.00        6.419540E+14   4.6096E-05   4.6745E-05   0.98613
FLUX  417   469.00        6.392164E+14   4.5168E-05   4.6582E-05   0.96965
FLUX  418   471.00        6.365021E+14   4.3656E-05   4.6421E-05   0.94044
FLUX  419   473.00        6.338108E+14   4.5403E-05   4.6260E-05   0.98148
FLUX  420   475.00        6.311421E+14   4.5327E-05   4.6100E-05   0.98322
FLUX  421   477.00        6.284958E+14   4.4890E-05   4.5941E-05   0.97712
FLUX  422   479.00        6.258716E+14   4.4408E-05   4.5783E-05   0.96997
FLUX  423   481.00        6.232692E+14   4.3166E-05   4.5626E-05   0.94609
FLUX  424   483.00        6.206884E+14   4.0111E-05   4.5469E-05   0.88216
FLUX  425   485.00        6.181289E+14   2.9800E-05   4.5314E-05   0.65763
FLUX  426   487.00        6.155903E+14   2.4310E-05   4.5159E-05   0.53832
FLUX  427   489.00        6.130726E+14   3.8028E-05   4.5005E-05   0.84496
FLUX  428   491.00        6.105754E+14   4.2047E-05   4.4853E-05   0.93744
FLUX  429   493.00        6.080984E+14   4.2588E-05   4.4701E-05   0.95274
FLUX  430   495.00        6.056414E+14   4.3308E-05   4.4550E-05   0.97213
FLUX  431   497.00        6.032042E+14   4.3775E-05   4.4400E-05   0.98593
FLUX  432   499.00        6.007866E+14   4.3166E-05   4.4250E-05   0.97550
FLUX  433   501.00        5.983882E+14   4.2424E-05   4.4102E-05   0.96195
FLUX  434   503.00        5.960089E+14   4.3070E-05   4.3954E-05   0.97990
FLUX  435   505.00        5.936485E+14   4.2573E-05   4.3807E-05   0.97184
FLUX  436   507.00        5.913067E+14   4.3088E-05   4.3660E-05   0.98690
FLUX  437   509.00        5.889833E+14   4.2943E-05   4.3515E-05   0.98687
FLUX  438   511.00        5.866781E+14   4.2910E-05   4.3370E-05   0.98941
FLUX  439   513.00        5.843908E+14   4.2579E-05   4.3226E-05   0.98504
FLUX  440   515.00        5.821214E+14   4.2127E-05   4.3082E-05   0.97783
FLUX  441   517.00        5.798694E+14   4.1415E-05   4.2940E-05   0.96450
FLUX  442   519.00        5.776349E+14   4.1377E-05   4.2798E-05   0.96679
FLUX  443   521.00        5.754175E+14   4.1755E-05   4.2657E-05   0.97885
FLUX  444   523.00        5.732170E+14   4.1274E-05   4.2517E-05   0.97077
FLUX  445   525.00        5.710333E+14   4.1929E-05   4.2377E-05   0.98942
FLUX  446   527.00        5.688662E+14   4.0659E-05   4.2238E-05   0.96261
FLUX  447   529.00        5.667155E+14   4.1537E-05   4.2101E-05   0.98661
FLUX  448   531.00        5.645810E+14   4.1130E-05   4.1963E-05   0.98015
FLUX  449   533.00        5.624625E+14   4.0609E-05   4.1827E-05   0.97089
FLUX  450   535.00        5.603598E+14   4.1202E-05   4.1691E-05   0.98829
FLUX  451   537.00        5.582728E+14   4.0814E-05   4.1556E-05   0.98216
FLUX  452   539.00        5.562013E+14   4.0753E-05   4.1423E-05   0.98383
FLUX  453   541.00        5.541451E+14   4.0315E-05   4.1289E-05   0.97640
FLUX  454   543.00        5.521041E+14   4.0481E-05   4.1156E-05   0.98360
FLUX  455   545.00        5.500780E+14   4.0530E-05   4.1024E-05   0.98796
FLUX  456   547.00        5.480667E+14   4.0402E-05   4.0892E-05   0.98802
FLUX  457   549.00        5.460701E+14   4.0417E-05   4.0761E-05   0.99158
FLUX  458   551.00        5.440880E+14   4.0324E-05   4.0630E-05   0.99246
FLUX  459   553.00        5.421203E+14   4.0014E-05   4.0500E-05   0.98800
FLUX  460   555.00        5.401667E+14   4.0081E-05   4.0371E-05   0.99281
FLUX  461   557.00        5.382271E+14   3.9790E-05   4.0243E-05   0.98875
FLUX  462   559.00        5.363014E+14   3.9714E-05   4.0115E-05   0.99000
FLUX  463   561.00        5.343895E+14   3.9704E-05   3.9987E-05   0.99292
FLUX  464   563.00        5.324911E+14   3.9668E-05   3.9863E-05   0.99509
FLUX  465   565.00        5.306062E+14   3.9517E-05   3.9737E-05   0.99445
FLUX  466   567.00        5.287346E+14   3.9283E-05   3.9612E-05   0.99170
FLUX  467   569.00        5.268761E+14   3.9285E-05   3.9487E-05   0.99490
FLUX  468   571.00        5.250306E+14   3.9159E-05   3.9363E-05   0.99483
FLUX  469   573.00        5.231981E+14   3.9198E-05   3.9239E-05   0.99894
FLUX  470   575.00        5.213783E+14   3.8940E-05   3.9116E-05   0.99550
FLUX  471   577.00        5.195711E+14   3.8879E-05   3.8994E-05   0.99706
FLUX  472   579.00        5.177763E+14   3.8733E-05   3.8872E-05   0.99642
FLUX  473   581.00        5.159940E+14   3.8638E-05   3.8751E-05   0.99710
FLUX  474   583.00        5.142238E+14   3.8553E-05   3.8630E-05   0.99801
FLUX  475   585.00        5.124658E+14   3.8423E-05   3.8510E-05   0.99774
FLUX  476   587.00        5.107198E+14   3.8263E-05   3.8390E-05   0.99668
FLUX  477   589.00        5.089856E+14   3.7801E-05   3.8271E-05   0.98773
FLUX  478   591.00        5.072631E+14   3.8043E-05   3.8152E-05   0.99715
FLUX  479   593.00        5.055523E+14   3.7946E-05   3.8034E-05   0.99770
FLUX  480   595.00        5.038529E+14   3.7785E-05   3.7916E-05   0.99653
FLUX  481   597.00        5.021650E+14   3.7702E-05   3.7799E-05   0.99742
FLUX  482   599.00        5.004883E+14   3.7506E-05   3.7683E-05   0.99530
FLUX  483   601.00        4.988228E+14   3.7319E-05   3.7567E-05   0.99339
FLUX  484   603.00        4.971683E+14   3.7315E-05   3.7452E-05   0.99636
FLUX  485   605.00        4.955248E+14   3.7227E-05   3.7337E-05   0.99706
FLUX  486   607.00        4.938921E+14   3.7180E-05   3.7223E-05   0.99883
FLUX  487   609.00        4.922701E+14   3.7015E-05   3.7110E-05   0.99744
FLUX  488   611.00        4.906588E+14   3.6869E-05   3.6997E-05   0.99655
FLUX  489   613.00        4.890579E+14   3.6633E-05   3.6884E-05   0.99318
FLUX  490   615.00        4.874675E+14   3.6149E-05   3.6773E-05   0.98304
FLUX  491   617.00        4.858874E+14   3.6419E-05   3.6661E-05   0.99340
FLUX  492   619.00        4.843174E+14   3.6478E-05   3.6550E-05   0.99802
FLUX  493   621.00        4.827576E+14   3.6368E-05   3.6440E-05   0.99802
FLUX  494   623.00        4.812079E+14   3.6175E-05   3.6330E-05   0.99572
FLUX  495   625.00        4.796680E+14   3.5721E-05   3.6221E-05   0.98621
FLUX  496   627.00        4.781380E+14   3.6063E-05   3.6116E-05   0.99854
FLUX  497   629.00        4.766176E+14   3.5960E-05   3.6008E-05   0.99867
FLUX  498   631.00        4.751070E+14   3.5708E-05   3.5900E-05   0.99465
FLUX  499   633.00        4.736058E+14   3.5669E-05   3.5792E-05   0.99656
FLUX  500   635.00        4.721142E+14   3.5211E-05   3.5686E-05   0.98669
FLUX  501   637.00        4.706319E+14   3.5209E-05   3.5579E-05   0.98960
FLUX  502   639.00        4.691588E+14   3.5279E-05   3.5473E-05   0.99453
FLUX  503   641.00        4.676950E+14   3.5004E-05   3.5367E-05   0.98974
FLUX  504   643.00        4.662403E+14   3.4990E-05   3.5262E-05   0.99229
FLUX  505   645.00        4.647946E+14   3.4548E-05   3.5157E-05   0.98269
FLUX  506   647.00        4.633578E+14   3.4634E-05   3.5053E-05   0.98806
FLUX  507   649.00        4.619299E+14   3.4166E-05   3.4948E-05   0.97762
FLUX  508   651.00        4.605108E+14   3.3677E-05   3.4846E-05   0.96648
FLUX  509   653.00        4.591003E+14   3.2174E-05   3.4742E-05   0.92609
FLUX  510   655.00        4.576985E+14   2.7216E-05   3.4642E-05   0.78563
FLUX  511   657.00        4.563052E+14   2.2083E-05   3.4540E-05   0.63935
FLUX  512   659.00        4.549203E+14   3.0473E-05   3.4438E-05   0.88485
FLUX  513   661.00        4.535439E+14   3.2852E-05   3.4337E-05   0.95676
FLUX  514   663.00        4.521757E+14   3.3515E-05   3.4236E-05   0.97896
FLUX  515   665.00        4.508158E+14   3.3698E-05   3.4135E-05   0.98719
FLUX  516   667.00        4.494640E+14   3.3729E-05   3.4035E-05   0.99100
FLUX  517   669.00        4.481203E+14   3.3737E-05   3.3935E-05   0.99415
FLUX  518   671.00        4.467846E+14   3.3685E-05   3.3836E-05   0.99552
FLUX  519   673.00        4.454569E+14   3.3572E-05   3.3737E-05   0.99511
FLUX  520   675.00        4.441370E+14   3.3503E-05   3.3639E-05   0.99597
FLUX  521   677.00        4.428250E+14   3.3493E-05   3.3540E-05   0.99859
FLUX  522   679.00        4.415206E+14   3.3390E-05   3.3443E-05   0.99842
FLUX  523   681.00        4.402239E+14   3.3296E-05   3.3345E-05   0.99851
FLUX  524   683.00        4.389348E+14   3.3158E-05   3.3248E-05   0.99730
FLUX  525   685.00        4.376533E+14   3.3074E-05   3.3152E-05   0.99767
FLUX  526   687.00        4.363792E+14   3.3017E-05   3.3055E-05   0.99884
FLUX  527   689.00        4.351125E+14   3.2926E-05   3.2959E-05   0.99897
FLUX  528   691.00        4.338531E+14   3.2821E-05   3.2864E-05   0.99870
FLUX  529   693.00        4.326010E+14   3.2715E-05   3.2769E-05   0.99835
FLUX  530   695.00        4.313561E+14   3.2632E-05   3.2674E-05   0.99871
FLUX  531   697.00        4.301184E+14   3.2522E-05   3.2580E-05   0.99821
FLUX  532   699.00        4.288877E+14   3.2460E-05   3.2486E-05   0.99919
FLUX  533   701.00        4.276641E+14   3.2229E-05   3.2393E-05   0.99495
FLUX  534   703.00        4.264474E+14   3.2204E-05   3.2300E-05   0.99702
FLUX  535   705.00        4.252376E+14   3.2150E-05   3.2207E-05   0.99821
FLUX  536   707.00        4.240347E+14   3.2081E-05   3.2115E-05   0.99895
FLUX  537   709.00        4.228385E+14   3.1992E-05   3.2023E-05   0.99904
FLUX  538   711.00        4.216491E+14   3.1440E-05   3.1932E-05   0.98460
FLUX  539   713.00        4.204663E+14   3.1689E-05   3.1840E-05   0.99523
FLUX  540   715.00        4.192902E+14   3.1643E-05   3.1750E-05   0.99665
FLUX  541   717.00        4.181206E+14   3.1563E-05   3.1659E-05   0.99697
FLUX  542   719.00        4.169576E+14   3.1470E-05   3.1569E-05   0.99687
FLUX  543   721.00        4.158010E+14   3.1409E-05   3.1479E-05   0.99776
FLUX  544   723.00        4.146508E+14   3.1298E-05   3.1390E-05   0.99706
FLUX  545   725.00        4.135069E+14   3.1170E-05   3.1302E-05   0.99579
FLUX  546   727.00        4.123693E+14   3.1168E-05   3.1214E-05   0.99854
FLUX  547   729.00        4.112380E+14   3.1000E-05   3.1125E-05   0.99598
FLUX  548   731.00        4.101129E+14   3.0950E-05   3.1040E-05   0.99708
FLUX  549   733.00        4.089939E+14   3.0875E-05   3.0953E-05   0.99750
FLUX  550   735.00        4.078810E+14   3.0829E-05   3.0865E-05   0.99883
FLUX  551   737.00        4.067741E+14   3.0748E-05   3.0778E-05   0.99903
FLUX  552   739.00        4.056732E+14   3.0604E-05   3.0691E-05   0.99715
FLUX  553   741.00        4.045783E+14   3.0321E-05   3.0605E-05   0.99073
FLUX  554   743.00        4.034892E+14   3.0295E-05   3.0519E-05   0.99264
FLUX  555   745.00        4.024060E+14   3.0280E-05   3.0434E-05   0.99495
FLUX  556   747.00        4.013286E+14   3.0053E-05   3.0348E-05   0.99027
FLUX  557   749.00        4.002570E+14   3.0069E-05   3.0263E-05   0.99358
FLUX  558   751.00        3.991911E+14   3.0078E-05   3.0179E-05   0.99666
FLUX  559   753.00        3.981308E+14   3.0022E-05   3.0094E-05   0.99758
FLUX  560   755.00        3.970762E+14   2.9990E-05   3.0010E-05   0.99931
FLUX  561   757.00        3.960271E+14   2.9887E-05   2.9927E-05   0.99868
FLUX  562   759.00        3.949835E+14   2.9810E-05   2.9844E-05   0.99889
FLUX  563   761.00        3.939455E+14   2.9730E-05   2.9761E-05   0.99896
FLUX  564   763.00        3.929128E+14   2.9645E-05   2.9678E-05   0.99887
FLUX  565   765.00        3.918856E+14   2.9535E-05   2.9596E-05   0.99796
FLUX  566   767.00        3.908638E+14   2.9388E-05   2.9514E-05   0.99572
FLUX  567   769.00        3.898472E+14   2.9357E-05   2.9432E-05   0.99743
FLUX  568   771.00        3.888359E+14   2.9254E-05   2.9351E-05   0.99668
FLUX  569   773.00        3.878299E+14   2.9239E-05   2.9270E-05   0.99894
FLUX  570   775.00        3.868290E+14   2.9136E-05   2.9190E-05   0.99816
FLUX  571   777.00        3.858333E+14   2.8450E-05   2.9109E-05   0.97734
FLUX  572   779.00        3.848427E+14   2.9015E-05   2.9029E-05   0.99950
FLUX  573   781.00        3.838572E+14   2.8919E-05   2.8950E-05   0.99896
FLUX  574   783.00        3.828768E+14   2.8784E-05   2.8870E-05   0.99701
FLUX  575   785.00        3.819013E+14   2.8632E-05   2.8791E-05   0.99447
FLUX  576   787.00        3.809307E+14   2.8538E-05   2.8712E-05   0.99392
FLUX  577   789.00        3.799651E+14   2.8411E-05   2.8634E-05   0.99223
FLUX  578   791.00        3.790044E+14   2.8395E-05   2.8555E-05   0.99437
FLUX  579   793.00        3.780485E+14   2.8350E-05   2.8477E-05   0.99553
FLUX  580   795.00        3.770975E+14   2.8162E-05   2.8400E-05   0.99162
FLUX  581   797.00        3.761512E+14   2.8300E-05   2.8322E-05   0.99921
FLUX  582   799.00        3.752096E+14   2.7913E-05   2.8245E-05   0.98825
FLUX  583   801.00        3.742728E+14   2.8105E-05   2.8168E-05   0.99774
FLUX  584   803.00        3.733406E+14   2.8008E-05   2.8092E-05   0.99703
FLUX  585   805.00        3.724130E+14   2.7961E-05   2.8016E-05   0.99803
FLUX  586   807.00        3.714901E+14   2.7871E-05   2.7940E-05   0.99756
FLUX  587   809.00        3.705717E+14   2.7801E-05   2.7864E-05   0.99775
FLUX  588   811.00        3.696578E+14   2.7756E-05   2.7788E-05   0.99885
FLUX  589   813.00        3.687485E+14   2.7701E-05   2.7713E-05   0.99956
FLUX  590   815.00        3.678436E+14   2.7624E-05   2.7639E-05   0.99948
FLUX  591   817.00        3.669431E+14   2.7554E-05   2.7564E-05   0.99964
FLUX  592   819.00        3.660470E+14   2.7197E-05   2.7490E-05   0.98936
FLUX  593   821.00        3.651553E+14   2.7256E-05   3.2832E-05   0.83015
FLUX  594   823.00        3.642679E+14   2.7162E-05   3.2733E-05   0.82980
FLUX  595   825.00        3.633848E+14   2.7160E-05   3.2633E-05   0.83227
FLUX  596   827.00        3.625060E+14   2.7338E-05   3.2535E-05   0.84026
FLUX  597   829.00        3.616315E+14   2.7245E-05   3.2436E-05   0.83995
FLUX  598   831.00        3.607611E+14   2.7164E-05   3.2338E-05   0.83998
FLUX  599   833.00        3.598950E+14   2.6871E-05   3.2241E-05   0.83345
FLUX  600   835.00        3.590329E+14   2.6904E-05   3.2144E-05   0.83699
FLUX  601   837.00        3.581750E+14   2.6797E-05   3.2047E-05   0.83616
FLUX  602   839.00        3.573212E+14   2.6469E-05   3.1951E-05   0.82841
FLUX  603   841.00        3.564715E+14   2.6244E-05   3.1855E-05   0.82385
FLUX  604   843.00        3.556257E+14   2.5975E-05   3.1760E-05   0.81786
FLUX  605   845.00        3.547840E+14   2.5556E-05   3.1665E-05   0.80705
FLUX  606   847.00        3.539463E+14   2.5391E-05   3.1571E-05   0.80426
FLUX  607   849.00        3.531125E+14   2.5558E-05   3.1477E-05   0.81196
FLUX  608   851.00        3.522826E+14   2.4565E-05   3.1383E-05   0.78275
FLUX  609   853.00        3.514566E+14   2.5762E-05   3.1290E-05   0.82335
FLUX  610   855.00        3.506345E+14   2.3319E-05   3.1197E-05   0.74749
FLUX  611   857.00        3.498162E+14   2.6308E-05   3.1104E-05   0.84578
FLUX  612   859.00        3.490017E+14   2.4412E-05   3.1012E-05   0.78717
FLUX  613   861.00        3.481911E+14   2.4119E-05   3.0921E-05   0.78004
FLUX  614   863.00        3.473841E+14   2.6822E-05   3.0829E-05   0.87003
FLUX  615   865.00        3.465809E+14   2.5426E-05   3.0739E-05   0.82716
FLUX  616   867.00        3.457814E+14   2.1644E-05   3.0648E-05   0.70623
FLUX  617   869.00        3.449856E+14   2.6040E-05   3.0558E-05   0.85216
FLUX  618   871.00        3.441935E+14   2.7443E-05   3.0468E-05   0.90071
FLUX  619   873.00        3.434049E+14   2.5999E-05   3.0379E-05   0.85581
FLUX  620   875.00        3.426200E+14   2.1184E-05   3.0290E-05   0.69936
FLUX  621   877.00        3.418387E+14   2.4951E-05   3.0202E-05   0.82614
FLUX  622   879.00        3.410609E+14   2.7535E-05   3.0113E-05   0.91439
FLUX  623   881.00        3.402866E+14   2.7907E-05   3.0026E-05   0.92944
FLUX  624   883.00        3.395159E+14   2.6888E-05   2.9938E-05   0.89810
FLUX  625   885.00        3.387486E+14   2.3825E-05   2.9851E-05   0.79812
FLUX  626   887.00        3.379848E+14   2.0651E-05   2.9765E-05   0.69382
FLUX  627   889.00        3.372244E+14   2.5849E-05   2.9679E-05   0.87096
FLUX  628   891.00        3.364675E+14   2.7530E-05   2.9593E-05   0.93031
FLUX  629   893.00        3.357139E+14   2.8036E-05   2.9507E-05   0.95012
FLUX  630   895.00        3.349637E+14   2.8239E-05   2.9422E-05   0.95977
FLUX  631   897.00        3.342168E+14   2.7548E-05   2.9338E-05   0.93901
FLUX  632   899.00        3.334733E+14   2.5789E-05   2.9253E-05   0.88159
FLUX  633   901.00        3.327331E+14   2.0606E-05   2.9169E-05   0.70643
FLUX  634   903.00        3.319961E+14   2.2521E-05   2.9086E-05   0.77432
FLUX  635   905.00        3.312624E+14   2.6263E-05   2.9002E-05   0.90556
FLUX  636   907.00        3.305320E+14   2.6997E-05   2.8919E-05   0.93352
FLUX  637   909.00        3.298047E+14   2.7170E-05   2.8837E-05   0.94221
FLUX  638   911.00        3.290807E+14   2.7900E-05   2.8754E-05   0.97029
FLUX  639   913.00        3.283598E+14   2.8007E-05   2.8673E-05   0.97680
FLUX  640   915.00        3.276421E+14   2.7906E-05   2.8591E-05   0.97604
FLUX  641   917.00        3.269275E+14   2.7408E-05   2.8510E-05   0.96135
FLUX  642   919.00        3.262160E+14   2.6365E-05   2.8429E-05   0.92740
FLUX  643   921.00        3.255076E+14   2.3984E-05   2.8348E-05   0.84604
FLUX  644   923.00        3.248023E+14   1.8933E-05   2.8268E-05   0.66977
FLUX  645   925.00        3.241000E+14   2.3213E-05   2.8188E-05   0.82349
FLUX  646   927.00        3.234008E+14   2.5427E-05   2.8109E-05   0.90461
FLUX  647   929.00        3.227045E+14   2.6961E-05   2.8029E-05   0.96187
FLUX  648   931.00        3.220113E+14   2.7358E-05   2.7951E-05   0.97881
FLUX  649   933.00        3.213210E+14   2.7448E-05   2.7872E-05   0.98478
FLUX  650   935.00        3.206337E+14   2.7500E-05   2.7794E-05   0.98943
FLUX  651   937.00        3.199493E+14   2.7485E-05   2.7716E-05   0.99166
FLUX  652   939.00        3.192678E+14   2.7229E-05   2.7638E-05   0.98519
FLUX  653   941.00        3.185893E+14   2.6641E-05   2.7561E-05   0.96661
FLUX  654   943.00        3.179136E+14   2.7066E-05   2.7484E-05   0.98478
FLUX  655   945.00        3.172407E+14   2.6940E-05   2.7407E-05   0.98294
FLUX  656   947.00        3.165707E+14   2.6698E-05   2.7331E-05   0.97683
FLUX  657   949.00        3.159036E+14   2.6202E-05   2.7255E-05   0.96135
FLUX  658   951.00        3.152392E+14   2.5125E-05   2.7179E-05   0.92443
FLUX  659   953.00        3.145776E+14   2.2550E-05   2.7104E-05   0.83200
FLUX  660   955.00        3.139188E+14   1.8320E-05   2.7029E-05   0.67781
FLUX  661   957.00        3.132628E+14   2.2976E-05   2.6954E-05   0.85242
FLUX  662   959.00        3.126095E+14   2.5100E-05   2.6879E-05   0.93380
FLUX  663   961.00        3.119589E+14   2.5739E-05   2.6805E-05   0.96021
FLUX  664   963.00        3.113110E+14   2.5796E-05   2.6731E-05   0.96502
FLUX  665   965.00        3.106658E+14   2.6246E-05   2.6658E-05   0.98455
FLUX  666   967.00        3.100233E+14   2.6059E-05   2.6584E-05   0.98025
FLUX  667   969.00        3.093834E+14   2.6178E-05   2.6511E-05   0.98743
FLUX  668   971.00        3.087461E+14   2.6314E-05   2.6439E-05   0.99528
FLUX  669   973.00        3.081115E+14   2.6230E-05   2.6366E-05   0.99481
FLUX  670   975.00        3.074795E+14   2.6117E-05   2.6294E-05   0.99327
FLUX  671   977.00        3.068501E+14   2.6129E-05   2.6222E-05   0.99644
FLUX  672   979.00        3.062232E+14   2.6058E-05   2.6151E-05   0.99647
FLUX  673   981.00        3.055989E+14   2.5973E-05   2.6079E-05   0.99591
FLUX  674   983.00        3.049771E+14   2.5850E-05   2.6008E-05   0.99391
FLUX  675   985.00        3.043579E+14   2.5692E-05   2.5938E-05   0.99051
FLUX  676   987.00        3.037411E+14   2.5613E-05   2.5867E-05   0.99018
FLUX  677   989.00        3.031269E+14   2.5404E-05   2.5797E-05   0.98477
FLUX  678   991.00        3.025151E+14   2.5430E-05   2.5727E-05   0.98843
FLUX  679   993.00        3.019058E+14   2.5308E-05   2.5658E-05   0.98638
FLUX  680   995.00        3.012990E+14   2.5183E-05   2.5588E-05   0.98415
FLUX  681   997.00        3.006946E+14   2.4998E-05   2.5519E-05   0.97956
FLUX  682   999.00        3.000926E+14   2.4564E-05   2.5451E-05   0.96516
FLUX  683  1002.50        2.990449E+14   2.1841E-05   2.5331E-05   0.86222
FLUX  684  1007.50        2.975608E+14   2.0921E-05   2.5161E-05   0.83149
FLUX  685  1012.50        2.960914E+14   2.4133E-05   2.4993E-05   0.96557
FLUX  686  1017.50        2.946364E+14   2.4558E-05   2.4827E-05   0.98916
FLUX  687  1022.50        2.931956E+14   2.4558E-05   2.4663E-05   0.99573
FLUX  688  1027.50        2.917689E+14   2.4455E-05   2.4500E-05   0.99816
FLUX  689  1032.50        2.903559E+14   2.4282E-05   2.4339E-05   0.99767
FLUX  690  1037.50        2.889566E+14   2.4130E-05   2.4179E-05   0.99796
FLUX  691  1042.50        2.875707E+14   2.3966E-05   2.4021E-05   0.99772
FLUX  692  1047.50        2.861981E+14   2.3636E-05   2.3864E-05   0.99046
FLUX  693  1052.50        2.848385E+14   2.3538E-05   2.3708E-05   0.99282
FLUX  694  1057.50        2.834917E+14   2.3447E-05   2.3555E-05   0.99545
FLUX  695  1062.50        2.821576E+14   2.3301E-05   2.3402E-05   0.99568
FLUX  696  1067.50        2.808361E+14   2.2766E-05   2.3251E-05   0.97916
FLUX  697  1072.50        2.795268E+14   2.2825E-05   2.3101E-05   0.98803
FLUX  698  1077.50        2.782297E+14   2.2682E-05   2.2953E-05   0.98821
FLUX  699  1082.50        2.769446E+14   2.2414E-05   2.2806E-05   0.98281
FLUX  700  1087.50        2.756713E+14   2.1725E-05   2.2661E-05   0.95872
FLUX  701  1092.50        2.744096E+14   1.8066E-05   2.2516E-05   0.80237
FLUX  702  1097.50        2.731595E+14   1.9989E-05   2.2374E-05   0.89340
FLUX  703  1102.50        2.719206E+14   2.1714E-05   2.2232E-05   0.97668
FLUX  704  1107.50        2.706930E+14   2.1911E-05   2.2092E-05   0.99179
FLUX  705  1112.50        2.694764E+14   2.1832E-05   2.1953E-05   0.99450
FLUX  706  1117.50        2.682707E+14   2.1748E-05   2.1815E-05   0.99691
FLUX  707  1122.50        2.670757E+14   2.1649E-05   2.1679E-05   0.99861
FLUX  708  1127.50        2.658914E+14   2.1171E-05   2.1543E-05   0.98271
FLUX  709  1132.50        2.647174E+14   2.1074E-05   2.1409E-05   0.98434
FLUX  710  1137.50        2.635538E+14   2.1169E-05   2.1277E-05   0.99494
FLUX  711  1142.50        2.624004E+14   2.0982E-05   2.1145E-05   0.99231
FLUX  712  1147.50        2.612571E+14   2.0984E-05   2.1014E-05   0.99856
FLUX  713  1152.50        2.601236E+14   2.0871E-05   2.0885E-05   0.99937
FLUX  714  1157.50        2.590000E+14   2.0726E-05   2.0756E-05   0.99854
FLUX  715  1162.50        2.578860E+14   2.0427E-05   2.0629E-05   0.99021
FLUX  716  1167.50        2.567816E+14   2.0192E-05   2.0503E-05   0.98483
FLUX  717  1172.50        2.556866E+14   2.0359E-05   2.0378E-05   0.99909
FLUX  718  1177.50        2.546008E+14   1.9894E-05   2.0254E-05   0.98221
FLUX  719  1182.50        2.535243E+14   1.9951E-05   2.0131E-05   0.99107
FLUX  720  1187.50        2.524568E+14   1.9738E-05   2.0009E-05   0.98643
FLUX  721  1192.50        2.513983E+14   1.9884E-05   1.9888E-05   0.99980
FLUX  722  1197.50        2.503486E+14   1.9610E-05   1.9769E-05   0.99197
FLUX  723  1202.50        2.493077E+14   1.9595E-05   1.9650E-05   0.99719
FLUX  724  1207.50        2.482754E+14   1.9416E-05   1.9532E-05   0.99408
FLUX  725  1212.50        2.472515E+14   1.9326E-05   1.9415E-05   0.99541
FLUX  726  1217.50        2.462361E+14   1.9264E-05   1.9300E-05   0.99817
FLUX  727  1222.50        2.452290E+14   1.9127E-05   1.9185E-05   0.99696
FLUX  728  1227.50        2.442301E+14   1.8985E-05   1.9071E-05   0.99549
FLUX  729  1232.50        2.432394E+14   1.8882E-05   1.8959E-05   0.99597
FLUX  730  1237.50        2.422566E+14   1.8798E-05   1.8847E-05   0.99740
FLUX  731  1242.50        2.412817E+14   1.8724E-05   1.8736E-05   0.99935
FLUX  732  1247.50        2.403146E+14   1.8554E-05   1.8626E-05   0.99615
FLUX  733  1252.50        2.393553E+14   1.8466E-05   1.8517E-05   0.99723
FLUX  734  1257.50        2.384036E+14   1.8219E-05   1.8409E-05   0.98968
FLUX  735  1262.50        2.374594E+14   1.8148E-05   1.8302E-05   0.99159
FLUX  736  1267.50        2.365227E+14   1.8042E-05   1.8196E-05   0.99154
FLUX  737  1272.50        2.355933E+14   1.7755E-05   1.8090E-05   0.98148
FLUX  738  1277.50        2.346712E+14   1.6809E-05   1.7986E-05   0.93459
FLUX  739  1282.50        2.337563E+14   1.4347E-05   1.7882E-05   0.80233
FLUX  740  1287.50        2.328485E+14   1.6841E-05   1.7779E-05   0.94724
FLUX  741  1292.50        2.319478E+14   1.7395E-05   1.7677E-05   0.98405
FLUX  742  1297.50        2.310539E+14   1.7451E-05   1.7576E-05   0.99286
FLUX  743  1302.50        2.301670E+14   1.7410E-05   1.7476E-05   0.99623
FLUX  744  1307.50        2.292868E+14   1.7358E-05   1.7376E-05   0.99892
FLUX  745  1312.50        2.284133E+14   1.7254E-05   1.7278E-05   0.99861
FLUX  746  1317.50        2.275465E+14   1.7099E-05   1.7180E-05   0.99531
FLUX  747  1322.50        2.266862E+14   1.7074E-05   1.7083E-05   0.99949
FLUX  748  1327.50        2.258324E+14   1.6976E-05   1.6987E-05   0.99939
FLUX  749  1332.50        2.249850E+14   1.6886E-05   1.6891E-05   0.99970
FLUX  750  1337.50        2.241439E+14   1.6788E-05   1.6796E-05   0.99949
FLUX  751  1342.50        2.233091E+14   1.6690E-05   1.6702E-05   0.99928
FLUX  752  1347.50        2.224805E+14   1.6591E-05   1.6609E-05   0.99895
FLUX  753  1352.50        2.216580E+14   1.6468E-05   1.6516E-05   0.99707
FLUX  754  1357.50        2.208416E+14   1.6376E-05   1.6424E-05   0.99704
FLUX  755  1362.50        2.200312E+14   1.6313E-05   1.6333E-05   0.99875
FLUX  756  1367.50        2.192267E+14   1.6205E-05   1.6243E-05   0.99766
FLUX  757  1372.50        2.184281E+14   1.6024E-05   1.6153E-05   0.99198
FLUX  758  1377.50        2.176352E+14   1.6025E-05   1.6064E-05   0.99757
FLUX  759  1382.50        2.168481E+14   1.5941E-05   1.5976E-05   0.99782
FLUX  760  1387.50        2.160667E+14   1.5887E-05   1.5888E-05   0.99989
FLUX  761  1392.50        2.152908E+14   1.5750E-05   1.5801E-05   0.99672
FLUX  762  1397.50        2.145206E+14   1.5695E-05   1.5715E-05   0.99871
FLUX  763  1402.50        2.137558E+14   1.5616E-05   1.5629E-05   0.99911
FLUX  764  1407.50        2.129964E+14   1.5539E-05   1.5545E-05   0.99967
FLUX  765  1412.50        2.122425E+14   1.5437E-05   1.5460E-05   0.99847
FLUX  766  1417.50        2.114938E+14   1.5365E-05   1.5377E-05   0.99922
FLUX  767  1422.50        2.107504E+14   1.5273E-05   1.5294E-05   0.99866
FLUX  768  1427.50        2.100123E+14   1.5185E-05   1.5211E-05   0.99826
FLUX  769  1432.50        2.092792E+14   1.5111E-05   1.5130E-05   0.99881
FLUX  770  1437.50        2.085513E+14   1.5045E-05   1.5048E-05   0.99974
FLUX  771  1442.50        2.078284E+14   1.4745E-05   1.4968E-05   0.98514
FLUX  772  1447.50        2.071105E+14   1.4871E-05   1.4888E-05   0.99884
FLUX  773  1452.50        2.063976E+14   1.4683E-05   1.4809E-05   0.99149
FLUX  774  1457.00        2.057601E+14   1.4717E-05   1.4738E-05   0.99858
FLUX  775  1462.00        2.050564E+14   1.4950E-05   1.5491E-05   0.96509
FLUX  776  1467.50        2.042879E+14   1.5352E-05   1.5399E-05   0.99693
FLUX  777  1472.50        2.035942E+14   1.5184E-05   1.5316E-05   0.99140
FLUX  778  1477.50        2.029052E+14   1.4941E-05   1.5234E-05   0.98080
FLUX  779  1482.50        2.022209E+14   1.4799E-05   1.5152E-05   0.97667
FLUX  780  1487.50        2.015412E+14   1.4544E-05   1.5071E-05   0.96505
FLUX  781  1492.50        2.008660E+14   1.4483E-05   1.4990E-05   0.96618
FLUX  782  1497.50        2.001953E+14   1.4285E-05   1.4910E-05   0.95806
FLUX  783  1502.50        1.995291E+14   1.4112E-05   1.4831E-05   0.95151
FLUX  784  1507.50        1.988673E+14   1.3952E-05   1.4752E-05   0.94575
FLUX  785  1512.50        1.982099E+14   1.3871E-05   1.4674E-05   0.94525
FLUX  786  1517.50        1.975568E+14   1.3723E-05   1.4596E-05   0.94014
FLUX  787  1522.50        1.969080E+14   1.3608E-05   1.4519E-05   0.93723
FLUX  788  1527.50        1.962635E+14   1.3520E-05   1.4442E-05   0.93613
FLUX  789  1532.50        1.956232E+14   1.3368E-05   1.4366E-05   0.93049
FLUX  790  1537.50        1.949870E+14   1.3353E-05   1.4291E-05   0.93437
FLUX  791  1542.50        1.943549E+14   1.3126E-05   1.4216E-05   0.92332
FLUX  792  1547.50        1.937270E+14   1.3195E-05   1.4141E-05   0.93311
FLUX  793  1552.50        1.931031E+14   1.3069E-05   1.4067E-05   0.92905
FLUX  794  1557.50        1.924831E+14   1.2853E-05   1.3994E-05   0.91849
FLUX  795  1562.50        1.918672E+14   1.3173E-05   1.3921E-05   0.94632
FLUX  796  1567.50        1.912552E+14   1.2746E-05   1.3848E-05   0.92042
FLUX  797  1572.50        1.906471E+14   1.2568E-05   1.3776E-05   0.91229
FLUX  798  1577.50        1.900428E+14   1.3035E-05   1.3705E-05   0.95117
FLUX  799  1582.50        1.894423E+14   1.2914E-05   1.3634E-05   0.94721
FLUX  800  1587.50        1.888457E+14   1.2009E-05   1.3563E-05   0.88541
FLUX  801  1592.50        1.882527E+14   1.2599E-05   1.3493E-05   0.93375
FLUX  802  1597.50        1.876635E+14   1.3074E-05   1.3423E-05   0.97401
FLUX  803  1605.00        1.867866E+14   1.2586E-05   1.3320E-05   0.94492
FLUX  804  1615.00        1.856300E+14   1.2011E-05   1.3183E-05   0.91110
FLUX  805  1625.00        1.844877E+14   1.2768E-05   1.3048E-05   0.97851
FLUX  806  1635.00        1.833593E+14   1.2121E-05   1.2914E-05   0.93856
FLUX  807  1645.00        1.822447E+14   1.1543E-05   1.2782E-05   0.90305
FLUX  808  1655.00        1.811435E+14   1.2446E-05   1.2651E-05   0.98375
FLUX  809  1665.00        1.800556E+14   1.2354E-05   1.2522E-05   0.98656
FLUX  810  1675.00        1.789806E+14   1.1603E-05   1.2395E-05   0.93609
FLUX  811  1685.00        1.779184E+14   1.0993E-05   1.2270E-05   0.89594
FLUX  812  1695.00        1.768687E+14   1.1972E-05   1.2147E-05   0.98563
FLUX  813  1705.00        1.758314E+14   1.1925E-05   1.2026E-05   0.99166
FLUX  814  1715.00        1.748061E+14   1.1827E-05   1.1906E-05   0.99332
FLUX  815  1725.00        1.737928E+14   1.1494E-05   1.1788E-05   0.97501
FLUX  816  1735.00        1.727911E+14   1.0160E-05   1.1672E-05   0.87040
FLUX  817  1745.00        1.718009E+14   1.1057E-05   1.1558E-05   0.95662
FLUX  818  1755.00        1.708219E+14   1.1309E-05   1.1446E-05   0.98806
FLUX  819  1765.00        1.698541E+14   1.1241E-05   1.1335E-05   0.99177
FLUX  820  1775.00        1.688972E+14   1.1175E-05   1.1225E-05   0.99554
FLUX  821  1785.00        1.679510E+14   1.1052E-05   1.1117E-05   0.99408
FLUX  822  1795.00        1.670153E+14   1.0952E-05   1.1011E-05   0.99461
FLUX  823  1805.00        1.660900E+14   1.0680E-05   1.0907E-05   0.97923
FLUX  824  1815.00        1.651749E+14   9.5170E-06   1.0803E-05   0.88094
FLUX  825  1825.00        1.642699E+14   1.0135E-05   1.0701E-05   0.94708
FLUX  826  1835.00        1.633747E+14   1.0492E-05   1.0601E-05   0.98970
FLUX  827  1845.00        1.624892E+14   1.0439E-05   1.0502E-05   0.99396
FLUX  828  1855.00        1.616132E+14   1.0306E-05   1.0405E-05   0.99051
FLUX  829  1865.00        1.607466E+14   1.0062E-05   1.0309E-05   0.97612
FLUX  830  1875.00        1.598893E+14   8.9071E-06   1.0214E-05   0.87207
FLUX  831  1885.00        1.590411E+14   9.8123E-06   1.0120E-05   0.96957
FLUX  832  1895.00        1.582018E+14   9.9171E-06   1.0028E-05   0.98895
FLUX  833  1905.00        1.573714E+14   9.9014E-06   9.9370E-06   0.99642
FLUX  834  1915.00        1.565496E+14   9.8089E-06   9.8472E-06   0.99611
FLUX  835  1925.00        1.557364E+14   9.6865E-06   9.7587E-06   0.99260
FLUX  836  1935.00        1.549315E+14   9.4033E-06   9.6713E-06   0.97229
FLUX  837  1945.00        1.541350E+14   8.3557E-06   9.5851E-06   0.87173
FLUX  838  1955.00        1.533465E+14   9.2409E-06   9.5001E-06   0.97272
FLUX  839  1965.00        1.525662E+14   9.3568E-06   9.4161E-06   0.99370
FLUX  840  1975.00        1.517937E+14   9.2974E-06   9.3333E-06   0.99616
FLUX  841  1985.00        1.510290E+14   9.2439E-06   9.2515E-06   0.99918
FLUX  842  1995.00        1.502719E+14   9.1656E-06   9.1708E-06   0.99943
FLUX  843  2005.00        1.495224E+14   9.0879E-06   9.0912E-06   0.99964
FLUX  844  2015.00        1.487804E+14   9.0112E-06   9.0126E-06   0.99984
FLUX  845  2025.00        1.480457E+14   8.9297E-06   8.9351E-06   0.99940
FLUX  846  2035.00        1.473182E+14   8.8486E-06   8.8585E-06   0.99889
FLUX  847  2045.00        1.465978E+14   8.7820E-06   8.7829E-06   0.99990
FLUX  848  2055.00        1.458844E+14   8.7059E-06   8.7083E-06   0.99972
FLUX  849  2065.00        1.451780E+14   8.6240E-06   8.6346E-06   0.99876
FLUX  850  2075.00        1.444783E+14   8.5541E-06   8.5619E-06   0.99909
FLUX  851  2085.00        1.437854E+14   8.4848E-06   8.4901E-06   0.99938
FLUX  852  2095.00        1.430990E+14   8.4136E-06   8.4192E-06   0.99934
FLUX  853  2105.00        1.424192E+14   8.3411E-06   8.3492E-06   0.99904
FLUX  854  2115.00        1.417459E+14   8.2544E-06   8.2800E-06   0.99691
FLUX  855  2125.00        1.410788E+14   8.1868E-06   8.2117E-06   0.99697
FLUX  856  2135.00        1.404180E+14   8.1094E-06   8.1443E-06   0.99572
FLUX  857  2145.00        1.397634E+14   8.0268E-06   8.0776E-06   0.99370
FLUX  858  2155.00        1.391148E+14   7.8286E-06   8.0118E-06   0.97712
FLUX  859  2165.00        1.384723E+14   6.9977E-06   7.9469E-06   0.88056
FLUX  860  2175.00        1.378356E+14   7.6159E-06   7.8826E-06   0.96616
FLUX  861  2185.00        1.372048E+14   7.7575E-06   7.8192E-06   0.99210
FLUX  862  2195.00        1.365797E+14   7.7397E-06   7.7565E-06   0.99782
FLUX  863  2205.00        1.359603E+14   7.6836E-06   7.6946E-06   0.99857
FLUX  864  2215.00        1.353465E+14   7.6156E-06   7.6335E-06   0.99766
FLUX  865  2225.00        1.347382E+14   7.5721E-06   7.5730E-06   0.99988
FLUX  866  2235.00        1.341353E+14   7.5116E-06   7.5133E-06   0.99978
FLUX  867  2245.00        1.335379E+14   7.4532E-06   7.4543E-06   0.99985
FLUX  868  2255.00        1.329457E+14   7.3851E-06   7.3959E-06   0.99854
FLUX  869  2265.00        1.323587E+14   7.3355E-06   7.3383E-06   0.99962
FLUX  870  2275.00        1.317769E+14   7.2793E-06   7.2813E-06   0.99972
FLUX  871  2285.00        1.312002E+14   7.2525E-06   7.3685E-06   0.98425
FLUX  872  2295.00        1.306285E+14   7.3044E-06   7.3111E-06   0.99908
FLUX  873  2305.00        1.300618E+14   7.2506E-06   7.2544E-06   0.99947
FLUX  874  2315.00        1.295000E+14   7.1766E-06   7.1984E-06   0.99697
FLUX  875  2325.00        1.289430E+14   7.1073E-06   7.1430E-06   0.99500
FLUX  876  2335.00        1.283908E+14   7.0340E-06   7.0882E-06   0.99235
FLUX  877  2345.00        1.278433E+14   6.9652E-06   7.0341E-06   0.99021
FLUX  878  2355.00        1.273004E+14   6.8979E-06   6.9806E-06   0.98816
FLUX  879  2365.00        1.267622E+14   6.8321E-06   6.9277E-06   0.98621
FLUX  880  2375.00        1.262284E+14   6.7678E-06   6.8754E-06   0.98435
FLUX  881  2385.00        1.256992E+14   6.7069E-06   6.8237E-06   0.98289
FLUX  882  2395.00        1.251743E+14   6.6439E-06   6.7726E-06   0.98100
FLUX  883  2405.00        1.246538E+14   6.5866E-06   6.7220E-06   0.97985
FLUX  884  2415.00        1.241377E+14   6.5264E-06   6.6721E-06   0.97816
FLUX  885  2425.00        1.236258E+14   6.4659E-06   6.6226E-06   0.97634
FLUX  886  2435.00        1.231181E+14   6.4227E-06   6.5738E-06   0.97702
FLUX  887  2445.00        1.226145E+14   6.3569E-06   6.5254E-06   0.97417
FLUX  888  2455.00        1.221151E+14   6.3236E-06   6.4776E-06   0.97623
FLUX  889  2465.00        1.216197E+14   6.2561E-06   6.4303E-06   0.97291
FLUX  890  2475.00        1.211283E+14   6.2253E-06   6.3836E-06   0.97521
FLUX  891  2485.00        1.206408E+14   6.1890E-06   6.3373E-06   0.97659
FLUX  892  2495.00        1.201573E+14   6.0958E-06   6.2915E-06   0.96888
FLUX  893  2505.00        1.196776E+14   6.2003E-06   6.2463E-06   0.99265
FLUX  894  2515.00        1.192018E+14   6.0922E-06   6.2015E-06   0.98238
FLUX  895  2525.00        1.187297E+14   5.9264E-06   6.1572E-06   0.96252
FLUX  896  2535.00        1.182613E+14   5.9734E-06   6.1134E-06   0.97711
FLUX  897  2545.00        1.177967E+14   5.9799E-06   6.0700E-06   0.98515
FLUX  898  2555.00        1.173356E+14   5.8713E-06   6.0271E-06   0.97414
FLUX  899  2565.00        1.168782E+14   5.6993E-06   5.9847E-06   0.95231
FLUX  900  2575.00        1.164243E+14   5.8136E-06   5.9427E-06   0.97828
FLUX  901  2585.00        1.159739E+14   5.8231E-06   5.9011E-06   0.98678
FLUX  902  2595.00        1.155270E+14   5.7745E-06   5.8600E-06   0.98541
FLUX  903  2605.00        1.150835E+14   5.6083E-06   5.8193E-06   0.96375
FLUX  904  2615.00        1.146434E+14   5.3898E-06   5.7790E-06   0.93266
FLUX  905  2625.00        1.142067E+14   5.0499E-06   5.7392E-06   0.87991
FLUX  906  2635.00        1.137732E+14   5.4707E-06   5.6997E-06   0.95982
FLUX  907  2645.00        1.133431E+14   5.5805E-06   5.6607E-06   0.98584
FLUX  908  2655.00        1.129162E+14   5.5508E-06   5.6220E-06   0.98733
FLUX  909  2665.00        1.124925E+14   5.4294E-06   5.5838E-06   0.97234
FLUX  910  2675.00        1.120720E+14   5.1556E-06   5.5460E-06   0.92961
FLUX  911  2685.00        1.116546E+14   5.3629E-06   5.5085E-06   0.97356
FLUX  912  2695.00        1.112403E+14   5.4244E-06   5.4714E-06   0.99142
FLUX  913  2705.00        1.108290E+14   5.4096E-06   5.4347E-06   0.99538
FLUX  914  2715.00        1.104208E+14   5.3810E-06   5.3984E-06   0.99679
FLUX  915  2725.00        1.100156E+14   5.3422E-06   5.3624E-06   0.99624
FLUX  916  2735.00        1.096133E+14   5.2907E-06   5.3268E-06   0.99322
FLUX  917  2745.00        1.092140E+14   5.1952E-06   5.2915E-06   0.98181
FLUX  918  2755.00        1.088176E+14   4.8718E-06   5.2566E-06   0.92679
FLUX  919  2765.00        1.084241E+14   4.9837E-06   5.2220E-06   0.95437
FLUX  920  2775.00        1.080333E+14   5.1275E-06   5.1878E-06   0.98838
FLUX  921  2785.00        1.076454E+14   5.1311E-06   5.1539E-06   0.99557
FLUX  922  2795.00        1.072603E+14   5.1118E-06   5.1203E-06   0.99834
FLUX  923  2805.00        1.068779E+14   5.0859E-06   5.0871E-06   0.99977
FLUX  924  2815.00        1.064982E+14   5.0527E-06   5.0542E-06   0.99971
FLUX  925  2825.00        1.061212E+14   5.0199E-06   5.0216E-06   0.99967
FLUX  926  2835.00        1.057469E+14   4.9810E-06   4.9893E-06   0.99834
FLUX  927  2845.00        1.053752E+14   4.9315E-06   4.9573E-06   0.99478
FLUX  928  2855.00        1.050061E+14   4.8727E-06   4.9256E-06   0.98925
FLUX  929  2865.00        1.046396E+14   4.6988E-06   4.8943E-06   0.96007
FLUX  930  2875.00        1.042757E+14   4.4353E-06   4.8632E-06   0.91200
FLUX  931  2885.00        1.039142E+14   4.7262E-06   4.8324E-06   0.97801
FLUX  932  2895.00        1.035553E+14   4.7659E-06   4.8019E-06   0.99250
FLUX  933  2905.00        1.031988E+14   4.7584E-06   4.7718E-06   0.99721
FLUX  934  2915.00        1.028448E+14   4.7323E-06   4.7418E-06   0.99799
FLUX  935  2925.00        1.024932E+14   4.7105E-06   4.7122E-06   0.99964
FLUX  936  2935.00        1.021440E+14   4.6819E-06   4.6829E-06   0.99980
FLUX  937  2945.00        1.017971E+14   4.6531E-06   4.6538E-06   0.99987
FLUX  938  2955.00        1.014526E+14   4.6246E-06   4.6250E-06   0.99992
FLUX  939  2965.00        1.011105E+14   4.5960E-06   4.5964E-06   0.99991
FLUX  940  2975.00        1.007706E+14   4.5675E-06   4.5681E-06   0.99987
FLUX  941  2985.00        1.004330E+14   4.5397E-06   4.5401E-06   0.99990
FLUX  942  2995.00        1.000977E+14   4.5097E-06   4.5123E-06   0.99941
FLUX  943  3005.00        9.976456E+13   4.4718E-06   4.4848E-06   0.99709
FLUX  944  3015.00        9.943367E+13   4.4298E-06   4.4576E-06   0.99377
FLUX  945  3025.00        9.910496E+13   4.3542E-06   4.4305E-06   0.98277
FLUX  946  3035.00        9.877842E+13   4.0569E-06   4.4038E-06   0.92122
FLUX  947  3045.00        9.845402E+13   4.1191E-06   4.3773E-06   0.94102
FLUX  948  3055.00        9.813175E+13   4.2908E-06   4.3510E-06   0.98616
FLUX  949  3065.00        9.781158E+13   4.3037E-06   4.3250E-06   0.99509
FLUX  950  3075.00        9.749350E+13   4.2911E-06   4.2992E-06   0.99812
FLUX  951  3085.00        9.717747E+13   4.2661E-06   4.2736E-06   0.99825
FLUX  952  3095.00        9.686349E+13   4.2455E-06   4.2483E-06   0.99936
FLUX  953  3105.00        9.655153E+13   4.2197E-06   4.2232E-06   0.99917
FLUX  954  3115.00        9.624157E+13   4.1911E-06   4.1983E-06   0.99829
FLUX  955  3125.00        9.593360E+13   4.1680E-06   4.1736E-06   0.99867
FLUX  956  3135.00        9.562759E+13   4.1460E-06   4.1492E-06   0.99925
FLUX  957  3145.00        9.532353E+13   4.1195E-06   4.1249E-06   0.99869
FLUX  958  3155.00        9.502139E+13   4.0991E-06   4.1009E-06   0.99956
FLUX  959  3165.00        9.472117E+13   4.0767E-06   4.0771E-06   0.99991
FLUX  960  3175.00        9.442283E+13   4.0503E-06   4.0535E-06   0.99922
FLUX  961  3185.00        9.412637E+13   4.0298E-06   4.0301E-06   0.99992
FLUX  962  3195.00        9.383177E+13   4.0061E-06   4.0069E-06   0.99980
FLUX  963  3210.00        9.339330E+13   3.9713E-06   3.9724E-06   0.99970
FLUX  964  3230.00        9.281502E+13   3.9269E-06   3.9272E-06   0.99991
FLUX  965  3250.00        9.224385E+13   3.8810E-06   3.8828E-06   0.99954
FLUX  966  3270.00        9.167966E+13   3.8150E-06   3.8391E-06   0.99373
FLUX  967  3290.00        9.112234E+13   3.5464E-06   3.8269E-06   0.92670
FLUX  968  3310.00        9.057175E+13   3.6694E-06   3.7841E-06   0.96968
FLUX  969  3330.00        9.002778E+13   3.7232E-06   3.7421E-06   0.99495
FLUX  970  3350.00        8.949030E+13   3.6921E-06   3.7007E-06   0.99767
FLUX  971  3370.00        8.895920E+13   3.6432E-06   3.6601E-06   0.99539
FLUX  972  3390.00        8.843437E+13   3.6019E-06   3.6200E-06   0.99499
FLUX  973  3410.00        8.791569E+13   3.5611E-06   3.5807E-06   0.99455
FLUX  974  3430.00        8.740306E+13   3.5219E-06   3.5420E-06   0.99433
FLUX  975  3450.00        8.689638E+13   3.4832E-06   3.5039E-06   0.99411
FLUX  976  3470.00        8.639553E+13   3.4429E-06   3.4664E-06   0.99323
FLUX  977  3490.00        8.590043E+13   3.4042E-06   3.4295E-06   0.99264
FLUX  978  3510.00        8.541097E+13   3.3667E-06   3.3932E-06   0.99220
FLUX  979  3530.00        8.492705E+13   3.3277E-06   3.3574E-06   0.99114
FLUX  980  3550.00        8.444859E+13   3.2921E-06   3.3223E-06   0.99093
FLUX  981  3570.00        8.397549E+13   3.2542E-06   3.2876E-06   0.98984
FLUX  982  3590.00        8.350766E+13   3.2196E-06   3.2536E-06   0.98957
FLUX  983  3610.00        8.304501E+13   3.1850E-06   3.2200E-06   0.98914
FLUX  984  3630.00        8.258747E+13   3.1528E-06   3.1870E-06   0.98929
FLUX  985  3650.00        8.213493E+13   3.1166E-06   3.1544E-06   0.98800
FLUX  986  3670.00        8.168733E+13   3.0911E-06   3.1224E-06   0.98996
FLUX  987  3690.00        8.124458E+13   3.0415E-06   3.0908E-06   0.98403
FLUX  988  3710.00        8.080660E+13   3.0188E-06   3.0598E-06   0.98660
FLUX  989  3730.00        8.037332E+13   2.8927E-06   3.0292E-06   0.95495
FLUX  990  3750.00        7.994467E+13   2.8260E-06   2.9990E-06   0.94232
FLUX  991  3770.00        7.952056E+13   2.9326E-06   2.9693E-06   0.98762
FLUX  992  3790.00        7.910092E+13   2.9173E-06   2.9400E-06   0.99227
FLUX  993  3810.00        7.868570E+13   2.8614E-06   2.9112E-06   0.98288
FLUX  994  3830.00        7.827480E+13   2.8396E-06   2.8828E-06   0.98501
FLUX  995  3850.00        7.786818E+13   2.8402E-06   2.8548E-06   0.99487
FLUX  996  3870.00        7.746576E+13   2.8122E-06   2.8272E-06   0.99467
FLUX  997  3890.00        7.706748E+13   2.7667E-06   2.8000E-06   0.98809
FLUX  998  3910.00        7.667327E+13   2.7038E-06   2.7732E-06   0.97497
FLUX  999  3930.00        7.628308E+13   2.7269E-06   2.7468E-06   0.99276
FLUX 1000  3950.00        7.589684E+13   2.7154E-06   2.7208E-06   0.99803
FLUX 1001  3970.00        7.551448E+13   2.6944E-06   2.6951E-06   0.99976
FLUX 1002  3990.00        7.513596E+13   2.6655E-06   2.6698E-06   0.99838
FLUX 1003  4010.00        7.476122E+13   2.5857E-06   2.6448E-06   0.97765
FLUX 1004  4030.00        7.439020E+13   2.5471E-06   2.6202E-06   0.97209
FLUX 1005  4050.00        7.402284E+13   2.4360E-06   2.5959E-06   0.93841
FLUX 1006  4070.00        7.365909E+13   2.5417E-06   2.5720E-06   0.98821
FLUX 1007  4090.00        7.329890E+13   2.5390E-06   2.5484E-06   0.99631
FLUX 1008  4110.00        7.294221E+13   2.5238E-06   2.5251E-06   0.99949
FLUX 1009  4130.00        7.258898E+13   2.4945E-06   2.5021E-06   0.99693
FLUX 1010  4150.00        7.223916E+13   2.4530E-06   2.4795E-06   0.98934
FLUX 1011  4170.00        7.189269E+13   2.3598E-06   2.4571E-06   0.96038
FLUX 1012  4190.00        7.154952E+13   2.4063E-06   2.4351E-06   0.98816
FLUX 1013  4210.00        7.120962E+13   2.4053E-06   2.4133E-06   0.99668
FLUX 1014  4230.00        7.087293E+13   2.3916E-06   2.3919E-06   0.99990
FLUX 1015  4250.00        7.053941E+13   2.3704E-06   2.3707E-06   0.99986
FLUX 1016  4270.00        7.020902E+13   2.3498E-06   2.3498E-06   0.99998
FLUX 1017  4290.00        6.988170E+13   2.3291E-06   2.3292E-06   0.99997
FLUX 1018  4310.00        6.955742E+13   2.3086E-06   2.3088E-06   0.99988
FLUX 1019  4330.00        6.923614E+13   2.2852E-06   2.2887E-06   0.99847
FLUX 1020  4350.00        6.891782E+13   2.2530E-06   2.2689E-06   0.99300
FLUX 1021  4370.00        6.860240E+13   2.1554E-06   2.2494E-06   0.95824
FLUX 1022  4390.00        6.828986E+13   2.1818E-06   2.2300E-06   0.97836
FLUX 1023  4410.00        6.798016E+13   2.2014E-06   2.2110E-06   0.99568
FLUX 1024  4430.00        6.767325E+13   2.1914E-06   2.1921E-06   0.99967
FLUX 1025  4450.00        6.736910E+13   2.1729E-06   2.1736E-06   0.99968
FLUX 1026  4470.00        6.706767E+13   2.1632E-06   2.1635E-06   0.99989
FLUX 1027  4490.00        6.676893E+13   2.1446E-06   2.1453E-06   0.99972
FLUX 1028  4510.00        6.647284E+13   2.1272E-06   2.1273E-06   0.99999
FLUX 1029  4530.00        6.617936E+13   2.1092E-06   2.1095E-06   0.99984
FLUX 1030  4550.00        6.588846E+13   2.0919E-06   2.0919E-06   0.99997
FLUX 1031  4570.00        6.560011E+13   2.0739E-06   2.0746E-06   0.99965
FLUX 1032  4590.00        6.531427E+13   2.0555E-06   2.0575E-06   0.99902
FLUX 1033  4610.00        6.503091E+13   2.0333E-06   2.0406E-06   0.99641
FLUX 1034  4630.00        6.475000E+13   2.0004E-06   2.0239E-06   0.98841
FLUX 1035  4650.00        6.447151E+13   1.8724E-06   2.0074E-06   0.93272
FLUX 1036  4670.00        6.419540E+13   1.8698E-06   1.9911E-06   0.93906
FLUX 1037  4690.00        6.392164E+13   1.9379E-06   1.9750E-06   0.98122
FLUX 1038  4710.00        6.365021E+13   1.9499E-06   1.9591E-06   0.99528
FLUX 1039  4730.00        6.338108E+13   1.9416E-06   1.9434E-06   0.99909
FLUX 1040  4750.00        6.311421E+13   1.9269E-06   1.9279E-06   0.99948
FLUX 1041  4770.00        6.284958E+13   1.9121E-06   1.9126E-06   0.99978
FLUX 1042  4790.00        6.258716E+13   1.8974E-06   1.8974E-06   0.99998
FLUX 1043  4810.00        6.232692E+13   1.8824E-06   1.8824E-06   0.99997
FLUX 1044  4830.00        6.206884E+13   1.8675E-06   1.8676E-06   0.99994
FLUX 1045  4850.00        6.181289E+13   1.8529E-06   1.8530E-06   0.99995
FLUX 1046  4870.00        6.155903E+13   1.8385E-06   1.8385E-06   0.99998
FLUX 1047  4890.00        6.130726E+13   1.8242E-06   1.8243E-06   0.99998
FLUX 1048  4910.00        6.105754E+13   1.8098E-06   1.8101E-06   0.99983
FLUX 1049  4930.00        6.080984E+13   1.7961E-06   1.7962E-06   0.99994
FLUX 1050  4950.00        6.056414E+13   1.7823E-06   1.7824E-06   0.99994
FLUX 1051  4970.00        6.032042E+13   1.7686E-06   1.7687E-06   0.99994
FLUX 1052  4990.00        6.007866E+13   1.7550E-06   1.7553E-06   0.99984
FLUX 1053  5010.00        5.983882E+13   1.7418E-06   1.7419E-06   0.99991
FLUX 1054  5030.00        5.960089E+13   1.7284E-06   1.7287E-06   0.99980
FLUX 1055  5050.00        5.936485E+13   1.7156E-06   1.7157E-06   0.99990
FLUX 1056  5070.00        5.913067E+13   1.7025E-06   1.7028E-06   0.99979
FLUX 1057  5090.00        5.889833E+13   1.6837E-06   1.6901E-06   0.99622
FLUX 1058  5110.00        5.866781E+13   1.6498E-06   1.6775E-06   0.98349
FLUX 1059  5130.00        5.843908E+13   1.5641E-06   1.6650E-06   0.93937
FLUX 1060  5150.00        5.821214E+13   1.6318E-06   1.6527E-06   0.98736
FLUX 1061  5170.00        5.798694E+13   1.6359E-06   1.6405E-06   0.99714
FLUX 1062  5190.00        5.776349E+13   1.6284E-06   1.6285E-06   0.99991
FLUX 1063  5210.00        5.754175E+13   1.6164E-06   1.6166E-06   0.99990
FLUX 1064  5230.00        5.732170E+13   1.6047E-06   1.6048E-06   0.99997
FLUX 1065  5250.00        5.710333E+13   1.5931E-06   1.5931E-06   0.99998
FLUX 1066  5270.00        5.688662E+13   1.5816E-06   1.5816E-06   0.99997
FLUX 1067  5290.00        5.667155E+13   1.5702E-06   1.5702E-06   0.99999
FLUX 1068  5310.00        5.645810E+13   1.5589E-06   1.5589E-06   0.99998
FLUX 1069  5330.00        5.624625E+13   1.5477E-06   1.5478E-06   0.99998
FLUX 1070  5350.00        5.603598E+13   1.5367E-06   1.5367E-06   0.99998
FLUX 1071  5370.00        5.582728E+13   1.5256E-06   1.5258E-06   0.99984
FLUX 1072  5390.00        5.562013E+13   1.5149E-06   1.5150E-06   0.99995
FLUX 1073  5410.00        5.541451E+13   1.5043E-06   1.5043E-06   0.99999
FLUX 1074  5430.00        5.521041E+13   1.4936E-06   1.4937E-06   0.99991
FLUX 1075  5450.00        5.500780E+13   1.4831E-06   1.4832E-06   0.99989
FLUX 1076  5470.00        5.480667E+13   1.4726E-06   1.4729E-06   0.99979
FLUX 1077  5490.00        5.460701E+13   1.4626E-06   1.4626E-06   0.99995
FLUX 1078  5510.00        5.440880E+13   1.4525E-06   1.4525E-06   0.99999
FLUX 1079  5530.00        5.421203E+13   1.4423E-06   1.4424E-06   0.99993
FLUX 1080  5550.00        5.401667E+13   1.4325E-06   1.4325E-06   0.99997
FLUX 1081  5570.00        5.382271E+13   1.4223E-06   1.4227E-06   0.99975
FLUX 1082  5590.00        5.363014E+13   1.4123E-06   1.4129E-06   0.99953
FLUX 1083  5610.00        5.343895E+13   1.4031E-06   1.4033E-06   0.99986
FLUX 1084  5630.00        5.324911E+13   1.3937E-06   1.3937E-06   0.99993
FLUX 1085  5650.00        5.306062E+13   1.3843E-06   1.3843E-06   0.99998
FLUX 1086  5670.00        5.287346E+13   1.3749E-06   1.3750E-06   0.99994
FLUX 1087  5690.00        5.268761E+13   1.3657E-06   1.3657E-06   0.99997
FLUX 1088  5710.00        5.250306E+13   1.3565E-06   1.3565E-06   0.99999
FLUX 1089  5730.00        5.231981E+13   1.3474E-06   1.3475E-06   0.99993
FLUX 1090  5750.00        5.213783E+13   1.3385E-06   1.3385E-06   0.99999
FLUX 1091  5770.00        5.195711E+13   1.3295E-06   1.3296E-06   0.99995
FLUX 1092  5790.00        5.177763E+13   1.3206E-06   1.3208E-06   0.99987
FLUX 1093  5810.00        5.159940E+13   1.3121E-06   1.3121E-06   0.99997
FLUX 1094  5830.00        5.142238E+13   1.3034E-06   1.3035E-06   0.99998
FLUX 1095  5850.00        5.124658E+13   1.2964E-06   1.2975E-06   0.99915
FLUX 1096  5870.00        5.107198E+13   1.2833E-06   1.2891E-06   0.99552
FLUX 1097  5890.00        5.089856E+13   1.2569E-06   1.2807E-06   0.98145
FLUX 1098  5910.00        5.072631E+13   1.1917E-06   1.2723E-06   0.93662
FLUX 1099  5930.00        5.055523E+13   1.2472E-06   1.2641E-06   0.98662
FLUX 1100  5950.00        5.038529E+13   1.2510E-06   1.2559E-06   0.99607
FLUX 1101  5970.00        5.021650E+13   1.2477E-06   1.2479E-06   0.99989
FLUX 1102  5990.00        5.004883E+13   1.2397E-06   1.2399E-06   0.99990
FLUX 1103  6010.00        4.988228E+13   1.2318E-06   1.2319E-06   0.99988
FLUX 1104  6030.00        4.971683E+13   1.2241E-06   1.2241E-06   0.99999
FLUX 1105  6050.00        4.955248E+13   1.2163E-06   1.2163E-06   0.99999
FLUX 1106  6070.00        4.938921E+13   1.2086E-06   1.2086E-06   0.99997
FLUX 1107  6090.00        4.922701E+13   1.2009E-06   1.2010E-06   0.99991
FLUX 1108  6110.00        4.906588E+13   1.1930E-06   1.1934E-06   0.99967
FLUX 1109  6130.00        4.890579E+13   1.1859E-06   1.1859E-06   0.99998
FLUX 1110  6150.00        4.874675E+13   1.1784E-06   1.1785E-06   0.99994
FLUX 1111  6170.00        4.858874E+13   1.1711E-06   1.1712E-06   0.99999
FLUX 1112  6190.00        4.843174E+13   1.1638E-06   1.1639E-06   0.99997
FLUX 1113  6210.00        4.827576E+13   1.1566E-06   1.1567E-06   0.99999
FLUX 1114  6230.00        4.812079E+13   1.1493E-06   1.1495E-06   0.99980
FLUX 1115  6250.00        4.796680E+13   1.1423E-06   1.1424E-06   0.99992
FLUX 1116  6270.00        4.781380E+13   1.1352E-06   1.1354E-06   0.99985
FLUX 1117  6290.00        4.766176E+13   1.1284E-06   1.1285E-06   0.99998
FLUX 1118  6310.00        4.751070E+13   1.1214E-06   1.1216E-06   0.99986
FLUX 1119  6330.00        4.736058E+13   1.1146E-06   1.1148E-06   0.99983
FLUX 1120  6350.00        4.721142E+13   1.1079E-06   1.1080E-06   0.99987
FLUX 1121  6370.00        4.706319E+13   1.1013E-06   1.1013E-06   0.99997
FLUX 1122  6390.00        4.691588E+13   1.0946E-06   1.0947E-06   0.99993
FLUX 1123  6420.00        4.669665E+13   1.0848E-06   1.0848E-06   0.99998
FLUX 1124  6460.00        4.640751E+13   1.0718E-06   1.0719E-06   0.99994
FLUX 1125  6500.00        4.612192E+13   1.0591E-06   1.0592E-06   0.99992
FLUX 1126  6540.00        4.583983E+13   1.0467E-06   1.0467E-06   0.99999
FLUX 1127  6580.00        4.556117E+13   1.0344E-06   1.0344E-06   0.99994
FLUX 1128  6620.00        4.528588E+13   1.0223E-06   1.0224E-06   0.99989
FLUX 1129  6660.00        4.501389E+13   1.0105E-06   1.0106E-06   0.99991
FLUX 1130  6700.00        4.474515E+13   9.9891E-07   9.9893E-07   0.99997
FLUX 1131  6740.00        4.447960E+13   9.8743E-07   9.8750E-07   0.99993
FLUX 1132  6780.00        4.421718E+13   9.7623E-07   9.7626E-07   0.99997
FLUX 1133  6820.00        4.395784E+13   9.6519E-07   9.6522E-07   0.99997
FLUX 1134  6860.00        4.370153E+13   9.5423E-07   9.5435E-07   0.99987
FLUX 1135  6900.00        4.344819E+13   9.4343E-07   9.4367E-07   0.99974
FLUX 1136  6940.00        4.319777E+13   9.3294E-07   9.3317E-07   0.99975
FLUX 1137  6980.00        4.295021E+13   9.2265E-07   9.2284E-07   0.99979
FLUX 1138  7020.00        4.270548E+13   9.1254E-07   9.1269E-07   0.99984
FLUX 1139  7060.00        4.246353E+13   9.0251E-07   9.0270E-07   0.99979
FLUX 1140  7100.00        4.222430E+13   8.9285E-07   8.9287E-07   0.99998
FLUX 1141  7140.00        4.198775E+13   8.8305E-07   8.8320E-07   0.99983
FLUX 1142  7180.00        4.175383E+13   8.7358E-07   8.7369E-07   0.99987
FLUX 1143  7220.00        4.152251E+13   8.6389E-07   8.6433E-07   0.99949
FLUX 1144  7260.00        4.129373E+13   8.5493E-07   8.5512E-07   0.99978
FLUX 1145  7300.00        4.106747E+13   8.4599E-07   8.4605E-07   0.99992
FLUX 1146  7340.00        4.084366E+13   8.3702E-07   8.3713E-07   0.99987
FLUX 1147  7380.00        4.062229E+13   8.2814E-07   8.2835E-07   0.99974
FLUX 1148  7420.00        4.040330E+13   8.1517E-07   8.1973E-07   0.99444
FLUX 1149  7460.00        4.018666E+13   7.7728E-07   8.1124E-07   0.95813
FLUX 1150  7500.00        3.997233E+13   7.6810E-07   8.0289E-07   0.95667
FLUX 1151  7540.00        3.976028E+13   7.8942E-07   7.9466E-07   0.99342
FLUX 1152  7580.00        3.955046E+13   7.8616E-07   7.8655E-07   0.99951
FLUX 1153  7620.00        3.934285E+13   7.7851E-07   7.7857E-07   0.99992
FLUX 1154  7660.00        3.913740E+13   7.7066E-07   7.7071E-07   0.99993
FLUX 1155  7700.00        3.893409E+13   7.6293E-07   7.6297E-07   0.99996
FLUX 1156  7740.00        3.873288E+13   7.5532E-07   7.5534E-07   0.99998
FLUX 1157  7780.00        3.853374E+13   7.4782E-07   7.4783E-07   0.99999
FLUX 1158  7820.00        3.833664E+13   7.4042E-07   7.4042E-07   1.00000
FLUX 1159  7860.00        3.814154E+13   7.3312E-07   7.3313E-07   0.99999
FLUX 1160  7900.00        3.794842E+13   7.2594E-07   7.2594E-07   1.00000
FLUX 1161  7940.00        3.775724E+13   7.1885E-07   7.1886E-07   0.99999
FLUX 1162  7980.00        3.756798E+13   7.1186E-07   7.1188E-07   0.99998
FLUX 1163  8020.00        3.738061E+13   7.0498E-07   7.0500E-07   0.99997
FLUX 1164  8060.00        3.719510E+13   6.9820E-07   6.9822E-07   0.99998
FLUX 1165  8100.00        3.701142E+13   6.9153E-07   6.9153E-07   0.99999
FLUX 1166  8140.00        3.682955E+13   6.8491E-07   6.8495E-07   0.99995
FLUX 1167  8180.00        3.664945E+13   6.7843E-07   6.7845E-07   0.99997
FLUX 1168  8220.00        3.647111E+13   6.7204E-07   6.7205E-07   0.99999
FLUX 1169  8260.00        3.629449E+13   6.6573E-07   6.6574E-07   0.99999
FLUX 1170  8300.00        3.611958E+13   6.5950E-07   6.5951E-07   0.99998
FLUX 1171  8340.00        3.594634E+13   6.5325E-07   6.5337E-07   0.99980
FLUX 1172  8380.00        3.577476E+13   6.4711E-07   6.4732E-07   0.99967
FLUX 1173  8420.00        3.560481E+13   6.4123E-07   6.4135E-07   0.99982
FLUX 1174  8460.00        3.543647E+13   6.3544E-07   6.3546E-07   0.99997
FLUX 1175  8500.00        3.526971E+13   6.2965E-07   6.2965E-07   1.00000
FLUX 1176  8540.00        3.510451E+13   6.2390E-07   6.2393E-07   0.99995
FLUX 1177  8580.00        3.494085E+13   6.1826E-07   6.1827E-07   0.99997
FLUX 1178  8620.00        3.477871E+13   6.1267E-07   6.1270E-07   0.99994
FLUX 1179  8660.00        3.461807E+13   6.0720E-07   6.0720E-07   0.99999
FLUX 1180  8700.00        3.445891E+13   6.0177E-07   6.0177E-07   1.00000
FLUX 1181  8740.00        3.430120E+13   5.9641E-07   5.9642E-07   0.99998
FLUX 1182  8780.00        3.414493E+13   5.9113E-07   5.9113E-07   1.00000
FLUX 1183  8820.00        3.399008E+13   5.8588E-07   5.8592E-07   0.99993
FLUX 1184  8860.00        3.383663E+13   5.8073E-07   5.8077E-07   0.99993
FLUX 1185  8900.00        3.368455E+13   5.7566E-07   5.7569E-07   0.99995
FLUX 1186  8940.00        3.353384E+13   5.7067E-07   5.7068E-07   0.99999
FLUX 1187  8980.00        3.338447E+13   5.6570E-07   5.6573E-07   0.99994
FLUX 1188  9020.00        3.323642E+13   5.6084E-07   5.6085E-07   0.99998
FLUX 1189  9060.00        3.308968E+13   5.5602E-07   5.5603E-07   0.99999
FLUX 1190  9100.00        3.294423E+13   5.5124E-07   5.5127E-07   0.99994
FLUX 1191  9140.00        3.280005E+13   5.4655E-07   5.4657E-07   0.99998
FLUX 1192  9180.00        3.265714E+13   5.4192E-07   5.4193E-07   0.99999
FLUX 1193  9220.00        3.251546E+13   5.3734E-07   5.3735E-07   0.99999
FLUX 1194  9260.00        3.237500E+13   5.3282E-07   5.3282E-07   0.99999
FLUX 1195  9300.00        3.223575E+13   5.2835E-07   5.2836E-07   0.99999
FLUX 1196  9340.00        3.209770E+13   5.2394E-07   5.2395E-07   0.99999
FLUX 1197  9380.00        3.196082E+13   5.1958E-07   5.1959E-07   0.99999
FLUX 1198  9420.00        3.182511E+13   5.1528E-07   5.1529E-07   0.99999
FLUX 1199  9460.00        3.169054E+13   5.1103E-07   5.1104E-07   0.99998
FLUX 1200  9500.00        3.155711E+13   5.0683E-07   5.0684E-07   0.99999
FLUX 1201  9540.00        3.142479E+13   5.0264E-07   5.0269E-07   0.99990
FLUX 1202  9580.00        3.129358E+13   4.9860E-07   4.9860E-07   1.00000
FLUX 1203  9620.00        3.116346E+13   4.9454E-07   4.9455E-07   0.99998
FLUX 1204  9660.00        3.103442E+13   4.9055E-07   4.9056E-07   1.00000
FLUX 1205  9700.00        3.090644E+13   4.8660E-07   4.8661E-07   1.00000
FLUX 1206  9740.00        3.077952E+13   4.8269E-07   4.8270E-07   0.99997
FLUX 1207  9780.00        3.065363E+13   4.7884E-07   4.7885E-07   0.99998
FLUX 1208  9820.00        3.052877E+13   4.7502E-07   4.7504E-07   0.99995
FLUX 1209  9860.00        3.040492E+13   4.7127E-07   4.7128E-07   0.99999
FLUX 1210  9900.00        3.028207E+13   4.6755E-07   4.6756E-07   0.99999
FLUX 1211  9940.00        3.016021E+13   4.6388E-07   4.6388E-07   0.99999
FLUX 1212  9980.00        3.003933E+13   4.6023E-07   4.6025E-07   0.99997
FLUX 1213 10020.00        2.991941E+13   4.5664E-07   4.5666E-07   0.99997
FLUX 1214 20000.00        1.498963E+13   1.1637E-07   1.1637E-07   0.99999
FLUX 1215 40000.00        7.494813E+12   2.8939E-08   2.8939E-08   1.00000
FLUX 1216 60000.00        4.996542E+12   1.2749E-08   1.2749E-08   1.00000
FLUX 1217 80000.00        3.747406E+12   7.1141E-09   7.1141E-09   1.00000
FLUX 1218100000.00        2.997925E+12   4.5211E-09   4.5211E-09   1.00000
FLUX 1219120000.00        2.498271E+12   3.1204E-09   3.1204E-09   1.00000
FLUX 1220140000.00        2.141375E+12   2.2801E-09   2.2801E-09   1.00000
FLUX 1221160000.00        1.873703E+12   1.7372E-09   1.7372E-09   1.00000
FLUX
