TEFF   3750.  GRAVITY 0.50000 LTE 
TITLE TEST RUN WITH SDSC OPACITY  VTURB 2 KM/S    L/H 1.25                      
 OPACITY IFOP
FLUX  200   166.50        1.800556E+15   1.1115E-19   3.0270E-18   0.03672
FLUX  201   167.20        1.793017E+15   9.0345E-20   3.4263E-18   0.02637
FLUX  202   167.70        1.787671E+15   1.5151E-19   4.6664E-18   0.03247
FLUX  203   168.50        1.779184E+15   2.0510E-19   5.3549E-18   0.03830
FLUX  204   169.50        1.768687E+15   3.2139E-19   6.3425E-18   0.05067
FLUX  205   170.50        1.758314E+15   3.3964E-19   7.4974E-18   0.04530
FLUX  206   171.50        1.748061E+15   3.8597E-19   1.0459E-17   0.03690
FLUX  207   172.50        1.737928E+15   5.6945E-19   1.2191E-17   0.04671
FLUX  208   173.50        1.727911E+15   6.7399E-19   1.4168E-17   0.04757
FLUX  209   174.50        1.718009E+15   1.0053E-18   1.6420E-17   0.06122
FLUX  210   175.50        1.708219E+15   1.0073E-18   1.8977E-17   0.05308
FLUX  211   176.50        1.698541E+15   1.4855E-18   2.1876E-17   0.06791
FLUX  212   177.50        1.688972E+15   1.2274E-18   2.5154E-17   0.04880
FLUX  213   178.50        1.679510E+15   2.7091E-18   2.8855E-17   0.09389
FLUX  214   179.50        1.670153E+15   2.1998E-18   3.3060E-17   0.06654
FLUX  215   180.50        1.660900E+15   4.4502E-18   3.7820E-17   0.11767
FLUX  216   181.50        1.651749E+15   2.9313E-18   4.3182E-17   0.06788
FLUX  217   182.50        1.642699E+15   5.3438E-18   4.9210E-17   0.10859
FLUX  218   183.50        1.633747E+15   4.4707E-18   5.5976E-17   0.07987
FLUX  219   184.50        1.624892E+15   7.6714E-18   6.3559E-17   0.12070
FLUX  220   185.50        1.616132E+15   5.5807E-18   7.2132E-17   0.07737
FLUX  221   186.50        1.607466E+15   1.1034E-17   8.1738E-17   0.13499
FLUX  222   187.50        1.598893E+15   1.0101E-17   9.2769E-17   0.10889
FLUX  223   188.50        1.590411E+15   1.3637E-17   1.0476E-16   0.13017
FLUX  224   189.50        1.582018E+15   1.7911E-17   1.1812E-16   0.15163
FLUX  225   190.50        1.573714E+15   1.9700E-17   1.3298E-16   0.14814
FLUX  226   191.50        1.565496E+15   3.1609E-17   1.4965E-16   0.21123
FLUX  227   192.50        1.557364E+15   2.6300E-17   1.6816E-16   0.15639
FLUX  228   193.50        1.549315E+15   2.2521E-17   1.8870E-16   0.11935
FLUX  229   194.50        1.541350E+15   4.0800E-17   2.1144E-16   0.19296
FLUX  230   195.50        1.533465E+15   6.2694E-17   2.3660E-16   0.26497
FLUX  231   196.70        1.524110E+15   6.8459E-17   2.7048E-16   0.25310
FLUX  232   197.60        1.517169E+15   8.4824E-17   2.9870E-16   0.28398
FLUX  233   198.40        1.511051E+15   1.1694E-16   3.2601E-16   0.35870
FLUX  234   199.50        1.502719E+15   1.0082E-16   3.6708E-16   0.27465
FLUX  235   200.50        1.495224E+15   1.2596E-16   4.0838E-16   0.30844
FLUX  236   201.50        1.487804E+15   1.4795E-16   4.5400E-16   0.32588
FLUX  237   202.50        1.480457E+15   1.4283E-16   5.0408E-16   0.28334
FLUX  238   203.50        1.473182E+15   1.8637E-16   5.5900E-16   0.33339
FLUX  239   204.50        1.465978E+15   1.9530E-16   6.1915E-16   0.31544
FLUX  240   205.50        1.458844E+15   2.4957E-16   6.8498E-16   0.36435
FLUX  241   206.50        1.451780E+15   2.3473E-16   7.5713E-16   0.31002
FLUX  242   207.40        1.445480E+15   2.2439E-16   8.2790E-16   0.27103
FLUX  243   207.80        1.442697E+15   4.1508E-16   3.0704E-13   0.00135
FLUX  244   208.50        1.437854E+15   5.4167E-16   3.3327E-13   0.00163
FLUX  245   209.50        1.430990E+15   6.0862E-16   3.7366E-13   0.00163
FLUX  246   210.50        1.424192E+15   5.1322E-16   4.1780E-13   0.00123
FLUX  247   211.50        1.417459E+15   5.2611E-16   4.6601E-13   0.00113
FLUX  248   212.50        1.410788E+15   6.4577E-16   5.1835E-13   0.00125
FLUX  249   213.50        1.404180E+15   9.2908E-16   5.7512E-13   0.00162
FLUX  250   214.50        1.397634E+15   6.2388E-16   6.3687E-13   0.00098
FLUX  251   215.50        1.391148E+15   8.7762E-16   7.0383E-13   0.00125
FLUX  252   216.50        1.384723E+15   8.3123E-16   7.7633E-13   0.00107
FLUX  253   217.50        1.378356E+15   9.8175E-16   8.5482E-13   0.00115
FLUX  254   218.50        1.372048E+15   8.4100E-16   9.4008E-13   0.00089
FLUX  255   219.50        1.365797E+15   1.7983E-15   1.0324E-12   0.00174
FLUX  256   220.50        1.359603E+15   1.3632E-15   1.1324E-12   0.00120
FLUX  257   221.50        1.353465E+15   1.8882E-15   1.2407E-12   0.00152
FLUX  258   222.50        1.347382E+15   1.4686E-15   1.3747E-12   0.00107
FLUX  259   223.50        1.341353E+15   3.2065E-15   1.5025E-12   0.00213
FLUX  260   224.50        1.335379E+15   3.4356E-15   1.6406E-12   0.00209
FLUX  261   225.50        1.329457E+15   5.4874E-15   1.9253E-12   0.00285
FLUX  262   226.50        1.323587E+15   1.9772E-15   2.0898E-12   0.00095
FLUX  263   227.50        1.317769E+15   5.8618E-15   2.2657E-12   0.00259
FLUX  264   228.50        1.312002E+15   4.6942E-15   2.4536E-12   0.00191
FLUX  265   229.50        1.306285E+15   1.0752E-14   2.6544E-12   0.00405
FLUX  266   230.50        1.300618E+15   2.2570E-15   2.8688E-12   0.00079
FLUX  267   231.50        1.295000E+15   1.5887E-14   3.0977E-12   0.00513
FLUX  268   232.50        1.289430E+15   9.8463E-15   3.3417E-12   0.00295
FLUX  269   233.50        1.283908E+15   2.0219E-14   3.6383E-12   0.00556
FLUX  270   234.50        1.278433E+15   1.0973E-14   3.9155E-12   0.00280
FLUX  271   235.50        1.273004E+15   7.6775E-15   4.2103E-12   0.00182
FLUX  272   236.50        1.267622E+15   1.2816E-14   4.5238E-12   0.00283
FLUX  273   237.50        1.262284E+15   1.1219E-14   4.8568E-12   0.00231
FLUX  274   238.50        1.256992E+15   2.8536E-14   5.2105E-12   0.00548
FLUX  275   239.50        1.251743E+15   2.2864E-14   5.5860E-12   0.00409
FLUX  276   240.50        1.246538E+15   5.9004E-14   5.9845E-12   0.00986
FLUX  277   241.50        1.241377E+15   2.7351E-14   6.4070E-12   0.00427
FLUX  278   242.50        1.236258E+15   4.3447E-14   6.8549E-12   0.00634
FLUX  279   243.50        1.231181E+15   7.3360E-14   7.3294E-12   0.01001
FLUX  280   244.50        1.226145E+15   1.2106E-13   7.8898E-12   0.01534
FLUX  281   245.50        1.221151E+15   1.5479E-13   8.4212E-12   0.01838
FLUX  282   246.50        1.216197E+15   7.2442E-14   8.9827E-12   0.00806
FLUX  283   247.50        1.211283E+15   1.6340E-13   9.5759E-12   0.01706
FLUX  284   248.50        1.206408E+15   3.3184E-14   1.0202E-11   0.00325
FLUX  285   249.50        1.201573E+15   5.3323E-14   1.0863E-11   0.00491
FLUX  286   250.50        1.196776E+15   1.3545E-13   1.1606E-11   0.01167
FLUX  287   251.30        1.192967E+15   8.1309E-14   1.2190E-11   0.00667
FLUX  288   251.80        1.190598E+15   9.2081E-14   3.6930E-10   0.00025
FLUX  289   252.50        1.187297E+15   1.2797E-13   3.8902E-10   0.00033
FLUX  290   253.50        1.182613E+15   4.6182E-13   4.1873E-10   0.00110
FLUX  291   254.50        1.177967E+15   5.8577E-13   4.5043E-10   0.00130
FLUX  292   255.50        1.173356E+15   6.3079E-13   4.8476E-10   0.00130
FLUX  293   256.50        1.168782E+15   2.5149E-13   5.2226E-10   0.00048
FLUX  294   257.50        1.164243E+15   6.1401E-13   5.6303E-10   0.00109
FLUX  295   258.50        1.159739E+15   3.0930E-13   6.0727E-10   0.00051
FLUX  296   259.50        1.155270E+15   4.6208E-13   6.5539E-10   0.00071
FLUX  297   260.50        1.150835E+15   7.4843E-13   7.0805E-10   0.00106
FLUX  298   261.50        1.146434E+15   6.1828E-13   7.6576E-10   0.00081
FLUX  299   262.50        1.142067E+15   1.3635E-12   8.2910E-10   0.00164
FLUX  300   263.50        1.137732E+15   2.3698E-12   1.2308E-09   0.00193
FLUX  301   264.50        1.133431E+15   1.5770E-12   1.3166E-09   0.00120
FLUX  302   265.50        1.129162E+15   2.5841E-12   1.4095E-09   0.00183
FLUX  303   266.50        1.124925E+15   1.9654E-12   1.5095E-09   0.00130
FLUX  304   267.50        1.120720E+15   1.8628E-12   1.6170E-09   0.00115
FLUX  305   268.50        1.116546E+15   2.7635E-12   1.7329E-09   0.00159
FLUX  306   269.50        1.112403E+15   1.6115E-12   1.8581E-09   0.00087
FLUX  307   270.50        1.108290E+15   3.6388E-12   2.8182E-09   0.00129
FLUX  308   271.50        1.104208E+15   3.3439E-12   2.9654E-09   0.00113
FLUX  309   272.50        1.100156E+15   2.5619E-12   3.1196E-09   0.00082
FLUX  310   273.50        1.096133E+15   2.7780E-12   3.2810E-09   0.00085
FLUX  311   274.50        1.092140E+15   4.4849E-12   3.4491E-09   0.00130
FLUX  312   275.50        1.088176E+15   4.0048E-12   3.6255E-09   0.00110
FLUX  313   276.50        1.084241E+15   7.1364E-12   3.8111E-09   0.00187
FLUX  314   277.50        1.080333E+15   1.0276E-11   4.0077E-09   0.00256
FLUX  315   278.50        1.076454E+15   6.3301E-12   4.2146E-09   0.00150
FLUX  316   279.50        1.072603E+15   7.7779E-12   4.4322E-09   0.00175
FLUX  317   280.50        1.068779E+15   7.7251E-12   4.6632E-09   0.00166
FLUX  318   281.50        1.064982E+15   1.0970E-11   4.9068E-09   0.00224
FLUX  319   282.50        1.061212E+15   1.0503E-11   5.1648E-09   0.00203
FLUX  320   283.50        1.057469E+15   8.8616E-12   5.4376E-09   0.00163
FLUX  321   284.50        1.053752E+15   5.2747E-12   5.7253E-09   0.00092
FLUX  322   285.50        1.050061E+15   1.7803E-12   6.0280E-09   0.00030
FLUX  323   286.50        1.046396E+15   1.0018E-11   6.3501E-09   0.00158
FLUX  324   287.50        1.042757E+15   1.2423E-11   6.6945E-09   0.00186
FLUX  325   288.50        1.039142E+15   2.4430E-11   7.0539E-09   0.00346
FLUX  326   289.50        1.035553E+15   3.0963E-11   7.4309E-09   0.00417
FLUX  327   291.00        1.030215E+15   4.0073E-11   9.3220E-09   0.00430
FLUX  328   293.00        1.023183E+15   4.3374E-11   1.0135E-08   0.00428
FLUX  329   295.00        1.016246E+15   4.8443E-11   1.1307E-08   0.00428
FLUX  330   297.00        1.009402E+15   5.3554E-11   1.2240E-08   0.00438
FLUX  331   299.00        1.002651E+15   6.9031E-11   1.3273E-08   0.00520
FLUX  332   301.00        9.959884E+14   7.9560E-11   1.4391E-08   0.00553
FLUX  333   303.00        9.894142E+14   1.0423E-10   1.5591E-08   0.00669
FLUX  334   305.00        9.829262E+14   1.3079E-10   1.6865E-08   0.00776
FLUX  335   307.00        9.765228E+14   1.3431E-10   1.8212E-08   0.00737
FLUX  336   309.00        9.702023E+14   1.3970E-10   2.1336E-08   0.00655
FLUX  337   311.00        9.639630E+14   1.8227E-10   2.2696E-08   0.00803
FLUX  338   313.00        9.578035E+14   2.0096E-10   2.4620E-08   0.00816
FLUX  339   315.00        9.517222E+14   2.7741E-10   2.6050E-08   0.01065
FLUX  340   317.00        9.457177E+14   3.7570E-10   2.7512E-08   0.01366
FLUX  341   319.00        9.397884E+14   3.3733E-10   2.9035E-08   0.01162
FLUX  342   321.00        9.339330E+14   4.2288E-10   3.0622E-08   0.01381
FLUX  343   323.00        9.281502E+14   4.5453E-10   3.2767E-08   0.01387
FLUX  344   325.00        9.224385E+14   6.3835E-10   3.4378E-08   0.01857
FLUX  345   327.00        9.167966E+14   8.2103E-10   3.6037E-08   0.02278
FLUX  346   329.00        9.112234E+14   1.0502E-09   3.8041E-08   0.02761
FLUX  347   331.00        9.057175E+14   1.0197E-09   3.9769E-08   0.02564
FLUX  348   333.00        9.002778E+14   1.1759E-09   4.1521E-08   0.02832
FLUX  349   335.00        8.949030E+14   1.3899E-09   4.3291E-08   0.03211
FLUX  350   337.00        8.895920E+14   1.1134E-09   4.5161E-08   0.02465
FLUX  351   339.00        8.843437E+14   1.4145E-09   4.7302E-08   0.02990
FLUX  352   341.00        8.791569E+14   1.7724E-09   4.9205E-08   0.03602
FLUX  353   343.00        8.740306E+14   2.1348E-09   5.1132E-08   0.04175
FLUX  354   345.00        8.689638E+14   2.3363E-09   5.3269E-08   0.04386
FLUX  355   347.00        8.639553E+14   2.8907E-09   5.5380E-08   0.05220
FLUX  356   349.00        8.590043E+14   3.2744E-09   5.7531E-08   0.05692
FLUX  357   351.00        8.541097E+14   4.6516E-09   5.9729E-08   0.07788
FLUX  358   353.00        8.492705E+14   3.5358E-09   6.1974E-08   0.05705
FLUX  359   355.00        8.444859E+14   4.7121E-09   6.4349E-08   0.07323
FLUX  360   357.00        8.397549E+14   3.6984E-09   6.6919E-08   0.05527
FLUX  361   359.00        8.350766E+14   4.4638E-09   6.9546E-08   0.06419
FLUX  362   361.00        8.304501E+14   6.3617E-09   7.2228E-08   0.08808
FLUX  363   363.00        8.258747E+14   8.3809E-09   7.4966E-08   0.11180
FLUX  364   364.00        8.236058E+14   8.6363E-09   7.6423E-08   0.11301
FLUX  365   365.00        8.213493E+14   5.9572E-09   8.0039E-08   0.07443
FLUX  366   367.00        8.168733E+14   9.1884E-09   8.3233E-08   0.11039
FLUX  367   369.00        8.124458E+14   6.8924E-09   8.6487E-08   0.07969
FLUX  368   371.00        8.080660E+14   5.7338E-09   8.9938E-08   0.06375
FLUX  369   373.00        8.037332E+14   2.3934E-09   9.3297E-08   0.02565
FLUX  370   375.00        7.994467E+14   3.0683E-09   9.6714E-08   0.03173
FLUX  371   377.00        7.952056E+14   7.1056E-09   1.0848E-07   0.06550
FLUX  372   379.00        7.910092E+14   8.2135E-09   1.1251E-07   0.07300
FLUX  373   381.00        7.868570E+14   6.8276E-09   1.1661E-07   0.05855
FLUX  374   383.00        7.827480E+14   3.2614E-09   1.2077E-07   0.02701
FLUX  375   385.00        7.786818E+14   5.4290E-09   1.2500E-07   0.04343
FLUX  376   387.00        7.746576E+14   5.0863E-09   1.2928E-07   0.03934
FLUX  377   389.00        7.706748E+14   6.9161E-09   1.3381E-07   0.05169
FLUX  378   391.00        7.667327E+14   8.4117E-09   1.3843E-07   0.06076
FLUX  379   393.00        7.628308E+14   2.9055E-09   1.4310E-07   0.02030
FLUX  380   395.00        7.589684E+14   6.2524E-09   1.4780E-07   0.04230
FLUX  381   397.00        7.551448E+14   3.9103E-09   1.5255E-07   0.02563
FLUX  382   399.00        7.513596E+14   1.6093E-08   1.5736E-07   0.10227
FLUX  383   401.00        7.476122E+14   2.8399E-08   1.6236E-07   0.17491
FLUX  384   403.00        7.439020E+14   2.7727E-08   1.6752E-07   0.16551
FLUX  385   405.00        7.402284E+14   2.7064E-08   1.7269E-07   0.15672
FLUX  386   407.00        7.365909E+14   2.2229E-08   1.7788E-07   0.12497
FLUX  387   409.00        7.329890E+14   4.2153E-08   1.8307E-07   0.23025
FLUX  388   411.00        7.294221E+14   3.2369E-08   1.8828E-07   0.17192
FLUX  389   413.00        7.258898E+14   3.0883E-08   1.9351E-07   0.15960
FLUX  390   415.00        7.223916E+14   3.1660E-08   1.9892E-07   0.15916
FLUX  391   417.00        7.189269E+14   3.0198E-08   2.0447E-07   0.14769
FLUX  392   419.00        7.154952E+14   3.5499E-08   2.0987E-07   0.16915
FLUX  393   421.00        7.120962E+14   3.2350E-08   2.1527E-07   0.15028
FLUX  394   423.00        7.087293E+14   1.9557E-08   2.2066E-07   0.08863
FLUX  395   425.00        7.053941E+14   3.9551E-08   2.2605E-07   0.17497
FLUX  396   427.00        7.020902E+14   3.7872E-08   2.3143E-07   0.16364
FLUX  397   429.00        6.988170E+14   4.0053E-08   2.3685E-07   0.16910
FLUX  398   431.00        6.955742E+14   4.1219E-08   2.4229E-07   0.17013
FLUX  399   433.00        6.923614E+14   6.7061E-08   2.4772E-07   0.27071
FLUX  400   435.00        6.891782E+14   8.1893E-08   2.5329E-07   0.32332
FLUX  401   437.00        6.860240E+14   8.5116E-08   2.5873E-07   0.32898
FLUX  402   439.00        6.828986E+14   6.5134E-08   2.6418E-07   0.24655
FLUX  403   441.00        6.798016E+14   6.4534E-08   2.6965E-07   0.23932
FLUX  404   443.00        6.767325E+14   8.2547E-08   2.7514E-07   0.30001
FLUX  405   445.00        6.736910E+14   9.0066E-08   2.8067E-07   0.32090
FLUX  406   447.00        6.706767E+14   1.0365E-07   2.8620E-07   0.36215
FLUX  407   449.00        6.676893E+14   1.1426E-07   2.9176E-07   0.39162
FLUX  408   451.00        6.647284E+14   1.5032E-07   2.9733E-07   0.50556
FLUX  409   453.00        6.617936E+14   1.0920E-07   3.0293E-07   0.36047
FLUX  410   455.00        6.588846E+14   1.2536E-07   3.0854E-07   0.40629
FLUX  411   457.00        6.560011E+14   1.5458E-07   3.1418E-07   0.49202
FLUX  412   459.00        6.531427E+14   1.4716E-07   3.1984E-07   0.46012
FLUX  413   461.00        6.503091E+14   1.5396E-07   3.2553E-07   0.47295
FLUX  414   463.00        6.475000E+14   1.5288E-07   3.3124E-07   0.46153
FLUX  415   465.00        6.447151E+14   1.5772E-07   3.3697E-07   0.46805
FLUX  416   467.00        6.419540E+14   1.8016E-07   3.4272E-07   0.52568
FLUX  417   469.00        6.392164E+14   1.7717E-07   3.4850E-07   0.50837
FLUX  418   471.00        6.365021E+14   1.7398E-07   3.5430E-07   0.49106
FLUX  419   473.00        6.338108E+14   1.7836E-07   3.6012E-07   0.49528
FLUX  420   475.00        6.311421E+14   1.8859E-07   3.6597E-07   0.51532
FLUX  421   477.00        6.284958E+14   1.7565E-07   3.7189E-07   0.47232
FLUX  422   479.00        6.258716E+14   1.8139E-07   3.7777E-07   0.48015
FLUX  423   481.00        6.232692E+14   1.9426E-07   3.8367E-07   0.50632
FLUX  424   483.00        6.206884E+14   2.1332E-07   3.8960E-07   0.54753
FLUX  425   485.00        6.181289E+14   2.1132E-07   3.9556E-07   0.53423
FLUX  426   487.00        6.155903E+14   2.0278E-07   4.0155E-07   0.50499
FLUX  427   489.00        6.130726E+14   2.2933E-07   4.0756E-07   0.56270
FLUX  428   491.00        6.105754E+14   2.3409E-07   4.1359E-07   0.56599
FLUX  429   493.00        6.080984E+14   2.2562E-07   4.1965E-07   0.53764
FLUX  430   495.00        6.056414E+14   2.2964E-07   4.2573E-07   0.53942
FLUX  431   497.00        6.032042E+14   2.1326E-07   4.3183E-07   0.49386
FLUX  432   499.00        6.007866E+14   1.9442E-07   4.3796E-07   0.44392
FLUX  433   501.00        5.983882E+14   1.7452E-07   4.4410E-07   0.39296
FLUX  434   503.00        5.960089E+14   2.0224E-07   4.5027E-07   0.44915
FLUX  435   505.00        5.936485E+14   2.0171E-07   4.5646E-07   0.44190
FLUX  436   507.00        5.913067E+14   2.1224E-07   4.6268E-07   0.45872
FLUX  437   509.00        5.889833E+14   1.9244E-07   4.6891E-07   0.41039
FLUX  438   511.00        5.866781E+14   2.0819E-07   4.7517E-07   0.43815
FLUX  439   513.00        5.843908E+14   1.8937E-07   4.8144E-07   0.39333
FLUX  440   515.00        5.821214E+14   1.8531E-07   4.8773E-07   0.37993
FLUX  441   517.00        5.798694E+14   1.6306E-07   4.9405E-07   0.33005
FLUX  442   519.00        5.776349E+14   1.8587E-07   5.0038E-07   0.37145
FLUX  443   521.00        5.754175E+14   2.0207E-07   5.0673E-07   0.39878
FLUX  444   523.00        5.732170E+14   2.8253E-07   5.1310E-07   0.55064
FLUX  445   525.00        5.710333E+14   3.0492E-07   5.1948E-07   0.58697
FLUX  446   527.00        5.688662E+14   2.6117E-07   5.2588E-07   0.49663
FLUX  447   529.00        5.667155E+14   3.3655E-07   5.3230E-07   0.63226
FLUX  448   531.00        5.645810E+14   3.8457E-07   5.3873E-07   0.71384
FLUX  449   533.00        5.624625E+14   3.1186E-07   5.4518E-07   0.57203
FLUX  450   535.00        5.603598E+14   3.7104E-07   5.5165E-07   0.67260
FLUX  451   537.00        5.582728E+14   3.7431E-07   5.5813E-07   0.67065
FLUX  452   539.00        5.562013E+14   3.5446E-07   5.6523E-07   0.62711
FLUX  453   541.00        5.541451E+14   3.6422E-07   5.7174E-07   0.63704
FLUX  454   543.00        5.521041E+14   3.6621E-07   5.7827E-07   0.63328
FLUX  455   545.00        5.500780E+14   3.6583E-07   5.8481E-07   0.62556
FLUX  456   547.00        5.480667E+14   3.6531E-07   5.9136E-07   0.61773
FLUX  457   549.00        5.460701E+14   3.7816E-07   5.9793E-07   0.63245
FLUX  458   551.00        5.440880E+14   3.7075E-07   6.0452E-07   0.61329
FLUX  459   553.00        5.421203E+14   4.2175E-07   6.1113E-07   0.69012
FLUX  460   555.00        5.401667E+14   4.3434E-07   6.1775E-07   0.70310
FLUX  461   557.00        5.382271E+14   4.3958E-07   6.2438E-07   0.70403
FLUX  462   559.00        5.363014E+14   4.3126E-07   6.3103E-07   0.68342
FLUX  463   561.00        5.343895E+14   4.4959E-07   6.3770E-07   0.70502
FLUX  464   563.00        5.324911E+14   4.4586E-07   6.4509E-07   0.69117
FLUX  465   565.00        5.306062E+14   4.7304E-07   6.5179E-07   0.72576
FLUX  466   567.00        5.287346E+14   4.6506E-07   6.5850E-07   0.70624
FLUX  467   569.00        5.268761E+14   5.0666E-07   6.6523E-07   0.76163
FLUX  468   571.00        5.250306E+14   4.6861E-07   6.7197E-07   0.69737
FLUX  469   573.00        5.231981E+14   5.4659E-07   6.7873E-07   0.80531
FLUX  470   575.00        5.213783E+14   5.1324E-07   6.8551E-07   0.74871
FLUX  471   577.00        5.195711E+14   5.3398E-07   6.9228E-07   0.77133
FLUX  472   579.00        5.177763E+14   4.9421E-07   6.9906E-07   0.70696
FLUX  473   581.00        5.159940E+14   5.4910E-07   7.0586E-07   0.77793
FLUX  474   583.00        5.142238E+14   5.9563E-07   7.1266E-07   0.83579
FLUX  475   585.00        5.124658E+14   5.6242E-07   7.1946E-07   0.78172
FLUX  476   587.00        5.107198E+14   5.7113E-07   7.2628E-07   0.78637
FLUX  477   589.00        5.089856E+14   4.8755E-07   7.3310E-07   0.66505
FLUX  478   591.00        5.072631E+14   5.6828E-07   7.3993E-07   0.76802
FLUX  479   593.00        5.055523E+14   5.8479E-07   7.4677E-07   0.78309
FLUX  480   595.00        5.038529E+14   5.8661E-07   7.5361E-07   0.77840
FLUX  481   597.00        5.021650E+14   6.2461E-07   7.6046E-07   0.82136
FLUX  482   599.00        5.004883E+14   5.9784E-07   7.6731E-07   0.77914
FLUX  483   601.00        4.988228E+14   5.9615E-07   7.7417E-07   0.77004
FLUX  484   603.00        4.971683E+14   6.4970E-07   7.8105E-07   0.83183
FLUX  485   605.00        4.955248E+14   6.7442E-07   7.8792E-07   0.85594
FLUX  486   607.00        4.938921E+14   6.8482E-07   7.9481E-07   0.86162
FLUX  487   609.00        4.922701E+14   6.4376E-07   8.0169E-07   0.80300
FLUX  488   611.00        4.906588E+14   6.5854E-07   8.0858E-07   0.81443
FLUX  489   613.00        4.890579E+14   6.0307E-07   8.1548E-07   0.73953
FLUX  490   615.00        4.874675E+14   6.4680E-07   8.2237E-07   0.78651
FLUX  491   617.00        4.858874E+14   5.8482E-07   8.2928E-07   0.70522
FLUX  492   619.00        4.843174E+14   6.4375E-07   8.3618E-07   0.76988
FLUX  493   621.00        4.827576E+14   6.2072E-07   8.4310E-07   0.73624
FLUX  494   623.00        4.812079E+14   5.9208E-07   8.5000E-07   0.69656
FLUX  495   625.00        4.796680E+14   5.7272E-07   8.5691E-07   0.66835
FLUX  496   627.00        4.781380E+14   6.1972E-07   8.6504E-07   0.71640
FLUX  497   629.00        4.766176E+14   6.7176E-07   8.7195E-07   0.77041
FLUX  498   631.00        4.751070E+14   6.5080E-07   8.7887E-07   0.74049
FLUX  499   633.00        4.736058E+14   6.8344E-07   8.8579E-07   0.77156
FLUX  500   635.00        4.721142E+14   6.8794E-07   8.9282E-07   0.77053
FLUX  501   637.00        4.706319E+14   6.8662E-07   8.9974E-07   0.76313
FLUX  502   639.00        4.691588E+14   7.2007E-07   9.0666E-07   0.79420
FLUX  503   641.00        4.676950E+14   7.0969E-07   9.1358E-07   0.77682
FLUX  504   643.00        4.662403E+14   7.2100E-07   9.2050E-07   0.78327
FLUX  505   645.00        4.647946E+14   7.2781E-07   9.2742E-07   0.78477
FLUX  506   647.00        4.633578E+14   7.3725E-07   9.3434E-07   0.78906
FLUX  507   649.00        4.619299E+14   7.0410E-07   9.4125E-07   0.74804
FLUX  508   651.00        4.605108E+14   7.6372E-07   9.4836E-07   0.80530
FLUX  509   653.00        4.591003E+14   7.6570E-07   9.5527E-07   0.80155
FLUX  510   655.00        4.576985E+14   7.6170E-07   9.6543E-07   0.78898
FLUX  511   657.00        4.563052E+14   7.7684E-07   9.7236E-07   0.79893
FLUX  512   659.00        4.549203E+14   7.9294E-07   9.7928E-07   0.80971
FLUX  513   661.00        4.535439E+14   7.9823E-07   9.8621E-07   0.80940
FLUX  514   663.00        4.521757E+14   7.9750E-07   9.9313E-07   0.80302
FLUX  515   665.00        4.508158E+14   8.1282E-07   1.0000E-06   0.81278
FLUX  516   667.00        4.494640E+14   7.7148E-07   1.0070E-06   0.76615
FLUX  517   669.00        4.481203E+14   7.6307E-07   1.0139E-06   0.75263
FLUX  518   671.00        4.467846E+14   6.9228E-07   1.0208E-06   0.67820
FLUX  519   673.00        4.454569E+14   7.2948E-07   1.0277E-06   0.70984
FLUX  520   675.00        4.441370E+14   7.0665E-07   1.0346E-06   0.68305
FLUX  521   677.00        4.428250E+14   7.1458E-07   1.0414E-06   0.68615
FLUX  522   679.00        4.415206E+14   6.9941E-07   1.0483E-06   0.66717
FLUX  523   681.00        4.402239E+14   7.3347E-07   1.0552E-06   0.69510
FLUX  524   683.00        4.389348E+14   7.6490E-07   1.0621E-06   0.72019
FLUX  525   685.00        4.376533E+14   7.5049E-07   1.0689E-06   0.70209
FLUX  526   687.00        4.363792E+14   7.8448E-07   1.0758E-06   0.72920
FLUX  527   689.00        4.351125E+14   8.3133E-07   1.0827E-06   0.76785
FLUX  528   691.00        4.338531E+14   8.4720E-07   1.0895E-06   0.77759
FLUX  529   693.00        4.326010E+14   8.4035E-07   1.0964E-06   0.76648
FLUX  530   695.00        4.313561E+14   8.5624E-07   1.1032E-06   0.77613
FLUX  531   697.00        4.301184E+14   9.0285E-07   1.1100E-06   0.81334
FLUX  532   699.00        4.288877E+14   8.8809E-07   1.1169E-06   0.79515
FLUX  533   701.00        4.276641E+14   8.9438E-07   1.1237E-06   0.79593
FLUX  534   703.00        4.264474E+14   9.3283E-07   1.1305E-06   0.82514
FLUX  535   705.00        4.252376E+14   9.6776E-07   1.1373E-06   0.85091
FLUX  536   707.00        4.240347E+14   9.1049E-07   1.1441E-06   0.79579
FLUX  537   709.00        4.228385E+14   7.9490E-07   1.1509E-06   0.69067
FLUX  538   711.00        4.216491E+14   6.8012E-07   1.1577E-06   0.58747
FLUX  539   713.00        4.204663E+14   6.4076E-07   1.1645E-06   0.55026
FLUX  540   715.00        4.192902E+14   6.5262E-07   1.1712E-06   0.55720
FLUX  541   717.00        4.181206E+14   6.9935E-07   1.1780E-06   0.59368
FLUX  542   719.00        4.169576E+14   7.0022E-07   1.1847E-06   0.59103
FLUX  543   721.00        4.158010E+14   7.3465E-07   1.1915E-06   0.61659
FLUX  544   723.00        4.146508E+14   8.0948E-07   1.1982E-06   0.67558
FLUX  545   725.00        4.135069E+14   8.4884E-07   1.2069E-06   0.70332
FLUX  546   727.00        4.123693E+14   8.8496E-07   1.2136E-06   0.72919
FLUX  547   729.00        4.112380E+14   9.0304E-07   1.2203E-06   0.74000
FLUX  548   731.00        4.101129E+14   9.4826E-07   1.2313E-06   0.77014
FLUX  549   733.00        4.089939E+14   9.7181E-07   1.2380E-06   0.78497
FLUX  550   735.00        4.078810E+14   9.8932E-07   1.2447E-06   0.79481
FLUX  551   737.00        4.067741E+14   1.0533E-06   1.2514E-06   0.84169
FLUX  552   739.00        4.056732E+14   1.0426E-06   1.2581E-06   0.82867
FLUX  553   741.00        4.045783E+14   1.0549E-06   1.2648E-06   0.83405
FLUX  554   743.00        4.034892E+14   1.0808E-06   1.2715E-06   0.85003
FLUX  555   745.00        4.024060E+14   1.1002E-06   1.2781E-06   0.86081
FLUX  556   747.00        4.013286E+14   1.1115E-06   1.2848E-06   0.86517
FLUX  557   749.00        4.002570E+14   1.1187E-06   1.2914E-06   0.86630
FLUX  558   751.00        3.991911E+14   1.1569E-06   1.2980E-06   0.89130
FLUX  559   753.00        3.981308E+14   1.1856E-06   1.3047E-06   0.90871
FLUX  560   755.00        3.970762E+14   1.1992E-06   1.3113E-06   0.91452
FLUX  561   757.00        3.960271E+14   1.1996E-06   1.3179E-06   0.91025
FLUX  562   759.00        3.949835E+14   1.1869E-06   1.3245E-06   0.89613
FLUX  563   761.00        3.939455E+14   1.1844E-06   1.3311E-06   0.88979
FLUX  564   763.00        3.929128E+14   1.1598E-06   1.3376E-06   0.86703
FLUX  565   765.00        3.918856E+14   1.1312E-06   1.3442E-06   0.84153
FLUX  566   767.00        3.908638E+14   1.0679E-06   1.3507E-06   0.79061
FLUX  567   769.00        3.898472E+14   1.0941E-06   1.3572E-06   0.80609
FLUX  568   771.00        3.888359E+14   1.0742E-06   1.3638E-06   0.78768
FLUX  569   773.00        3.878299E+14   1.0677E-06   1.3703E-06   0.77922
FLUX  570   775.00        3.868290E+14   1.0736E-06   1.3768E-06   0.77983
FLUX  571   777.00        3.858333E+14   1.0991E-06   1.3833E-06   0.79458
FLUX  572   779.00        3.848427E+14   1.1355E-06   1.3897E-06   0.81705
FLUX  573   781.00        3.838572E+14   1.1430E-06   1.3962E-06   0.81865
FLUX  574   783.00        3.828768E+14   1.1248E-06   1.4027E-06   0.80189
FLUX  575   785.00        3.819013E+14   1.0954E-06   1.4091E-06   0.77741
FLUX  576   787.00        3.809307E+14   1.1647E-06   1.4155E-06   0.82282
FLUX  577   789.00        3.799651E+14   1.1148E-06   1.4219E-06   0.78401
FLUX  578   791.00        3.790044E+14   1.0944E-06   1.4283E-06   0.76617
FLUX  579   793.00        3.780485E+14   1.1343E-06   1.4347E-06   0.79061
FLUX  580   795.00        3.770975E+14   1.1118E-06   1.4411E-06   0.77151
FLUX  581   797.00        3.761512E+14   1.1908E-06   1.4475E-06   0.82265
FLUX  582   799.00        3.752096E+14   1.2103E-06   1.4538E-06   0.83250
FLUX  583   801.00        3.742728E+14   1.2399E-06   1.4601E-06   0.84916
FLUX  584   803.00        3.733406E+14   1.2419E-06   1.4665E-06   0.84684
FLUX  585   805.00        3.724130E+14   1.2560E-06   1.4728E-06   0.85284
FLUX  586   807.00        3.714901E+14   1.2489E-06   1.4790E-06   0.84438
FLUX  587   809.00        3.705717E+14   1.2371E-06   1.4853E-06   0.83286
FLUX  588   811.00        3.696578E+14   1.2500E-06   1.4916E-06   0.83807
FLUX  589   813.00        3.687485E+14   1.3005E-06   1.4978E-06   0.86827
FLUX  590   815.00        3.678436E+14   1.3126E-06   1.5040E-06   0.87274
FLUX  591   817.00        3.669431E+14   1.3383E-06   1.5103E-06   0.88615
FLUX  592   819.00        3.660470E+14   1.3169E-06   1.5165E-06   0.86840
FLUX  593   821.00        3.651553E+14   1.3138E-06   1.5227E-06   0.86279
FLUX  594   823.00        3.642679E+14   1.3718E-06   1.5289E-06   0.89724
FLUX  595   825.00        3.633848E+14   1.3628E-06   1.5351E-06   0.88777
FLUX  596   827.00        3.625060E+14   1.4090E-06   1.5412E-06   0.91422
FLUX  597   829.00        3.616315E+14   1.3998E-06   1.5474E-06   0.90461
FLUX  598   831.00        3.607611E+14   1.3255E-06   1.5535E-06   0.85327
FLUX  599   833.00        3.598950E+14   1.3416E-06   1.5596E-06   0.86024
FLUX  600   835.00        3.590329E+14   1.3438E-06   1.5657E-06   0.85827
FLUX  601   837.00        3.581750E+14   1.3676E-06   1.5718E-06   0.87013
FLUX  602   839.00        3.573212E+14   1.3118E-06   1.5778E-06   0.83142
FLUX  603   841.00        3.564715E+14   1.3863E-06   1.5839E-06   0.87528
FLUX  604   843.00        3.556257E+14   1.2775E-06   1.5899E-06   0.80348
FLUX  605   845.00        3.547840E+14   1.2204E-06   1.5960E-06   0.76466
FLUX  606   847.00        3.539463E+14   1.2654E-06   1.6020E-06   0.78989
FLUX  607   849.00        3.531125E+14   1.2821E-06   1.6080E-06   0.79735
FLUX  608   851.00        3.522826E+14   1.2297E-06   1.6139E-06   0.76191
FLUX  609   853.00        3.514566E+14   1.3171E-06   1.6199E-06   0.81304
FLUX  610   855.00        3.506345E+14   1.2533E-06   1.6259E-06   0.77084
FLUX  611   857.00        3.498162E+14   1.3754E-06   1.6318E-06   0.84285
FLUX  612   859.00        3.490017E+14   1.3822E-06   1.6378E-06   0.84394
FLUX  613   861.00        3.481911E+14   1.4105E-06   1.6437E-06   0.85816
FLUX  614   863.00        3.473841E+14   1.4433E-06   1.6496E-06   0.87496
FLUX  615   865.00        3.465809E+14   1.4858E-06   1.6555E-06   0.89754
FLUX  616   867.00        3.457814E+14   1.3638E-06   1.6613E-06   0.82091
FLUX  617   869.00        3.449856E+14   1.4243E-06   1.6672E-06   0.85433
FLUX  618   871.00        3.441935E+14   1.5011E-06   1.6730E-06   0.89724
FLUX  619   873.00        3.434049E+14   1.5262E-06   1.6789E-06   0.90908
FLUX  620   875.00        3.426200E+14   1.5366E-06   1.6847E-06   0.91207
FLUX  621   877.00        3.418387E+14   1.5517E-06   1.6905E-06   0.91790
FLUX  622   879.00        3.410609E+14   1.5645E-06   1.6963E-06   0.92231
FLUX  623   881.00        3.402866E+14   1.5156E-06   1.7021E-06   0.89045
FLUX  624   883.00        3.395159E+14   1.5595E-06   1.7078E-06   0.91312
FLUX  625   885.00        3.387486E+14   1.6131E-06   1.7136E-06   0.94133
FLUX  626   887.00        3.379848E+14   1.5888E-06   1.7193E-06   0.92406
FLUX  627   889.00        3.372244E+14   1.6280E-06   1.7251E-06   0.94371
FLUX  628   891.00        3.364675E+14   1.6598E-06   1.7308E-06   0.95902
FLUX  629   893.00        3.357139E+14   1.6038E-06   1.7365E-06   0.92360
FLUX  630   895.00        3.349637E+14   1.6113E-06   1.7421E-06   0.92490
FLUX  631   897.00        3.342168E+14   1.6315E-06   1.7478E-06   0.93347
FLUX  632   899.00        3.334733E+14   1.6501E-06   1.7535E-06   0.94108
FLUX  633   901.00        3.327331E+14   1.5994E-06   1.7591E-06   0.90921
FLUX  634   903.00        3.319961E+14   1.6509E-06   1.7647E-06   0.93550
FLUX  635   905.00        3.312624E+14   1.7150E-06   1.7703E-06   0.96874
FLUX  636   907.00        3.305320E+14   1.7230E-06   1.7759E-06   0.97021
FLUX  637   909.00        3.298047E+14   1.6465E-06   1.7815E-06   0.92421
FLUX  638   911.00        3.290807E+14   1.6711E-06   1.7870E-06   0.93512
FLUX  639   913.00        3.283598E+14   1.7311E-06   1.7926E-06   0.96568
FLUX  640   915.00        3.276421E+14   1.7152E-06   1.7981E-06   0.95389
FLUX  641   917.00        3.269275E+14   1.7231E-06   1.8036E-06   0.95535
FLUX  642   919.00        3.262160E+14   1.7727E-06   1.8092E-06   0.97987
FLUX  643   921.00        3.255076E+14   1.7024E-06   1.8147E-06   0.93814
FLUX  644   923.00        3.248023E+14   1.7234E-06   1.8201E-06   0.94685
FLUX  645   925.00        3.241000E+14   1.6948E-06   1.8256E-06   0.92836
FLUX  646   927.00        3.234008E+14   1.7026E-06   1.8311E-06   0.92982
FLUX  647   929.00        3.227045E+14   1.6864E-06   1.8366E-06   0.91823
FLUX  648   931.00        3.220113E+14   1.7355E-06   1.8420E-06   0.94218
FLUX  649   933.00        3.213210E+14   1.7335E-06   1.8475E-06   0.93831
FLUX  650   935.00        3.206337E+14   1.7320E-06   1.8529E-06   0.93477
FLUX  651   937.00        3.199493E+14   1.6904E-06   1.8583E-06   0.90967
FLUX  652   939.00        3.192678E+14   1.7526E-06   1.8637E-06   0.94037
FLUX  653   941.00        3.185893E+14   1.7115E-06   1.8691E-06   0.91568
FLUX  654   943.00        3.179136E+14   1.7789E-06   1.8745E-06   0.94900
FLUX  655   945.00        3.172407E+14   1.7305E-06   1.8799E-06   0.92052
FLUX  656   947.00        3.165707E+14   1.7983E-06   1.8852E-06   0.95392
FLUX  657   949.00        3.159036E+14   1.8150E-06   1.8906E-06   0.96001
FLUX  658   951.00        3.152392E+14   1.8036E-06   1.8959E-06   0.95131
FLUX  659   953.00        3.145776E+14   1.8244E-06   1.9012E-06   0.95962
FLUX  660   955.00        3.139188E+14   1.7792E-06   1.9065E-06   0.93319
FLUX  661   957.00        3.132628E+14   1.7904E-06   1.9118E-06   0.93648
FLUX  662   959.00        3.126095E+14   1.8616E-06   1.9171E-06   0.97104
FLUX  663   961.00        3.119589E+14   1.8269E-06   1.9224E-06   0.95036
FLUX  664   963.00        3.113110E+14   1.8570E-06   1.9276E-06   0.96334
FLUX  665   965.00        3.106658E+14   1.7932E-06   1.9329E-06   0.92772
FLUX  666   967.00        3.100233E+14   1.8021E-06   1.9381E-06   0.92983
FLUX  667   969.00        3.093834E+14   1.8677E-06   1.9433E-06   0.96110
FLUX  668   971.00        3.087461E+14   1.8477E-06   1.9485E-06   0.94825
FLUX  669   973.00        3.081115E+14   1.8409E-06   1.9537E-06   0.94228
FLUX  670   975.00        3.074795E+14   1.8412E-06   1.9589E-06   0.93992
FLUX  671   977.00        3.068501E+14   1.8633E-06   1.9641E-06   0.94870
FLUX  672   979.00        3.062232E+14   1.8256E-06   1.9692E-06   0.92707
FLUX  673   981.00        3.055989E+14   1.9250E-06   1.9744E-06   0.97499
FLUX  674   983.00        3.049771E+14   1.8954E-06   1.9795E-06   0.95749
FLUX  675   985.00        3.043579E+14   1.9488E-06   1.9846E-06   0.98194
FLUX  676   987.00        3.037411E+14   1.9389E-06   1.9898E-06   0.97445
FLUX  677   989.00        3.031269E+14   1.9455E-06   1.9948E-06   0.97527
FLUX  678   991.00        3.025151E+14   1.9438E-06   1.9999E-06   0.97192
FLUX  679   993.00        3.019058E+14   1.9537E-06   2.0050E-06   0.97439
FLUX  680   995.00        3.012990E+14   1.9578E-06   2.0101E-06   0.97401
FLUX  681   997.00        3.006946E+14   1.9787E-06   2.0151E-06   0.98191
FLUX  682   999.00        3.000926E+14   1.9808E-06   2.0202E-06   0.98049
FLUX  683  1002.50        2.990449E+14   1.9693E-06   2.0290E-06   0.97060
FLUX  684  1007.50        2.975608E+14   1.9588E-06   2.0415E-06   0.95947
FLUX  685  1012.50        2.960914E+14   2.0043E-06   2.0541E-06   0.97579
FLUX  686  1017.50        2.946364E+14   1.9961E-06   2.0665E-06   0.96593
FLUX  687  1022.50        2.931956E+14   2.0266E-06   2.0789E-06   0.97481
FLUX  688  1027.50        2.917689E+14   2.0543E-06   2.0913E-06   0.98230
FLUX  689  1032.50        2.903559E+14   2.0317E-06   2.1037E-06   0.96577
FLUX  690  1037.50        2.889566E+14   2.0337E-06   2.1160E-06   0.96108
FLUX  691  1042.50        2.875707E+14   2.0736E-06   2.1283E-06   0.97431
FLUX  692  1047.50        2.861981E+14   2.0836E-06   2.1405E-06   0.97344
FLUX  693  1052.50        2.848385E+14   2.1136E-06   2.1526E-06   0.98190
FLUX  694  1057.50        2.834917E+14   2.0973E-06   2.1646E-06   0.96890
FLUX  695  1062.50        2.821576E+14   2.1271E-06   2.1766E-06   0.97722
FLUX  696  1067.50        2.808361E+14   2.0981E-06   2.1886E-06   0.95863
FLUX  697  1072.50        2.795268E+14   2.1272E-06   2.2006E-06   0.96667
FLUX  698  1077.50        2.782297E+14   2.1303E-06   2.2126E-06   0.96280
FLUX  699  1082.50        2.769446E+14   2.1206E-06   2.2246E-06   0.95327
FLUX  700  1087.50        2.756713E+14   2.1534E-06   2.2366E-06   0.96277
FLUX  701  1092.50        2.744096E+14   2.2067E-06   2.2486E-06   0.98133
FLUX  702  1097.50        2.731595E+14   2.1958E-06   2.2606E-06   0.97130
FLUX  703  1102.50        2.719206E+14   2.2282E-06   2.2726E-06   0.98047
FLUX  704  1107.50        2.706930E+14   2.2455E-06   2.2846E-06   0.98291
FLUX  705  1112.50        2.694764E+14   2.2570E-06   2.2965E-06   0.98282
FLUX  706  1117.50        2.682707E+14   2.2530E-06   2.3084E-06   0.97598
FLUX  707  1122.50        2.670757E+14   2.2793E-06   2.3204E-06   0.98228
FLUX  708  1127.50        2.658914E+14   2.2654E-06   2.3323E-06   0.97130
FLUX  709  1132.50        2.647174E+14   2.2826E-06   2.3443E-06   0.97367
FLUX  710  1137.50        2.635538E+14   2.2832E-06   2.3563E-06   0.96900
FLUX  711  1142.50        2.624004E+14   2.2877E-06   2.3683E-06   0.96599
FLUX  712  1147.50        2.612571E+14   2.3452E-06   2.3803E-06   0.98528
FLUX  713  1152.50        2.601236E+14   2.3676E-06   2.3923E-06   0.98965
FLUX  714  1157.50        2.590000E+14   2.3522E-06   2.4044E-06   0.97832
FLUX  715  1162.50        2.578860E+14   2.3410E-06   2.4164E-06   0.96878
FLUX  716  1167.50        2.567816E+14   2.3718E-06   2.4285E-06   0.97664
FLUX  717  1172.50        2.556866E+14   2.4206E-06   2.4407E-06   0.99175
FLUX  718  1177.50        2.546008E+14   2.3961E-06   2.4530E-06   0.97680
FLUX  719  1182.50        2.535243E+14   2.4071E-06   2.4654E-06   0.97634
FLUX  720  1187.50        2.524568E+14   2.3859E-06   2.4778E-06   0.96287
FLUX  721  1192.50        2.513983E+14   2.4631E-06   2.4904E-06   0.98903
FLUX  722  1197.50        2.503486E+14   2.3836E-06   2.5030E-06   0.95229
FLUX  723  1202.50        2.493077E+14   2.4774E-06   2.5156E-06   0.98482
FLUX  724  1207.50        2.482754E+14   2.4723E-06   2.5283E-06   0.97783
FLUX  725  1212.50        2.472515E+14   2.5020E-06   2.5410E-06   0.98466
FLUX  726  1217.50        2.462361E+14   2.5320E-06   2.5537E-06   0.99150
FLUX  727  1222.50        2.452290E+14   2.5393E-06   2.5665E-06   0.98941
FLUX  728  1227.50        2.442301E+14   2.5471E-06   2.5794E-06   0.98748
FLUX  729  1232.50        2.432394E+14   2.5472E-06   2.5924E-06   0.98255
FLUX  730  1237.50        2.422566E+14   2.5764E-06   2.6056E-06   0.98877
FLUX  731  1242.50        2.412817E+14   2.5800E-06   2.6190E-06   0.98513
FLUX  732  1247.50        2.403146E+14   2.6028E-06   2.6326E-06   0.98871
FLUX  733  1252.50        2.393553E+14   2.5953E-06   2.6463E-06   0.98074
FLUX  734  1257.50        2.384036E+14   2.6218E-06   2.6601E-06   0.98561
FLUX  735  1262.50        2.374594E+14   2.6386E-06   2.6741E-06   0.98672
FLUX  736  1267.50        2.365227E+14   2.6292E-06   2.6884E-06   0.97798
FLUX  737  1272.50        2.355933E+14   2.6585E-06   2.7028E-06   0.98362
FLUX  738  1277.50        2.346712E+14   2.7043E-06   2.7173E-06   0.99521
FLUX  739  1282.50        2.337563E+14   2.6131E-06   2.7321E-06   0.95646
FLUX  740  1287.50        2.328485E+14   2.6869E-06   2.7468E-06   0.97819
FLUX  741  1292.50        2.319478E+14   2.6515E-06   2.7618E-06   0.96005
FLUX  742  1297.50        2.310539E+14   2.7390E-06   2.7770E-06   0.98633
FLUX  743  1302.50        2.301670E+14   2.7136E-06   2.7925E-06   0.97174
FLUX  744  1307.50        2.292868E+14   2.7724E-06   2.8083E-06   0.98719
FLUX  745  1312.50        2.284133E+14   2.7263E-06   2.8244E-06   0.96527
FLUX  746  1317.50        2.275465E+14   2.7583E-06   2.8406E-06   0.97103
FLUX  747  1322.50        2.266862E+14   2.7947E-06   2.8572E-06   0.97812
FLUX  748  1327.50        2.258324E+14   2.7599E-06   2.8739E-06   0.96034
FLUX  749  1332.50        2.249850E+14   2.8321E-06   2.8909E-06   0.97966
FLUX  750  1337.50        2.241439E+14   2.8146E-06   2.9080E-06   0.96788
FLUX  751  1342.50        2.233091E+14   2.8758E-06   2.9253E-06   0.98309
FLUX  752  1347.50        2.224805E+14   2.8829E-06   2.9429E-06   0.97960
FLUX  753  1352.50        2.216580E+14   2.9033E-06   2.9610E-06   0.98052
FLUX  754  1357.50        2.208416E+14   2.8791E-06   2.9797E-06   0.96625
FLUX  755  1362.50        2.200312E+14   2.8824E-06   2.9987E-06   0.96121
FLUX  756  1367.50        2.192267E+14   2.9384E-06   3.0182E-06   0.97356
FLUX  757  1372.50        2.184281E+14   2.9837E-06   3.0380E-06   0.98214
FLUX  758  1377.50        2.176352E+14   2.9841E-06   3.0581E-06   0.97580
FLUX  759  1382.50        2.168481E+14   3.0252E-06   3.0785E-06   0.98270
FLUX  760  1387.50        2.160667E+14   3.0011E-06   3.0993E-06   0.96834
FLUX  761  1392.50        2.152908E+14   3.0653E-06   3.1201E-06   0.98244
FLUX  762  1397.50        2.145206E+14   3.0971E-06   3.1415E-06   0.98589
FLUX  763  1402.50        2.137558E+14   3.0586E-06   3.1635E-06   0.96685
FLUX  764  1407.50        2.129964E+14   3.1352E-06   3.1862E-06   0.98400
FLUX  765  1412.50        2.122425E+14   3.1152E-06   3.2094E-06   0.97063
FLUX  766  1417.50        2.114938E+14   3.1849E-06   3.2330E-06   0.98512
FLUX  767  1422.50        2.107504E+14   3.1579E-06   3.2571E-06   0.96954
FLUX  768  1427.50        2.100123E+14   3.1030E-06   3.2818E-06   0.94550
FLUX  769  1432.50        2.092792E+14   3.2242E-06   3.3067E-06   0.97507
FLUX  770  1437.50        2.085513E+14   3.2543E-06   3.3315E-06   0.97683
FLUX  771  1442.50        2.078284E+14   3.1814E-06   3.3574E-06   0.94757
FLUX  772  1447.50        2.071105E+14   3.2901E-06   3.3840E-06   0.97223
FLUX  773  1452.50        2.063976E+14   3.2788E-06   3.4110E-06   0.96123
FLUX  774  1457.00        2.057601E+14   3.3244E-06   3.4359E-06   0.96754
FLUX  775  1462.00        2.050564E+14   3.3623E-06   3.4676E-06   0.96965
FLUX  776  1467.50        2.042879E+14   3.3901E-06   3.4999E-06   0.96864
FLUX  777  1472.50        2.035942E+14   3.3407E-06   3.5298E-06   0.94643
FLUX  778  1477.50        2.029052E+14   3.4126E-06   3.5600E-06   0.95858
FLUX  779  1482.50        2.022209E+14   3.4348E-06   3.5911E-06   0.95648
FLUX  780  1487.50        2.015412E+14   3.4264E-06   3.6223E-06   0.94592
FLUX  781  1492.50        2.008660E+14   3.5527E-06   3.6541E-06   0.97224
FLUX  782  1497.50        2.001953E+14   3.5159E-06   3.6866E-06   0.95369
FLUX  783  1502.50        1.995291E+14   3.5280E-06   3.7199E-06   0.94842
FLUX  784  1507.50        1.988673E+14   3.5133E-06   3.7540E-06   0.93588
FLUX  785  1512.50        1.982099E+14   3.6090E-06   3.7880E-06   0.95275
FLUX  786  1517.50        1.975568E+14   3.6415E-06   3.8229E-06   0.95253
FLUX  787  1522.50        1.969080E+14   3.6748E-06   3.8579E-06   0.95255
FLUX  788  1527.50        1.962635E+14   3.7435E-06   3.8935E-06   0.96148
FLUX  789  1532.50        1.956232E+14   3.7387E-06   3.9294E-06   0.95147
FLUX  790  1537.50        1.949870E+14   3.8168E-06   3.9659E-06   0.96241
FLUX  791  1542.50        1.943549E+14   3.8366E-06   4.0031E-06   0.95841
FLUX  792  1547.50        1.937270E+14   3.8745E-06   4.0409E-06   0.95881
FLUX  793  1552.50        1.931031E+14   3.8356E-06   4.0776E-06   0.94065
FLUX  794  1557.50        1.924831E+14   3.8468E-06   4.1142E-06   0.93502
FLUX  795  1562.50        1.918672E+14   3.9716E-06   4.1509E-06   0.95682
FLUX  796  1567.50        1.912552E+14   3.8787E-06   4.1873E-06   0.92628
FLUX  797  1572.50        1.906471E+14   4.0044E-06   4.2240E-06   0.94803
FLUX  798  1577.50        1.900428E+14   3.8937E-06   4.2606E-06   0.91389
FLUX  799  1582.50        1.894423E+14   3.9922E-06   4.2966E-06   0.92916
FLUX  800  1587.50        1.888457E+14   3.8736E-06   4.3303E-06   0.89454
FLUX  801  1592.50        1.882527E+14   3.9658E-06   4.3629E-06   0.90899
FLUX  802  1597.50        1.876635E+14   4.1313E-06   4.3944E-06   0.94011
FLUX  803  1605.00        1.867866E+14   4.1436E-06   4.4389E-06   0.93348
FLUX  804  1615.00        1.856300E+14   4.1979E-06   4.4910E-06   0.93473
FLUX  805  1625.00        1.844877E+14   4.2448E-06   4.5303E-06   0.93697
FLUX  806  1635.00        1.833593E+14   4.3020E-06   4.5458E-06   0.94637
FLUX  807  1645.00        1.822447E+14   4.2628E-06   4.5303E-06   0.94095
FLUX  808  1655.00        1.811435E+14   4.2796E-06   4.4932E-06   0.95247
FLUX  809  1665.00        1.800556E+14   4.2668E-06   4.4565E-06   0.95744
FLUX  810  1675.00        1.789806E+14   4.2151E-06   4.4201E-06   0.95362
FLUX  811  1685.00        1.779184E+14   4.1700E-06   4.3842E-06   0.95114
FLUX  812  1695.00        1.768687E+14   4.2247E-06   4.3485E-06   0.97153
FLUX  813  1705.00        1.758314E+14   4.1091E-06   4.3130E-06   0.95272
FLUX  814  1715.00        1.748061E+14   4.1551E-06   4.2780E-06   0.97128
FLUX  815  1725.00        1.737928E+14   4.0317E-06   4.2432E-06   0.95015
FLUX  816  1735.00        1.727911E+14   4.0228E-06   4.2087E-06   0.95582
FLUX  817  1745.00        1.718009E+14   4.0038E-06   4.1747E-06   0.95906
FLUX  818  1755.00        1.708219E+14   3.9652E-06   4.1410E-06   0.95756
FLUX  819  1765.00        1.698541E+14   3.9614E-06   4.1076E-06   0.96440
FLUX  820  1775.00        1.688972E+14   3.8995E-06   4.0747E-06   0.95700
FLUX  821  1785.00        1.679510E+14   3.9292E-06   4.0421E-06   0.97206
FLUX  822  1795.00        1.670153E+14   3.8646E-06   4.0099E-06   0.96374
FLUX  823  1805.00        1.660900E+14   3.8054E-06   3.9781E-06   0.95659
FLUX  824  1815.00        1.651749E+14   3.8139E-06   3.9466E-06   0.96638
FLUX  825  1825.00        1.642699E+14   3.7581E-06   3.9154E-06   0.95985
FLUX  826  1835.00        1.633747E+14   3.7121E-06   3.8839E-06   0.95575
FLUX  827  1845.00        1.624892E+14   3.6658E-06   3.8528E-06   0.95148
FLUX  828  1855.00        1.616132E+14   3.6819E-06   3.8220E-06   0.96336
FLUX  829  1865.00        1.607466E+14   3.5899E-06   3.7915E-06   0.94681
FLUX  830  1875.00        1.598893E+14   3.5865E-06   3.7615E-06   0.95348
FLUX  831  1885.00        1.590411E+14   3.5784E-06   3.7318E-06   0.95891
FLUX  832  1895.00        1.582018E+14   3.4166E-06   3.7024E-06   0.92280
FLUX  833  1905.00        1.573714E+14   3.5601E-06   3.6734E-06   0.96917
FLUX  834  1915.00        1.565496E+14   3.5086E-06   3.6447E-06   0.96266
FLUX  835  1925.00        1.557364E+14   3.5028E-06   3.6163E-06   0.96860
FLUX  836  1935.00        1.549315E+14   3.4126E-06   3.5883E-06   0.95103
FLUX  837  1945.00        1.541350E+14   3.3749E-06   3.5606E-06   0.94783
FLUX  838  1955.00        1.533465E+14   3.4146E-06   3.5332E-06   0.96642
FLUX  839  1965.00        1.525662E+14   3.3763E-06   3.5061E-06   0.96298
FLUX  840  1975.00        1.517937E+14   3.3168E-06   3.4791E-06   0.95335
FLUX  841  1985.00        1.510290E+14   3.3223E-06   3.4524E-06   0.96230
FLUX  842  1995.00        1.502719E+14   3.3059E-06   3.4261E-06   0.96491
FLUX  843  2005.00        1.495224E+14   3.3325E-06   3.4000E-06   0.98014
FLUX  844  2015.00        1.487804E+14   3.3052E-06   3.3742E-06   0.97955
FLUX  845  2025.00        1.480457E+14   3.2108E-06   3.3488E-06   0.95880
FLUX  846  2035.00        1.473182E+14   3.2078E-06   3.3236E-06   0.96518
FLUX  847  2045.00        1.465978E+14   3.2508E-06   3.2986E-06   0.98553
FLUX  848  2055.00        1.458844E+14   3.2062E-06   3.2738E-06   0.97934
FLUX  849  2065.00        1.451780E+14   3.1703E-06   3.2493E-06   0.97568
FLUX  850  2075.00        1.444783E+14   3.1601E-06   3.2251E-06   0.97985
FLUX  851  2085.00        1.437854E+14   3.1175E-06   3.2011E-06   0.97390
FLUX  852  2095.00        1.430990E+14   3.0763E-06   3.1774E-06   0.96818
FLUX  853  2105.00        1.424192E+14   3.1063E-06   3.1540E-06   0.98489
FLUX  854  2115.00        1.417459E+14   3.0606E-06   3.1308E-06   0.97756
FLUX  855  2125.00        1.410788E+14   3.0290E-06   3.1079E-06   0.97461
FLUX  856  2135.00        1.404180E+14   3.0548E-06   3.0852E-06   0.99013
FLUX  857  2145.00        1.397634E+14   3.0237E-06   3.0628E-06   0.98724
FLUX  858  2155.00        1.391148E+14   2.9885E-06   3.0406E-06   0.98288
FLUX  859  2165.00        1.384723E+14   2.9753E-06   3.0186E-06   0.98566
FLUX  860  2175.00        1.378356E+14   2.9234E-06   2.9969E-06   0.97546
FLUX  861  2185.00        1.372048E+14   2.9186E-06   2.9754E-06   0.98089
FLUX  862  2195.00        1.365797E+14   2.9091E-06   2.9542E-06   0.98474
FLUX  863  2205.00        1.359603E+14   2.8300E-06   2.9331E-06   0.96485
FLUX  864  2215.00        1.353465E+14   2.8888E-06   2.9121E-06   0.99198
FLUX  865  2225.00        1.347382E+14   2.7980E-06   2.8914E-06   0.96767
FLUX  866  2235.00        1.341353E+14   2.7985E-06   2.8710E-06   0.97476
FLUX  867  2245.00        1.335379E+14   2.7855E-06   2.8507E-06   0.97711
FLUX  868  2255.00        1.329457E+14   2.7903E-06   2.8307E-06   0.98572
FLUX  869  2265.00        1.323587E+14   2.7234E-06   2.8109E-06   0.96889
FLUX  870  2275.00        1.317769E+14   2.7666E-06   2.7913E-06   0.99117
FLUX  871  2285.00        1.312002E+14   2.7111E-06   2.7733E-06   0.97754
FLUX  872  2295.00        1.306285E+14   2.1900E-06   2.7542E-06   0.79516
FLUX  873  2305.00        1.300618E+14   2.4411E-06   2.7352E-06   0.89246
FLUX  874  2315.00        1.295000E+14   2.4221E-06   2.7164E-06   0.89164
FLUX  875  2325.00        1.289430E+14   1.9995E-06   2.6978E-06   0.74115
FLUX  876  2335.00        1.283908E+14   2.2583E-06   2.6794E-06   0.84281
FLUX  877  2345.00        1.278433E+14   2.1460E-06   2.6612E-06   0.80641
FLUX  878  2355.00        1.273004E+14   1.7971E-06   2.6432E-06   0.67988
FLUX  879  2365.00        1.267622E+14   2.0943E-06   2.6254E-06   0.79770
FLUX  880  2375.00        1.262284E+14   1.9875E-06   2.6077E-06   0.76216
FLUX  881  2385.00        1.256992E+14   1.7388E-06   2.5903E-06   0.67130
FLUX  882  2395.00        1.251743E+14   1.9782E-06   2.5729E-06   0.76883
FLUX  883  2405.00        1.246538E+14   1.9406E-06   2.5557E-06   0.75931
FLUX  884  2415.00        1.241377E+14   1.7172E-06   2.5386E-06   0.67643
FLUX  885  2425.00        1.236258E+14   1.9133E-06   2.5218E-06   0.75872
FLUX  886  2435.00        1.231181E+14   1.8879E-06   2.5051E-06   0.75362
FLUX  887  2445.00        1.226145E+14   1.7654E-06   2.4885E-06   0.70940
FLUX  888  2455.00        1.221151E+14   1.7974E-06   2.4721E-06   0.72706
FLUX  889  2465.00        1.216197E+14   1.8952E-06   2.4558E-06   0.77171
FLUX  890  2475.00        1.211283E+14   1.8293E-06   2.4397E-06   0.74980
FLUX  891  2485.00        1.206408E+14   1.7260E-06   2.4237E-06   0.71216
FLUX  892  2495.00        1.201573E+14   1.8243E-06   2.4078E-06   0.75765
FLUX  893  2505.00        1.196776E+14   1.9230E-06   2.3922E-06   0.80387
FLUX  894  2515.00        1.192018E+14   1.7146E-06   2.3766E-06   0.72143
FLUX  895  2525.00        1.187297E+14   1.8538E-06   2.3613E-06   0.78508
FLUX  896  2535.00        1.182613E+14   1.8580E-06   2.3461E-06   0.79196
FLUX  897  2545.00        1.177967E+14   1.8332E-06   2.3310E-06   0.78644
FLUX  898  2555.00        1.173356E+14   1.8023E-06   2.3161E-06   0.77820
FLUX  899  2565.00        1.168782E+14   1.8340E-06   2.3013E-06   0.79694
FLUX  900  2575.00        1.164243E+14   1.8675E-06   2.2866E-06   0.81670
FLUX  901  2585.00        1.159739E+14   1.7525E-06   2.2721E-06   0.77130
FLUX  902  2595.00        1.155270E+14   1.7963E-06   2.2578E-06   0.79560
FLUX  903  2605.00        1.150835E+14   1.8616E-06   2.2436E-06   0.82977
FLUX  904  2615.00        1.146434E+14   1.8186E-06   2.2295E-06   0.81569
FLUX  905  2625.00        1.142067E+14   1.8039E-06   2.2155E-06   0.81422
FLUX  906  2635.00        1.137732E+14   1.8397E-06   2.2017E-06   0.83557
FLUX  907  2645.00        1.133431E+14   1.8417E-06   2.1881E-06   0.84169
FLUX  908  2655.00        1.129162E+14   1.8137E-06   2.1745E-06   0.83408
FLUX  909  2665.00        1.124925E+14   1.7867E-06   2.1611E-06   0.82676
FLUX  910  2675.00        1.120720E+14   1.8804E-06   2.1478E-06   0.87551
FLUX  911  2685.00        1.116546E+14   1.8605E-06   2.1346E-06   0.87160
FLUX  912  2695.00        1.112403E+14   1.7868E-06   2.1216E-06   0.84222
FLUX  913  2705.00        1.108290E+14   1.8485E-06   2.1086E-06   0.87662
FLUX  914  2715.00        1.104208E+14   1.8393E-06   2.0958E-06   0.87762
FLUX  915  2725.00        1.100156E+14   1.8647E-06   2.0830E-06   0.89520
FLUX  916  2735.00        1.096133E+14   1.7892E-06   2.0704E-06   0.86418
FLUX  917  2745.00        1.092140E+14   1.8383E-06   2.0579E-06   0.89330
FLUX  918  2755.00        1.088176E+14   1.8653E-06   2.0454E-06   0.91193
FLUX  919  2765.00        1.084241E+14   1.8343E-06   2.0332E-06   0.90220
FLUX  920  2775.00        1.080333E+14   1.7865E-06   2.0209E-06   0.88400
FLUX  921  2785.00        1.076454E+14   1.8286E-06   2.0088E-06   0.91030
FLUX  922  2795.00        1.072603E+14   1.8483E-06   1.9968E-06   0.92565
FLUX  923  2805.00        1.068779E+14   1.8377E-06   1.9849E-06   0.92586
FLUX  924  2815.00        1.064982E+14   1.7978E-06   1.9731E-06   0.91117
FLUX  925  2825.00        1.061212E+14   1.8170E-06   1.9614E-06   0.92637
FLUX  926  2835.00        1.057469E+14   1.8332E-06   1.9498E-06   0.94018
FLUX  927  2845.00        1.053752E+14   1.8206E-06   1.9383E-06   0.93928
FLUX  928  2855.00        1.050061E+14   1.8062E-06   1.9269E-06   0.93732
FLUX  929  2865.00        1.046396E+14   1.8067E-06   1.9157E-06   0.94313
FLUX  930  2875.00        1.042757E+14   1.8098E-06   1.9045E-06   0.95029
FLUX  931  2885.00        1.039142E+14   1.7997E-06   1.8934E-06   0.95051
FLUX  932  2895.00        1.035553E+14   1.7927E-06   1.8824E-06   0.95236
FLUX  933  2905.00        1.031988E+14   1.7829E-06   1.8715E-06   0.95265
FLUX  934  2915.00        1.028448E+14   1.7858E-06   1.8607E-06   0.95971
FLUX  935  2925.00        1.024932E+14   1.7514E-06   1.8500E-06   0.94670
FLUX  936  2935.00        1.021440E+14   1.7788E-06   1.8394E-06   0.96702
FLUX  937  2945.00        1.017971E+14   1.7592E-06   1.8289E-06   0.96189
FLUX  938  2955.00        1.014526E+14   1.7522E-06   1.8185E-06   0.96354
FLUX  939  2965.00        1.011105E+14   1.7597E-06   1.8081E-06   0.97321
FLUX  940  2975.00        1.007706E+14   1.7544E-06   1.7979E-06   0.97581
FLUX  941  2985.00        1.004330E+14   1.7377E-06   1.7877E-06   0.97201
FLUX  942  2995.00        1.000977E+14   1.7324E-06   1.7776E-06   0.97456
FLUX  943  3005.00        9.976456E+13   1.7235E-06   1.7676E-06   0.97503
FLUX  944  3015.00        9.943367E+13   1.7263E-06   1.7577E-06   0.98217
FLUX  945  3025.00        9.910496E+13   1.7089E-06   1.7478E-06   0.97776
FLUX  946  3035.00        9.877842E+13   1.6996E-06   1.7380E-06   0.97786
FLUX  947  3045.00        9.845402E+13   1.7027E-06   1.7283E-06   0.98516
FLUX  948  3055.00        9.813175E+13   1.6877E-06   1.7187E-06   0.98193
FLUX  949  3065.00        9.781158E+13   1.6808E-06   1.7092E-06   0.98337
FLUX  950  3075.00        9.749350E+13   1.6783E-06   1.6997E-06   0.98740
FLUX  951  3085.00        9.717747E+13   1.6576E-06   1.6903E-06   0.98065
FLUX  952  3095.00        9.686349E+13   1.6540E-06   1.6810E-06   0.98393
FLUX  953  3105.00        9.655153E+13   1.6575E-06   1.6718E-06   0.99146
FLUX  954  3115.00        9.624157E+13   1.6334E-06   1.6627E-06   0.98239
FLUX  955  3125.00        9.593360E+13   1.6368E-06   1.6536E-06   0.98987
FLUX  956  3135.00        9.562759E+13   1.6292E-06   1.6446E-06   0.99068
FLUX  957  3145.00        9.532353E+13   1.6200E-06   1.6356E-06   0.99047
FLUX  958  3155.00        9.502139E+13   1.6109E-06   1.6267E-06   0.99025
FLUX  959  3165.00        9.472117E+13   1.5949E-06   1.6179E-06   0.98577
FLUX  960  3175.00        9.442283E+13   1.5986E-06   1.6092E-06   0.99347
FLUX  961  3185.00        9.412637E+13   1.5886E-06   1.6005E-06   0.99258
FLUX  962  3195.00        9.383177E+13   1.5844E-06   1.5919E-06   0.99533
FLUX  963  3210.00        9.339330E+13   1.5690E-06   1.5791E-06   0.99363
FLUX  964  3230.00        9.281502E+13   1.5490E-06   1.5623E-06   0.99148
FLUX  965  3250.00        9.224385E+13   1.5339E-06   1.5458E-06   0.99233
FLUX  966  3270.00        9.167966E+13   1.5159E-06   1.5295E-06   0.99113
FLUX  967  3290.00        9.112234E+13   1.5020E-06   1.5135E-06   0.99241
FLUX  968  3310.00        9.057175E+13   1.4843E-06   1.4977E-06   0.99100
FLUX  969  3330.00        9.002778E+13   1.4668E-06   1.4822E-06   0.98958
FLUX  970  3350.00        8.949030E+13   1.4586E-06   1.4669E-06   0.99437
FLUX  971  3370.00        8.895920E+13   1.4405E-06   1.4518E-06   0.99217
FLUX  972  3390.00        8.843437E+13   1.4235E-06   1.4370E-06   0.99059
FLUX  973  3410.00        8.791569E+13   1.4059E-06   1.4224E-06   0.98838
FLUX  974  3430.00        8.740306E+13   1.3986E-06   1.4080E-06   0.99330
FLUX  975  3450.00        8.689638E+13   1.3867E-06   1.3939E-06   0.99487
FLUX  976  3470.00        8.639553E+13   1.3709E-06   1.3799E-06   0.99346
FLUX  977  3490.00        8.590043E+13   1.3587E-06   1.3661E-06   0.99456
FLUX  978  3510.00        8.541097E+13   1.3477E-06   1.3526E-06   0.99641
FLUX  979  3530.00        8.492705E+13   1.3282E-06   1.3392E-06   0.99179
FLUX  980  3550.00        8.444859E+13   1.3201E-06   1.3260E-06   0.99560
FLUX  981  3570.00        8.397549E+13   1.3056E-06   1.3129E-06   0.99442
FLUX  982  3590.00        8.350766E+13   1.2913E-06   1.3001E-06   0.99319
FLUX  983  3610.00        8.304501E+13   1.2834E-06   1.2875E-06   0.99684
FLUX  984  3630.00        8.258747E+13   1.2707E-06   1.2750E-06   0.99660
FLUX  985  3650.00        8.213493E+13   1.2528E-06   1.2628E-06   0.99208
FLUX  986  3670.00        8.168733E+13   1.2397E-06   1.2507E-06   0.99120
FLUX  987  3690.00        8.124458E+13   1.2197E-06   1.2388E-06   0.98463
FLUX  988  3710.00        8.080660E+13   1.2035E-06   1.2270E-06   0.98081
FLUX  989  3730.00        8.037332E+13   1.2026E-06   1.2154E-06   0.98943
FLUX  990  3750.00        7.994467E+13   1.1807E-06   1.2040E-06   0.98065
FLUX  991  3770.00        7.952056E+13   1.1807E-06   1.1928E-06   0.98984
FLUX  992  3790.00        7.910092E+13   1.1678E-06   1.1817E-06   0.98823
FLUX  993  3810.00        7.868570E+13   1.1615E-06   1.1708E-06   0.99203
FLUX  994  3830.00        7.827480E+13   1.1546E-06   1.1600E-06   0.99539
FLUX  995  3850.00        7.786818E+13   1.1455E-06   1.1493E-06   0.99663
FLUX  996  3870.00        7.746576E+13   1.1259E-06   1.1388E-06   0.98870
FLUX  997  3890.00        7.706748E+13   1.1200E-06   1.1284E-06   0.99254
FLUX  998  3910.00        7.667327E+13   1.1140E-06   1.1182E-06   0.99627
FLUX  999  3930.00        7.628308E+13   1.1037E-06   1.1080E-06   0.99606
FLUX 1000  3950.00        7.589684E+13   1.0851E-06   1.0981E-06   0.98821
FLUX 1001  3970.00        7.551448E+13   1.0778E-06   1.0882E-06   0.99044
FLUX 1002  3990.00        7.513596E+13   1.0586E-06   1.0785E-06   0.98155
FLUX 1003  4010.00        7.476122E+13   1.0571E-06   1.0689E-06   0.98897
FLUX 1004  4030.00        7.439020E+13   1.0541E-06   1.0595E-06   0.99492
FLUX 1005  4050.00        7.402284E+13   1.0424E-06   1.0501E-06   0.99258
FLUX 1006  4070.00        7.365909E+13   1.0343E-06   1.0409E-06   0.99361
FLUX 1007  4090.00        7.329890E+13   1.0263E-06   1.0319E-06   0.99465
FLUX 1008  4110.00        7.294221E+13   1.0181E-06   1.0229E-06   0.99527
FLUX 1009  4130.00        7.258898E+13   1.0115E-06   1.0140E-06   0.99754
FLUX 1010  4150.00        7.223916E+13   1.0006E-06   1.0053E-06   0.99534
FLUX 1011  4170.00        7.189269E+13   9.9170E-07   9.9668E-07   0.99501
FLUX 1012  4190.00        7.154952E+13   9.8066E-07   9.8816E-07   0.99241
FLUX 1013  4210.00        7.120962E+13   9.7018E-07   9.7976E-07   0.99022
FLUX 1014  4230.00        7.087293E+13   9.7019E-07   9.7147E-07   0.99868
FLUX 1015  4250.00        7.053941E+13   9.5654E-07   9.6327E-07   0.99302
FLUX 1016  4270.00        7.020902E+13   9.5261E-07   9.5516E-07   0.99733
FLUX 1017  4290.00        6.988170E+13   8.6974E-07   9.4716E-07   0.91826
FLUX 1018  4310.00        6.955742E+13   7.7590E-07   9.3926E-07   0.82608
FLUX 1019  4330.00        6.923614E+13   7.9942E-07   9.3145E-07   0.85825
FLUX 1020  4350.00        6.891782E+13   7.3625E-07   9.2375E-07   0.79703
FLUX 1021  4370.00        6.860240E+13   7.0411E-07   9.1613E-07   0.76857
FLUX 1022  4390.00        6.828986E+13   6.7864E-07   9.0861E-07   0.74690
FLUX 1023  4410.00        6.798016E+13   6.3059E-07   9.0118E-07   0.69974
FLUX 1024  4430.00        6.767325E+13   6.2775E-07   8.9383E-07   0.70231
FLUX 1025  4450.00        6.736910E+13   6.1361E-07   8.8658E-07   0.69211
FLUX 1026  4470.00        6.706767E+13   5.7915E-07   8.7942E-07   0.65856
FLUX 1027  4490.00        6.676893E+13   5.9928E-07   8.7234E-07   0.68698
FLUX 1028  4510.00        6.647284E+13   5.7495E-07   8.6535E-07   0.66441
FLUX 1029  4530.00        6.617936E+13   5.5811E-07   8.5844E-07   0.65014
FLUX 1030  4550.00        6.588846E+13   5.7077E-07   8.5162E-07   0.67022
FLUX 1031  4570.00        6.560011E+13   5.6715E-07   8.4488E-07   0.67128
FLUX 1032  4590.00        6.531427E+13   5.3933E-07   8.3822E-07   0.64341
FLUX 1033  4610.00        6.503091E+13   5.6399E-07   8.3164E-07   0.67816
FLUX 1034  4630.00        6.475000E+13   5.4923E-07   8.2512E-07   0.66564
FLUX 1035  4650.00        6.447151E+13   5.5349E-07   8.1868E-07   0.67608
FLUX 1036  4670.00        6.419540E+13   5.6671E-07   8.1232E-07   0.69765
FLUX 1037  4690.00        6.392164E+13   5.4976E-07   8.0602E-07   0.68207
FLUX 1038  4710.00        6.365021E+13   5.4503E-07   7.9980E-07   0.68146
FLUX 1039  4730.00        6.338108E+13   5.6707E-07   7.9365E-07   0.71451
FLUX 1040  4750.00        6.311421E+13   5.4977E-07   7.8757E-07   0.69806
FLUX 1041  4770.00        6.284958E+13   5.5061E-07   7.8156E-07   0.70450
FLUX 1042  4790.00        6.258716E+13   5.5624E-07   7.7562E-07   0.71715
FLUX 1043  4810.00        6.232692E+13   5.3578E-07   7.6975E-07   0.69604
FLUX 1044  4830.00        6.206884E+13   5.5953E-07   7.6395E-07   0.73242
FLUX 1045  4850.00        6.181289E+13   5.4989E-07   7.5821E-07   0.72525
FLUX 1046  4870.00        6.155903E+13   5.3924E-07   7.5253E-07   0.71657
FLUX 1047  4890.00        6.130726E+13   5.3721E-07   7.4691E-07   0.71925
FLUX 1048  4910.00        6.105754E+13   5.3761E-07   7.4136E-07   0.72517
FLUX 1049  4930.00        6.080984E+13   5.3296E-07   7.3587E-07   0.72426
FLUX 1050  4950.00        6.056414E+13   5.2355E-07   7.3044E-07   0.71676
FLUX 1051  4970.00        6.032042E+13   5.3569E-07   7.2507E-07   0.73881
FLUX 1052  4990.00        6.007866E+13   5.3040E-07   7.1976E-07   0.73691
FLUX 1053  5010.00        5.983882E+13   5.3036E-07   7.1451E-07   0.74227
FLUX 1054  5030.00        5.960089E+13   5.2890E-07   7.0931E-07   0.74565
FLUX 1055  5050.00        5.936485E+13   5.1479E-07   7.0416E-07   0.73107
FLUX 1056  5070.00        5.913067E+13   5.2272E-07   6.9907E-07   0.74773
FLUX 1057  5090.00        5.889833E+13   5.1976E-07   6.9403E-07   0.74889
FLUX 1058  5110.00        5.866781E+13   5.1349E-07   6.8905E-07   0.74521
FLUX 1059  5130.00        5.843908E+13   5.1933E-07   6.8413E-07   0.75912
FLUX 1060  5150.00        5.821214E+13   5.0962E-07   6.7925E-07   0.75027
FLUX 1061  5170.00        5.798694E+13   5.2246E-07   6.7443E-07   0.77467
FLUX 1062  5190.00        5.776349E+13   5.1359E-07   6.6966E-07   0.76694
FLUX 1063  5210.00        5.754175E+13   5.1507E-07   6.6494E-07   0.77462
FLUX 1064  5230.00        5.732170E+13   5.0777E-07   6.6027E-07   0.76903
FLUX 1065  5250.00        5.710333E+13   5.1205E-07   6.5565E-07   0.78098
FLUX 1066  5270.00        5.688662E+13   5.2346E-07   6.5108E-07   0.80399
FLUX 1067  5290.00        5.667155E+13   5.0806E-07   6.4655E-07   0.78580
FLUX 1068  5310.00        5.645810E+13   5.0330E-07   6.4207E-07   0.78387
FLUX 1069  5330.00        5.624625E+13   5.0909E-07   6.3764E-07   0.79839
FLUX 1070  5350.00        5.603598E+13   5.0787E-07   6.3326E-07   0.80200
FLUX 1071  5370.00        5.582728E+13   5.0738E-07   6.2892E-07   0.80675
FLUX 1072  5390.00        5.562013E+13   5.0855E-07   6.2462E-07   0.81418
FLUX 1073  5410.00        5.541451E+13   5.0819E-07   6.2036E-07   0.81919
FLUX 1074  5430.00        5.521041E+13   4.9956E-07   6.1614E-07   0.81079
FLUX 1075  5450.00        5.500780E+13   5.0914E-07   6.1196E-07   0.83198
FLUX 1076  5470.00        5.480667E+13   4.9834E-07   6.0783E-07   0.81987
FLUX 1077  5490.00        5.460701E+13   5.0378E-07   6.0374E-07   0.83444
FLUX 1078  5510.00        5.440880E+13   4.9656E-07   5.9969E-07   0.82802
FLUX 1079  5530.00        5.421203E+13   5.1747E-07   5.9568E-07   0.86870
FLUX 1080  5550.00        5.401667E+13   4.9642E-07   5.9171E-07   0.83896
FLUX 1081  5570.00        5.382271E+13   5.0649E-07   5.8778E-07   0.86169
FLUX 1082  5590.00        5.363014E+13   4.9940E-07   5.8389E-07   0.85529
FLUX 1083  5610.00        5.343895E+13   5.0678E-07   5.8004E-07   0.87369
FLUX 1084  5630.00        5.324911E+13   4.9483E-07   5.7623E-07   0.85874
FLUX 1085  5650.00        5.306062E+13   5.0275E-07   5.7245E-07   0.87824
FLUX 1086  5670.00        5.287346E+13   5.0042E-07   5.6871E-07   0.87992
FLUX 1087  5690.00        5.268761E+13   4.9022E-07   5.6501E-07   0.86762
FLUX 1088  5710.00        5.250306E+13   4.9937E-07   5.6134E-07   0.88959
FLUX 1089  5730.00        5.231981E+13   4.9781E-07   5.5771E-07   0.89259
FLUX 1090  5750.00        5.213783E+13   4.9490E-07   5.5412E-07   0.89314
FLUX 1091  5770.00        5.195711E+13   4.9297E-07   5.5055E-07   0.89541
FLUX 1092  5790.00        5.177763E+13   4.9701E-07   5.4703E-07   0.90857
FLUX 1093  5810.00        5.159940E+13   4.9180E-07   5.4354E-07   0.90481
FLUX 1094  5830.00        5.142238E+13   4.9118E-07   5.4008E-07   0.90947
FLUX 1095  5850.00        5.124658E+13   4.8938E-07   5.3665E-07   0.91192
FLUX 1096  5870.00        5.107198E+13   4.8272E-07   5.3325E-07   0.90524
FLUX 1097  5890.00        5.089856E+13   4.8346E-07   5.2988E-07   0.91240
FLUX 1098  5910.00        5.072631E+13   4.8223E-07   5.2655E-07   0.91583
FLUX 1099  5930.00        5.055523E+13   4.8247E-07   5.2324E-07   0.92207
FLUX 1100  5950.00        5.038529E+13   4.7696E-07   5.1997E-07   0.91729
FLUX 1101  5970.00        5.021650E+13   4.7987E-07   5.1673E-07   0.92866
FLUX 1102  5990.00        5.004883E+13   4.7827E-07   5.1352E-07   0.93135
FLUX 1103  6010.00        4.988228E+13   4.7622E-07   5.1034E-07   0.93314
FLUX 1104  6030.00        4.971683E+13   4.7382E-07   5.0719E-07   0.93422
FLUX 1105  6050.00        4.955248E+13   4.6830E-07   5.0406E-07   0.92904
FLUX 1106  6070.00        4.938921E+13   4.6750E-07   5.0097E-07   0.93320
FLUX 1107  6090.00        4.922701E+13   4.6473E-07   4.9790E-07   0.93337
FLUX 1108  6110.00        4.906588E+13   4.6196E-07   4.9487E-07   0.93350
FLUX 1109  6130.00        4.890579E+13   4.6266E-07   4.9186E-07   0.94064
FLUX 1110  6150.00        4.874675E+13   4.6226E-07   4.8887E-07   0.94555
FLUX 1111  6170.00        4.858874E+13   4.6337E-07   4.8592E-07   0.95359
FLUX 1112  6190.00        4.843174E+13   4.5945E-07   4.8299E-07   0.95125
FLUX 1113  6210.00        4.827576E+13   4.5991E-07   4.8009E-07   0.95796
FLUX 1114  6230.00        4.812079E+13   4.5516E-07   4.7721E-07   0.95379
FLUX 1115  6250.00        4.796680E+13   4.5036E-07   4.7436E-07   0.94940
FLUX 1116  6270.00        4.781380E+13   4.4853E-07   4.7153E-07   0.95123
FLUX 1117  6290.00        4.766176E+13   4.4767E-07   4.6873E-07   0.95506
FLUX 1118  6310.00        4.751070E+13   4.4558E-07   4.6595E-07   0.95627
FLUX 1119  6330.00        4.736058E+13   4.4683E-07   4.6320E-07   0.96465
FLUX 1120  6350.00        4.721142E+13   4.4300E-07   4.6047E-07   0.96206
FLUX 1121  6370.00        4.706319E+13   4.4455E-07   4.5777E-07   0.97112
FLUX 1122  6390.00        4.691588E+13   4.3977E-07   4.5508E-07   0.96634
FLUX 1123  6420.00        4.669665E+13   4.3762E-07   4.5111E-07   0.97011
FLUX 1124  6460.00        4.640751E+13   4.3224E-07   4.4588E-07   0.96940
FLUX 1125  6500.00        4.612192E+13   4.2883E-07   4.4075E-07   0.97296
FLUX 1126  6540.00        4.583983E+13   4.2450E-07   4.3570E-07   0.97428
FLUX 1127  6580.00        4.556117E+13   4.2179E-07   4.3074E-07   0.97922
FLUX 1128  6620.00        4.528588E+13   4.1706E-07   4.2587E-07   0.97932
FLUX 1129  6660.00        4.501389E+13   4.1333E-07   4.2107E-07   0.98162
FLUX 1130  6700.00        4.474515E+13   4.0983E-07   4.1635E-07   0.98433
FLUX 1131  6740.00        4.447960E+13   4.0506E-07   4.1172E-07   0.98382
FLUX 1132  6780.00        4.421718E+13   4.0129E-07   4.0716E-07   0.98558
FLUX 1133  6820.00        4.395784E+13   3.9714E-07   4.0267E-07   0.98626
FLUX 1134  6860.00        4.370153E+13   3.9420E-07   3.9826E-07   0.98981
FLUX 1135  6900.00        4.344819E+13   3.8964E-07   3.9392E-07   0.98912
FLUX 1136  6940.00        4.319777E+13   3.8609E-07   3.8965E-07   0.99085
FLUX 1137  6980.00        4.295021E+13   3.8230E-07   3.8546E-07   0.99180
FLUX 1138  7020.00        4.270548E+13   3.7819E-07   3.8132E-07   0.99179
FLUX 1139  7060.00        4.246353E+13   3.7501E-07   3.7726E-07   0.99405
FLUX 1140  7100.00        4.222430E+13   3.7100E-07   3.7325E-07   0.99396
FLUX 1141  7140.00        4.198775E+13   3.6768E-07   3.6931E-07   0.99557
FLUX 1142  7180.00        4.175383E+13   3.6376E-07   3.6544E-07   0.99542
FLUX 1143  7220.00        4.152251E+13   3.6039E-07   3.6162E-07   0.99661
FLUX 1144  7260.00        4.129373E+13   3.5663E-07   3.5786E-07   0.99658
FLUX 1145  7300.00        4.106747E+13   3.5318E-07   3.5416E-07   0.99724
FLUX 1146  7340.00        4.084366E+13   3.4949E-07   3.5052E-07   0.99708
FLUX 1147  7380.00        4.062229E+13   3.4621E-07   3.4693E-07   0.99793
FLUX 1148  7420.00        4.040330E+13   3.4200E-07   3.4339E-07   0.99593
FLUX 1149  7460.00        4.018666E+13   3.3868E-07   3.3991E-07   0.99638
FLUX 1150  7500.00        3.997233E+13   3.3560E-07   3.3649E-07   0.99736
FLUX 1151  7540.00        3.976028E+13   3.3196E-07   3.3311E-07   0.99654
FLUX 1152  7580.00        3.955046E+13   3.2941E-07   3.2978E-07   0.99886
FLUX 1153  7620.00        3.934285E+13   3.2620E-07   3.2651E-07   0.99904
FLUX 1154  7660.00        3.913740E+13   3.2300E-07   3.2328E-07   0.99915
FLUX 1155  7700.00        3.893409E+13   3.1971E-07   3.2010E-07   0.99880
FLUX 1156  7740.00        3.873288E+13   3.1672E-07   3.1696E-07   0.99924
FLUX 1157  7780.00        3.853374E+13   3.1370E-07   3.1387E-07   0.99946
FLUX 1158  7820.00        3.833664E+13   3.1062E-07   3.1083E-07   0.99934
FLUX 1159  7860.00        3.814154E+13   3.0768E-07   3.0783E-07   0.99953
FLUX 1160  7900.00        3.794842E+13   3.0471E-07   3.0487E-07   0.99947
FLUX 1161  7940.00        3.775724E+13   3.0179E-07   3.0196E-07   0.99946
FLUX 1162  7980.00        3.756798E+13   2.9902E-07   2.9908E-07   0.99980
FLUX 1163  8020.00        3.738061E+13   2.9580E-07   2.9625E-07   0.99847
FLUX 1164  8060.00        3.719510E+13   2.9305E-07   2.9346E-07   0.99861
FLUX 1165  8100.00        3.701142E+13   2.9054E-07   2.9071E-07   0.99944
FLUX 1166  8140.00        3.682955E+13   2.8768E-07   2.8799E-07   0.99892
FLUX 1167  8180.00        3.664945E+13   2.8524E-07   2.8531E-07   0.99974
FLUX 1168  8220.00        3.647111E+13   2.8259E-07   2.8267E-07   0.99971
FLUX 1169  8260.00        3.629449E+13   2.7992E-07   2.8007E-07   0.99948
FLUX 1170  8300.00        3.611958E+13   2.7738E-07   2.7750E-07   0.99956
FLUX 1171  8340.00        3.594634E+13   2.7458E-07   2.7497E-07   0.99859
FLUX 1172  8380.00        3.577476E+13   2.7202E-07   2.7247E-07   0.99835
FLUX 1173  8420.00        3.560481E+13   2.6987E-07   2.7001E-07   0.99949
FLUX 1174  8460.00        3.543647E+13   2.6724E-07   2.6757E-07   0.99874
FLUX 1175  8500.00        3.526971E+13   2.6491E-07   2.6517E-07   0.99902
FLUX 1176  8540.00        3.510451E+13   2.6264E-07   2.6281E-07   0.99937
FLUX 1177  8580.00        3.494085E+13   2.6033E-07   2.6047E-07   0.99947
FLUX 1178  8620.00        3.477871E+13   2.5807E-07   2.5817E-07   0.99964
FLUX 1179  8660.00        3.461807E+13   2.5586E-07   2.5589E-07   0.99987
FLUX 1180  8700.00        3.445891E+13   2.5359E-07   2.5365E-07   0.99979
FLUX 1181  8740.00        3.430120E+13   2.5140E-07   2.5143E-07   0.99987
FLUX 1182  8780.00        3.414493E+13   2.4914E-07   2.4924E-07   0.99959
FLUX 1183  8820.00        3.399008E+13   2.4688E-07   2.4709E-07   0.99918
FLUX 1184  8860.00        3.383663E+13   2.4475E-07   2.4495E-07   0.99915
FLUX 1185  8900.00        3.368455E+13   2.4261E-07   2.4285E-07   0.99902
FLUX 1186  8940.00        3.353384E+13   2.4065E-07   2.4077E-07   0.99948
FLUX 1187  8980.00        3.338447E+13   2.3830E-07   2.3872E-07   0.99822
FLUX 1188  9020.00        3.323642E+13   2.3659E-07   2.3670E-07   0.99952
FLUX 1189  9060.00        3.308968E+13   2.3465E-07   2.3470E-07   0.99980
FLUX 1190  9100.00        3.294423E+13   2.3222E-07   2.3273E-07   0.99783
FLUX 1191  9140.00        3.280005E+13   2.3056E-07   2.3078E-07   0.99907
FLUX 1192  9180.00        3.265714E+13   2.2867E-07   2.2885E-07   0.99920
FLUX 1193  9220.00        3.251546E+13   2.2694E-07   2.2695E-07   0.99997
FLUX 1194  9260.00        3.237500E+13   2.2503E-07   2.2507E-07   0.99983
FLUX 1195  9300.00        3.223575E+13   2.2320E-07   2.2321E-07   0.99995
FLUX 1196  9340.00        3.209770E+13   2.2131E-07   2.2138E-07   0.99968
FLUX 1197  9380.00        3.196082E+13   2.1955E-07   2.1957E-07   0.99991
FLUX 1198  9420.00        3.182511E+13   2.1777E-07   2.1778E-07   0.99994
FLUX 1199  9460.00        3.169054E+13   2.1591E-07   2.1602E-07   0.99951
FLUX 1200  9500.00        3.155711E+13   2.1421E-07   2.1427E-07   0.99970
FLUX 1201  9540.00        3.142479E+13   2.1250E-07   2.1255E-07   0.99978
FLUX 1202  9580.00        3.129358E+13   2.1083E-07   2.1084E-07   0.99994
FLUX 1203  9620.00        3.116346E+13   2.0912E-07   2.0916E-07   0.99979
FLUX 1204  9660.00        3.103442E+13   2.0747E-07   2.0750E-07   0.99989
FLUX 1205  9700.00        3.090644E+13   2.0584E-07   2.0585E-07   0.99994
FLUX 1206  9740.00        3.077952E+13   2.0384E-07   2.0423E-07   0.99808
FLUX 1207  9780.00        3.065363E+13   2.0250E-07   2.0262E-07   0.99941
FLUX 1208  9820.00        3.052877E+13   2.0101E-07   2.0104E-07   0.99986
FLUX 1209  9860.00        3.040492E+13   1.9946E-07   1.9947E-07   0.99993
FLUX 1210  9900.00        3.028207E+13   1.9792E-07   1.9792E-07   0.99998
FLUX 1211  9940.00        3.016021E+13   1.9634E-07   1.9639E-07   0.99977
FLUX 1212  9980.00        3.003933E+13   1.9485E-07   1.9487E-07   0.99989
FLUX 1213 10020.00        2.991941E+13   1.9336E-07   1.9338E-07   0.99989
FLUX 1214 20000.00        1.498963E+13   5.0203E-08   5.0204E-08   0.99999
FLUX 1215 40000.00        7.494813E+12   1.2684E-08   1.2684E-08   1.00000
FLUX 1216 60000.00        4.996542E+12   5.6288E-09   5.6288E-09   1.00000
FLUX 1217 80000.00        3.747406E+12   3.1543E-09   3.1543E-09   1.00000
FLUX 1218100000.00        2.997925E+12   2.0103E-09   2.0103E-09   1.00000
FLUX 1219120000.00        2.498271E+12   1.3903E-09   1.3903E-09   1.00000
FLUX 1220140000.00        2.141375E+12   1.0175E-09   1.0175E-09   1.00000
FLUX 1221160000.00        1.873703E+12   7.7624E-10   7.7624E-10   1.00000
FLUX
