TEFF   8750.  GRAVITY 3.50000 LTE 
TITLE TEST RUN WITH SDSC OPACITY  VTURB 2 KM/S    L/H 1.25                      
 OPACITY IFOP
FLUX   81    50.60        5.924753E+15   6.2844E-25   7.0931E-25   0.88598
FLUX   82    51.20        5.855322E+15   1.1920E-24   1.2098E-24   0.98534
FLUX   83    52.00        5.765240E+15   2.3928E-24   2.4149E-24   0.99083
FLUX   84    53.00        5.656462E+15   5.5644E-24   5.5661E-24   0.99970
FLUX   85    54.00        5.551713E+15   1.2395E-23   1.2448E-23   0.99574
FLUX   86    55.00        5.450773E+15   2.7057E-23   2.7075E-23   0.99934
FLUX   87    56.00        5.353438E+15   5.7349E-23   5.7350E-23   0.99998
FLUX   88    57.00        5.259518E+15   1.1851E-22   1.1851E-22   0.99999
FLUX   89    58.00        5.168836E+15   2.3791E-22   2.3935E-22   0.99398
FLUX   90    59.00        5.081229E+15   4.7265E-22   4.7286E-22   0.99956
FLUX   91    60.00        4.996542E+15   9.1479E-22   9.1538E-22   0.99936
FLUX   92    61.00        4.914631E+15   1.7384E-21   1.7384E-21   0.99999
FLUX   93    62.00        4.835363E+15   3.2427E-21   3.2427E-21   0.99998
FLUX   94    63.00        4.758611E+15   5.9469E-21   5.9469E-21   0.99999
FLUX   95    64.00        4.684258E+15   1.0732E-20   1.0736E-20   0.99962
FLUX   96    65.00        4.612192E+15   1.9091E-20   1.9091E-20   0.99997
FLUX   97    65.80        4.556117E+15   2.9939E-20   2.9940E-20   0.99998
FLUX   98    66.50        4.508158E+15   4.4029E-20   4.4061E-20   0.99927
FLUX   99    67.50        4.441370E+15   7.5603E-20   7.5647E-20   0.99941
FLUX  100    68.50        4.376533E+15   1.2819E-19   1.2820E-19   0.99990
FLUX  101    69.50        4.313561E+15   2.1457E-19   2.1457E-19   0.99999
FLUX  102    70.50        4.252376E+15   3.5420E-19   3.5483E-19   0.99820
FLUX  103    71.60        4.187046E+15   6.0882E-19   6.0883E-19   0.99998
FLUX  104    72.60        4.129373E+15   9.8295E-19   9.8296E-19   0.99999
FLUX  105    73.50        4.078810E+15   1.4988E-18   1.4989E-18   0.99998
FLUX  106    74.50        4.024060E+15   2.3706E-18   2.3714E-18   0.99967
FLUX  107    75.50        3.970762E+15   3.7119E-18   3.7132E-18   0.99966
FLUX  108    76.50        3.918856E+15   5.7546E-18   5.7560E-18   0.99975
FLUX  109    77.50        3.868290E+15   8.8336E-18   8.8356E-18   0.99977
FLUX  110    78.50        3.819013E+15   1.3434E-17   1.3434E-17   1.00000
FLUX  111    79.50        3.770975E+15   2.0182E-17   2.0236E-17   0.99736
FLUX  112    80.50        3.724130E+15   3.0175E-17   3.0206E-17   0.99896
FLUX  113    81.50        3.678436E+15   4.4685E-17   4.4692E-17   0.99985
FLUX  114    82.50        3.633848E+15   6.5554E-17   6.5558E-17   0.99994
FLUX  115    83.50        3.590329E+15   9.5349E-17   9.5363E-17   0.99986
FLUX  116    84.50        3.547840E+15   1.3758E-16   1.3758E-16   0.99999
FLUX  117    85.50        3.506345E+15   1.9692E-16   1.9692E-16   0.99999
FLUX  118    86.50        3.465809E+15   2.7965E-16   2.7965E-16   0.99999
FLUX  119    87.50        3.426200E+15   3.9396E-16   3.9414E-16   0.99955
FLUX  120    88.50        3.387486E+15   5.5139E-16   5.5140E-16   0.99998
FLUX  121    89.50        3.349637E+15   7.6588E-16   7.6588E-16   1.00000
FLUX  122    90.50        3.312624E+15   1.0556E-15   1.0564E-15   0.99933
FLUX  123    91.50        3.276421E+15   1.5635E-13   7.7499E-13   0.20175
FLUX  124    92.50        3.241000E+15   6.4206E-13   9.8285E-13   0.65326
FLUX  125    93.50        3.206337E+15   8.7881E-13   1.2403E-12   0.70856
FLUX  126    94.50        3.172407E+15   1.1841E-12   1.5576E-12   0.76021
FLUX  127    95.50        3.139188E+15   1.6979E-12   1.9471E-12   0.87203
FLUX  128    96.50        3.106658E+15   2.1920E-12   2.4229E-12   0.90470
FLUX  129    97.50        3.074795E+15   2.5062E-12   3.0019E-12   0.83486
FLUX  130    98.50        3.043579E+15   3.3152E-12   3.7036E-12   0.89512
FLUX  131    99.50        3.012990E+15   3.8757E-12   4.5507E-12   0.85168
FLUX  132   100.50        2.983010E+15   5.2084E-12   5.5693E-12   0.93520
FLUX  133   101.50        2.953621E+15   6.4515E-12   6.7898E-12   0.95018
FLUX  134   102.50        2.924805E+15   6.2342E-12   8.3251E-12   0.74884
FLUX  135   103.50        2.896546E+15   9.4346E-12   1.0073E-11   0.93664
FLUX  136   104.50        2.868828E+15   1.1687E-11   1.2145E-11   0.96228
FLUX  137   105.50        2.841635E+15   1.4072E-11   1.4594E-11   0.96426
FLUX  138   106.50        2.814953E+15   1.6254E-11   1.7479E-11   0.92990
FLUX  139   107.50        2.788767E+15   1.9998E-11   2.0867E-11   0.95833
FLUX  140   108.50        2.763065E+15   2.3671E-11   2.4836E-11   0.95311
FLUX  141   109.50        2.737831E+15   2.6970E-11   2.9470E-11   0.91517
FLUX  142   110.50        2.713054E+15   1.0475E-10   2.7569E-10   0.37995
FLUX  143   111.50        2.688722E+15   1.7719E-10   3.1824E-10   0.55679
FLUX  144   112.50        2.664822E+15   2.3482E-10   3.6639E-10   0.64091
FLUX  145   113.50        2.641344E+15   2.8752E-10   4.2593E-10   0.67505
FLUX  146   114.50        2.618275E+15   3.4273E-10   4.8782E-10   0.70257
FLUX  147   115.50        2.595606E+15   3.6494E-10   5.5737E-10   0.65475
FLUX  148   116.50        2.573326E+15   4.6357E-10   6.3536E-10   0.72962
FLUX  149   117.50        2.551426E+15   5.2265E-10   7.2279E-10   0.72310
FLUX  150   118.50        2.529895E+15   5.1119E-10   8.2026E-10   0.62321
FLUX  151   119.50        2.508724E+15   2.9797E-10   9.2887E-10   0.32078
FLUX  152   120.50        2.487905E+15   2.9441E-10   1.0497E-09   0.28048
FLUX  153   121.50        2.467428E+15   6.1629E-11   1.1838E-09   0.05206
FLUX  154   122.50        2.447286E+15   3.4500E-10   1.3948E-09   0.24734
FLUX  155   123.50        2.427470E+15   8.0424E-10   1.5675E-09   0.51306
FLUX  156   124.50        2.407972E+15   1.7294E-09   1.1953E-06   0.00145
FLUX  157   125.50        2.388785E+15   2.9429E-09   1.1981E-06   0.00246
FLUX  158   126.50        2.369901E+15   3.8301E-09   1.2001E-06   0.00319
FLUX  159   127.50        2.351314E+15   1.3778E-08   1.2015E-06   0.01147
FLUX  160   128.50        2.333016E+15   4.3563E-08   1.2022E-06   0.03624
FLUX  161   129.50        2.315000E+15   7.0311E-08   1.2022E-06   0.05849
FLUX  162   130.50        2.297261E+15   3.8211E-08   1.2016E-06   0.03180
FLUX  163   131.50        2.279791E+15   1.3676E-07   1.2006E-06   0.11391
FLUX  164   132.50        2.262585E+15   1.8886E-07   1.1994E-06   0.15746
FLUX  165   133.50        2.245637E+15   1.8173E-07   1.1979E-06   0.15170
FLUX  166   134.50        2.228941E+15   3.0909E-07   1.1959E-06   0.25846
FLUX  167   135.50        2.212491E+15   3.0906E-07   1.1933E-06   0.25899
FLUX  168   136.50        2.196282E+15   3.0378E-07   1.1902E-06   0.25524
FLUX  169   137.50        2.180309E+15   3.6272E-07   1.1865E-06   0.30571
FLUX  170   138.50        2.164567E+15   3.4515E-07   1.1823E-06   0.29194
FLUX  171   139.50        2.149050E+15   4.0626E-07   1.1778E-06   0.34493
FLUX  172   140.50        2.133754E+15   4.4609E-07   1.1832E-06   0.37703
FLUX  173   141.50        2.118675E+15   4.2130E-07   1.1983E-06   0.35158
FLUX  174   142.50        2.103807E+15   5.1992E-07   1.2449E-06   0.41764
FLUX  175   143.50        2.089146E+15   4.7387E-07   1.2617E-06   0.37558
FLUX  176   144.20        2.079005E+15   5.9937E-07   1.2737E-06   0.47056
FLUX  177   144.70        2.071821E+15   8.1242E-07   1.8661E-06   0.43537
FLUX  178   145.50        2.060430E+15   8.5326E-07   1.8808E-06   0.45367
FLUX  179   146.50        2.046365E+15   7.3745E-07   1.8990E-06   0.38834
FLUX  180   147.50        2.032492E+15   7.5196E-07   1.9171E-06   0.39223
FLUX  181   148.50        2.018805E+15   9.0185E-07   1.9352E-06   0.46601
FLUX  182   149.50        2.005301E+15   1.0443E-06   1.9530E-06   0.53472
FLUX  183   150.50        1.991977E+15   1.1422E-06   1.9708E-06   0.57954
FLUX  184   151.20        1.982755E+15   9.7887E-07   1.9832E-06   0.49358
FLUX  185   151.70        1.976220E+15   1.0275E-06   1.9920E-06   0.51583
FLUX  186   152.50        1.965852E+15   1.2090E-06   4.3057E-06   0.28079
FLUX  187   153.50        1.953046E+15   1.1422E-06   4.3135E-06   0.26480
FLUX  188   154.50        1.940405E+15   1.8342E-06   4.3218E-06   0.42440
FLUX  189   155.50        1.927926E+15   1.5512E-06   4.3311E-06   0.35816
FLUX  190   156.50        1.915607E+15   1.3641E-06   4.3411E-06   0.31423
FLUX  191   157.50        1.903444E+15   1.9296E-06   4.4280E-06   0.43577
FLUX  192   158.50        1.891435E+15   2.1672E-06   4.4366E-06   0.48847
FLUX  193   159.50        1.879577E+15   2.5844E-06   4.4448E-06   0.58143
FLUX  194   160.50        1.867866E+15   2.3500E-06   4.4523E-06   0.52782
FLUX  195   161.50        1.856300E+15   2.1700E-06   4.4599E-06   0.48656
FLUX  196   162.50        1.844877E+15   1.7849E-06   4.4904E-06   0.39749
FLUX  197   163.50        1.833593E+15   2.1292E-06   4.4995E-06   0.47319
FLUX  198   164.50        1.822447E+15   2.5098E-06   4.5086E-06   0.55668
FLUX  199   165.50        1.811435E+15   1.6780E-06   4.5176E-06   0.37143
FLUX  200   166.50        1.800556E+15   2.5600E-06   4.5268E-06   0.56552
FLUX  201   167.20        1.793017E+15   1.2703E-06   4.5338E-06   0.28017
FLUX  202   167.70        1.787671E+15   2.8334E-06   5.3388E-06   0.53072
FLUX  203   168.50        1.779184E+15   3.2035E-06   5.3541E-06   0.59833
FLUX  204   169.50        1.768687E+15   2.7820E-06   5.3704E-06   0.51801
FLUX  205   170.50        1.758314E+15   2.6650E-06   5.3869E-06   0.49472
FLUX  206   171.50        1.748061E+15   2.8685E-06   5.4382E-06   0.52747
FLUX  207   172.50        1.737928E+15   2.8758E-06   5.4568E-06   0.52701
FLUX  208   173.50        1.727911E+15   3.2838E-06   5.4743E-06   0.59986
FLUX  209   174.50        1.718009E+15   3.2108E-06   5.4936E-06   0.58447
FLUX  210   175.50        1.708219E+15   3.7833E-06   5.5107E-06   0.68654
FLUX  211   176.50        1.698541E+15   2.9606E-06   5.5277E-06   0.53560
FLUX  212   177.50        1.688972E+15   3.5936E-06   5.5450E-06   0.64808
FLUX  213   178.50        1.679510E+15   3.4845E-06   5.5621E-06   0.62648
FLUX  214   179.50        1.670153E+15   4.2840E-06   5.5790E-06   0.76788
FLUX  215   180.50        1.660900E+15   4.0187E-06   5.5963E-06   0.71809
FLUX  216   181.50        1.651749E+15   4.0589E-06   5.6133E-06   0.72308
FLUX  217   182.50        1.642699E+15   3.8387E-06   5.6316E-06   0.68163
FLUX  218   183.50        1.633747E+15   3.5858E-06   5.6508E-06   0.63457
FLUX  219   184.50        1.624892E+15   3.2130E-06   5.6701E-06   0.56665
FLUX  220   185.50        1.616132E+15   3.6189E-06   5.6905E-06   0.63595
FLUX  221   186.50        1.607466E+15   3.8347E-06   5.7104E-06   0.67152
FLUX  222   187.50        1.598893E+15   3.8813E-06   5.7382E-06   0.67641
FLUX  223   188.50        1.590411E+15   3.9315E-06   5.7579E-06   0.68281
FLUX  224   189.50        1.582018E+15   4.1693E-06   5.7774E-06   0.72166
FLUX  225   190.50        1.573714E+15   3.8592E-06   5.7967E-06   0.66576
FLUX  226   191.50        1.565496E+15   4.2226E-06   5.8175E-06   0.72585
FLUX  227   192.50        1.557364E+15   4.3308E-06   5.8373E-06   0.74191
FLUX  228   193.50        1.549315E+15   3.7922E-06   5.8580E-06   0.64736
FLUX  229   194.50        1.541350E+15   4.5416E-06   5.8787E-06   0.77255
FLUX  230   195.50        1.533465E+15   4.5475E-06   5.8995E-06   0.77082
FLUX  231   196.70        1.524110E+15   4.9311E-06   5.9254E-06   0.83219
FLUX  232   197.60        1.517169E+15   4.8776E-06   5.9452E-06   0.82043
FLUX  233   198.40        1.511051E+15   4.7340E-06   5.9926E-06   0.78997
FLUX  234   199.50        1.502719E+15   4.5984E-06   6.0171E-06   0.76423
FLUX  235   200.50        1.495224E+15   4.4089E-06   6.0395E-06   0.73002
FLUX  236   201.50        1.487804E+15   4.3146E-06   6.0619E-06   0.71176
FLUX  237   202.50        1.480457E+15   4.1857E-06   6.0850E-06   0.68787
FLUX  238   203.50        1.473182E+15   4.5600E-06   6.1083E-06   0.74652
FLUX  239   204.50        1.465978E+15   5.0100E-06   6.1316E-06   0.81708
FLUX  240   205.50        1.458844E+15   4.7636E-06   6.1551E-06   0.77392
FLUX  241   206.50        1.451780E+15   4.6275E-06   6.1787E-06   0.74894
FLUX  242   207.40        1.445480E+15   5.2874E-06   6.2001E-06   0.85279
FLUX  243   207.80        1.442697E+15   5.4037E-06   6.3185E-06   0.85522
FLUX  244   208.50        1.437854E+15   5.2628E-06   6.3369E-06   0.83050
FLUX  245   209.50        1.430990E+15   5.0787E-06   6.3637E-06   0.79807
FLUX  246   210.50        1.424192E+15   4.7226E-06   6.3915E-06   0.73888
FLUX  247   211.50        1.417459E+15   4.8109E-06   6.4199E-06   0.74937
FLUX  248   212.50        1.410788E+15   5.0781E-06   6.4484E-06   0.78750
FLUX  249   213.50        1.404180E+15   4.0899E-06   6.4772E-06   0.63144
FLUX  250   214.50        1.397634E+15   4.8194E-06   6.5060E-06   0.74076
FLUX  251   215.50        1.391148E+15   4.9167E-06   6.5351E-06   0.75235
FLUX  252   216.50        1.384723E+15   4.5802E-06   6.5644E-06   0.69774
FLUX  253   217.50        1.378356E+15   4.5558E-06   6.5938E-06   0.69093
FLUX  254   218.50        1.372048E+15   4.7457E-06   6.6234E-06   0.71650
FLUX  255   219.50        1.365797E+15   5.1875E-06   6.6533E-06   0.77969
FLUX  256   220.50        1.359603E+15   4.9572E-06   6.6833E-06   0.74172
FLUX  257   221.50        1.353465E+15   4.4733E-06   6.7142E-06   0.66624
FLUX  258   222.50        1.347382E+15   4.3856E-06   6.7466E-06   0.65006
FLUX  259   223.50        1.341353E+15   5.1691E-06   6.7783E-06   0.76260
FLUX  260   224.50        1.335379E+15   4.6184E-06   6.8102E-06   0.67816
FLUX  261   225.50        1.329457E+15   4.4073E-06   6.8482E-06   0.64357
FLUX  262   226.50        1.323587E+15   4.4842E-06   6.8806E-06   0.65172
FLUX  263   227.50        1.317769E+15   4.8335E-06   6.9132E-06   0.69917
FLUX  264   228.50        1.312002E+15   5.1411E-06   6.9459E-06   0.74016
FLUX  265   229.50        1.306285E+15   4.7868E-06   6.9789E-06   0.68590
FLUX  266   230.50        1.300618E+15   4.8596E-06   7.0120E-06   0.69305
FLUX  267   231.50        1.295000E+15   4.6471E-06   7.0452E-06   0.65962
FLUX  268   232.50        1.289430E+15   3.0759E-06   7.0785E-06   0.43454
FLUX  269   233.50        1.283908E+15   4.0810E-06   7.1135E-06   0.57370
FLUX  270   234.50        1.278433E+15   3.5731E-06   7.1479E-06   0.49989
FLUX  271   235.50        1.273004E+15   4.7299E-06   7.1824E-06   0.65853
FLUX  272   236.50        1.267622E+15   3.7276E-06   7.2172E-06   0.51649
FLUX  273   237.50        1.262284E+15   4.2971E-06   7.2520E-06   0.59254
FLUX  274   238.50        1.256992E+15   3.3712E-06   7.2874E-06   0.46261
FLUX  275   239.50        1.251743E+15   3.9766E-06   7.3230E-06   0.54302
FLUX  276   240.50        1.246538E+15   3.7947E-06   7.3588E-06   0.51567
FLUX  277   241.50        1.241377E+15   4.0341E-06   7.3948E-06   0.54554
FLUX  278   242.50        1.236258E+15   4.8001E-06   7.4310E-06   0.64596
FLUX  279   243.50        1.231181E+15   4.6400E-06   7.4674E-06   0.62137
FLUX  280   244.50        1.226145E+15   5.0537E-06   7.5056E-06   0.67333
FLUX  281   245.50        1.221151E+15   4.9326E-06   7.5425E-06   0.65398
FLUX  282   246.50        1.216197E+15   4.9784E-06   7.5794E-06   0.65683
FLUX  283   247.50        1.211283E+15   4.6967E-06   7.6166E-06   0.61664
FLUX  284   248.50        1.206408E+15   4.9529E-06   7.6539E-06   0.64711
FLUX  285   249.50        1.201573E+15   4.7408E-06   7.6914E-06   0.61637
FLUX  286   250.50        1.196776E+15   5.6992E-06   7.7304E-06   0.73725
FLUX  287   251.30        1.192967E+15   4.7339E-06   7.7605E-06   0.61001
FLUX  288   251.80        1.190598E+15   4.7674E-06   7.8244E-06   0.60930
FLUX  289   252.50        1.187297E+15   4.3297E-06   7.8511E-06   0.55148
FLUX  290   253.50        1.182613E+15   4.3259E-06   7.8900E-06   0.54828
FLUX  291   254.50        1.177967E+15   4.3854E-06   7.9295E-06   0.55305
FLUX  292   255.50        1.173356E+15   5.0045E-06   7.9692E-06   0.62797
FLUX  293   256.50        1.168782E+15   4.9105E-06   8.0093E-06   0.61311
FLUX  294   257.50        1.164243E+15   5.4820E-06   8.0493E-06   0.68106
FLUX  295   258.50        1.159739E+15   5.4998E-06   8.0894E-06   0.67987
FLUX  296   259.50        1.155270E+15   5.2753E-06   8.1296E-06   0.64889
FLUX  297   260.50        1.150835E+15   5.0302E-06   8.1700E-06   0.61569
FLUX  298   261.50        1.146434E+15   4.8574E-06   8.2105E-06   0.59161
FLUX  299   262.50        1.142067E+15   5.6791E-06   8.2511E-06   0.68829
FLUX  300   263.50        1.137732E+15   5.8271E-06   8.2923E-06   0.70271
FLUX  301   264.50        1.133431E+15   7.0167E-06   8.3331E-06   0.84202
FLUX  302   265.50        1.129162E+15   7.0291E-06   8.3740E-06   0.83939
FLUX  303   266.50        1.124925E+15   6.2015E-06   8.4151E-06   0.73694
FLUX  304   267.50        1.120720E+15   6.6800E-06   8.4563E-06   0.78994
FLUX  305   268.50        1.116546E+15   6.6357E-06   8.4979E-06   0.78087
FLUX  306   269.50        1.112403E+15   6.3038E-06   8.5397E-06   0.73817
FLUX  307   270.50        1.108290E+15   6.6014E-06   8.5819E-06   0.76922
FLUX  308   271.50        1.104208E+15   6.1544E-06   8.6237E-06   0.71366
FLUX  309   272.50        1.100156E+15   6.2960E-06   8.6656E-06   0.72655
FLUX  310   273.50        1.096133E+15   6.9389E-06   8.7075E-06   0.79689
FLUX  311   274.50        1.092140E+15   5.3602E-06   8.7495E-06   0.61263
FLUX  312   275.50        1.088176E+15   5.7120E-06   8.7915E-06   0.64972
FLUX  313   276.50        1.084241E+15   6.0727E-06   8.8337E-06   0.68745
FLUX  314   277.50        1.080333E+15   6.7580E-06   8.8759E-06   0.76139
FLUX  315   278.50        1.076454E+15   6.1879E-06   8.9182E-06   0.69385
FLUX  316   279.50        1.072603E+15   3.4037E-06   8.9606E-06   0.37985
FLUX  317   280.50        1.068779E+15   4.1281E-06   9.0030E-06   0.45852
FLUX  318   281.50        1.064982E+15   7.0326E-06   9.0455E-06   0.77747
FLUX  319   282.50        1.061212E+15   7.6157E-06   9.0880E-06   0.83799
FLUX  320   283.50        1.057469E+15   7.3448E-06   9.1308E-06   0.80440
FLUX  321   284.50        1.053752E+15   7.0882E-06   9.1737E-06   0.77267
FLUX  322   285.50        1.050061E+15   6.8404E-06   9.2166E-06   0.74219
FLUX  323   286.50        1.046396E+15   7.6050E-06   9.2596E-06   0.82131
FLUX  324   287.50        1.042757E+15   7.4171E-06   9.3026E-06   0.79731
FLUX  325   288.50        1.039142E+15   7.6122E-06   9.3456E-06   0.81452
FLUX  326   289.50        1.035553E+15   7.2941E-06   9.3887E-06   0.77691
FLUX  327   291.00        1.030215E+15   8.3932E-06   9.4536E-06   0.88783
FLUX  328   293.00        1.023183E+15   8.1408E-06   9.5400E-06   0.85334
FLUX  329   295.00        1.016246E+15   8.1860E-06   9.6264E-06   0.85036
FLUX  330   297.00        1.009402E+15   8.4526E-06   9.7128E-06   0.87025
FLUX  331   299.00        1.002651E+15   8.7317E-06   9.7994E-06   0.89105
FLUX  332   301.00        9.959884E+14   9.0069E-06   9.8860E-06   0.91108
FLUX  333   303.00        9.894142E+14   8.9934E-06   9.9727E-06   0.90181
FLUX  334   305.00        9.829262E+14   9.0646E-06   1.0059E-05   0.90111
FLUX  335   307.00        9.765228E+14   9.1755E-06   1.0146E-05   0.90435
FLUX  336   309.00        9.702023E+14   9.4729E-06   1.0233E-05   0.92574
FLUX  337   311.00        9.639630E+14   9.2862E-06   1.0319E-05   0.89988
FLUX  338   313.00        9.578035E+14   9.3902E-06   1.0406E-05   0.90242
FLUX  339   315.00        9.517222E+14   9.7142E-06   1.0492E-05   0.92588
FLUX  340   317.00        9.457177E+14   9.7818E-06   1.0578E-05   0.92469
FLUX  341   319.00        9.397884E+14   9.4077E-06   1.0665E-05   0.88212
FLUX  342   321.00        9.339330E+14   9.8144E-06   1.0751E-05   0.91288
FLUX  343   323.00        9.281502E+14   9.6408E-06   1.0837E-05   0.88961
FLUX  344   325.00        9.224385E+14   9.9792E-06   1.0923E-05   0.91359
FLUX  345   327.00        9.167966E+14   1.0202E-05   1.1009E-05   0.92674
FLUX  346   329.00        9.112234E+14   1.0405E-05   1.1094E-05   0.93794
FLUX  347   331.00        9.057175E+14   1.0639E-05   1.1179E-05   0.95170
FLUX  348   333.00        9.002778E+14   1.0536E-05   1.1263E-05   0.93542
FLUX  349   335.00        8.949030E+14   1.0523E-05   1.1348E-05   0.92732
FLUX  350   337.00        8.895920E+14   1.0612E-05   1.1431E-05   0.92828
FLUX  351   339.00        8.843437E+14   1.0676E-05   1.1515E-05   0.92709
FLUX  352   341.00        8.791569E+14   1.0972E-05   1.1598E-05   0.94596
FLUX  353   343.00        8.740306E+14   1.1105E-05   1.1681E-05   0.95067
FLUX  354   345.00        8.689638E+14   1.1148E-05   1.1764E-05   0.94764
FLUX  355   347.00        8.639553E+14   1.1120E-05   1.1846E-05   0.93872
FLUX  356   349.00        8.590043E+14   1.1192E-05   1.1927E-05   0.93837
FLUX  357   351.00        8.541097E+14   1.1533E-05   1.2009E-05   0.96043
FLUX  358   353.00        8.492705E+14   1.1663E-05   1.2089E-05   0.96472
FLUX  359   355.00        8.444859E+14   1.1881E-05   1.2170E-05   0.97630
FLUX  360   357.00        8.397549E+14   1.1690E-05   1.2250E-05   0.95431
FLUX  361   359.00        8.350766E+14   1.1739E-05   1.2329E-05   0.95212
FLUX  362   361.00        8.304501E+14   1.1868E-05   1.2408E-05   0.95651
FLUX  363   363.00        8.258747E+14   1.2043E-05   1.2486E-05   0.96453
FLUX  364   364.00        8.236058E+14   1.2034E-05   1.2525E-05   0.96075
FLUX  365   365.00        8.213493E+14   1.2413E-05   5.3426E-05   0.23234
FLUX  366   367.00        8.168733E+14   1.1850E-05   5.3206E-05   0.22272
FLUX  367   369.00        8.124458E+14   1.1360E-05   5.2996E-05   0.21436
FLUX  368   371.00        8.080660E+14   1.3801E-05   5.2778E-05   0.26149
FLUX  369   373.00        8.037332E+14   1.4720E-05   5.2562E-05   0.28006
FLUX  370   375.00        7.994467E+14   1.9127E-05   5.2347E-05   0.36539
FLUX  371   377.00        7.952056E+14   2.0452E-05   5.2139E-05   0.39226
FLUX  372   379.00        7.910092E+14   2.6149E-05   5.1924E-05   0.50360
FLUX  373   381.00        7.868570E+14   3.1319E-05   5.1712E-05   0.60564
FLUX  374   383.00        7.827480E+14   2.4502E-05   5.1501E-05   0.47575
FLUX  375   385.00        7.786818E+14   3.5478E-05   5.1293E-05   0.69168
FLUX  376   387.00        7.746576E+14   4.0753E-05   5.1085E-05   0.79774
FLUX  377   389.00        7.706748E+14   2.2093E-05   5.0877E-05   0.43423
FLUX  378   391.00        7.667327E+14   4.1009E-05   5.0671E-05   0.80931
FLUX  379   393.00        7.628308E+14   3.5062E-05   5.0466E-05   0.69477
FLUX  380   395.00        7.589684E+14   4.0889E-05   5.0263E-05   0.81351
FLUX  381   397.00        7.551448E+14   2.1128E-05   5.0061E-05   0.42205
FLUX  382   399.00        7.513596E+14   4.1214E-05   4.9860E-05   0.82660
FLUX  383   401.00        7.476122E+14   4.6193E-05   4.9661E-05   0.93017
FLUX  384   403.00        7.439020E+14   4.6408E-05   4.9464E-05   0.93822
FLUX  385   405.00        7.402284E+14   4.6364E-05   4.9268E-05   0.94104
FLUX  386   407.00        7.365909E+14   4.4539E-05   4.9074E-05   0.90759
FLUX  387   409.00        7.329890E+14   3.4912E-05   4.8880E-05   0.71424
FLUX  388   411.00        7.294221E+14   2.6362E-05   4.8687E-05   0.54145
FLUX  389   413.00        7.258898E+14   4.3177E-05   4.8497E-05   0.89031
FLUX  390   415.00        7.223916E+14   4.5790E-05   4.8306E-05   0.94791
FLUX  391   417.00        7.189269E+14   4.5779E-05   4.8118E-05   0.95140
FLUX  392   419.00        7.154952E+14   4.5494E-05   4.7931E-05   0.94915
FLUX  393   421.00        7.120962E+14   4.5699E-05   4.7745E-05   0.95714
FLUX  394   423.00        7.087293E+14   4.4906E-05   4.7561E-05   0.94417
FLUX  395   425.00        7.053941E+14   4.5020E-05   4.7378E-05   0.95023
FLUX  396   427.00        7.020902E+14   4.4000E-05   4.7197E-05   0.93226
FLUX  397   429.00        6.988170E+14   4.4641E-05   4.7018E-05   0.94944
FLUX  398   431.00        6.955742E+14   4.1804E-05   4.6840E-05   0.89250
FLUX  399   433.00        6.923614E+14   3.1721E-05   4.6662E-05   0.67981
FLUX  400   435.00        6.891782E+14   2.7062E-05   4.6487E-05   0.58214
FLUX  401   437.00        6.860240E+14   4.2419E-05   4.6311E-05   0.91595
FLUX  402   439.00        6.828986E+14   4.3605E-05   4.6137E-05   0.94512
FLUX  403   441.00        6.798016E+14   4.3454E-05   4.5963E-05   0.94541
FLUX  404   443.00        6.767325E+14   4.3478E-05   4.5789E-05   0.94954
FLUX  405   445.00        6.736910E+14   4.4087E-05   4.5616E-05   0.96647
FLUX  406   447.00        6.706767E+14   4.3919E-05   4.5444E-05   0.96644
FLUX  407   449.00        6.676893E+14   4.3476E-05   4.5274E-05   0.96029
FLUX  408   451.00        6.647284E+14   4.4175E-05   4.5105E-05   0.97939
FLUX  409   453.00        6.617936E+14   4.3410E-05   4.4937E-05   0.96603
FLUX  410   455.00        6.588846E+14   4.2684E-05   4.4770E-05   0.95340
FLUX  411   457.00        6.560011E+14   4.3786E-05   4.4604E-05   0.98166
FLUX  412   459.00        6.531427E+14   4.2950E-05   4.4440E-05   0.96648
FLUX  413   461.00        6.503091E+14   4.3756E-05   4.4277E-05   0.98824
FLUX  414   463.00        6.475000E+14   4.2825E-05   4.4114E-05   0.97078
FLUX  415   465.00        6.447151E+14   4.3351E-05   4.3953E-05   0.98632
FLUX  416   467.00        6.419540E+14   4.3155E-05   4.3793E-05   0.98544
FLUX  417   469.00        6.392164E+14   4.2497E-05   4.3634E-05   0.97395
FLUX  418   471.00        6.365021E+14   4.1172E-05   4.3476E-05   0.94700
FLUX  419   473.00        6.338108E+14   4.2633E-05   4.3320E-05   0.98415
FLUX  420   475.00        6.311421E+14   4.2646E-05   4.3164E-05   0.98799
FLUX  421   477.00        6.284958E+14   4.2337E-05   4.3010E-05   0.98435
FLUX  422   479.00        6.258716E+14   4.2128E-05   4.2856E-05   0.98302
FLUX  423   481.00        6.232692E+14   4.1448E-05   4.2702E-05   0.97064
FLUX  424   483.00        6.206884E+14   3.9891E-05   4.2550E-05   0.93751
FLUX  425   485.00        6.181289E+14   3.0849E-05   4.2398E-05   0.72761
FLUX  426   487.00        6.155903E+14   2.4765E-05   4.2247E-05   0.58619
FLUX  427   489.00        6.130726E+14   3.8319E-05   4.2097E-05   0.91026
FLUX  428   491.00        6.105754E+14   4.0538E-05   4.1947E-05   0.96641
FLUX  429   493.00        6.080984E+14   4.0371E-05   4.1799E-05   0.96584
FLUX  430   495.00        6.056414E+14   4.0789E-05   4.1651E-05   0.97929
FLUX  431   497.00        6.032042E+14   4.1120E-05   4.1505E-05   0.99073
FLUX  432   499.00        6.007866E+14   4.0477E-05   4.1359E-05   0.97867
FLUX  433   501.00        5.983882E+14   3.9630E-05   4.1215E-05   0.96155
FLUX  434   503.00        5.960089E+14   4.0249E-05   4.1071E-05   0.97997
FLUX  435   505.00        5.936485E+14   3.9787E-05   4.0929E-05   0.97210
FLUX  436   507.00        5.913067E+14   4.0265E-05   4.0788E-05   0.98719
FLUX  437   509.00        5.889833E+14   4.0119E-05   4.0647E-05   0.98700
FLUX  438   511.00        5.866781E+14   4.0025E-05   4.0507E-05   0.98811
FLUX  439   513.00        5.843908E+14   3.9688E-05   4.0367E-05   0.98317
FLUX  440   515.00        5.821214E+14   3.9276E-05   4.0228E-05   0.97634
FLUX  441   517.00        5.798694E+14   3.8618E-05   4.0090E-05   0.96328
FLUX  442   519.00        5.776349E+14   3.8578E-05   3.9953E-05   0.96560
FLUX  443   521.00        5.754175E+14   3.8907E-05   3.9817E-05   0.97715
FLUX  444   523.00        5.732170E+14   3.8417E-05   3.9681E-05   0.96814
FLUX  445   525.00        5.710333E+14   3.9034E-05   3.9546E-05   0.98704
FLUX  446   527.00        5.688662E+14   3.7837E-05   3.9413E-05   0.96003
FLUX  447   529.00        5.667155E+14   3.8701E-05   3.9280E-05   0.98526
FLUX  448   531.00        5.645810E+14   3.8200E-05   3.9147E-05   0.97581
FLUX  449   533.00        5.624625E+14   3.7829E-05   3.9015E-05   0.96959
FLUX  450   535.00        5.603598E+14   3.8431E-05   3.8884E-05   0.98835
FLUX  451   537.00        5.582728E+14   3.8054E-05   3.8754E-05   0.98193
FLUX  452   539.00        5.562013E+14   3.7979E-05   3.8626E-05   0.98326
FLUX  453   541.00        5.541451E+14   3.7561E-05   3.8497E-05   0.97570
FLUX  454   543.00        5.521041E+14   3.7650E-05   3.8369E-05   0.98127
FLUX  455   545.00        5.500780E+14   3.7779E-05   3.8241E-05   0.98791
FLUX  456   547.00        5.480667E+14   3.7659E-05   3.8114E-05   0.98806
FLUX  457   549.00        5.460701E+14   3.7672E-05   3.7988E-05   0.99169
FLUX  458   551.00        5.440880E+14   3.7529E-05   3.7863E-05   0.99118
FLUX  459   553.00        5.421203E+14   3.7247E-05   3.7738E-05   0.98699
FLUX  460   555.00        5.401667E+14   3.7343E-05   3.7614E-05   0.99278
FLUX  461   557.00        5.382271E+14   3.7075E-05   3.7491E-05   0.98891
FLUX  462   559.00        5.363014E+14   3.7043E-05   3.7369E-05   0.99126
FLUX  463   561.00        5.343895E+14   3.7013E-05   3.7247E-05   0.99371
FLUX  464   563.00        5.324911E+14   3.6952E-05   3.7128E-05   0.99525
FLUX  465   565.00        5.306062E+14   3.6788E-05   3.7008E-05   0.99405
FLUX  466   567.00        5.287346E+14   3.6587E-05   3.6889E-05   0.99182
FLUX  467   569.00        5.268761E+14   3.6594E-05   3.6770E-05   0.99521
FLUX  468   571.00        5.250306E+14   3.6484E-05   3.6651E-05   0.99544
FLUX  469   573.00        5.231981E+14   3.6487E-05   3.6533E-05   0.99875
FLUX  470   575.00        5.213783E+14   3.6263E-05   3.6415E-05   0.99582
FLUX  471   577.00        5.195711E+14   3.6197E-05   3.6298E-05   0.99723
FLUX  472   579.00        5.177763E+14   3.6044E-05   3.6181E-05   0.99621
FLUX  473   581.00        5.159940E+14   3.5954E-05   3.6065E-05   0.99695
FLUX  474   583.00        5.142238E+14   3.5864E-05   3.5949E-05   0.99765
FLUX  475   585.00        5.124658E+14   3.5754E-05   3.5834E-05   0.99778
FLUX  476   587.00        5.107198E+14   3.5606E-05   3.5720E-05   0.99682
FLUX  477   589.00        5.089856E+14   3.5162E-05   3.5606E-05   0.98753
FLUX  478   591.00        5.072631E+14   3.5393E-05   3.5493E-05   0.99719
FLUX  479   593.00        5.055523E+14   3.5300E-05   3.5380E-05   0.99774
FLUX  480   595.00        5.038529E+14   3.5121E-05   3.5268E-05   0.99583
FLUX  481   597.00        5.021650E+14   3.5061E-05   3.5157E-05   0.99726
FLUX  482   599.00        5.004883E+14   3.4846E-05   3.5046E-05   0.99429
FLUX  483   601.00        4.988228E+14   3.4721E-05   3.4936E-05   0.99383
FLUX  484   603.00        4.971683E+14   3.4715E-05   3.4827E-05   0.99680
FLUX  485   605.00        4.955248E+14   3.4608E-05   3.4718E-05   0.99682
FLUX  486   607.00        4.938921E+14   3.4558E-05   3.4610E-05   0.99850
FLUX  487   609.00        4.922701E+14   3.4410E-05   3.4503E-05   0.99730
FLUX  488   611.00        4.906588E+14   3.4273E-05   3.4396E-05   0.99641
FLUX  489   613.00        4.890579E+14   3.4076E-05   3.4290E-05   0.99375
FLUX  490   615.00        4.874675E+14   3.3537E-05   3.4184E-05   0.98109
FLUX  491   617.00        4.858874E+14   3.3872E-05   3.4078E-05   0.99394
FLUX  492   619.00        4.843174E+14   3.3899E-05   3.3974E-05   0.99780
FLUX  493   621.00        4.827576E+14   3.3806E-05   3.3869E-05   0.99812
FLUX  494   623.00        4.812079E+14   3.3625E-05   3.3765E-05   0.99584
FLUX  495   625.00        4.796680E+14   3.3127E-05   3.3662E-05   0.98412
FLUX  496   627.00        4.781380E+14   3.3515E-05   3.3562E-05   0.99859
FLUX  497   629.00        4.766176E+14   3.3421E-05   3.3460E-05   0.99885
FLUX  498   631.00        4.751070E+14   3.3171E-05   3.3357E-05   0.99442
FLUX  499   633.00        4.736058E+14   3.3153E-05   3.3256E-05   0.99691
FLUX  500   635.00        4.721142E+14   3.2720E-05   3.3155E-05   0.98689
FLUX  501   637.00        4.706319E+14   3.2727E-05   3.3054E-05   0.99009
FLUX  502   639.00        4.691588E+14   3.2830E-05   3.2954E-05   0.99624
FLUX  503   641.00        4.676950E+14   3.2582E-05   3.2854E-05   0.99171
FLUX  504   643.00        4.662403E+14   3.2598E-05   3.2755E-05   0.99520
FLUX  505   645.00        4.647946E+14   3.2168E-05   3.2656E-05   0.98505
FLUX  506   647.00        4.633578E+14   3.2363E-05   3.2558E-05   0.99401
FLUX  507   649.00        4.619299E+14   3.2004E-05   3.2460E-05   0.98596
FLUX  508   651.00        4.605108E+14   3.1805E-05   3.2363E-05   0.98276
FLUX  509   653.00        4.591003E+14   3.1001E-05   3.2266E-05   0.96079
FLUX  510   655.00        4.576985E+14   2.6908E-05   3.2171E-05   0.83641
FLUX  511   657.00        4.563052E+14   2.1560E-05   3.2075E-05   0.67218
FLUX  512   659.00        4.549203E+14   2.9742E-05   3.1980E-05   0.93004
FLUX  513   661.00        4.535439E+14   3.1209E-05   3.1885E-05   0.97882
FLUX  514   663.00        4.521757E+14   3.1468E-05   3.1790E-05   0.98985
FLUX  515   665.00        4.508158E+14   3.1484E-05   3.1696E-05   0.99330
FLUX  516   667.00        4.494640E+14   3.1433E-05   3.1602E-05   0.99465
FLUX  517   669.00        4.481203E+14   3.1419E-05   3.1509E-05   0.99717
FLUX  518   671.00        4.467846E+14   3.1353E-05   3.1415E-05   0.99800
FLUX  519   673.00        4.454569E+14   3.1208E-05   3.1323E-05   0.99634
FLUX  520   675.00        4.441370E+14   3.1136E-05   3.1230E-05   0.99696
FLUX  521   677.00        4.428250E+14   3.1107E-05   3.1139E-05   0.99900
FLUX  522   679.00        4.415206E+14   3.1007E-05   3.1047E-05   0.99872
FLUX  523   681.00        4.402239E+14   3.0918E-05   3.0956E-05   0.99877
FLUX  524   683.00        4.389348E+14   3.0784E-05   3.0865E-05   0.99738
FLUX  525   685.00        4.376533E+14   3.0709E-05   3.0775E-05   0.99785
FLUX  526   687.00        4.363792E+14   3.0652E-05   3.0685E-05   0.99891
FLUX  527   689.00        4.351125E+14   3.0568E-05   3.0596E-05   0.99909
FLUX  528   691.00        4.338531E+14   3.0472E-05   3.0506E-05   0.99887
FLUX  529   693.00        4.326010E+14   3.0369E-05   3.0418E-05   0.99841
FLUX  530   695.00        4.313561E+14   3.0290E-05   3.0329E-05   0.99871
FLUX  531   697.00        4.301184E+14   3.0185E-05   3.0241E-05   0.99813
FLUX  532   699.00        4.288877E+14   3.0130E-05   3.0154E-05   0.99922
FLUX  533   701.00        4.276641E+14   2.9915E-05   3.0067E-05   0.99493
FLUX  534   703.00        4.264474E+14   2.9897E-05   2.9980E-05   0.99724
FLUX  535   705.00        4.252376E+14   2.9840E-05   2.9894E-05   0.99821
FLUX  536   707.00        4.240347E+14   2.9778E-05   2.9808E-05   0.99900
FLUX  537   709.00        4.228385E+14   2.9700E-05   2.9723E-05   0.99924
FLUX  538   711.00        4.216491E+14   2.9192E-05   2.9637E-05   0.98498
FLUX  539   713.00        4.204663E+14   2.9418E-05   2.9553E-05   0.99544
FLUX  540   715.00        4.192902E+14   2.9372E-05   2.9468E-05   0.99672
FLUX  541   717.00        4.181206E+14   2.9305E-05   2.9384E-05   0.99732
FLUX  542   719.00        4.169576E+14   2.9211E-05   2.9300E-05   0.99694
FLUX  543   721.00        4.158010E+14   2.9152E-05   2.9217E-05   0.99779
FLUX  544   723.00        4.146508E+14   2.9026E-05   2.9134E-05   0.99629
FLUX  545   725.00        4.135069E+14   2.8932E-05   2.9052E-05   0.99587
FLUX  546   727.00        4.123693E+14   2.8926E-05   2.8969E-05   0.99849
FLUX  547   729.00        4.112380E+14   2.8776E-05   2.8887E-05   0.99615
FLUX  548   731.00        4.101129E+14   2.8694E-05   2.8808E-05   0.99605
FLUX  549   733.00        4.089939E+14   2.8659E-05   2.8726E-05   0.99766
FLUX  550   735.00        4.078810E+14   2.8605E-05   2.8645E-05   0.99860
FLUX  551   737.00        4.067741E+14   2.8540E-05   2.8564E-05   0.99913
FLUX  552   739.00        4.056732E+14   2.8410E-05   2.8484E-05   0.99741
FLUX  553   741.00        4.045783E+14   2.8161E-05   2.8404E-05   0.99145
FLUX  554   743.00        4.034892E+14   2.8115E-05   2.8324E-05   0.99259
FLUX  555   745.00        4.024060E+14   2.8092E-05   2.8245E-05   0.99458
FLUX  556   747.00        4.013286E+14   2.7878E-05   2.8166E-05   0.98977
FLUX  557   749.00        4.002570E+14   2.7909E-05   2.8087E-05   0.99364
FLUX  558   751.00        3.991911E+14   2.7894E-05   2.8009E-05   0.99590
FLUX  559   753.00        3.981308E+14   2.7864E-05   2.7931E-05   0.99763
FLUX  560   755.00        3.970762E+14   2.7835E-05   2.7853E-05   0.99935
FLUX  561   757.00        3.960271E+14   2.7737E-05   2.7775E-05   0.99862
FLUX  562   759.00        3.949835E+14   2.7669E-05   2.7698E-05   0.99893
FLUX  563   761.00        3.939455E+14   2.7598E-05   2.7621E-05   0.99915
FLUX  564   763.00        3.929128E+14   2.7515E-05   2.7544E-05   0.99893
FLUX  565   765.00        3.918856E+14   2.7405E-05   2.7468E-05   0.99771
FLUX  566   767.00        3.908638E+14   2.7286E-05   2.7392E-05   0.99611
FLUX  567   769.00        3.898472E+14   2.7255E-05   2.7317E-05   0.99776
FLUX  568   771.00        3.888359E+14   2.7122E-05   2.7241E-05   0.99562
FLUX  569   773.00        3.878299E+14   2.7138E-05   2.7166E-05   0.99896
FLUX  570   775.00        3.868290E+14   2.7048E-05   2.7091E-05   0.99839
FLUX  571   777.00        3.858333E+14   2.6405E-05   2.7017E-05   0.97737
FLUX  572   779.00        3.848427E+14   2.6927E-05   2.6942E-05   0.99945
FLUX  573   781.00        3.838572E+14   2.6844E-05   2.6868E-05   0.99907
FLUX  574   783.00        3.828768E+14   2.6722E-05   2.6795E-05   0.99728
FLUX  575   785.00        3.819013E+14   2.6573E-05   2.6721E-05   0.99446
FLUX  576   787.00        3.809307E+14   2.6485E-05   2.6648E-05   0.99386
FLUX  577   789.00        3.799651E+14   2.6366E-05   2.6576E-05   0.99210
FLUX  578   791.00        3.790044E+14   2.6363E-05   2.6503E-05   0.99470
FLUX  579   793.00        3.780485E+14   2.6332E-05   2.6431E-05   0.99625
FLUX  580   795.00        3.770975E+14   2.6143E-05   2.6359E-05   0.99178
FLUX  581   797.00        3.761512E+14   2.6269E-05   2.6288E-05   0.99928
FLUX  582   799.00        3.752096E+14   2.5882E-05   2.6217E-05   0.98724
FLUX  583   801.00        3.742728E+14   2.6094E-05   2.6146E-05   0.99803
FLUX  584   803.00        3.733406E+14   2.6004E-05   2.6075E-05   0.99728
FLUX  585   805.00        3.724130E+14   2.5961E-05   2.6005E-05   0.99833
FLUX  586   807.00        3.714901E+14   2.5873E-05   2.5934E-05   0.99765
FLUX  587   809.00        3.705717E+14   2.5813E-05   2.5864E-05   0.99801
FLUX  588   811.00        3.696578E+14   2.5764E-05   2.5795E-05   0.99882
FLUX  589   813.00        3.687485E+14   2.5714E-05   2.5725E-05   0.99956
FLUX  590   815.00        3.678436E+14   2.5646E-05   2.5656E-05   0.99960
FLUX  591   817.00        3.669431E+14   2.5578E-05   2.5587E-05   0.99965
FLUX  592   819.00        3.660470E+14   2.5244E-05   2.5519E-05   0.98924
FLUX  593   821.00        3.651553E+14   2.5310E-05   3.1484E-05   0.80391
FLUX  594   823.00        3.642679E+14   2.5224E-05   3.1385E-05   0.80370
FLUX  595   825.00        3.633848E+14   2.5231E-05   3.1287E-05   0.80645
FLUX  596   827.00        3.625060E+14   2.5397E-05   3.1189E-05   0.81429
FLUX  597   829.00        3.616315E+14   2.5273E-05   3.1091E-05   0.81287
FLUX  598   831.00        3.607611E+14   2.5134E-05   3.0994E-05   0.81091
FLUX  599   833.00        3.598950E+14   2.4727E-05   3.0898E-05   0.80028
FLUX  600   835.00        3.590329E+14   2.4580E-05   3.0802E-05   0.79799
FLUX  601   837.00        3.581750E+14   2.4330E-05   3.0706E-05   0.79233
FLUX  602   839.00        3.573212E+14   2.3953E-05   3.0611E-05   0.78248
FLUX  603   841.00        3.564715E+14   2.3695E-05   3.0516E-05   0.77646
FLUX  604   843.00        3.556257E+14   2.3702E-05   3.0422E-05   0.77911
FLUX  605   845.00        3.547840E+14   2.3580E-05   3.0328E-05   0.77748
FLUX  606   847.00        3.539463E+14   2.2705E-05   3.0235E-05   0.75095
FLUX  607   849.00        3.531125E+14   2.4406E-05   3.0142E-05   0.80970
FLUX  608   851.00        3.522826E+14   2.2194E-05   3.0050E-05   0.73858
FLUX  609   853.00        3.514566E+14   2.5107E-05   2.9958E-05   0.83808
FLUX  610   855.00        3.506345E+14   2.1021E-05   2.9866E-05   0.70384
FLUX  611   857.00        3.498162E+14   2.6003E-05   2.9775E-05   0.87333
FLUX  612   859.00        3.490017E+14   2.3245E-05   2.9684E-05   0.78307
FLUX  613   861.00        3.481911E+14   2.2603E-05   2.9593E-05   0.76377
FLUX  614   863.00        3.473841E+14   2.6741E-05   2.9503E-05   0.90637
FLUX  615   865.00        3.465809E+14   2.5130E-05   2.9414E-05   0.85435
FLUX  616   867.00        3.457814E+14   2.0090E-05   2.9324E-05   0.68508
FLUX  617   869.00        3.449856E+14   2.5796E-05   2.9236E-05   0.88237
FLUX  618   871.00        3.441935E+14   2.7356E-05   2.9147E-05   0.93855
FLUX  619   873.00        3.434049E+14   2.5928E-05   2.9059E-05   0.89224
FLUX  620   875.00        3.426200E+14   2.0047E-05   2.8971E-05   0.69197
FLUX  621   877.00        3.418387E+14   2.4759E-05   2.8884E-05   0.85719
FLUX  622   879.00        3.410609E+14   2.7374E-05   2.8797E-05   0.95056
FLUX  623   881.00        3.402866E+14   2.7604E-05   2.8711E-05   0.96145
FLUX  624   883.00        3.395159E+14   2.6723E-05   2.8625E-05   0.93357
FLUX  625   885.00        3.387486E+14   2.3713E-05   2.8539E-05   0.83088
FLUX  626   887.00        3.379848E+14   1.9931E-05   2.8454E-05   0.70045
FLUX  627   889.00        3.372244E+14   2.5828E-05   2.8369E-05   0.91041
FLUX  628   891.00        3.364675E+14   2.7166E-05   2.8285E-05   0.96043
FLUX  629   893.00        3.357139E+14   2.7416E-05   2.8201E-05   0.97217
FLUX  630   895.00        3.349637E+14   2.7603E-05   2.8117E-05   0.98171
FLUX  631   897.00        3.342168E+14   2.7160E-05   2.8034E-05   0.96882
FLUX  632   899.00        3.334733E+14   2.5787E-05   2.7951E-05   0.92256
FLUX  633   901.00        3.327331E+14   2.0212E-05   2.7869E-05   0.72528
FLUX  634   903.00        3.319961E+14   2.2448E-05   2.7786E-05   0.80787
FLUX  635   905.00        3.312624E+14   2.6133E-05   2.7705E-05   0.94328
FLUX  636   907.00        3.305320E+14   2.6389E-05   2.7623E-05   0.95531
FLUX  637   909.00        3.298047E+14   2.6365E-05   2.7542E-05   0.95725
FLUX  638   911.00        3.290807E+14   2.6960E-05   2.7461E-05   0.98172
FLUX  639   913.00        3.283598E+14   2.7034E-05   2.7381E-05   0.98733
FLUX  640   915.00        3.276421E+14   2.7022E-05   2.7301E-05   0.98977
FLUX  641   917.00        3.269275E+14   2.6705E-05   2.7222E-05   0.98102
FLUX  642   919.00        3.262160E+14   2.6007E-05   2.7142E-05   0.95816
FLUX  643   921.00        3.255076E+14   2.4010E-05   2.7064E-05   0.88717
FLUX  644   923.00        3.248023E+14   1.8531E-05   2.6985E-05   0.68671
FLUX  645   925.00        3.241000E+14   2.3236E-05   2.6907E-05   0.86356
FLUX  646   927.00        3.234008E+14   2.5064E-05   2.6829E-05   0.93422
FLUX  647   929.00        3.227045E+14   2.6260E-05   2.6752E-05   0.98162
FLUX  648   931.00        3.220113E+14   2.6427E-05   2.6675E-05   0.99072
FLUX  649   933.00        3.213210E+14   2.6392E-05   2.6598E-05   0.99228
FLUX  650   935.00        3.206337E+14   2.6395E-05   2.6521E-05   0.99522
FLUX  651   937.00        3.199493E+14   2.6351E-05   2.6445E-05   0.99645
FLUX  652   939.00        3.192678E+14   2.6069E-05   2.6369E-05   0.98860
FLUX  653   941.00        3.185893E+14   2.5573E-05   2.6294E-05   0.97260
FLUX  654   943.00        3.179136E+14   2.5983E-05   2.6219E-05   0.99100
FLUX  655   945.00        3.172407E+14   2.5922E-05   2.6144E-05   0.99150
FLUX  656   947.00        3.165707E+14   2.5784E-05   2.6069E-05   0.98907
FLUX  657   949.00        3.159036E+14   2.5526E-05   2.5995E-05   0.98196
FLUX  658   951.00        3.152392E+14   2.4847E-05   2.5921E-05   0.95854
FLUX  659   953.00        3.145776E+14   2.2608E-05   2.5848E-05   0.87466
FLUX  660   955.00        3.139188E+14   1.8021E-05   2.5774E-05   0.69917
FLUX  661   957.00        3.132628E+14   2.3006E-05   2.5701E-05   0.89514
FLUX  662   959.00        3.126095E+14   2.4736E-05   2.5629E-05   0.96516
FLUX  663   961.00        3.119589E+14   2.4995E-05   2.5556E-05   0.97803
FLUX  664   963.00        3.113110E+14   2.4828E-05   2.5484E-05   0.97423
FLUX  665   965.00        3.106658E+14   2.5203E-05   2.5412E-05   0.99177
FLUX  666   967.00        3.100233E+14   2.4966E-05   2.5341E-05   0.98521
FLUX  667   969.00        3.093834E+14   2.5058E-05   2.5270E-05   0.99163
FLUX  668   971.00        3.087461E+14   2.5173E-05   2.5199E-05   0.99897
FLUX  669   973.00        3.081115E+14   2.5075E-05   2.5128E-05   0.99788
FLUX  670   975.00        3.074795E+14   2.4963E-05   2.5058E-05   0.99620
FLUX  671   977.00        3.068501E+14   2.4962E-05   2.4988E-05   0.99896
FLUX  672   979.00        3.062232E+14   2.4886E-05   2.4918E-05   0.99871
FLUX  673   981.00        3.055989E+14   2.4798E-05   2.4849E-05   0.99793
FLUX  674   983.00        3.049771E+14   2.4682E-05   2.4780E-05   0.99603
FLUX  675   985.00        3.043579E+14   2.4523E-05   2.4711E-05   0.99239
FLUX  676   987.00        3.037411E+14   2.4479E-05   2.4643E-05   0.99336
FLUX  677   989.00        3.031269E+14   2.4282E-05   2.4574E-05   0.98810
FLUX  678   991.00        3.025151E+14   2.4323E-05   2.4506E-05   0.99252
FLUX  679   993.00        3.019058E+14   2.4216E-05   2.4439E-05   0.99088
FLUX  680   995.00        3.012990E+14   2.4165E-05   2.4371E-05   0.99151
FLUX  681   997.00        3.006946E+14   2.4088E-05   2.4304E-05   0.99111
FLUX  682   999.00        3.000926E+14   2.3849E-05   2.4238E-05   0.98399
FLUX  683  1002.50        2.990449E+14   2.1636E-05   2.4121E-05   0.89697
FLUX  684  1007.50        2.975608E+14   2.0697E-05   2.3957E-05   0.86394
FLUX  685  1012.50        2.960914E+14   2.3290E-05   2.3794E-05   0.97884
FLUX  686  1017.50        2.946364E+14   2.3484E-05   2.3632E-05   0.99372
FLUX  687  1022.50        2.931956E+14   2.3436E-05   2.3472E-05   0.99846
FLUX  688  1027.50        2.917689E+14   2.3291E-05   2.3314E-05   0.99900
FLUX  689  1032.50        2.903559E+14   2.3103E-05   2.3158E-05   0.99763
FLUX  690  1037.50        2.889566E+14   2.2957E-05   2.3003E-05   0.99802
FLUX  691  1042.50        2.875707E+14   2.2805E-05   2.2849E-05   0.99808
FLUX  692  1047.50        2.861981E+14   2.2487E-05   2.2697E-05   0.99076
FLUX  693  1052.50        2.848385E+14   2.2384E-05   2.2547E-05   0.99279
FLUX  694  1057.50        2.834917E+14   2.2300E-05   2.2397E-05   0.99563
FLUX  695  1062.50        2.821576E+14   2.2165E-05   2.2250E-05   0.99618
FLUX  696  1067.50        2.808361E+14   2.1684E-05   2.2104E-05   0.98101
FLUX  697  1072.50        2.795268E+14   2.1753E-05   2.1959E-05   0.99063
FLUX  698  1077.50        2.782297E+14   2.1639E-05   2.1816E-05   0.99190
FLUX  699  1082.50        2.769446E+14   2.1457E-05   2.1674E-05   0.99001
FLUX  700  1087.50        2.756713E+14   2.1060E-05   2.1533E-05   0.97803
FLUX  701  1092.50        2.744096E+14   1.7832E-05   2.1394E-05   0.83350
FLUX  702  1097.50        2.731595E+14   1.9703E-05   2.1256E-05   0.92696
FLUX  703  1102.50        2.719206E+14   2.0900E-05   2.1119E-05   0.98964
FLUX  704  1107.50        2.706930E+14   2.0909E-05   2.0984E-05   0.99641
FLUX  705  1112.50        2.694764E+14   2.0800E-05   2.0850E-05   0.99761
FLUX  706  1117.50        2.682707E+14   2.0682E-05   2.0717E-05   0.99828
FLUX  707  1122.50        2.670757E+14   2.0566E-05   2.0586E-05   0.99902
FLUX  708  1127.50        2.658914E+14   2.0107E-05   2.0455E-05   0.98297
FLUX  709  1132.50        2.647174E+14   2.0019E-05   2.0326E-05   0.98486
FLUX  710  1137.50        2.635538E+14   2.0110E-05   2.0199E-05   0.99564
FLUX  711  1142.50        2.624004E+14   1.9936E-05   2.0072E-05   0.99322
FLUX  712  1147.50        2.612571E+14   1.9923E-05   1.9947E-05   0.99883
FLUX  713  1152.50        2.601236E+14   1.9812E-05   1.9822E-05   0.99948
FLUX  714  1157.50        2.590000E+14   1.9673E-05   1.9699E-05   0.99867
FLUX  715  1162.50        2.578860E+14   1.9395E-05   1.9577E-05   0.99066
FLUX  716  1167.50        2.567816E+14   1.9179E-05   1.9456E-05   0.98574
FLUX  717  1172.50        2.556866E+14   1.9321E-05   1.9336E-05   0.99921
FLUX  718  1177.50        2.546008E+14   1.8900E-05   1.9218E-05   0.98347
FLUX  719  1182.50        2.535243E+14   1.8936E-05   1.9100E-05   0.99143
FLUX  720  1187.50        2.524568E+14   1.8740E-05   1.8983E-05   0.98719
FLUX  721  1192.50        2.513983E+14   1.8865E-05   1.8868E-05   0.99988
FLUX  722  1197.50        2.503486E+14   1.8607E-05   1.8753E-05   0.99222
FLUX  723  1202.50        2.493077E+14   1.8594E-05   1.8639E-05   0.99759
FLUX  724  1207.50        2.482754E+14   1.8427E-05   1.8526E-05   0.99463
FLUX  725  1212.50        2.472515E+14   1.8338E-05   1.8415E-05   0.99582
FLUX  726  1217.50        2.462361E+14   1.8272E-05   1.8304E-05   0.99828
FLUX  727  1222.50        2.452290E+14   1.8142E-05   1.8194E-05   0.99714
FLUX  728  1227.50        2.442301E+14   1.8005E-05   1.8085E-05   0.99555
FLUX  729  1232.50        2.432394E+14   1.7909E-05   1.7977E-05   0.99619
FLUX  730  1237.50        2.422566E+14   1.7829E-05   1.7870E-05   0.99766
FLUX  731  1242.50        2.412817E+14   1.7755E-05   1.7765E-05   0.99944
FLUX  732  1247.50        2.403146E+14   1.7587E-05   1.7660E-05   0.99587
FLUX  733  1252.50        2.393553E+14   1.7521E-05   1.7555E-05   0.99806
FLUX  734  1257.50        2.384036E+14   1.7303E-05   1.7452E-05   0.99148
FLUX  735  1262.50        2.374594E+14   1.7264E-05   1.7350E-05   0.99505
FLUX  736  1267.50        2.365227E+14   1.7182E-05   1.7248E-05   0.99617
FLUX  737  1272.50        2.355933E+14   1.7012E-05   1.7148E-05   0.99207
FLUX  738  1277.50        2.346712E+14   1.6401E-05   1.7048E-05   0.96208
FLUX  739  1282.50        2.337563E+14   1.4130E-05   1.6949E-05   0.83367
FLUX  740  1287.50        2.328485E+14   1.6368E-05   1.6851E-05   0.97135
FLUX  741  1292.50        2.319478E+14   1.6634E-05   1.6754E-05   0.99287
FLUX  742  1297.50        2.310539E+14   1.6606E-05   1.6657E-05   0.99692
FLUX  743  1302.50        2.301670E+14   1.6546E-05   1.6562E-05   0.99904
FLUX  744  1307.50        2.292868E+14   1.6462E-05   1.6467E-05   0.99971
FLUX  745  1312.50        2.284133E+14   1.6359E-05   1.6373E-05   0.99918
FLUX  746  1317.50        2.275465E+14   1.6206E-05   1.6279E-05   0.99549
FLUX  747  1322.50        2.266862E+14   1.6179E-05   1.6187E-05   0.99955
FLUX  748  1327.50        2.258324E+14   1.6089E-05   1.6095E-05   0.99961
FLUX  749  1332.50        2.249850E+14   1.6000E-05   1.6004E-05   0.99976
FLUX  750  1337.50        2.241439E+14   1.5907E-05   1.5913E-05   0.99959
FLUX  751  1342.50        2.233091E+14   1.5813E-05   1.5824E-05   0.99930
FLUX  752  1347.50        2.224805E+14   1.5717E-05   1.5735E-05   0.99886
FLUX  753  1352.50        2.216580E+14   1.5602E-05   1.5647E-05   0.99712
FLUX  754  1357.50        2.208416E+14   1.5514E-05   1.5559E-05   0.99709
FLUX  755  1362.50        2.200312E+14   1.5453E-05   1.5473E-05   0.99870
FLUX  756  1367.50        2.192267E+14   1.5348E-05   1.5387E-05   0.99750
FLUX  757  1372.50        2.184281E+14   1.5180E-05   1.5301E-05   0.99205
FLUX  758  1377.50        2.176352E+14   1.5183E-05   1.5217E-05   0.99780
FLUX  759  1382.50        2.168481E+14   1.5104E-05   1.5133E-05   0.99807
FLUX  760  1387.50        2.160667E+14   1.5048E-05   1.5050E-05   0.99991
FLUX  761  1392.50        2.152908E+14   1.4923E-05   1.4967E-05   0.99704
FLUX  762  1397.50        2.145206E+14   1.4869E-05   1.4885E-05   0.99888
FLUX  763  1402.50        2.137558E+14   1.4793E-05   1.4804E-05   0.99927
FLUX  764  1407.50        2.129964E+14   1.4720E-05   1.4723E-05   0.99974
FLUX  765  1412.50        2.122425E+14   1.4625E-05   1.4643E-05   0.99871
FLUX  766  1417.50        2.114938E+14   1.4554E-05   1.4564E-05   0.99933
FLUX  767  1422.50        2.107504E+14   1.4469E-05   1.4485E-05   0.99890
FLUX  768  1427.50        2.100123E+14   1.4387E-05   1.4407E-05   0.99863
FLUX  769  1432.50        2.092792E+14   1.4315E-05   1.4330E-05   0.99899
FLUX  770  1437.50        2.085513E+14   1.4249E-05   1.4253E-05   0.99976
FLUX  771  1442.50        2.078284E+14   1.3976E-05   1.4176E-05   0.98590
FLUX  772  1447.50        2.071105E+14   1.4086E-05   1.4101E-05   0.99898
FLUX  773  1452.50        2.063976E+14   1.3911E-05   1.4025E-05   0.99187
FLUX  774  1457.00        2.057601E+14   1.3941E-05   1.3958E-05   0.99881
FLUX  775  1462.00        2.050564E+14   1.4205E-05   1.4775E-05   0.96142
FLUX  776  1467.50        2.042879E+14   1.4606E-05   1.4686E-05   0.99455
FLUX  777  1472.50        2.035942E+14   1.4386E-05   1.4607E-05   0.98489
FLUX  778  1477.50        2.029052E+14   1.4086E-05   1.4527E-05   0.96959
FLUX  779  1482.50        2.022209E+14   1.3902E-05   1.4449E-05   0.96213
FLUX  780  1487.50        2.015412E+14   1.3639E-05   1.4371E-05   0.94909
FLUX  781  1492.50        2.008660E+14   1.3555E-05   1.4293E-05   0.94832
FLUX  782  1497.50        2.001953E+14   1.3350E-05   1.4217E-05   0.93907
FLUX  783  1502.50        1.995291E+14   1.3191E-05   1.4140E-05   0.93290
FLUX  784  1507.50        1.988673E+14   1.3014E-05   1.4065E-05   0.92530
FLUX  785  1512.50        1.982099E+14   1.2934E-05   1.3989E-05   0.92452
FLUX  786  1517.50        1.975568E+14   1.2827E-05   1.3915E-05   0.92179
FLUX  787  1522.50        1.969080E+14   1.2808E-05   1.3841E-05   0.92535
FLUX  788  1527.50        1.962635E+14   1.2636E-05   1.3768E-05   0.91784
FLUX  789  1532.50        1.956232E+14   1.2554E-05   1.3695E-05   0.91672
FLUX  790  1537.50        1.949870E+14   1.2669E-05   1.3622E-05   0.93003
FLUX  791  1542.50        1.943549E+14   1.2288E-05   1.3550E-05   0.90683
FLUX  792  1547.50        1.937270E+14   1.2572E-05   1.3479E-05   0.93272
FLUX  793  1552.50        1.931031E+14   1.2521E-05   1.3408E-05   0.93382
FLUX  794  1557.50        1.924831E+14   1.1948E-05   1.3338E-05   0.89577
FLUX  795  1562.50        1.918672E+14   1.2776E-05   1.3268E-05   0.96286
FLUX  796  1567.50        1.912552E+14   1.2154E-05   1.3199E-05   0.92085
FLUX  797  1572.50        1.906471E+14   1.1751E-05   1.3130E-05   0.89495
FLUX  798  1577.50        1.900428E+14   1.2644E-05   1.3062E-05   0.96802
FLUX  799  1582.50        1.894423E+14   1.2537E-05   1.2994E-05   0.96483
FLUX  800  1587.50        1.888457E+14   1.1172E-05   1.2927E-05   0.86421
FLUX  801  1592.50        1.882527E+14   1.2133E-05   1.2860E-05   0.94348
FLUX  802  1597.50        1.876635E+14   1.2613E-05   1.2794E-05   0.98591
FLUX  803  1605.00        1.867866E+14   1.2180E-05   1.2695E-05   0.95944
FLUX  804  1615.00        1.856300E+14   1.1486E-05   1.2565E-05   0.91413
FLUX  805  1625.00        1.844877E+14   1.2319E-05   1.2436E-05   0.99056
FLUX  806  1635.00        1.833593E+14   1.1774E-05   1.2309E-05   0.95650
FLUX  807  1645.00        1.822447E+14   1.1119E-05   1.2184E-05   0.91265
FLUX  808  1655.00        1.811435E+14   1.1973E-05   1.2059E-05   0.99283
FLUX  809  1665.00        1.800556E+14   1.1870E-05   1.1937E-05   0.99434
FLUX  810  1675.00        1.789806E+14   1.1300E-05   1.1817E-05   0.95623
FLUX  811  1685.00        1.779184E+14   1.0661E-05   1.1698E-05   0.91129
FLUX  812  1695.00        1.768687E+14   1.1509E-05   1.1582E-05   0.99373
FLUX  813  1705.00        1.758314E+14   1.1421E-05   1.1467E-05   0.99598
FLUX  814  1715.00        1.748061E+14   1.1328E-05   1.1353E-05   0.99775
FLUX  815  1725.00        1.737928E+14   1.1091E-05   1.1242E-05   0.98657
FLUX  816  1735.00        1.727911E+14   9.9223E-06   1.1132E-05   0.89135
FLUX  817  1745.00        1.718009E+14   1.0734E-05   1.1023E-05   0.97377
FLUX  818  1755.00        1.708219E+14   1.0840E-05   1.0917E-05   0.99295
FLUX  819  1765.00        1.698541E+14   1.0751E-05   1.0811E-05   0.99446
FLUX  820  1775.00        1.688972E+14   1.0674E-05   1.0708E-05   0.99688
FLUX  821  1785.00        1.679510E+14   1.0567E-05   1.0606E-05   0.99636
FLUX  822  1795.00        1.670153E+14   1.0487E-05   1.0505E-05   0.99832
FLUX  823  1805.00        1.660900E+14   1.0288E-05   1.0406E-05   0.98864
FLUX  824  1815.00        1.651749E+14   9.3149E-06   1.0308E-05   0.90366
FLUX  825  1825.00        1.642699E+14   9.8740E-06   1.0211E-05   0.96695
FLUX  826  1835.00        1.633747E+14   1.0068E-05   1.0116E-05   0.99526
FLUX  827  1845.00        1.624892E+14   1.0002E-05   1.0023E-05   0.99799
FLUX  828  1855.00        1.616132E+14   9.8766E-06   9.9301E-06   0.99461
FLUX  829  1865.00        1.607466E+14   9.7208E-06   9.8389E-06   0.98800
FLUX  830  1875.00        1.598893E+14   8.7511E-06   9.7489E-06   0.89765
FLUX  831  1885.00        1.590411E+14   9.4959E-06   9.6601E-06   0.98300
FLUX  832  1895.00        1.582018E+14   9.5100E-06   9.5726E-06   0.99346
FLUX  833  1905.00        1.573714E+14   9.4804E-06   9.4862E-06   0.99938
FLUX  834  1915.00        1.565496E+14   9.3934E-06   9.4011E-06   0.99919
FLUX  835  1925.00        1.557364E+14   9.2894E-06   9.3170E-06   0.99703
FLUX  836  1935.00        1.549315E+14   9.1080E-06   9.2341E-06   0.98635
FLUX  837  1945.00        1.541350E+14   8.2134E-06   9.1523E-06   0.89742
FLUX  838  1955.00        1.533465E+14   8.9507E-06   9.0716E-06   0.98667
FLUX  839  1965.00        1.525662E+14   8.9734E-06   8.9919E-06   0.99794
FLUX  840  1975.00        1.517937E+14   8.8939E-06   8.9133E-06   0.99782
FLUX  841  1985.00        1.510290E+14   8.8306E-06   8.8358E-06   0.99942
FLUX  842  1995.00        1.502719E+14   8.7553E-06   8.7592E-06   0.99956
FLUX  843  2005.00        1.495224E+14   8.6812E-06   8.6837E-06   0.99972
FLUX  844  2015.00        1.487804E+14   8.6080E-06   8.6091E-06   0.99987
FLUX  845  2025.00        1.480457E+14   8.5313E-06   8.5355E-06   0.99952
FLUX  846  2035.00        1.473182E+14   8.4559E-06   8.4628E-06   0.99919
FLUX  847  2045.00        1.465978E+14   8.3903E-06   8.3910E-06   0.99991
FLUX  848  2055.00        1.458844E+14   8.3187E-06   8.3202E-06   0.99982
FLUX  849  2065.00        1.451780E+14   8.2413E-06   8.2503E-06   0.99891
FLUX  850  2075.00        1.444783E+14   8.1755E-06   8.1812E-06   0.99930
FLUX  851  2085.00        1.437854E+14   8.1095E-06   8.1131E-06   0.99957
FLUX  852  2095.00        1.430990E+14   8.0417E-06   8.0457E-06   0.99950
FLUX  853  2105.00        1.424192E+14   7.9727E-06   7.9793E-06   0.99918
FLUX  854  2115.00        1.417459E+14   7.8908E-06   7.9136E-06   0.99712
FLUX  855  2125.00        1.410788E+14   7.8284E-06   7.8488E-06   0.99740
FLUX  856  2135.00        1.404180E+14   7.7657E-06   7.7847E-06   0.99756
FLUX  857  2145.00        1.397634E+14   7.7032E-06   7.7214E-06   0.99763
FLUX  858  2155.00        1.391148E+14   7.5752E-06   7.6589E-06   0.98907
FLUX  859  2165.00        1.384723E+14   6.8719E-06   7.5972E-06   0.90453
FLUX  860  2175.00        1.378356E+14   7.3992E-06   7.5362E-06   0.98182
FLUX  861  2185.00        1.372048E+14   7.4520E-06   7.4759E-06   0.99680
FLUX  862  2195.00        1.365797E+14   7.4156E-06   7.4163E-06   0.99990
FLUX  863  2205.00        1.359603E+14   7.3499E-06   7.3575E-06   0.99897
FLUX  864  2215.00        1.353465E+14   7.2828E-06   7.2993E-06   0.99773
FLUX  865  2225.00        1.347382E+14   7.2412E-06   7.2419E-06   0.99991
FLUX  866  2235.00        1.341353E+14   7.1840E-06   7.1851E-06   0.99985
FLUX  867  2245.00        1.335379E+14   7.1282E-06   7.1290E-06   0.99989
FLUX  868  2255.00        1.329457E+14   7.0646E-06   7.0735E-06   0.99873
FLUX  869  2265.00        1.323587E+14   7.0166E-06   7.0187E-06   0.99970
FLUX  870  2275.00        1.317769E+14   6.9630E-06   6.9646E-06   0.99977
FLUX  871  2285.00        1.312002E+14   6.9423E-06   7.0662E-06   0.98246
FLUX  872  2295.00        1.306285E+14   7.0047E-06   7.0115E-06   0.99903
FLUX  873  2305.00        1.300618E+14   6.9397E-06   6.9575E-06   0.99745
FLUX  874  2315.00        1.295000E+14   6.8603E-06   6.9040E-06   0.99367
FLUX  875  2325.00        1.289430E+14   6.7855E-06   6.8512E-06   0.99041
FLUX  876  2335.00        1.283908E+14   6.7100E-06   6.7989E-06   0.98692
FLUX  877  2345.00        1.278433E+14   6.6411E-06   6.7473E-06   0.98425
FLUX  878  2355.00        1.273004E+14   6.5708E-06   6.6963E-06   0.98127
FLUX  879  2365.00        1.267622E+14   6.5086E-06   6.6458E-06   0.97935
FLUX  880  2375.00        1.262284E+14   6.4431E-06   6.5959E-06   0.97683
FLUX  881  2385.00        1.256992E+14   6.3811E-06   6.5466E-06   0.97472
FLUX  882  2395.00        1.251743E+14   6.3250E-06   6.4978E-06   0.97340
FLUX  883  2405.00        1.246538E+14   6.2661E-06   6.4496E-06   0.97155
FLUX  884  2415.00        1.241377E+14   6.2062E-06   6.4019E-06   0.96943
FLUX  885  2425.00        1.236258E+14   6.1746E-06   6.3547E-06   0.97166
FLUX  886  2435.00        1.231181E+14   6.1213E-06   6.3080E-06   0.97040
FLUX  887  2445.00        1.226145E+14   6.0581E-06   6.2619E-06   0.96745
FLUX  888  2455.00        1.221151E+14   6.0537E-06   6.2163E-06   0.97386
FLUX  889  2465.00        1.216197E+14   5.9722E-06   6.1711E-06   0.96777
FLUX  890  2475.00        1.211283E+14   5.9409E-06   6.1265E-06   0.96971
FLUX  891  2485.00        1.206408E+14   5.9659E-06   6.0823E-06   0.98086
FLUX  892  2495.00        1.201573E+14   5.7515E-06   6.0386E-06   0.95246
FLUX  893  2505.00        1.196776E+14   5.9740E-06   5.9954E-06   0.99643
FLUX  894  2515.00        1.192018E+14   5.8753E-06   5.9526E-06   0.98702
FLUX  895  2525.00        1.187297E+14   5.5891E-06   5.9103E-06   0.94565
FLUX  896  2535.00        1.182613E+14   5.7581E-06   5.8685E-06   0.98119
FLUX  897  2545.00        1.177967E+14   5.7816E-06   5.8271E-06   0.99220
FLUX  898  2555.00        1.173356E+14   5.6714E-06   5.7861E-06   0.98017
FLUX  899  2565.00        1.168782E+14   5.3775E-06   5.7456E-06   0.93594
FLUX  900  2575.00        1.164243E+14   5.6171E-06   5.7055E-06   0.98451
FLUX  901  2585.00        1.159739E+14   5.6258E-06   5.6658E-06   0.99294
FLUX  902  2595.00        1.155270E+14   5.5869E-06   5.6265E-06   0.99295
FLUX  903  2605.00        1.150835E+14   5.4288E-06   5.5877E-06   0.97156
FLUX  904  2615.00        1.146434E+14   5.1459E-06   5.5492E-06   0.92732
FLUX  905  2625.00        1.142067E+14   4.9617E-06   5.5112E-06   0.90029
FLUX  906  2635.00        1.137732E+14   5.3440E-06   5.4735E-06   0.97634
FLUX  907  2645.00        1.133431E+14   5.4012E-06   5.4362E-06   0.99355
FLUX  908  2655.00        1.129162E+14   5.3656E-06   5.3993E-06   0.99376
FLUX  909  2665.00        1.124925E+14   5.2648E-06   5.3628E-06   0.98172
FLUX  910  2675.00        1.120720E+14   4.9023E-06   5.3266E-06   0.92033
FLUX  911  2685.00        1.116546E+14   5.1973E-06   5.2908E-06   0.98233
FLUX  912  2695.00        1.112403E+14   5.2354E-06   5.2554E-06   0.99619
FLUX  913  2705.00        1.108290E+14   5.2154E-06   5.2203E-06   0.99905
FLUX  914  2715.00        1.104208E+14   5.1848E-06   5.1856E-06   0.99984
FLUX  915  2725.00        1.100156E+14   5.1488E-06   5.1512E-06   0.99953
FLUX  916  2735.00        1.096133E+14   5.1035E-06   5.1172E-06   0.99732
FLUX  917  2745.00        1.092140E+14   5.0349E-06   5.0835E-06   0.99044
FLUX  918  2755.00        1.088176E+14   4.6780E-06   5.0501E-06   0.92632
FLUX  919  2765.00        1.084241E+14   4.8360E-06   5.0171E-06   0.96389
FLUX  920  2775.00        1.080333E+14   4.9574E-06   4.9844E-06   0.99458
FLUX  921  2785.00        1.076454E+14   4.9473E-06   4.9520E-06   0.99904
FLUX  922  2795.00        1.072603E+14   4.9198E-06   4.9199E-06   0.99997
FLUX  923  2805.00        1.068779E+14   4.8877E-06   4.8881E-06   0.99992
FLUX  924  2815.00        1.064982E+14   4.8558E-06   4.8567E-06   0.99983
FLUX  925  2825.00        1.061212E+14   4.8244E-06   4.8255E-06   0.99977
FLUX  926  2835.00        1.057469E+14   4.7945E-06   4.7946E-06   0.99997
FLUX  927  2845.00        1.053752E+14   4.7566E-06   4.7641E-06   0.99842
FLUX  928  2855.00        1.050061E+14   4.7114E-06   4.7338E-06   0.99527
FLUX  929  2865.00        1.046396E+14   4.5775E-06   4.7038E-06   0.97316
FLUX  930  2875.00        1.042757E+14   4.2864E-06   4.6741E-06   0.91705
FLUX  931  2885.00        1.039142E+14   4.5894E-06   4.6447E-06   0.98811
FLUX  932  2895.00        1.035553E+14   4.5999E-06   4.6155E-06   0.99660
FLUX  933  2905.00        1.031988E+14   4.5861E-06   4.5867E-06   0.99988
FLUX  934  2915.00        1.028448E+14   4.5503E-06   4.5581E-06   0.99829
FLUX  935  2925.00        1.024932E+14   4.5285E-06   4.5297E-06   0.99973
FLUX  936  2935.00        1.021440E+14   4.5011E-06   4.5017E-06   0.99988
FLUX  937  2945.00        1.017971E+14   4.4734E-06   4.4739E-06   0.99990
FLUX  938  2955.00        1.014526E+14   4.4462E-06   4.4463E-06   0.99997
FLUX  939  2965.00        1.011105E+14   4.4187E-06   4.4190E-06   0.99993
FLUX  940  2975.00        1.007706E+14   4.3915E-06   4.3920E-06   0.99990
FLUX  941  2985.00        1.004330E+14   4.3651E-06   4.3652E-06   0.99997
FLUX  942  2995.00        1.000977E+14   4.3376E-06   4.3386E-06   0.99977
FLUX  943  3005.00        9.976456E+13   4.3106E-06   4.3124E-06   0.99959
FLUX  944  3015.00        9.943367E+13   4.2766E-06   4.2863E-06   0.99773
FLUX  945  3025.00        9.910496E+13   4.2248E-06   4.2605E-06   0.99161
FLUX  946  3035.00        9.877842E+13   3.9487E-06   4.2349E-06   0.93243
FLUX  947  3045.00        9.845402E+13   4.0218E-06   4.2095E-06   0.95541
FLUX  948  3055.00        9.813175E+13   4.1572E-06   4.1844E-06   0.99351
FLUX  949  3065.00        9.781158E+13   4.1538E-06   4.1594E-06   0.99865
FLUX  950  3075.00        9.749350E+13   4.1331E-06   4.1347E-06   0.99961
FLUX  951  3085.00        9.717747E+13   4.1037E-06   4.1102E-06   0.99842
FLUX  952  3095.00        9.686349E+13   4.0838E-06   4.0859E-06   0.99947
FLUX  953  3105.00        9.655153E+13   4.0589E-06   4.0619E-06   0.99927
FLUX  954  3115.00        9.624157E+13   4.0325E-06   4.0380E-06   0.99864
FLUX  955  3125.00        9.593360E+13   4.0093E-06   4.0144E-06   0.99874
FLUX  956  3135.00        9.562759E+13   3.9882E-06   3.9910E-06   0.99930
FLUX  957  3145.00        9.532353E+13   3.9628E-06   3.9677E-06   0.99875
FLUX  958  3155.00        9.502139E+13   3.9434E-06   3.9447E-06   0.99966
FLUX  959  3165.00        9.472117E+13   3.9215E-06   3.9219E-06   0.99991
FLUX  960  3175.00        9.442283E+13   3.8966E-06   3.8993E-06   0.99931
FLUX  961  3185.00        9.412637E+13   3.8766E-06   3.8768E-06   0.99993
FLUX  962  3195.00        9.383177E+13   3.8538E-06   3.8546E-06   0.99979
FLUX  963  3210.00        9.339330E+13   3.8206E-06   3.8216E-06   0.99974
FLUX  964  3230.00        9.281502E+13   3.7780E-06   3.7782E-06   0.99994
FLUX  965  3250.00        9.224385E+13   3.7352E-06   3.7356E-06   0.99990
FLUX  966  3270.00        9.167966E+13   3.6854E-06   3.6937E-06   0.99775
FLUX  967  3290.00        9.112234E+13   3.4583E-06   3.6867E-06   0.93807
FLUX  968  3310.00        9.057175E+13   3.5752E-06   3.6456E-06   0.98071
FLUX  969  3330.00        9.002778E+13   3.5931E-06   3.6052E-06   0.99666
FLUX  970  3350.00        8.949030E+13   3.5534E-06   3.5654E-06   0.99664
FLUX  971  3370.00        8.895920E+13   3.5048E-06   3.5263E-06   0.99390
FLUX  972  3390.00        8.843437E+13   3.4632E-06   3.4879E-06   0.99293
FLUX  973  3410.00        8.791569E+13   3.4229E-06   3.4501E-06   0.99214
FLUX  974  3430.00        8.740306E+13   3.3838E-06   3.4129E-06   0.99148
FLUX  975  3450.00        8.689638E+13   3.3463E-06   3.3763E-06   0.99112
FLUX  976  3470.00        8.639553E+13   3.3060E-06   3.3402E-06   0.98976
FLUX  977  3490.00        8.590043E+13   3.2681E-06   3.3048E-06   0.98890
FLUX  978  3510.00        8.541097E+13   3.2319E-06   3.2699E-06   0.98837
FLUX  979  3530.00        8.492705E+13   3.1969E-06   3.2356E-06   0.98806
FLUX  980  3550.00        8.444859E+13   3.1611E-06   3.2018E-06   0.98729
FLUX  981  3570.00        8.397549E+13   3.1238E-06   3.1685E-06   0.98590
FLUX  982  3590.00        8.350766E+13   3.1019E-06   3.1358E-06   0.98921
FLUX  983  3610.00        8.304501E+13   3.0559E-06   3.1035E-06   0.98467
FLUX  984  3630.00        8.258747E+13   3.0419E-06   3.0718E-06   0.99029
FLUX  985  3650.00        8.213493E+13   2.9887E-06   3.0405E-06   0.98298
FLUX  986  3670.00        8.168733E+13   2.9879E-06   3.0097E-06   0.99274
FLUX  987  3690.00        8.124458E+13   2.9147E-06   2.9794E-06   0.97829
FLUX  988  3710.00        8.080660E+13   2.9221E-06   2.9495E-06   0.99069
FLUX  989  3730.00        8.037332E+13   2.8252E-06   2.9201E-06   0.96749
FLUX  990  3750.00        7.994467E+13   2.7390E-06   2.8911E-06   0.94738
FLUX  991  3770.00        7.952056E+13   2.8404E-06   2.8626E-06   0.99227
FLUX  992  3790.00        7.910092E+13   2.8228E-06   2.8344E-06   0.99588
FLUX  993  3810.00        7.868570E+13   2.7487E-06   2.8067E-06   0.97932
FLUX  994  3830.00        7.827480E+13   2.7308E-06   2.7794E-06   0.98249
FLUX  995  3850.00        7.786818E+13   2.7466E-06   2.7525E-06   0.99784
FLUX  996  3870.00        7.746576E+13   2.7203E-06   2.7260E-06   0.99790
FLUX  997  3890.00        7.706748E+13   2.6754E-06   2.6998E-06   0.99096
FLUX  998  3910.00        7.667327E+13   2.5829E-06   2.6741E-06   0.96591
FLUX  999  3930.00        7.628308E+13   2.6372E-06   2.6487E-06   0.99568
FLUX 1000  3950.00        7.589684E+13   2.6216E-06   2.6236E-06   0.99923
FLUX 1001  3970.00        7.551448E+13   2.5986E-06   2.5989E-06   0.99989
FLUX 1002  3990.00        7.513596E+13   2.5711E-06   2.5746E-06   0.99863
FLUX 1003  4010.00        7.476122E+13   2.4945E-06   2.5506E-06   0.97802
FLUX 1004  4030.00        7.439020E+13   2.4530E-06   2.5269E-06   0.97075
FLUX 1005  4050.00        7.402284E+13   2.3834E-06   2.5036E-06   0.95198
FLUX 1006  4070.00        7.365909E+13   2.4657E-06   2.4806E-06   0.99401
FLUX 1007  4090.00        7.329890E+13   2.4550E-06   2.4579E-06   0.99884
FLUX 1008  4110.00        7.294221E+13   2.4351E-06   2.4355E-06   0.99986
FLUX 1009  4130.00        7.258898E+13   2.4127E-06   2.4134E-06   0.99971
FLUX 1010  4150.00        7.223916E+13   2.3768E-06   2.3916E-06   0.99383
FLUX 1011  4170.00        7.189269E+13   2.2650E-06   2.3701E-06   0.95566
FLUX 1012  4190.00        7.154952E+13   2.3319E-06   2.3489E-06   0.99277
FLUX 1013  4210.00        7.120962E+13   2.3252E-06   2.3280E-06   0.99882
FLUX 1014  4230.00        7.087293E+13   2.3072E-06   2.3073E-06   0.99994
FLUX 1015  4250.00        7.053941E+13   2.2867E-06   2.2869E-06   0.99989
FLUX 1016  4270.00        7.020902E+13   2.2668E-06   2.2668E-06   0.99998
FLUX 1017  4290.00        6.988170E+13   2.2470E-06   2.2470E-06   0.99998
FLUX 1018  4310.00        6.955742E+13   2.2272E-06   2.2274E-06   0.99992
FLUX 1019  4330.00        6.923614E+13   2.2078E-06   2.2081E-06   0.99986
FLUX 1020  4350.00        6.891782E+13   2.1824E-06   2.1890E-06   0.99699
FLUX 1021  4370.00        6.860240E+13   2.0799E-06   2.1702E-06   0.95840
FLUX 1022  4390.00        6.828986E+13   2.1181E-06   2.1516E-06   0.98443
FLUX 1023  4410.00        6.798016E+13   2.1305E-06   2.1333E-06   0.99871
FLUX 1024  4430.00        6.767325E+13   2.1148E-06   2.1152E-06   0.99983
FLUX 1025  4450.00        6.736910E+13   2.0967E-06   2.0973E-06   0.99975
FLUX 1026  4470.00        6.706767E+13   2.0887E-06   2.0889E-06   0.99991
FLUX 1027  4490.00        6.676893E+13   2.0708E-06   2.0713E-06   0.99975
FLUX 1028  4510.00        6.647284E+13   2.0540E-06   2.0540E-06   0.99999
FLUX 1029  4530.00        6.617936E+13   2.0366E-06   2.0369E-06   0.99985
FLUX 1030  4550.00        6.588846E+13   2.0199E-06   2.0200E-06   0.99998
FLUX 1031  4570.00        6.560011E+13   2.0027E-06   2.0033E-06   0.99972
FLUX 1032  4590.00        6.531427E+13   1.9860E-06   1.9868E-06   0.99962
FLUX 1033  4610.00        6.503091E+13   1.9693E-06   1.9705E-06   0.99937
FLUX 1034  4630.00        6.475000E+13   1.9433E-06   1.9544E-06   0.99430
FLUX 1035  4650.00        6.447151E+13   1.8359E-06   1.9385E-06   0.94703
FLUX 1036  4670.00        6.419540E+13   1.8162E-06   1.9228E-06   0.94456
FLUX 1037  4690.00        6.392164E+13   1.8862E-06   1.9073E-06   0.98890
FLUX 1038  4710.00        6.365021E+13   1.8895E-06   1.8920E-06   0.99865
FLUX 1039  4730.00        6.338108E+13   1.8768E-06   1.8769E-06   0.99997
FLUX 1040  4750.00        6.311421E+13   1.8610E-06   1.8619E-06   0.99951
FLUX 1041  4770.00        6.284958E+13   1.8467E-06   1.8471E-06   0.99978
FLUX 1042  4790.00        6.258716E+13   1.8325E-06   1.8325E-06   0.99998
FLUX 1043  4810.00        6.232692E+13   1.8181E-06   1.8181E-06   0.99998
FLUX 1044  4830.00        6.206884E+13   1.8037E-06   1.8039E-06   0.99994
FLUX 1045  4850.00        6.181289E+13   1.7897E-06   1.7898E-06   0.99997
FLUX 1046  4870.00        6.155903E+13   1.7758E-06   1.7758E-06   0.99998
FLUX 1047  4890.00        6.130726E+13   1.7620E-06   1.7621E-06   0.99998
FLUX 1048  4910.00        6.105754E+13   1.7482E-06   1.7484E-06   0.99984
FLUX 1049  4930.00        6.080984E+13   1.7349E-06   1.7350E-06   0.99994
FLUX 1050  4950.00        6.056414E+13   1.7216E-06   1.7217E-06   0.99997
FLUX 1051  4970.00        6.032042E+13   1.7085E-06   1.7086E-06   0.99995
FLUX 1052  4990.00        6.007866E+13   1.6953E-06   1.6956E-06   0.99984
FLUX 1053  5010.00        5.983882E+13   1.6826E-06   1.6827E-06   0.99993
FLUX 1054  5030.00        5.960089E+13   1.6697E-06   1.6700E-06   0.99983
FLUX 1055  5050.00        5.936485E+13   1.6573E-06   1.6575E-06   0.99993
FLUX 1056  5070.00        5.913067E+13   1.6450E-06   1.6450E-06   0.99998
FLUX 1057  5090.00        5.889833E+13   1.6316E-06   1.6328E-06   0.99928
FLUX 1058  5110.00        5.866781E+13   1.6058E-06   1.6206E-06   0.99086
FLUX 1059  5130.00        5.843908E+13   1.5236E-06   1.6086E-06   0.94716
FLUX 1060  5150.00        5.821214E+13   1.5864E-06   1.5967E-06   0.99352
FLUX 1061  5170.00        5.798694E+13   1.5844E-06   1.5850E-06   0.99960
FLUX 1062  5190.00        5.776349E+13   1.5733E-06   1.5734E-06   0.99998
FLUX 1063  5210.00        5.754175E+13   1.5618E-06   1.5619E-06   0.99993
FLUX 1064  5230.00        5.732170E+13   1.5505E-06   1.5505E-06   0.99998
FLUX 1065  5250.00        5.710333E+13   1.5393E-06   1.5393E-06   0.99998
FLUX 1066  5270.00        5.688662E+13   1.5281E-06   1.5282E-06   0.99997
FLUX 1067  5290.00        5.667155E+13   1.5172E-06   1.5172E-06   0.99999
FLUX 1068  5310.00        5.645810E+13   1.5063E-06   1.5063E-06   0.99999
FLUX 1069  5330.00        5.624625E+13   1.4955E-06   1.4955E-06   0.99998
FLUX 1070  5350.00        5.603598E+13   1.4849E-06   1.4849E-06   0.99998
FLUX 1071  5370.00        5.582728E+13   1.4742E-06   1.4744E-06   0.99987
FLUX 1072  5390.00        5.562013E+13   1.4639E-06   1.4639E-06   0.99997
FLUX 1073  5410.00        5.541451E+13   1.4536E-06   1.4536E-06   0.99999
FLUX 1074  5430.00        5.521041E+13   1.4433E-06   1.4434E-06   0.99992
FLUX 1075  5450.00        5.500780E+13   1.4332E-06   1.4333E-06   0.99990
FLUX 1076  5470.00        5.480667E+13   1.4231E-06   1.4233E-06   0.99982
FLUX 1077  5490.00        5.460701E+13   1.4134E-06   1.4134E-06   0.99997
FLUX 1078  5510.00        5.440880E+13   1.4036E-06   1.4036E-06   0.99999
FLUX 1079  5530.00        5.421203E+13   1.3939E-06   1.3940E-06   0.99994
FLUX 1080  5550.00        5.401667E+13   1.3843E-06   1.3844E-06   0.99997
FLUX 1081  5570.00        5.382271E+13   1.3746E-06   1.3749E-06   0.99976
FLUX 1082  5590.00        5.363014E+13   1.3649E-06   1.3655E-06   0.99953
FLUX 1083  5610.00        5.343895E+13   1.3560E-06   1.3562E-06   0.99986
FLUX 1084  5630.00        5.324911E+13   1.3469E-06   1.3470E-06   0.99995
FLUX 1085  5650.00        5.306062E+13   1.3379E-06   1.3379E-06   0.99998
FLUX 1086  5670.00        5.287346E+13   1.3288E-06   1.3289E-06   0.99994
FLUX 1087  5690.00        5.268761E+13   1.3199E-06   1.3200E-06   0.99998
FLUX 1088  5710.00        5.250306E+13   1.3111E-06   1.3111E-06   1.00000
FLUX 1089  5730.00        5.231981E+13   1.3023E-06   1.3024E-06   0.99994
FLUX 1090  5750.00        5.213783E+13   1.2937E-06   1.2937E-06   0.99999
FLUX 1091  5770.00        5.195711E+13   1.2851E-06   1.2851E-06   0.99997
FLUX 1092  5790.00        5.177763E+13   1.2765E-06   1.2767E-06   0.99989
FLUX 1093  5810.00        5.159940E+13   1.2682E-06   1.2682E-06   0.99998
FLUX 1094  5830.00        5.142238E+13   1.2599E-06   1.2599E-06   0.99999
FLUX 1095  5850.00        5.124658E+13   1.2546E-06   1.2547E-06   0.99998
FLUX 1096  5870.00        5.107198E+13   1.2449E-06   1.2465E-06   0.99871
FLUX 1097  5890.00        5.089856E+13   1.2251E-06   1.2384E-06   0.98933
FLUX 1098  5910.00        5.072631E+13   1.1646E-06   1.2303E-06   0.94654
FLUX 1099  5930.00        5.055523E+13   1.2138E-06   1.2224E-06   0.99298
FLUX 1100  5950.00        5.038529E+13   1.2131E-06   1.2145E-06   0.99881
FLUX 1101  5970.00        5.021650E+13   1.2067E-06   1.2067E-06   0.99998
FLUX 1102  5990.00        5.004883E+13   1.1989E-06   1.1990E-06   0.99992
FLUX 1103  6010.00        4.988228E+13   1.1912E-06   1.1913E-06   0.99991
FLUX 1104  6030.00        4.971683E+13   1.1837E-06   1.1837E-06   0.99999
FLUX 1105  6050.00        4.955248E+13   1.1762E-06   1.1762E-06   0.99999
FLUX 1106  6070.00        4.938921E+13   1.1688E-06   1.1688E-06   0.99997
FLUX 1107  6090.00        4.922701E+13   1.1613E-06   1.1614E-06   0.99992
FLUX 1108  6110.00        4.906588E+13   1.1538E-06   1.1541E-06   0.99971
FLUX 1109  6130.00        4.890579E+13   1.1469E-06   1.1469E-06   0.99999
FLUX 1110  6150.00        4.874675E+13   1.1397E-06   1.1397E-06   0.99995
FLUX 1111  6170.00        4.858874E+13   1.1326E-06   1.1327E-06   0.99999
FLUX 1112  6190.00        4.843174E+13   1.1256E-06   1.1256E-06   0.99997
FLUX 1113  6210.00        4.827576E+13   1.1187E-06   1.1187E-06   0.99999
FLUX 1114  6230.00        4.812079E+13   1.1116E-06   1.1118E-06   0.99983
FLUX 1115  6250.00        4.796680E+13   1.1049E-06   1.1049E-06   0.99994
FLUX 1116  6270.00        4.781380E+13   1.0980E-06   1.0982E-06   0.99987
FLUX 1117  6290.00        4.766176E+13   1.0914E-06   1.0914E-06   0.99998
FLUX 1118  6310.00        4.751070E+13   1.0847E-06   1.0848E-06   0.99988
FLUX 1119  6330.00        4.736058E+13   1.0780E-06   1.0782E-06   0.99985
FLUX 1120  6350.00        4.721142E+13   1.0716E-06   1.0717E-06   0.99988
FLUX 1121  6370.00        4.706319E+13   1.0652E-06   1.0652E-06   0.99998
FLUX 1122  6390.00        4.691588E+13   1.0587E-06   1.0588E-06   0.99994
FLUX 1123  6420.00        4.669665E+13   1.0493E-06   1.0493E-06   0.99999
FLUX 1124  6460.00        4.640751E+13   1.0368E-06   1.0368E-06   0.99995
FLUX 1125  6500.00        4.612192E+13   1.0245E-06   1.0245E-06   0.99994
FLUX 1126  6540.00        4.583983E+13   1.0125E-06   1.0125E-06   0.99999
FLUX 1127  6580.00        4.556117E+13   1.0006E-06   1.0007E-06   0.99997
FLUX 1128  6620.00        4.528588E+13   9.8890E-07   9.8902E-07   0.99988
FLUX 1129  6660.00        4.501389E+13   9.7751E-07   9.7759E-07   0.99992
FLUX 1130  6700.00        4.474515E+13   9.6633E-07   9.6636E-07   0.99998
FLUX 1131  6740.00        4.447960E+13   9.5525E-07   9.5531E-07   0.99994
FLUX 1132  6780.00        4.421718E+13   9.4441E-07   9.4446E-07   0.99995
FLUX 1133  6820.00        4.395784E+13   9.3376E-07   9.3379E-07   0.99997
FLUX 1134  6860.00        4.370153E+13   9.2317E-07   9.2330E-07   0.99986
FLUX 1135  6900.00        4.344819E+13   9.1274E-07   9.1298E-07   0.99974
FLUX 1136  6940.00        4.319777E+13   9.0261E-07   9.0283E-07   0.99975
FLUX 1137  6980.00        4.295021E+13   8.9268E-07   8.9286E-07   0.99980
FLUX 1138  7020.00        4.270548E+13   8.8292E-07   8.8304E-07   0.99986
FLUX 1139  7060.00        4.246353E+13   8.7321E-07   8.7339E-07   0.99980
FLUX 1140  7100.00        4.222430E+13   8.6388E-07   8.6390E-07   0.99998
FLUX 1141  7140.00        4.198775E+13   8.5441E-07   8.5456E-07   0.99983
FLUX 1142  7180.00        4.175383E+13   8.4526E-07   8.4537E-07   0.99987
FLUX 1143  7220.00        4.152251E+13   8.3591E-07   8.3632E-07   0.99951
FLUX 1144  7260.00        4.129373E+13   8.2724E-07   8.2742E-07   0.99978
FLUX 1145  7300.00        4.106747E+13   8.1861E-07   8.1866E-07   0.99993
FLUX 1146  7340.00        4.084366E+13   8.0996E-07   8.1004E-07   0.99989
FLUX 1147  7380.00        4.062229E+13   8.0147E-07   8.0156E-07   0.99989
FLUX 1148  7420.00        4.040330E+13   7.9149E-07   7.9323E-07   0.99780
FLUX 1149  7460.00        4.018666E+13   7.6096E-07   7.8504E-07   0.96933
FLUX 1150  7500.00        3.997233E+13   7.5133E-07   7.7697E-07   0.96701
FLUX 1151  7540.00        3.976028E+13   7.6683E-07   7.6902E-07   0.99716
FLUX 1152  7580.00        3.955046E+13   7.6107E-07   7.6119E-07   0.99985
FLUX 1153  7620.00        3.934285E+13   7.5344E-07   7.5348E-07   0.99994
FLUX 1154  7660.00        3.913740E+13   7.4584E-07   7.4588E-07   0.99994
FLUX 1155  7700.00        3.893409E+13   7.3838E-07   7.3840E-07   0.99997
FLUX 1156  7740.00        3.873288E+13   7.3102E-07   7.3104E-07   0.99998
FLUX 1157  7780.00        3.853374E+13   7.2377E-07   7.2378E-07   0.99999
FLUX 1158  7820.00        3.833664E+13   7.1662E-07   7.1662E-07   1.00000
FLUX 1159  7860.00        3.814154E+13   7.0957E-07   7.0958E-07   0.99999
FLUX 1160  7900.00        3.794842E+13   7.0263E-07   7.0263E-07   1.00000
FLUX 1161  7940.00        3.775724E+13   6.9578E-07   6.9579E-07   0.99999
FLUX 1162  7980.00        3.756798E+13   6.8903E-07   6.8904E-07   0.99998
FLUX 1163  8020.00        3.738061E+13   6.8238E-07   6.8240E-07   0.99998
FLUX 1164  8060.00        3.719510E+13   6.7583E-07   6.7584E-07   0.99998
FLUX 1165  8100.00        3.701142E+13   6.6938E-07   6.6939E-07   0.99999
FLUX 1166  8140.00        3.682955E+13   6.6299E-07   6.6302E-07   0.99996
FLUX 1167  8180.00        3.664945E+13   6.5673E-07   6.5674E-07   0.99998
FLUX 1168  8220.00        3.647111E+13   6.5055E-07   6.5055E-07   0.99999
FLUX 1169  8260.00        3.629449E+13   6.4445E-07   6.4445E-07   0.99999
FLUX 1170  8300.00        3.611958E+13   6.3843E-07   6.3844E-07   0.99999
FLUX 1171  8340.00        3.594634E+13   6.3239E-07   6.3250E-07   0.99981
FLUX 1172  8380.00        3.577476E+13   6.2646E-07   6.2665E-07   0.99969
FLUX 1173  8420.00        3.560481E+13   6.2077E-07   6.2088E-07   0.99982
FLUX 1174  8460.00        3.543647E+13   6.1517E-07   6.1519E-07   0.99997
FLUX 1175  8500.00        3.526971E+13   6.0957E-07   6.0958E-07   1.00000
FLUX 1176  8540.00        3.510451E+13   6.0401E-07   6.0404E-07   0.99995
FLUX 1177  8580.00        3.494085E+13   5.9856E-07   5.9858E-07   0.99997
FLUX 1178  8620.00        3.477871E+13   5.9316E-07   5.9319E-07   0.99995
FLUX 1179  8660.00        3.461807E+13   5.8787E-07   5.8787E-07   1.00000
FLUX 1180  8700.00        3.445891E+13   5.8262E-07   5.8262E-07   1.00000
FLUX 1181  8740.00        3.430120E+13   5.7744E-07   5.7745E-07   0.99998
FLUX 1182  8780.00        3.414493E+13   5.7234E-07   5.7234E-07   1.00000
FLUX 1183  8820.00        3.399008E+13   5.6726E-07   5.6730E-07   0.99994
FLUX 1184  8860.00        3.383663E+13   5.6229E-07   5.6232E-07   0.99993
FLUX 1185  8900.00        3.368455E+13   5.5739E-07   5.5741E-07   0.99995
FLUX 1186  8940.00        3.353384E+13   5.5256E-07   5.5257E-07   0.99999
FLUX 1187  8980.00        3.338447E+13   5.4775E-07   5.4778E-07   0.99995
FLUX 1188  9020.00        3.323642E+13   5.4305E-07   5.4306E-07   0.99998
FLUX 1189  9060.00        3.308968E+13   5.3839E-07   5.3840E-07   0.99999
FLUX 1190  9100.00        3.294423E+13   5.3376E-07   5.3379E-07   0.99995
FLUX 1191  9140.00        3.280005E+13   5.2924E-07   5.2925E-07   0.99998
FLUX 1192  9180.00        3.265714E+13   5.2476E-07   5.2476E-07   0.99999
FLUX 1193  9220.00        3.251546E+13   5.2033E-07   5.2033E-07   0.99999
FLUX 1194  9260.00        3.237500E+13   5.1596E-07   5.1596E-07   1.00000
FLUX 1195  9300.00        3.223575E+13   5.1163E-07   5.1164E-07   0.99999
FLUX 1196  9340.00        3.209770E+13   5.0737E-07   5.0737E-07   0.99999
FLUX 1197  9380.00        3.196082E+13   5.0315E-07   5.0316E-07   0.99999
FLUX 1198  9420.00        3.182511E+13   4.9900E-07   4.9900E-07   0.99999
FLUX 1199  9460.00        3.169054E+13   4.9488E-07   4.9489E-07   0.99998
FLUX 1200  9500.00        3.155711E+13   4.9082E-07   4.9083E-07   0.99999
FLUX 1201  9540.00        3.142479E+13   4.8678E-07   4.8682E-07   0.99992
FLUX 1202  9580.00        3.129358E+13   4.8286E-07   4.8286E-07   1.00000
FLUX 1203  9620.00        3.116346E+13   4.7894E-07   4.7895E-07   0.99999
FLUX 1204  9660.00        3.103442E+13   4.7508E-07   4.7508E-07   1.00000
FLUX 1205  9700.00        3.090644E+13   4.7126E-07   4.7126E-07   1.00000
FLUX 1206  9740.00        3.077952E+13   4.6747E-07   4.6749E-07   0.99997
FLUX 1207  9780.00        3.065363E+13   4.6375E-07   4.6376E-07   0.99998
FLUX 1208  9820.00        3.052877E+13   4.6005E-07   4.6007E-07   0.99996
FLUX 1209  9860.00        3.040492E+13   4.5643E-07   4.5643E-07   0.99999
FLUX 1210  9900.00        3.028207E+13   4.5283E-07   4.5283E-07   0.99999
FLUX 1211  9940.00        3.016021E+13   4.4927E-07   4.4928E-07   0.99999
FLUX 1212  9980.00        3.003933E+13   4.4575E-07   4.4576E-07   0.99997
FLUX 1213 10020.00        2.991941E+13   4.4228E-07   4.4229E-07   0.99997
FLUX 1214 20000.00        1.498963E+13   1.1283E-07   1.1284E-07   0.99999
FLUX 1215 40000.00        7.494813E+12   2.8077E-08   2.8077E-08   1.00000
FLUX 1216 60000.00        4.996542E+12   1.2372E-08   1.2372E-08   1.00000
FLUX 1217 80000.00        3.747406E+12   6.9048E-09   6.9048E-09   1.00000
FLUX 1218100000.00        2.997925E+12   4.3885E-09   4.3885E-09   1.00000
FLUX 1219120000.00        2.498271E+12   3.0291E-09   3.0291E-09   1.00000
FLUX 1220140000.00        2.141375E+12   2.2136E-09   2.2136E-09   1.00000
FLUX 1221160000.00        1.873703E+12   1.6867E-09   1.6867E-09   1.00000
FLUX
