TEFF   3750.  GRAVITY 2.50000 LTE 
TITLE TEST RUN WITH SDSC OPACITY  VTURB 2 KM/S    L/H 1.25                      
 OPACITY IFOP
FLUX  156   124.50        2.407972E+15   3.3028E-22   1.0039E-21   0.32901
FLUX  157   125.50        2.388785E+15   5.0155E-22   1.3555E-21   0.37002
FLUX  158   126.50        2.369901E+15   6.3985E-22   1.8172E-21   0.35211
FLUX  159   127.50        2.351314E+15   9.5836E-22   2.4212E-21   0.39583
FLUX  160   128.50        2.333016E+15   9.5848E-22   3.2020E-21   0.29934
FLUX  161   129.50        2.315000E+15   1.3229E-21   4.1991E-21   0.31503
FLUX  162   130.50        2.297261E+15   1.6386E-21   5.4652E-21   0.29983
FLUX  163   131.50        2.279791E+15   2.2524E-21   7.0435E-21   0.31978
FLUX  164   132.50        2.262585E+15   2.5794E-21   8.9698E-21   0.28756
FLUX  165   133.50        2.245637E+15   2.9704E-21   1.1301E-20   0.26283
FLUX  166   134.50        2.228941E+15   4.1564E-21   1.4071E-20   0.29538
FLUX  167   135.50        2.212491E+15   5.6678E-21   1.7347E-20   0.32672
FLUX  168   136.50        2.196282E+15   6.3089E-21   2.1190E-20   0.29774
FLUX  169   137.50        2.180309E+15   6.8463E-21   2.5751E-20   0.26586
FLUX  170   138.50        2.164567E+15   8.2942E-21   3.1188E-20   0.26594
FLUX  171   139.50        2.149050E+15   9.7192E-21   3.7838E-20   0.25686
FLUX  172   140.50        2.133754E+15   1.4409E-20   4.6261E-20   0.31147
FLUX  173   141.50        2.118675E+15   1.8462E-20   5.7085E-20   0.32342
FLUX  174   142.50        2.103807E+15   2.1389E-20   7.0862E-20   0.30184
FLUX  175   143.50        2.089146E+15   3.1382E-20   8.8364E-20   0.35514
FLUX  176   144.20        2.079005E+15   4.7061E-20   1.0337E-19   0.45527
FLUX  177   144.70        2.071821E+15   3.8712E-20   1.1569E-19   0.33461
FLUX  178   145.50        2.060430E+15   4.7307E-20   1.3863E-19   0.34125
FLUX  179   146.50        2.046365E+15   7.7070E-20   1.7376E-19   0.44354
FLUX  180   147.50        2.032492E+15   9.6266E-20   2.1742E-19   0.44277
FLUX  181   148.50        2.018805E+15   1.0229E-19   2.7129E-19   0.37705
FLUX  182   149.50        2.005301E+15   1.6564E-19   3.3726E-19   0.49113
FLUX  183   150.50        1.991977E+15   2.4508E-19   4.1774E-19   0.58668
FLUX  184   151.20        1.982755E+15   1.2448E-19   4.8404E-19   0.25718
FLUX  185   151.70        1.976220E+15   2.2311E-19   5.3730E-19   0.41525
FLUX  186   152.50        1.965852E+15   3.5947E-19   9.1767E-19   0.39172
FLUX  187   153.50        1.953046E+15   4.9526E-19   1.1142E-18   0.44451
FLUX  188   154.50        1.940405E+15   3.3991E-19   1.3506E-18   0.25168
FLUX  189   155.50        1.927926E+15   5.7076E-19   1.6423E-18   0.34754
FLUX  190   156.50        1.915607E+15   5.4038E-19   2.0073E-18   0.26921
FLUX  191   157.50        1.903444E+15   1.1996E-18   7.2008E-18   0.16659
FLUX  192   158.50        1.891435E+15   1.3039E-18   8.3885E-18   0.15543
FLUX  193   159.50        1.879577E+15   1.2357E-18   9.7672E-18   0.12652
FLUX  194   160.50        1.867866E+15   1.3470E-18   1.1363E-17   0.11854
FLUX  195   161.50        1.856300E+15   1.4402E-18   1.3210E-17   0.10902
FLUX  196   162.50        1.844877E+15   1.4226E-18   3.2102E-17   0.04432
FLUX  197   163.50        1.833593E+15   1.9648E-18   3.8634E-17   0.05086
FLUX  198   164.50        1.822447E+15   2.7503E-18   4.6499E-17   0.05915
FLUX  199   165.50        1.811435E+15   2.2883E-18   5.5757E-17   0.04104
FLUX  200   166.50        1.800556E+15   3.8159E-18   6.6828E-17   0.05710
FLUX  201   167.20        1.793017E+15   3.1952E-18   7.5635E-17   0.04225
FLUX  202   167.70        1.787671E+15   5.0949E-18   8.8808E-17   0.05737
FLUX  203   168.50        1.779184E+15   6.7958E-18   1.0216E-16   0.06652
FLUX  204   169.50        1.768687E+15   1.0237E-17   1.2114E-16   0.08450
FLUX  205   170.50        1.758314E+15   1.0676E-17   1.4318E-16   0.07456
FLUX  206   171.50        1.748061E+15   1.1997E-17   1.8549E-16   0.06467
FLUX  207   172.50        1.737928E+15   1.7001E-17   2.1660E-16   0.07849
FLUX  208   173.50        1.727911E+15   2.0169E-17   2.5186E-16   0.08008
FLUX  209   174.50        1.718009E+15   2.9036E-17   2.9159E-16   0.09958
FLUX  210   175.50        1.708219E+15   2.9490E-17   3.3624E-16   0.08771
FLUX  211   176.50        1.698541E+15   3.9996E-17   3.8633E-16   0.10353
FLUX  212   177.50        1.688972E+15   3.5583E-17   4.4234E-16   0.08044
FLUX  213   178.50        1.679510E+15   7.1539E-17   5.0483E-16   0.14171
FLUX  214   179.50        1.670153E+15   6.0307E-17   5.7453E-16   0.10497
FLUX  215   180.50        1.660900E+15   1.1103E-16   6.5206E-16   0.17028
FLUX  216   181.50        1.651749E+15   7.7102E-17   7.3873E-16   0.10437
FLUX  217   182.50        1.642699E+15   1.3392E-16   8.3514E-16   0.16035
FLUX  218   183.50        1.633747E+15   1.1511E-16   9.4215E-16   0.12217
FLUX  219   184.50        1.624892E+15   1.8231E-16   1.0608E-15   0.17186
FLUX  220   185.50        1.616132E+15   1.4222E-16   1.1921E-15   0.11931
FLUX  221   186.50        1.607466E+15   2.5247E-16   1.3372E-15   0.18880
FLUX  222   187.50        1.598893E+15   2.3772E-16   1.5013E-15   0.15834
FLUX  223   188.50        1.590411E+15   3.0771E-16   1.6782E-15   0.18336
FLUX  224   189.50        1.582018E+15   3.9620E-16   1.8736E-15   0.21147
FLUX  225   190.50        1.573714E+15   4.3294E-16   2.0891E-15   0.20724
FLUX  226   191.50        1.565496E+15   6.4841E-16   2.3260E-15   0.27877
FLUX  227   192.50        1.557364E+15   5.4964E-16   2.5860E-15   0.21255
FLUX  228   193.50        1.549315E+15   4.1206E-16   2.8710E-15   0.14353
FLUX  229   194.50        1.541350E+15   8.1319E-16   3.1831E-15   0.25547
FLUX  230   195.50        1.533465E+15   1.1957E-15   3.5244E-15   0.33927
FLUX  231   196.70        1.524110E+15   1.3165E-15   3.9783E-15   0.33093
FLUX  232   197.60        1.517169E+15   1.5718E-15   4.3516E-15   0.36120
FLUX  233   198.40        1.511051E+15   2.0608E-15   4.7091E-15   0.43762
FLUX  234   199.50        1.502719E+15   1.8454E-15   5.2418E-15   0.35206
FLUX  235   200.50        1.495224E+15   2.2402E-15   5.7710E-15   0.38819
FLUX  236   201.50        1.487804E+15   2.6042E-15   6.3461E-15   0.41037
FLUX  237   202.50        1.480457E+15   2.5094E-15   6.9704E-15   0.36001
FLUX  238   203.50        1.473182E+15   3.2235E-15   7.6514E-15   0.42130
FLUX  239   204.50        1.465978E+15   3.4218E-15   8.3897E-15   0.40786
FLUX  240   205.50        1.458844E+15   4.1826E-15   9.1893E-15   0.45516
FLUX  241   206.50        1.451780E+15   4.0382E-15   1.0054E-14   0.40165
FLUX  242   207.40        1.445480E+15   3.8803E-15   1.0892E-14   0.35624
FLUX  243   207.80        1.442697E+15   7.8543E-15   9.9112E-13   0.00792
FLUX  244   208.50        1.437854E+15   1.0802E-14   1.0946E-12   0.00987
FLUX  245   209.50        1.430990E+15   1.1977E-14   1.2581E-12   0.00952
FLUX  246   210.50        1.424192E+15   1.0450E-14   1.4423E-12   0.00725
FLUX  247   211.50        1.417459E+15   1.0661E-14   1.6504E-12   0.00646
FLUX  248   212.50        1.410788E+15   1.2813E-14   1.8821E-12   0.00681
FLUX  249   213.50        1.404180E+15   1.7570E-14   2.1389E-12   0.00821
FLUX  250   214.50        1.397634E+15   1.2779E-14   2.4254E-12   0.00527
FLUX  251   215.50        1.391148E+15   1.6796E-14   2.7421E-12   0.00613
FLUX  252   216.50        1.384723E+15   1.6246E-14   3.0897E-12   0.00526
FLUX  253   217.50        1.378356E+15   1.8462E-14   3.4698E-12   0.00532
FLUX  254   218.50        1.372048E+15   1.6461E-14   3.8894E-12   0.00423
FLUX  255   219.50        1.365797E+15   3.1996E-14   4.3459E-12   0.00736
FLUX  256   220.50        1.359603E+15   2.5186E-14   4.8418E-12   0.00520
FLUX  257   221.50        1.353465E+15   3.3206E-14   5.3798E-12   0.00617
FLUX  258   222.50        1.347382E+15   2.7329E-14   6.0269E-12   0.00453
FLUX  259   223.50        1.341353E+15   5.2935E-14   6.6658E-12   0.00794
FLUX  260   224.50        1.335379E+15   5.8913E-14   7.3539E-12   0.00801
FLUX  261   225.50        1.329457E+15   8.2069E-14   8.6680E-12   0.00947
FLUX  262   226.50        1.323587E+15   3.5444E-14   9.5043E-12   0.00373
FLUX  263   227.50        1.317769E+15   8.9214E-14   1.0392E-11   0.00859
FLUX  264   228.50        1.312002E+15   7.8711E-14   1.1332E-11   0.00695
FLUX  265   229.50        1.306285E+15   1.5531E-13   1.2326E-11   0.01260
FLUX  266   230.50        1.300618E+15   4.1634E-14   1.3381E-11   0.00311
FLUX  267   231.50        1.295000E+15   2.1131E-13   1.4494E-11   0.01458
FLUX  268   232.50        1.289430E+15   1.4945E-13   1.5669E-11   0.00954
FLUX  269   233.50        1.283908E+15   2.6723E-13   1.7110E-11   0.01562
FLUX  270   234.50        1.278433E+15   1.5243E-13   1.8419E-11   0.00828
FLUX  271   235.50        1.273004E+15   1.2010E-13   1.9796E-11   0.00607
FLUX  272   236.50        1.267622E+15   1.8343E-13   2.1243E-11   0.00863
FLUX  273   237.50        1.262284E+15   1.7124E-13   2.2763E-11   0.00752
FLUX  274   238.50        1.256992E+15   3.5189E-13   2.4360E-11   0.01445
FLUX  275   239.50        1.251743E+15   3.0650E-13   2.6039E-11   0.01177
FLUX  276   240.50        1.246538E+15   6.5237E-13   2.7802E-11   0.02346
FLUX  277   241.50        1.241377E+15   3.5936E-13   2.9654E-11   0.01212
FLUX  278   242.50        1.236258E+15   4.9785E-13   3.1598E-11   0.01576
FLUX  279   243.50        1.231181E+15   7.9922E-13   3.3639E-11   0.02376
FLUX  280   244.50        1.226145E+15   1.1818E-12   3.6148E-11   0.03269
FLUX  281   245.50        1.221151E+15   1.4328E-12   3.8393E-11   0.03732
FLUX  282   246.50        1.216197E+15   8.0877E-13   4.0745E-11   0.01985
FLUX  283   247.50        1.211283E+15   1.6449E-12   4.3209E-11   0.03807
FLUX  284   248.50        1.206408E+15   4.8044E-13   4.5789E-11   0.01049
FLUX  285   249.50        1.201573E+15   6.3670E-13   4.8490E-11   0.01313
FLUX  286   250.50        1.196776E+15   1.4335E-12   5.1613E-11   0.02777
FLUX  287   251.30        1.192967E+15   9.5863E-13   5.3965E-11   0.01776
FLUX  288   251.80        1.190598E+15   1.1097E-12   6.1413E-09   0.00018
FLUX  289   252.50        1.187297E+15   1.4135E-12   6.3954E-09   0.00022
FLUX  290   253.50        1.182613E+15   3.5959E-12   6.7628E-09   0.00053
FLUX  291   254.50        1.177967E+15   4.5623E-12   7.1370E-09   0.00064
FLUX  292   255.50        1.173356E+15   4.8715E-12   7.5229E-09   0.00065
FLUX  293   256.50        1.168782E+15   2.4019E-12   7.9222E-09   0.00030
FLUX  294   257.50        1.164243E+15   4.4085E-12   8.3374E-09   0.00053
FLUX  295   258.50        1.159739E+15   2.9235E-12   8.7696E-09   0.00033
FLUX  296   259.50        1.155270E+15   3.7760E-12   9.2190E-09   0.00041
FLUX  297   260.50        1.150835E+15   5.5727E-12   9.6898E-09   0.00058
FLUX  298   261.50        1.146434E+15   4.9733E-12   1.0185E-08   0.00049
FLUX  299   262.50        1.142067E+15   8.5046E-12   1.0704E-08   0.00079
FLUX  300   263.50        1.137732E+15   1.3407E-11   1.3244E-08   0.00101
FLUX  301   264.50        1.133431E+15   1.0300E-11   1.3790E-08   0.00075
FLUX  302   265.50        1.129162E+15   1.4385E-11   1.4358E-08   0.00100
FLUX  303   266.50        1.124925E+15   1.2784E-11   1.4947E-08   0.00086
FLUX  304   267.50        1.120720E+15   1.1242E-11   1.5560E-08   0.00072
FLUX  305   268.50        1.116546E+15   1.6032E-11   1.6196E-08   0.00099
FLUX  306   269.50        1.112403E+15   1.1139E-11   1.6854E-08   0.00066
FLUX  307   270.50        1.108290E+15   1.9487E-11   2.0573E-08   0.00095
FLUX  308   271.50        1.104208E+15   1.9496E-11   2.1188E-08   0.00092
FLUX  309   272.50        1.100156E+15   1.6804E-11   2.1815E-08   0.00077
FLUX  310   273.50        1.096133E+15   1.7639E-11   2.2453E-08   0.00079
FLUX  311   274.50        1.092140E+15   2.6212E-11   2.3105E-08   0.00113
FLUX  312   275.50        1.088176E+15   2.4204E-11   2.3771E-08   0.00102
FLUX  313   276.50        1.084241E+15   3.4934E-11   2.4443E-08   0.00143
FLUX  314   277.50        1.080333E+15   4.7170E-11   2.5133E-08   0.00188
FLUX  315   278.50        1.076454E+15   3.2184E-11   2.5841E-08   0.00125
FLUX  316   279.50        1.072603E+15   4.3146E-11   2.6569E-08   0.00162
FLUX  317   280.50        1.068779E+15   4.4237E-11   2.7318E-08   0.00162
FLUX  318   281.50        1.064982E+15   4.9659E-11   2.8091E-08   0.00177
FLUX  319   282.50        1.061212E+15   5.2077E-11   2.8890E-08   0.00180
FLUX  320   283.50        1.057469E+15   4.8069E-11   2.9715E-08   0.00162
FLUX  321   284.50        1.053752E+15   3.6988E-11   3.0565E-08   0.00121
FLUX  322   285.50        1.050061E+15   1.6908E-11   3.1439E-08   0.00054
FLUX  323   286.50        1.046396E+15   6.0163E-11   3.2338E-08   0.00186
FLUX  324   287.50        1.042757E+15   6.4162E-11   3.3261E-08   0.00193
FLUX  325   288.50        1.039142E+15   1.0079E-10   3.4205E-08   0.00295
FLUX  326   289.50        1.035553E+15   1.1778E-10   3.5162E-08   0.00335
FLUX  327   291.00        1.030215E+15   1.3665E-10   3.9142E-08   0.00349
FLUX  328   293.00        1.023183E+15   1.5162E-10   4.0977E-08   0.00370
FLUX  329   295.00        1.016246E+15   1.6457E-10   4.3386E-08   0.00379
FLUX  330   297.00        1.009402E+15   1.7653E-10   4.5308E-08   0.00390
FLUX  331   299.00        1.002651E+15   2.1808E-10   4.7314E-08   0.00461
FLUX  332   301.00        9.959884E+14   2.4670E-10   4.9407E-08   0.00499
FLUX  333   303.00        9.894142E+14   3.1033E-10   5.1576E-08   0.00602
FLUX  334   305.00        9.829262E+14   3.7931E-10   5.3790E-08   0.00705
FLUX  335   307.00        9.765228E+14   3.7064E-10   5.6058E-08   0.00661
FLUX  336   309.00        9.702023E+14   3.7346E-10   6.0618E-08   0.00616
FLUX  337   311.00        9.639630E+14   4.9243E-10   6.2717E-08   0.00785
FLUX  338   313.00        9.578035E+14   5.1547E-10   6.5440E-08   0.00788
FLUX  339   315.00        9.517222E+14   6.8603E-10   6.7490E-08   0.01016
FLUX  340   317.00        9.457177E+14   9.4609E-10   6.9539E-08   0.01361
FLUX  341   319.00        9.397884E+14   8.4161E-10   7.1645E-08   0.01175
FLUX  342   321.00        9.339330E+14   1.0442E-09   7.3809E-08   0.01415
FLUX  343   323.00        9.281502E+14   1.1750E-09   7.6555E-08   0.01535
FLUX  344   325.00        9.224385E+14   1.6956E-09   7.8659E-08   0.02156
FLUX  345   327.00        9.167966E+14   2.1416E-09   8.0793E-08   0.02651
FLUX  346   329.00        9.112234E+14   2.8418E-09   8.3279E-08   0.03412
FLUX  347   331.00        9.057175E+14   2.5752E-09   8.5456E-08   0.03014
FLUX  348   333.00        9.002778E+14   3.0273E-09   8.7636E-08   0.03454
FLUX  349   335.00        8.949030E+14   3.4266E-09   8.9817E-08   0.03815
FLUX  350   337.00        8.895920E+14   2.5578E-09   9.2119E-08   0.02777
FLUX  351   339.00        8.843437E+14   3.3459E-09   9.4657E-08   0.03535
FLUX  352   341.00        8.791569E+14   4.2408E-09   9.6965E-08   0.04374
FLUX  353   343.00        8.740306E+14   4.9565E-09   9.9287E-08   0.04992
FLUX  354   345.00        8.689638E+14   5.8948E-09   1.0181E-07   0.05790
FLUX  355   347.00        8.639553E+14   7.2667E-09   1.0435E-07   0.06964
FLUX  356   349.00        8.590043E+14   8.1704E-09   1.0692E-07   0.07641
FLUX  357   351.00        8.541097E+14   1.1957E-08   1.0953E-07   0.10917
FLUX  358   353.00        8.492705E+14   9.3005E-09   1.1218E-07   0.08290
FLUX  359   355.00        8.444859E+14   1.2188E-08   1.1497E-07   0.10601
FLUX  360   357.00        8.397549E+14   1.0583E-08   1.1798E-07   0.08970
FLUX  361   359.00        8.350766E+14   1.2000E-08   1.2103E-07   0.09915
FLUX  362   361.00        8.304501E+14   1.6425E-08   1.2413E-07   0.13233
FLUX  363   363.00        8.258747E+14   1.9405E-08   1.2727E-07   0.15247
FLUX  364   364.00        8.236058E+14   2.0390E-08   1.2891E-07   0.15818
FLUX  365   365.00        8.213493E+14   1.4793E-08   1.3166E-07   0.11236
FLUX  366   367.00        8.168733E+14   2.1007E-08   1.3517E-07   0.15541
FLUX  367   369.00        8.124458E+14   1.5494E-08   1.3873E-07   0.11168
FLUX  368   371.00        8.080660E+14   1.2747E-08   1.4241E-07   0.08951
FLUX  369   373.00        8.037332E+14   6.0377E-09   1.4604E-07   0.04134
FLUX  370   375.00        7.994467E+14   7.7291E-09   1.4970E-07   0.05163
FLUX  371   377.00        7.952056E+14   1.8407E-08   1.5871E-07   0.11598
FLUX  372   379.00        7.910092E+14   2.0858E-08   1.6276E-07   0.12815
FLUX  373   381.00        7.868570E+14   1.7827E-08   1.6685E-07   0.10685
FLUX  374   383.00        7.827480E+14   8.0180E-09   1.7097E-07   0.04690
FLUX  375   385.00        7.786818E+14   1.3677E-08   1.7512E-07   0.07810
FLUX  376   387.00        7.746576E+14   1.2654E-08   1.7930E-07   0.07057
FLUX  377   389.00        7.706748E+14   1.5555E-08   1.8367E-07   0.08469
FLUX  378   391.00        7.667327E+14   2.2846E-08   1.8810E-07   0.12146
FLUX  379   393.00        7.628308E+14   8.6320E-09   1.9255E-07   0.04483
FLUX  380   395.00        7.589684E+14   1.8356E-08   1.9702E-07   0.09317
FLUX  381   397.00        7.551448E+14   1.1671E-08   2.0151E-07   0.05792
FLUX  382   399.00        7.513596E+14   4.3815E-08   2.0602E-07   0.21267
FLUX  383   401.00        7.476122E+14   6.2355E-08   2.1066E-07   0.29600
FLUX  384   403.00        7.439020E+14   5.1361E-08   2.1541E-07   0.23843
FLUX  385   405.00        7.402284E+14   5.4243E-08   2.2016E-07   0.24638
FLUX  386   407.00        7.365909E+14   4.6858E-08   2.2491E-07   0.20834
FLUX  387   409.00        7.329890E+14   7.8519E-08   2.2967E-07   0.34187
FLUX  388   411.00        7.294221E+14   5.3396E-08   2.3444E-07   0.22776
FLUX  389   413.00        7.258898E+14   5.7359E-08   2.3921E-07   0.23979
FLUX  390   415.00        7.223916E+14   5.7738E-08   2.4411E-07   0.23653
FLUX  391   417.00        7.189269E+14   5.5450E-08   2.4907E-07   0.22263
FLUX  392   419.00        7.154952E+14   6.1982E-08   2.5396E-07   0.24406
FLUX  393   421.00        7.120962E+14   5.1263E-08   2.5885E-07   0.19804
FLUX  394   423.00        7.087293E+14   2.7232E-08   2.6374E-07   0.10325
FLUX  395   425.00        7.053941E+14   5.7723E-08   2.6864E-07   0.21487
FLUX  396   427.00        7.020902E+14   5.7790E-08   2.7354E-07   0.21127
FLUX  397   429.00        6.988170E+14   6.0609E-08   2.7847E-07   0.21765
FLUX  398   431.00        6.955742E+14   6.6965E-08   2.8341E-07   0.23628
FLUX  399   433.00        6.923614E+14   1.0322E-07   2.8836E-07   0.35796
FLUX  400   435.00        6.891782E+14   1.1630E-07   2.9338E-07   0.39640
FLUX  401   437.00        6.860240E+14   1.2284E-07   2.9836E-07   0.41171
FLUX  402   439.00        6.828986E+14   1.0015E-07   3.0336E-07   0.33012
FLUX  403   441.00        6.798016E+14   1.0220E-07   3.0838E-07   0.33140
FLUX  404   443.00        6.767325E+14   1.1229E-07   3.1342E-07   0.35827
FLUX  405   445.00        6.736910E+14   1.2688E-07   3.1849E-07   0.39836
FLUX  406   447.00        6.706767E+14   1.4067E-07   3.2359E-07   0.43472
FLUX  407   449.00        6.676893E+14   1.5386E-07   3.2871E-07   0.46807
FLUX  408   451.00        6.647284E+14   1.9102E-07   3.3385E-07   0.57217
FLUX  409   453.00        6.617936E+14   1.4713E-07   3.3902E-07   0.43398
FLUX  410   455.00        6.588846E+14   1.6731E-07   3.4422E-07   0.48606
FLUX  411   457.00        6.560011E+14   1.9732E-07   3.4945E-07   0.56467
FLUX  412   459.00        6.531427E+14   1.7979E-07   3.5470E-07   0.50688
FLUX  413   461.00        6.503091E+14   1.9386E-07   3.5999E-07   0.53852
FLUX  414   463.00        6.475000E+14   1.8333E-07   3.6531E-07   0.50184
FLUX  415   465.00        6.447151E+14   1.8553E-07   3.7065E-07   0.50054
FLUX  416   467.00        6.419540E+14   2.0592E-07   3.7603E-07   0.54763
FLUX  417   469.00        6.392164E+14   2.0061E-07   3.8143E-07   0.52593
FLUX  418   471.00        6.365021E+14   1.9225E-07   3.8686E-07   0.49696
FLUX  419   473.00        6.338108E+14   1.8904E-07   3.9232E-07   0.48186
FLUX  420   475.00        6.311421E+14   1.8824E-07   3.9780E-07   0.47319
FLUX  421   477.00        6.284958E+14   1.4560E-07   4.0334E-07   0.36098
FLUX  422   479.00        6.258716E+14   1.6475E-07   4.0889E-07   0.40293
FLUX  423   481.00        6.232692E+14   1.8521E-07   4.1446E-07   0.44687
FLUX  424   483.00        6.206884E+14   2.0293E-07   4.2007E-07   0.48309
FLUX  425   485.00        6.181289E+14   2.1655E-07   4.2570E-07   0.50868
FLUX  426   487.00        6.155903E+14   2.1879E-07   4.3137E-07   0.50721
FLUX  427   489.00        6.130726E+14   2.4141E-07   4.3706E-07   0.55236
FLUX  428   491.00        6.105754E+14   2.4443E-07   4.4279E-07   0.55202
FLUX  429   493.00        6.080984E+14   2.3702E-07   4.4854E-07   0.52843
FLUX  430   495.00        6.056414E+14   2.1477E-07   4.5432E-07   0.47273
FLUX  431   497.00        6.032042E+14   1.7885E-07   4.6013E-07   0.38870
FLUX  432   499.00        6.007866E+14   1.7584E-07   4.6596E-07   0.37738
FLUX  433   501.00        5.983882E+14   1.5232E-07   4.7183E-07   0.32282
FLUX  434   503.00        5.960089E+14   1.7649E-07   4.7771E-07   0.36944
FLUX  435   505.00        5.936485E+14   1.7530E-07   4.8363E-07   0.36247
FLUX  436   507.00        5.913067E+14   1.7237E-07   4.8957E-07   0.35209
FLUX  437   509.00        5.889833E+14   1.7016E-07   4.9554E-07   0.34339
FLUX  438   511.00        5.866781E+14   1.8463E-07   5.0153E-07   0.36813
FLUX  439   513.00        5.843908E+14   1.7605E-07   5.0755E-07   0.34686
FLUX  440   515.00        5.821214E+14   1.6898E-07   5.1359E-07   0.32901
FLUX  441   517.00        5.798694E+14   1.4444E-07   5.1966E-07   0.27796
FLUX  442   519.00        5.776349E+14   1.6606E-07   5.2575E-07   0.31587
FLUX  443   521.00        5.754175E+14   1.9730E-07   5.3186E-07   0.37096
FLUX  444   523.00        5.732170E+14   2.9055E-07   5.3799E-07   0.54005
FLUX  445   525.00        5.710333E+14   3.1948E-07   5.4415E-07   0.58712
FLUX  446   527.00        5.688662E+14   2.7585E-07   5.5033E-07   0.50124
FLUX  447   529.00        5.667155E+14   3.5839E-07   5.5653E-07   0.64398
FLUX  448   531.00        5.645810E+14   3.9710E-07   5.6275E-07   0.70564
FLUX  449   533.00        5.624625E+14   3.3368E-07   5.6899E-07   0.58644
FLUX  450   535.00        5.603598E+14   3.8137E-07   5.7525E-07   0.66296
FLUX  451   537.00        5.582728E+14   3.7701E-07   5.8154E-07   0.64830
FLUX  452   539.00        5.562013E+14   3.7178E-07   5.8798E-07   0.63229
FLUX  453   541.00        5.541451E+14   3.8128E-07   5.9430E-07   0.64156
FLUX  454   543.00        5.521041E+14   3.7948E-07   6.0065E-07   0.63178
FLUX  455   545.00        5.500780E+14   3.2596E-07   6.0701E-07   0.53700
FLUX  456   547.00        5.480667E+14   3.4054E-07   6.1339E-07   0.55518
FLUX  457   549.00        5.460701E+14   3.6080E-07   6.1979E-07   0.58213
FLUX  458   551.00        5.440880E+14   3.4890E-07   6.2621E-07   0.55715
FLUX  459   553.00        5.421203E+14   4.0891E-07   6.3266E-07   0.64634
FLUX  460   555.00        5.401667E+14   4.2351E-07   6.3912E-07   0.66264
FLUX  461   557.00        5.382271E+14   4.3581E-07   6.4560E-07   0.67504
FLUX  462   559.00        5.363014E+14   4.2651E-07   6.5210E-07   0.65405
FLUX  463   561.00        5.343895E+14   3.9821E-07   6.5862E-07   0.60462
FLUX  464   563.00        5.324911E+14   4.2544E-07   6.6531E-07   0.63946
FLUX  465   565.00        5.306062E+14   4.6570E-07   6.7186E-07   0.69316
FLUX  466   567.00        5.287346E+14   4.5979E-07   6.7842E-07   0.67774
FLUX  467   569.00        5.268761E+14   5.0636E-07   6.8500E-07   0.73921
FLUX  468   571.00        5.250306E+14   4.8099E-07   6.9159E-07   0.69547
FLUX  469   573.00        5.231981E+14   5.5266E-07   6.9820E-07   0.79155
FLUX  470   575.00        5.213783E+14   5.3801E-07   7.0482E-07   0.76333
FLUX  471   577.00        5.195711E+14   5.2720E-07   7.1144E-07   0.74104
FLUX  472   579.00        5.177763E+14   5.1492E-07   7.1807E-07   0.71709
FLUX  473   581.00        5.159940E+14   5.3502E-07   7.2472E-07   0.73824
FLUX  474   583.00        5.142238E+14   5.7226E-07   7.3138E-07   0.78244
FLUX  475   585.00        5.124658E+14   5.5263E-07   7.3806E-07   0.74876
FLUX  476   587.00        5.107198E+14   5.3944E-07   7.4474E-07   0.72434
FLUX  477   589.00        5.089856E+14   4.7718E-07   7.5144E-07   0.63502
FLUX  478   591.00        5.072631E+14   5.3442E-07   7.5815E-07   0.70490
FLUX  479   593.00        5.055523E+14   5.4461E-07   7.6487E-07   0.71203
FLUX  480   595.00        5.038529E+14   5.4699E-07   7.7159E-07   0.70891
FLUX  481   597.00        5.021650E+14   5.7838E-07   7.7833E-07   0.74311
FLUX  482   599.00        5.004883E+14   5.7745E-07   7.8508E-07   0.73553
FLUX  483   601.00        4.988228E+14   5.8368E-07   7.9184E-07   0.73712
FLUX  484   603.00        4.971683E+14   6.2949E-07   7.9861E-07   0.78824
FLUX  485   605.00        4.955248E+14   6.5552E-07   8.0539E-07   0.81391
FLUX  486   607.00        4.938921E+14   6.6769E-07   8.1218E-07   0.82210
FLUX  487   609.00        4.922701E+14   6.5124E-07   8.1898E-07   0.79519
FLUX  488   611.00        4.906588E+14   6.6199E-07   8.2578E-07   0.80165
FLUX  489   613.00        4.890579E+14   6.2143E-07   8.3259E-07   0.74638
FLUX  490   615.00        4.874675E+14   6.5062E-07   8.3941E-07   0.77509
FLUX  491   617.00        4.858874E+14   5.3072E-07   8.4623E-07   0.62716
FLUX  492   619.00        4.843174E+14   5.7900E-07   8.5306E-07   0.67873
FLUX  493   621.00        4.827576E+14   5.4409E-07   8.5991E-07   0.63274
FLUX  494   623.00        4.812079E+14   5.1330E-07   8.6675E-07   0.59222
FLUX  495   625.00        4.796680E+14   5.2040E-07   8.7359E-07   0.59570
FLUX  496   627.00        4.781380E+14   5.5963E-07   8.8070E-07   0.63544
FLUX  497   629.00        4.766176E+14   6.0894E-07   8.8756E-07   0.68608
FLUX  498   631.00        4.751070E+14   6.1839E-07   8.9442E-07   0.69139
FLUX  499   633.00        4.736058E+14   6.3372E-07   9.0128E-07   0.70314
FLUX  500   635.00        4.721142E+14   6.4296E-07   9.0817E-07   0.70797
FLUX  501   637.00        4.706319E+14   6.5115E-07   9.1504E-07   0.71160
FLUX  502   639.00        4.691588E+14   6.7278E-07   9.2191E-07   0.72977
FLUX  503   641.00        4.676950E+14   6.5224E-07   9.2879E-07   0.70225
FLUX  504   643.00        4.662403E+14   6.6636E-07   9.3567E-07   0.71217
FLUX  505   645.00        4.647946E+14   6.5984E-07   9.4254E-07   0.70006
FLUX  506   647.00        4.633578E+14   6.6183E-07   9.4942E-07   0.69708
FLUX  507   649.00        4.619299E+14   6.4710E-07   9.5631E-07   0.67667
FLUX  508   651.00        4.605108E+14   7.0070E-07   9.6323E-07   0.72745
FLUX  509   653.00        4.591003E+14   7.0974E-07   9.7010E-07   0.73161
FLUX  510   655.00        4.576985E+14   7.0022E-07   9.7809E-07   0.71591
FLUX  511   657.00        4.563052E+14   7.0960E-07   9.8497E-07   0.72043
FLUX  512   659.00        4.549203E+14   7.2125E-07   9.9186E-07   0.72717
FLUX  513   661.00        4.535439E+14   7.2164E-07   9.9874E-07   0.72255
FLUX  514   663.00        4.521757E+14   7.1932E-07   1.0056E-06   0.71529
FLUX  515   665.00        4.508158E+14   7.3737E-07   1.0125E-06   0.72826
FLUX  516   667.00        4.494640E+14   6.8324E-07   1.0194E-06   0.67024
FLUX  517   669.00        4.481203E+14   6.2073E-07   1.0263E-06   0.60484
FLUX  518   671.00        4.467846E+14   5.5344E-07   1.0331E-06   0.53569
FLUX  519   673.00        4.454569E+14   5.5148E-07   1.0400E-06   0.53026
FLUX  520   675.00        4.441370E+14   5.3881E-07   1.0469E-06   0.51468
FLUX  521   677.00        4.428250E+14   5.3588E-07   1.0538E-06   0.50854
FLUX  522   679.00        4.415206E+14   5.2716E-07   1.0606E-06   0.49702
FLUX  523   681.00        4.402239E+14   5.5815E-07   1.0675E-06   0.52286
FLUX  524   683.00        4.389348E+14   5.9157E-07   1.0744E-06   0.55062
FLUX  525   685.00        4.376533E+14   5.9540E-07   1.0812E-06   0.55067
FLUX  526   687.00        4.363792E+14   6.2275E-07   1.0881E-06   0.57234
FLUX  527   689.00        4.351125E+14   6.6605E-07   1.0949E-06   0.60830
FLUX  528   691.00        4.338531E+14   7.0652E-07   1.1018E-06   0.64125
FLUX  529   693.00        4.326010E+14   7.1395E-07   1.1086E-06   0.64400
FLUX  530   695.00        4.313561E+14   7.6157E-07   1.1155E-06   0.68274
FLUX  531   697.00        4.301184E+14   8.0853E-07   1.1223E-06   0.72042
FLUX  532   699.00        4.288877E+14   8.1810E-07   1.1291E-06   0.72454
FLUX  533   701.00        4.276641E+14   8.5713E-07   1.1360E-06   0.75454
FLUX  534   703.00        4.264474E+14   8.8879E-07   1.1428E-06   0.77774
FLUX  535   705.00        4.252376E+14   9.2074E-07   1.1496E-06   0.80093
FLUX  536   707.00        4.240347E+14   8.6891E-07   1.1564E-06   0.75140
FLUX  537   709.00        4.228385E+14   6.8402E-07   1.1632E-06   0.58805
FLUX  538   711.00        4.216491E+14   5.4434E-07   1.1700E-06   0.46525
FLUX  539   713.00        4.204663E+14   5.1553E-07   1.1768E-06   0.43809
FLUX  540   715.00        4.192902E+14   5.0684E-07   1.1835E-06   0.42824
FLUX  541   717.00        4.181206E+14   5.3594E-07   1.1903E-06   0.45025
FLUX  542   719.00        4.169576E+14   5.4005E-07   1.1971E-06   0.45114
FLUX  543   721.00        4.158010E+14   5.5785E-07   1.2038E-06   0.46339
FLUX  544   723.00        4.146508E+14   6.2881E-07   1.2106E-06   0.51943
FLUX  545   725.00        4.135069E+14   6.8324E-07   1.2179E-06   0.56097
FLUX  546   727.00        4.123693E+14   7.4519E-07   1.2247E-06   0.60848
FLUX  547   729.00        4.112380E+14   7.8782E-07   1.2314E-06   0.63978
FLUX  548   731.00        4.101129E+14   8.5735E-07   1.2395E-06   0.69171
FLUX  549   733.00        4.089939E+14   8.9519E-07   1.2462E-06   0.71835
FLUX  550   735.00        4.078810E+14   9.3425E-07   1.2529E-06   0.74569
FLUX  551   737.00        4.067741E+14   9.9397E-07   1.2595E-06   0.78916
FLUX  552   739.00        4.056732E+14   1.0144E-06   1.2662E-06   0.80115
FLUX  553   741.00        4.045783E+14   1.0424E-06   1.2729E-06   0.81897
FLUX  554   743.00        4.034892E+14   1.0737E-06   1.2795E-06   0.83916
FLUX  555   745.00        4.024060E+14   1.0866E-06   1.2862E-06   0.84482
FLUX  556   747.00        4.013286E+14   1.1213E-06   1.2928E-06   0.86734
FLUX  557   749.00        4.002570E+14   1.1334E-06   1.2994E-06   0.87223
FLUX  558   751.00        3.991911E+14   1.1633E-06   1.3060E-06   0.89070
FLUX  559   753.00        3.981308E+14   1.1890E-06   1.3126E-06   0.90581
FLUX  560   755.00        3.970762E+14   1.2013E-06   1.3192E-06   0.91061
FLUX  561   757.00        3.960271E+14   1.2045E-06   1.3258E-06   0.90849
FLUX  562   759.00        3.949835E+14   1.2014E-06   1.3324E-06   0.90166
FLUX  563   761.00        3.939455E+14   1.1767E-06   1.3390E-06   0.87881
FLUX  564   763.00        3.929128E+14   1.0847E-06   1.3455E-06   0.80612
FLUX  565   765.00        3.918856E+14   1.0051E-06   1.3521E-06   0.74335
FLUX  566   767.00        3.908638E+14   9.4276E-07   1.3586E-06   0.69391
FLUX  567   769.00        3.898472E+14   9.1538E-07   1.3651E-06   0.67053
FLUX  568   771.00        3.888359E+14   9.1010E-07   1.3717E-06   0.66350
FLUX  569   773.00        3.878299E+14   8.9544E-07   1.3782E-06   0.64973
FLUX  570   775.00        3.868290E+14   9.0631E-07   1.3847E-06   0.65453
FLUX  571   777.00        3.858333E+14   8.9782E-07   1.3911E-06   0.64538
FLUX  572   779.00        3.848427E+14   9.5456E-07   1.3976E-06   0.68299
FLUX  573   781.00        3.838572E+14   9.5765E-07   1.4041E-06   0.68204
FLUX  574   783.00        3.828768E+14   9.3984E-07   1.4105E-06   0.66630
FLUX  575   785.00        3.819013E+14   9.0997E-07   1.4170E-06   0.64219
FLUX  576   787.00        3.809307E+14   9.9092E-07   1.4234E-06   0.69617
FLUX  577   789.00        3.799651E+14   9.7028E-07   1.4298E-06   0.67861
FLUX  578   791.00        3.790044E+14   9.6974E-07   1.4362E-06   0.67521
FLUX  579   793.00        3.780485E+14   1.0097E-06   1.4426E-06   0.69993
FLUX  580   795.00        3.770975E+14   1.0250E-06   1.4489E-06   0.70744
FLUX  581   797.00        3.761512E+14   1.0696E-06   1.4553E-06   0.73499
FLUX  582   799.00        3.752096E+14   1.1107E-06   1.4616E-06   0.75988
FLUX  583   801.00        3.742728E+14   1.1577E-06   1.4680E-06   0.78861
FLUX  584   803.00        3.733406E+14   1.1581E-06   1.4743E-06   0.78556
FLUX  585   805.00        3.724130E+14   1.1958E-06   1.4806E-06   0.80763
FLUX  586   807.00        3.714901E+14   1.2187E-06   1.4869E-06   0.81968
FLUX  587   809.00        3.705717E+14   1.2342E-06   1.4931E-06   0.82659
FLUX  588   811.00        3.696578E+14   1.2774E-06   1.4994E-06   0.85196
FLUX  589   813.00        3.687485E+14   1.3247E-06   1.5056E-06   0.87985
FLUX  590   815.00        3.678436E+14   1.3463E-06   1.5118E-06   0.89049
FLUX  591   817.00        3.669431E+14   1.3665E-06   1.5180E-06   0.90015
FLUX  592   819.00        3.660470E+14   1.3367E-06   1.5242E-06   0.87699
FLUX  593   821.00        3.651553E+14   1.3700E-06   1.5304E-06   0.89516
FLUX  594   823.00        3.642679E+14   1.4112E-06   1.5366E-06   0.91842
FLUX  595   825.00        3.633848E+14   1.3955E-06   1.5427E-06   0.90458
FLUX  596   827.00        3.625060E+14   1.4338E-06   1.5489E-06   0.92566
FLUX  597   829.00        3.616315E+14   1.4292E-06   1.5550E-06   0.91909
FLUX  598   831.00        3.607611E+14   1.3806E-06   1.5611E-06   0.88439
FLUX  599   833.00        3.598950E+14   1.3636E-06   1.5672E-06   0.87008
FLUX  600   835.00        3.590329E+14   1.3777E-06   1.5733E-06   0.87566
FLUX  601   837.00        3.581750E+14   1.3845E-06   1.5794E-06   0.87658
FLUX  602   839.00        3.573212E+14   1.3206E-06   1.5854E-06   0.83294
FLUX  603   841.00        3.564715E+14   1.3688E-06   1.5915E-06   0.86009
FLUX  604   843.00        3.556257E+14   1.2043E-06   1.5975E-06   0.75387
FLUX  605   845.00        3.547840E+14   1.0583E-06   1.6035E-06   0.65998
FLUX  606   847.00        3.539463E+14   1.1106E-06   1.6095E-06   0.69000
FLUX  607   849.00        3.531125E+14   1.1218E-06   1.6155E-06   0.69440
FLUX  608   851.00        3.522826E+14   1.0906E-06   1.6215E-06   0.67258
FLUX  609   853.00        3.514566E+14   1.1611E-06   1.6274E-06   0.71343
FLUX  610   855.00        3.506345E+14   1.1538E-06   1.6334E-06   0.70640
FLUX  611   857.00        3.498162E+14   1.2347E-06   1.6393E-06   0.75319
FLUX  612   859.00        3.490017E+14   1.2679E-06   1.6452E-06   0.77066
FLUX  613   861.00        3.481911E+14   1.3106E-06   1.6511E-06   0.79376
FLUX  614   863.00        3.473841E+14   1.3564E-06   1.6570E-06   0.81858
FLUX  615   865.00        3.465809E+14   1.4013E-06   1.6629E-06   0.84271
FLUX  616   867.00        3.457814E+14   1.3180E-06   1.6687E-06   0.78984
FLUX  617   869.00        3.449856E+14   1.3925E-06   1.6746E-06   0.83157
FLUX  618   871.00        3.441935E+14   1.4665E-06   1.6804E-06   0.87271
FLUX  619   873.00        3.434049E+14   1.4943E-06   1.6862E-06   0.88621
FLUX  620   875.00        3.426200E+14   1.5082E-06   1.6920E-06   0.89136
FLUX  621   877.00        3.418387E+14   1.5238E-06   1.6978E-06   0.89753
FLUX  622   879.00        3.410609E+14   1.5559E-06   1.7035E-06   0.91331
FLUX  623   881.00        3.402866E+14   1.5317E-06   1.7093E-06   0.89607
FLUX  624   883.00        3.395159E+14   1.5583E-06   1.7150E-06   0.90859
FLUX  625   885.00        3.387486E+14   1.5980E-06   1.7208E-06   0.92865
FLUX  626   887.00        3.379848E+14   1.5855E-06   1.7265E-06   0.91834
FLUX  627   889.00        3.372244E+14   1.6237E-06   1.7322E-06   0.93736
FLUX  628   891.00        3.364675E+14   1.6443E-06   1.7379E-06   0.94615
FLUX  629   893.00        3.357139E+14   1.6169E-06   1.7435E-06   0.92739
FLUX  630   895.00        3.349637E+14   1.6257E-06   1.7492E-06   0.92941
FLUX  631   897.00        3.342168E+14   1.6427E-06   1.7548E-06   0.93612
FLUX  632   899.00        3.334733E+14   1.6664E-06   1.7604E-06   0.94658
FLUX  633   901.00        3.327331E+14   1.6151E-06   1.7660E-06   0.91452
FLUX  634   903.00        3.319961E+14   1.6626E-06   1.7716E-06   0.93845
FLUX  635   905.00        3.312624E+14   1.7101E-06   1.7772E-06   0.96226
FLUX  636   907.00        3.305320E+14   1.7242E-06   1.7827E-06   0.96717
FLUX  637   909.00        3.298047E+14   1.6698E-06   1.7883E-06   0.93375
FLUX  638   911.00        3.290807E+14   1.6920E-06   1.7938E-06   0.94325
FLUX  639   913.00        3.283598E+14   1.7335E-06   1.7993E-06   0.96346
FLUX  640   915.00        3.276421E+14   1.7275E-06   1.8048E-06   0.95718
FLUX  641   917.00        3.269275E+14   1.7386E-06   1.8103E-06   0.96039
FLUX  642   919.00        3.262160E+14   1.7660E-06   1.8157E-06   0.97261
FLUX  643   921.00        3.255076E+14   1.6839E-06   1.8212E-06   0.92461
FLUX  644   923.00        3.248023E+14   1.6609E-06   1.8266E-06   0.90926
FLUX  645   925.00        3.241000E+14   1.6513E-06   1.8320E-06   0.90132
FLUX  646   927.00        3.234008E+14   1.6403E-06   1.8375E-06   0.89272
FLUX  647   929.00        3.227045E+14   1.6079E-06   1.8429E-06   0.87248
FLUX  648   931.00        3.220113E+14   1.6489E-06   1.8483E-06   0.89210
FLUX  649   933.00        3.213210E+14   1.6589E-06   1.8537E-06   0.89493
FLUX  650   935.00        3.206337E+14   1.6400E-06   1.8590E-06   0.88219
FLUX  651   937.00        3.199493E+14   1.6218E-06   1.8644E-06   0.86985
FLUX  652   939.00        3.192678E+14   1.6828E-06   1.8697E-06   0.90000
FLUX  653   941.00        3.185893E+14   1.6626E-06   1.8751E-06   0.88666
FLUX  654   943.00        3.179136E+14   1.6957E-06   1.8804E-06   0.90177
FLUX  655   945.00        3.172407E+14   1.6785E-06   1.8857E-06   0.89012
FLUX  656   947.00        3.165707E+14   1.7384E-06   1.8910E-06   0.91929
FLUX  657   949.00        3.159036E+14   1.7522E-06   1.8963E-06   0.92405
FLUX  658   951.00        3.152392E+14   1.7548E-06   1.9015E-06   0.92285
FLUX  659   953.00        3.145776E+14   1.7715E-06   1.9068E-06   0.92904
FLUX  660   955.00        3.139188E+14   1.7460E-06   1.9120E-06   0.91320
FLUX  661   957.00        3.132628E+14   1.7688E-06   1.9172E-06   0.92260
FLUX  662   959.00        3.126095E+14   1.8257E-06   1.9224E-06   0.94967
FLUX  663   961.00        3.119589E+14   1.8022E-06   1.9276E-06   0.93491
FLUX  664   963.00        3.113110E+14   1.8381E-06   1.9328E-06   0.95101
FLUX  665   965.00        3.106658E+14   1.7760E-06   1.9380E-06   0.91644
FLUX  666   967.00        3.100233E+14   1.7933E-06   1.9431E-06   0.92290
FLUX  667   969.00        3.093834E+14   1.8571E-06   1.9483E-06   0.95321
FLUX  668   971.00        3.087461E+14   1.8424E-06   1.9534E-06   0.94317
FLUX  669   973.00        3.081115E+14   1.8331E-06   1.9585E-06   0.93599
FLUX  670   975.00        3.074795E+14   1.8492E-06   1.9636E-06   0.94177
FLUX  671   977.00        3.068501E+14   1.8735E-06   1.9687E-06   0.95164
FLUX  672   979.00        3.062232E+14   1.8387E-06   1.9737E-06   0.93159
FLUX  673   981.00        3.055989E+14   1.9233E-06   1.9788E-06   0.97194
FLUX  674   983.00        3.049771E+14   1.9018E-06   1.9838E-06   0.95863
FLUX  675   985.00        3.043579E+14   1.9487E-06   1.9889E-06   0.97979
FLUX  676   987.00        3.037411E+14   1.9453E-06   1.9939E-06   0.97562
FLUX  677   989.00        3.031269E+14   1.9536E-06   1.9989E-06   0.97733
FLUX  678   991.00        3.025151E+14   1.9547E-06   2.0039E-06   0.97546
FLUX  679   993.00        3.019058E+14   1.9597E-06   2.0089E-06   0.97551
FLUX  680   995.00        3.012990E+14   1.9683E-06   2.0139E-06   0.97736
FLUX  681   997.00        3.006946E+14   1.9836E-06   2.0189E-06   0.98253
FLUX  682   999.00        3.000926E+14   1.9926E-06   2.0238E-06   0.98457
FLUX  683  1002.50        2.990449E+14   1.9818E-06   2.0325E-06   0.97509
FLUX  684  1007.50        2.975608E+14   1.9839E-06   2.0448E-06   0.97021
FLUX  685  1012.50        2.960914E+14   2.0157E-06   2.0571E-06   0.97989
FLUX  686  1017.50        2.946364E+14   2.0121E-06   2.0693E-06   0.97235
FLUX  687  1022.50        2.931956E+14   2.0243E-06   2.0814E-06   0.97254
FLUX  688  1027.50        2.917689E+14   2.0428E-06   2.0936E-06   0.97577
FLUX  689  1032.50        2.903559E+14   2.0286E-06   2.1056E-06   0.96340
FLUX  690  1037.50        2.889566E+14   2.0354E-06   2.1177E-06   0.96115
FLUX  691  1042.50        2.875707E+14   2.0682E-06   2.1296E-06   0.97116
FLUX  692  1047.50        2.861981E+14   2.0763E-06   2.1416E-06   0.96952
FLUX  693  1052.50        2.848385E+14   2.1035E-06   2.1534E-06   0.97684
FLUX  694  1057.50        2.834917E+14   2.0997E-06   2.1652E-06   0.96977
FLUX  695  1062.50        2.821576E+14   2.1276E-06   2.1769E-06   0.97738
FLUX  696  1067.50        2.808361E+14   2.1155E-06   2.1886E-06   0.96660
FLUX  697  1072.50        2.795268E+14   2.1383E-06   2.2002E-06   0.97186
FLUX  698  1077.50        2.782297E+14   2.1486E-06   2.2118E-06   0.97139
FLUX  699  1082.50        2.769446E+14   2.1396E-06   2.2235E-06   0.96228
FLUX  700  1087.50        2.756713E+14   2.1754E-06   2.2351E-06   0.97329
FLUX  701  1092.50        2.744096E+14   2.2123E-06   2.2467E-06   0.98467
FLUX  702  1097.50        2.731595E+14   2.2162E-06   2.2583E-06   0.98137
FLUX  703  1102.50        2.719206E+14   2.2374E-06   2.2698E-06   0.98569
FLUX  704  1107.50        2.706930E+14   2.2547E-06   2.2813E-06   0.98835
FLUX  705  1112.50        2.694764E+14   2.2658E-06   2.2928E-06   0.98821
FLUX  706  1117.50        2.682707E+14   2.2641E-06   2.3043E-06   0.98256
FLUX  707  1122.50        2.670757E+14   2.2905E-06   2.3158E-06   0.98909
FLUX  708  1127.50        2.658914E+14   2.2779E-06   2.3273E-06   0.97877
FLUX  709  1132.50        2.647174E+14   2.2963E-06   2.3388E-06   0.98182
FLUX  710  1137.50        2.635538E+14   2.2939E-06   2.3504E-06   0.97596
FLUX  711  1142.50        2.624004E+14   2.2930E-06   2.3619E-06   0.97082
FLUX  712  1147.50        2.612571E+14   2.3452E-06   2.3735E-06   0.98807
FLUX  713  1152.50        2.601236E+14   2.3712E-06   2.3851E-06   0.99419
FLUX  714  1157.50        2.590000E+14   2.3634E-06   2.3967E-06   0.98612
FLUX  715  1162.50        2.578860E+14   2.3486E-06   2.4083E-06   0.97521
FLUX  716  1167.50        2.567816E+14   2.3760E-06   2.4200E-06   0.98181
FLUX  717  1172.50        2.556866E+14   2.4184E-06   2.4317E-06   0.99453
FLUX  718  1177.50        2.546008E+14   2.3928E-06   2.4434E-06   0.97930
FLUX  719  1182.50        2.535243E+14   2.4076E-06   2.4552E-06   0.98059
FLUX  720  1187.50        2.524568E+14   2.3988E-06   2.4671E-06   0.97232
FLUX  721  1192.50        2.513983E+14   2.4648E-06   2.4790E-06   0.99428
FLUX  722  1197.50        2.503486E+14   2.4001E-06   2.4909E-06   0.96353
FLUX  723  1202.50        2.493077E+14   2.4798E-06   2.5029E-06   0.99075
FLUX  724  1207.50        2.482754E+14   2.4748E-06   2.5150E-06   0.98405
FLUX  725  1212.50        2.472515E+14   2.5060E-06   2.5271E-06   0.99167
FLUX  726  1217.50        2.462361E+14   2.5277E-06   2.5393E-06   0.99544
FLUX  727  1222.50        2.452290E+14   2.5385E-06   2.5516E-06   0.99488
FLUX  728  1227.50        2.442301E+14   2.5453E-06   2.5639E-06   0.99271
FLUX  729  1232.50        2.432394E+14   2.5512E-06   2.5765E-06   0.99018
FLUX  730  1237.50        2.422566E+14   2.5742E-06   2.5891E-06   0.99426
FLUX  731  1242.50        2.412817E+14   2.5750E-06   2.6018E-06   0.98971
FLUX  732  1247.50        2.403146E+14   2.5975E-06   2.6147E-06   0.99343
FLUX  733  1252.50        2.393553E+14   2.5923E-06   2.6277E-06   0.98653
FLUX  734  1257.50        2.384036E+14   2.6164E-06   2.6408E-06   0.99076
FLUX  735  1262.50        2.374594E+14   2.6283E-06   2.6540E-06   0.99029
FLUX  736  1267.50        2.365227E+14   2.6268E-06   2.6675E-06   0.98476
FLUX  737  1272.50        2.355933E+14   2.6526E-06   2.6810E-06   0.98938
FLUX  738  1277.50        2.346712E+14   2.6866E-06   2.6949E-06   0.99694
FLUX  739  1282.50        2.337563E+14   2.6178E-06   2.7089E-06   0.96637
FLUX  740  1287.50        2.328485E+14   2.6811E-06   2.7231E-06   0.98460
FLUX  741  1292.50        2.319478E+14   2.6565E-06   2.7374E-06   0.97044
FLUX  742  1297.50        2.310539E+14   2.7290E-06   2.7520E-06   0.99164
FLUX  743  1302.50        2.301670E+14   2.7191E-06   2.7668E-06   0.98277
FLUX  744  1307.50        2.292868E+14   2.7619E-06   2.7817E-06   0.99289
FLUX  745  1312.50        2.284133E+14   2.7121E-06   2.7969E-06   0.96968
FLUX  746  1317.50        2.275465E+14   2.7495E-06   2.8123E-06   0.97767
FLUX  747  1322.50        2.266862E+14   2.7923E-06   2.8280E-06   0.98738
FLUX  748  1327.50        2.258324E+14   2.7733E-06   2.8439E-06   0.97517
FLUX  749  1332.50        2.249850E+14   2.8167E-06   2.8601E-06   0.98486
FLUX  750  1337.50        2.241439E+14   2.8272E-06   2.8765E-06   0.98287
FLUX  751  1342.50        2.233091E+14   2.8645E-06   2.8933E-06   0.99006
FLUX  752  1347.50        2.224805E+14   2.8796E-06   2.9103E-06   0.98944
FLUX  753  1352.50        2.216580E+14   2.8943E-06   2.9278E-06   0.98855
FLUX  754  1357.50        2.208416E+14   2.8886E-06   2.9456E-06   0.98065
FLUX  755  1362.50        2.200312E+14   2.8854E-06   2.9638E-06   0.97355
FLUX  756  1367.50        2.192267E+14   2.9384E-06   2.9823E-06   0.98527
FLUX  757  1372.50        2.184281E+14   2.9766E-06   3.0012E-06   0.99181
FLUX  758  1377.50        2.176352E+14   2.9804E-06   3.0204E-06   0.98677
FLUX  759  1382.50        2.168481E+14   3.0135E-06   3.0400E-06   0.99128
FLUX  760  1387.50        2.160667E+14   2.9996E-06   3.0600E-06   0.98028
FLUX  761  1392.50        2.152908E+14   3.0547E-06   3.0804E-06   0.99164
FLUX  762  1397.50        2.145206E+14   3.0798E-06   3.1013E-06   0.99309
FLUX  763  1402.50        2.137558E+14   3.0567E-06   3.1226E-06   0.97888
FLUX  764  1407.50        2.129964E+14   3.1196E-06   3.1444E-06   0.99212
FLUX  765  1412.50        2.122425E+14   3.1125E-06   3.1667E-06   0.98289
FLUX  766  1417.50        2.114938E+14   3.1660E-06   3.1895E-06   0.99264
FLUX  767  1422.50        2.107504E+14   3.1535E-06   3.2129E-06   0.98153
FLUX  768  1427.50        2.100123E+14   3.0906E-06   3.2367E-06   0.95487
FLUX  769  1432.50        2.092792E+14   3.2128E-06   3.2610E-06   0.98521
FLUX  770  1437.50        2.085513E+14   3.2410E-06   3.2858E-06   0.98638
FLUX  771  1442.50        2.078284E+14   3.1975E-06   3.3111E-06   0.96569
FLUX  772  1447.50        2.071105E+14   3.2859E-06   3.3370E-06   0.98468
FLUX  773  1452.50        2.063976E+14   3.2776E-06   3.3635E-06   0.97444
FLUX  774  1457.00        2.057601E+14   3.3117E-06   3.3880E-06   0.97750
FLUX  775  1462.00        2.050564E+14   3.3571E-06   3.4162E-06   0.98270
FLUX  776  1467.50        2.042879E+14   3.3846E-06   3.4476E-06   0.98173
FLUX  777  1472.50        2.035942E+14   3.3564E-06   3.4768E-06   0.96539
FLUX  778  1477.50        2.029052E+14   3.4075E-06   3.5066E-06   0.97175
FLUX  779  1482.50        2.022209E+14   3.4454E-06   3.5368E-06   0.97414
FLUX  780  1487.50        2.015412E+14   3.4040E-06   3.5677E-06   0.95410
FLUX  781  1492.50        2.008660E+14   3.5409E-06   3.5993E-06   0.98379
FLUX  782  1497.50        2.001953E+14   3.5236E-06   3.6314E-06   0.97031
FLUX  783  1502.50        1.995291E+14   3.4324E-06   3.6642E-06   0.93673
FLUX  784  1507.50        1.988673E+14   3.4983E-06   3.6976E-06   0.94610
FLUX  785  1512.50        1.982099E+14   3.6186E-06   3.7316E-06   0.96973
FLUX  786  1517.50        1.975568E+14   3.6386E-06   3.7661E-06   0.96615
FLUX  787  1522.50        1.969080E+14   3.6809E-06   3.8012E-06   0.96836
FLUX  788  1527.50        1.962635E+14   3.7396E-06   3.8369E-06   0.97464
FLUX  789  1532.50        1.956232E+14   3.7484E-06   3.8729E-06   0.96785
FLUX  790  1537.50        1.949870E+14   3.8122E-06   3.9093E-06   0.97516
FLUX  791  1542.50        1.943549E+14   3.8491E-06   3.9460E-06   0.97543
FLUX  792  1547.50        1.937270E+14   3.8823E-06   3.9831E-06   0.97468
FLUX  793  1552.50        1.931031E+14   3.8587E-06   4.0205E-06   0.95974
FLUX  794  1557.50        1.924831E+14   3.8892E-06   4.0578E-06   0.95844
FLUX  795  1562.50        1.918672E+14   3.9747E-06   4.0950E-06   0.97064
FLUX  796  1567.50        1.912552E+14   3.9199E-06   4.1321E-06   0.94865
FLUX  797  1572.50        1.906471E+14   3.9992E-06   4.1689E-06   0.95929
FLUX  798  1577.50        1.900428E+14   3.8796E-06   4.2055E-06   0.92249
FLUX  799  1582.50        1.894423E+14   4.0169E-06   4.2414E-06   0.94707
FLUX  800  1587.50        1.888457E+14   3.9480E-06   4.2763E-06   0.92322
FLUX  801  1592.50        1.882527E+14   4.0403E-06   4.3101E-06   0.93740
FLUX  802  1597.50        1.876635E+14   4.1479E-06   4.3427E-06   0.95514
FLUX  803  1605.00        1.867866E+14   4.1933E-06   4.3886E-06   0.95550
FLUX  804  1615.00        1.856300E+14   4.2147E-06   4.4415E-06   0.94894
FLUX  805  1625.00        1.844877E+14   4.2692E-06   4.4815E-06   0.95264
FLUX  806  1635.00        1.833593E+14   4.3233E-06   4.4989E-06   0.96096
FLUX  807  1645.00        1.822447E+14   4.2971E-06   4.4840E-06   0.95832
FLUX  808  1655.00        1.811435E+14   4.3133E-06   4.4467E-06   0.96999
FLUX  809  1665.00        1.800556E+14   4.2845E-06   4.4098E-06   0.97159
FLUX  810  1675.00        1.789806E+14   4.2110E-06   4.3733E-06   0.96290
FLUX  811  1685.00        1.779184E+14   4.1982E-06   4.3372E-06   0.96796
FLUX  812  1695.00        1.768687E+14   4.2256E-06   4.3014E-06   0.98236
FLUX  813  1705.00        1.758314E+14   4.1271E-06   4.2661E-06   0.96743
FLUX  814  1715.00        1.748061E+14   4.1217E-06   4.2311E-06   0.97415
FLUX  815  1725.00        1.737928E+14   4.0514E-06   4.1965E-06   0.96544
FLUX  816  1735.00        1.727911E+14   4.0394E-06   4.1622E-06   0.97048
FLUX  817  1745.00        1.718009E+14   4.0118E-06   4.1284E-06   0.97177
FLUX  818  1755.00        1.708219E+14   3.9823E-06   4.0949E-06   0.97251
FLUX  819  1765.00        1.698541E+14   3.9717E-06   4.0618E-06   0.97782
FLUX  820  1775.00        1.688972E+14   3.9153E-06   4.0290E-06   0.97176
FLUX  821  1785.00        1.679510E+14   3.9317E-06   3.9966E-06   0.98376
FLUX  822  1795.00        1.670153E+14   3.8780E-06   3.9646E-06   0.97814
FLUX  823  1805.00        1.660900E+14   3.8208E-06   3.9329E-06   0.97150
FLUX  824  1815.00        1.651749E+14   3.8127E-06   3.9016E-06   0.97722
FLUX  825  1825.00        1.642699E+14   3.7691E-06   3.8704E-06   0.97383
FLUX  826  1835.00        1.633747E+14   3.7255E-06   3.8394E-06   0.97033
FLUX  827  1845.00        1.624892E+14   3.6651E-06   3.8087E-06   0.96230
FLUX  828  1855.00        1.616132E+14   3.6915E-06   3.7783E-06   0.97704
FLUX  829  1865.00        1.607466E+14   3.6125E-06   3.7482E-06   0.96379
FLUX  830  1875.00        1.598893E+14   3.6022E-06   3.7185E-06   0.96871
FLUX  831  1885.00        1.590411E+14   3.5953E-06   3.6891E-06   0.97456
FLUX  832  1895.00        1.582018E+14   3.4525E-06   3.6601E-06   0.94329
FLUX  833  1905.00        1.573714E+14   3.5524E-06   3.6314E-06   0.97824
FLUX  834  1915.00        1.565496E+14   3.5106E-06   3.6030E-06   0.97435
FLUX  835  1925.00        1.557364E+14   3.4953E-06   3.5749E-06   0.97772
FLUX  836  1935.00        1.549315E+14   3.4049E-06   3.5471E-06   0.95991
FLUX  837  1945.00        1.541350E+14   3.3657E-06   3.5197E-06   0.95624
FLUX  838  1955.00        1.533465E+14   3.3938E-06   3.4925E-06   0.97173
FLUX  839  1965.00        1.525662E+14   3.3798E-06   3.4656E-06   0.97522
FLUX  840  1975.00        1.517937E+14   3.2949E-06   3.4390E-06   0.95809
FLUX  841  1985.00        1.510290E+14   3.2902E-06   3.4127E-06   0.96410
FLUX  842  1995.00        1.502719E+14   3.2887E-06   3.3867E-06   0.97106
FLUX  843  2005.00        1.495224E+14   3.3228E-06   3.3609E-06   0.98866
FLUX  844  2015.00        1.487804E+14   3.2972E-06   3.3353E-06   0.98856
FLUX  845  2025.00        1.480457E+14   3.2196E-06   3.3101E-06   0.97268
FLUX  846  2035.00        1.473182E+14   3.2138E-06   3.2851E-06   0.97830
FLUX  847  2045.00        1.465978E+14   3.2327E-06   3.2604E-06   0.99151
FLUX  848  2055.00        1.458844E+14   3.1970E-06   3.2359E-06   0.98798
FLUX  849  2065.00        1.451780E+14   3.1568E-06   3.2117E-06   0.98291
FLUX  850  2075.00        1.444783E+14   3.1484E-06   3.1878E-06   0.98767
FLUX  851  2085.00        1.437854E+14   3.1138E-06   3.1641E-06   0.98411
FLUX  852  2095.00        1.430990E+14   3.0609E-06   3.1407E-06   0.97461
FLUX  853  2105.00        1.424192E+14   3.0834E-06   3.1175E-06   0.98906
FLUX  854  2115.00        1.417459E+14   3.0444E-06   3.0945E-06   0.98380
FLUX  855  2125.00        1.410788E+14   3.0256E-06   3.0719E-06   0.98493
FLUX  856  2135.00        1.404180E+14   3.0292E-06   3.0494E-06   0.99336
FLUX  857  2145.00        1.397634E+14   3.0040E-06   3.0272E-06   0.99235
FLUX  858  2155.00        1.391148E+14   2.9745E-06   3.0052E-06   0.98977
FLUX  859  2165.00        1.384723E+14   2.9594E-06   2.9834E-06   0.99193
FLUX  860  2175.00        1.378356E+14   2.9101E-06   2.9619E-06   0.98253
FLUX  861  2185.00        1.372048E+14   2.9064E-06   2.9406E-06   0.98839
FLUX  862  2195.00        1.365797E+14   2.8897E-06   2.9194E-06   0.98980
FLUX  863  2205.00        1.359603E+14   2.8000E-06   2.8986E-06   0.96599
FLUX  864  2215.00        1.353465E+14   2.8655E-06   2.8779E-06   0.99571
FLUX  865  2225.00        1.347382E+14   2.7815E-06   2.8574E-06   0.97342
FLUX  866  2235.00        1.341353E+14   2.7863E-06   2.8372E-06   0.98207
FLUX  867  2245.00        1.335379E+14   2.7717E-06   2.8171E-06   0.98389
FLUX  868  2255.00        1.329457E+14   2.7775E-06   2.7973E-06   0.99295
FLUX  869  2265.00        1.323587E+14   2.7086E-06   2.7776E-06   0.97517
FLUX  870  2275.00        1.317769E+14   2.7448E-06   2.7582E-06   0.99516
FLUX  871  2285.00        1.312002E+14   2.6964E-06   2.7395E-06   0.98425
FLUX  872  2295.00        1.306285E+14   2.2360E-06   2.7210E-06   0.82177
FLUX  873  2305.00        1.300618E+14   2.4373E-06   2.7027E-06   0.90182
FLUX  874  2315.00        1.295000E+14   2.4478E-06   2.6845E-06   0.91182
FLUX  875  2325.00        1.289430E+14   2.0510E-06   2.6666E-06   0.76915
FLUX  876  2335.00        1.283908E+14   2.2628E-06   2.6488E-06   0.85428
FLUX  877  2345.00        1.278433E+14   2.2907E-06   2.6311E-06   0.87063
FLUX  878  2355.00        1.273004E+14   1.9325E-06   2.6136E-06   0.73938
FLUX  879  2365.00        1.267622E+14   2.1772E-06   2.5963E-06   0.83855
FLUX  880  2375.00        1.262284E+14   2.1779E-06   2.5792E-06   0.84443
FLUX  881  2385.00        1.256992E+14   1.8965E-06   2.5622E-06   0.74018
FLUX  882  2395.00        1.251743E+14   2.0842E-06   2.5453E-06   0.81881
FLUX  883  2405.00        1.246538E+14   2.1339E-06   2.5287E-06   0.84389
FLUX  884  2415.00        1.241377E+14   1.8859E-06   2.5121E-06   0.75072
FLUX  885  2425.00        1.236258E+14   2.0335E-06   2.4958E-06   0.81478
FLUX  886  2435.00        1.231181E+14   2.0814E-06   2.4795E-06   0.83943
FLUX  887  2445.00        1.226145E+14   1.9414E-06   2.4635E-06   0.78809
FLUX  888  2455.00        1.221151E+14   1.9394E-06   2.4475E-06   0.79237
FLUX  889  2465.00        1.216197E+14   2.0585E-06   2.4318E-06   0.84652
FLUX  890  2475.00        1.211283E+14   1.9939E-06   2.4161E-06   0.82526
FLUX  891  2485.00        1.206408E+14   1.8894E-06   2.4007E-06   0.78705
FLUX  892  2495.00        1.201573E+14   1.9867E-06   2.3853E-06   0.83289
FLUX  893  2505.00        1.196776E+14   2.0786E-06   2.3701E-06   0.87701
FLUX  894  2515.00        1.192018E+14   1.8829E-06   2.3551E-06   0.79949
FLUX  895  2525.00        1.187297E+14   1.9920E-06   2.3402E-06   0.85123
FLUX  896  2535.00        1.182613E+14   2.0211E-06   2.3254E-06   0.86915
FLUX  897  2545.00        1.177967E+14   1.9704E-06   2.3107E-06   0.85272
FLUX  898  2555.00        1.173356E+14   1.9552E-06   2.2962E-06   0.85147
FLUX  899  2565.00        1.168782E+14   1.9898E-06   2.2818E-06   0.87203
FLUX  900  2575.00        1.164243E+14   2.0131E-06   2.2676E-06   0.88777
FLUX  901  2585.00        1.159739E+14   1.9083E-06   2.2534E-06   0.84684
FLUX  902  2595.00        1.155270E+14   1.9545E-06   2.2394E-06   0.87277
FLUX  903  2605.00        1.150835E+14   1.9882E-06   2.2256E-06   0.89334
FLUX  904  2615.00        1.146434E+14   1.9648E-06   2.2118E-06   0.88831
FLUX  905  2625.00        1.142067E+14   1.9484E-06   2.1982E-06   0.88635
FLUX  906  2635.00        1.137732E+14   1.9687E-06   2.1847E-06   0.90111
FLUX  907  2645.00        1.133431E+14   1.9641E-06   2.1713E-06   0.90457
FLUX  908  2655.00        1.129162E+14   1.9543E-06   2.1580E-06   0.90559
FLUX  909  2665.00        1.124925E+14   1.9210E-06   2.1449E-06   0.89563
FLUX  910  2675.00        1.120720E+14   1.9863E-06   2.1319E-06   0.93175
FLUX  911  2685.00        1.116546E+14   1.9670E-06   2.1189E-06   0.92829
FLUX  912  2695.00        1.112403E+14   1.9342E-06   2.1061E-06   0.91837
FLUX  913  2705.00        1.108290E+14   1.9552E-06   2.0934E-06   0.93399
FLUX  914  2715.00        1.104208E+14   1.9489E-06   2.0808E-06   0.93660
FLUX  915  2725.00        1.100156E+14   1.9522E-06   2.0683E-06   0.94385
FLUX  916  2735.00        1.096133E+14   1.9224E-06   2.0560E-06   0.93504
FLUX  917  2745.00        1.092140E+14   1.9364E-06   2.0437E-06   0.94750
FLUX  918  2755.00        1.088176E+14   1.9458E-06   2.0315E-06   0.95779
FLUX  919  2765.00        1.084241E+14   1.9219E-06   2.0195E-06   0.95169
FLUX  920  2775.00        1.080333E+14   1.9038E-06   2.0075E-06   0.94834
FLUX  921  2785.00        1.076454E+14   1.9116E-06   1.9957E-06   0.95788
FLUX  922  2795.00        1.072603E+14   1.9202E-06   1.9839E-06   0.96787
FLUX  923  2805.00        1.068779E+14   1.9068E-06   1.9723E-06   0.96679
FLUX  924  2815.00        1.064982E+14   1.8876E-06   1.9607E-06   0.96269
FLUX  925  2825.00        1.061212E+14   1.8888E-06   1.9493E-06   0.96896
FLUX  926  2835.00        1.057469E+14   1.8922E-06   1.9379E-06   0.97641
FLUX  927  2845.00        1.053752E+14   1.8789E-06   1.9266E-06   0.97524
FLUX  928  2855.00        1.050061E+14   1.8692E-06   1.9155E-06   0.97582
FLUX  929  2865.00        1.046396E+14   1.8633E-06   1.9044E-06   0.97840
FLUX  930  2875.00        1.042757E+14   1.8599E-06   1.8934E-06   0.98231
FLUX  931  2885.00        1.039142E+14   1.8496E-06   1.8825E-06   0.98250
FLUX  932  2895.00        1.035553E+14   1.8420E-06   1.8717E-06   0.98409
FLUX  933  2905.00        1.031988E+14   1.8277E-06   1.8610E-06   0.98208
FLUX  934  2915.00        1.028448E+14   1.8229E-06   1.8504E-06   0.98514
FLUX  935  2925.00        1.024932E+14   1.7888E-06   1.8399E-06   0.97226
FLUX  936  2935.00        1.021440E+14   1.8050E-06   1.8294E-06   0.98662
FLUX  937  2945.00        1.017971E+14   1.7954E-06   1.8191E-06   0.98698
FLUX  938  2955.00        1.014526E+14   1.7872E-06   1.8088E-06   0.98805
FLUX  939  2965.00        1.011105E+14   1.7839E-06   1.7986E-06   0.99183
FLUX  940  2975.00        1.007706E+14   1.7764E-06   1.7885E-06   0.99322
FLUX  941  2985.00        1.004330E+14   1.7621E-06   1.7785E-06   0.99076
FLUX  942  2995.00        1.000977E+14   1.7516E-06   1.7686E-06   0.99040
FLUX  943  3005.00        9.976456E+13   1.7442E-06   1.7587E-06   0.99176
FLUX  944  3015.00        9.943367E+13   1.7399E-06   1.7489E-06   0.99481
FLUX  945  3025.00        9.910496E+13   1.7234E-06   1.7392E-06   0.99087
FLUX  946  3035.00        9.877842E+13   1.7163E-06   1.7296E-06   0.99231
FLUX  947  3045.00        9.845402E+13   1.7133E-06   1.7200E-06   0.99611
FLUX  948  3055.00        9.813175E+13   1.6997E-06   1.7104E-06   0.99372
FLUX  949  3065.00        9.781158E+13   1.6896E-06   1.7010E-06   0.99335
FLUX  950  3075.00        9.749350E+13   1.6851E-06   1.6916E-06   0.99616
FLUX  951  3085.00        9.717747E+13   1.6648E-06   1.6822E-06   0.98962
FLUX  952  3095.00        9.686349E+13   1.6636E-06   1.6730E-06   0.99440
FLUX  953  3105.00        9.655153E+13   1.6589E-06   1.6638E-06   0.99707
FLUX  954  3115.00        9.624157E+13   1.6352E-06   1.6547E-06   0.98823
FLUX  955  3125.00        9.593360E+13   1.6402E-06   1.6457E-06   0.99669
FLUX  956  3135.00        9.562759E+13   1.6313E-06   1.6367E-06   0.99670
FLUX  957  3145.00        9.532353E+13   1.6219E-06   1.6278E-06   0.99634
FLUX  958  3155.00        9.502139E+13   1.6112E-06   1.6190E-06   0.99518
FLUX  959  3165.00        9.472117E+13   1.5979E-06   1.6103E-06   0.99230
FLUX  960  3175.00        9.442283E+13   1.5976E-06   1.6016E-06   0.99753
FLUX  961  3185.00        9.412637E+13   1.5890E-06   1.5930E-06   0.99750
FLUX  962  3195.00        9.383177E+13   1.5821E-06   1.5844E-06   0.99850
FLUX  963  3210.00        9.339330E+13   1.5677E-06   1.5718E-06   0.99745
FLUX  964  3230.00        9.281502E+13   1.5491E-06   1.5551E-06   0.99613
FLUX  965  3250.00        9.224385E+13   1.5338E-06   1.5386E-06   0.99685
FLUX  966  3270.00        9.167966E+13   1.5161E-06   1.5225E-06   0.99579
FLUX  967  3290.00        9.112234E+13   1.5012E-06   1.5065E-06   0.99644
FLUX  968  3310.00        9.057175E+13   1.4835E-06   1.4909E-06   0.99507
FLUX  969  3330.00        9.002778E+13   1.4661E-06   1.4754E-06   0.99370
FLUX  970  3350.00        8.949030E+13   1.4568E-06   1.4602E-06   0.99763
FLUX  971  3370.00        8.895920E+13   1.4397E-06   1.4453E-06   0.99613
FLUX  972  3390.00        8.843437E+13   1.4219E-06   1.4305E-06   0.99401
FLUX  973  3410.00        8.791569E+13   1.4043E-06   1.4160E-06   0.99175
FLUX  974  3430.00        8.740306E+13   1.3971E-06   1.4017E-06   0.99672
FLUX  975  3450.00        8.689638E+13   1.3845E-06   1.3876E-06   0.99782
FLUX  976  3470.00        8.639553E+13   1.3698E-06   1.3737E-06   0.99718
FLUX  977  3490.00        8.590043E+13   1.3566E-06   1.3600E-06   0.99751
FLUX  978  3510.00        8.541097E+13   1.3447E-06   1.3465E-06   0.99869
FLUX  979  3530.00        8.492705E+13   1.3282E-06   1.3332E-06   0.99627
FLUX  980  3550.00        8.444859E+13   1.3178E-06   1.3201E-06   0.99826
FLUX  981  3570.00        8.397549E+13   1.3036E-06   1.3072E-06   0.99720
FLUX  982  3590.00        8.350766E+13   1.2905E-06   1.2945E-06   0.99690
FLUX  983  3610.00        8.304501E+13   1.2802E-06   1.2820E-06   0.99862
FLUX  984  3630.00        8.258747E+13   1.2679E-06   1.2696E-06   0.99861
FLUX  985  3650.00        8.213493E+13   1.2527E-06   1.2574E-06   0.99621
FLUX  986  3670.00        8.168733E+13   1.2388E-06   1.2454E-06   0.99466
FLUX  987  3690.00        8.124458E+13   1.2224E-06   1.2336E-06   0.99091
FLUX  988  3710.00        8.080660E+13   1.2093E-06   1.2219E-06   0.98967
FLUX  989  3730.00        8.037332E+13   1.2043E-06   1.2104E-06   0.99496
FLUX  990  3750.00        7.994467E+13   1.1883E-06   1.1991E-06   0.99104
FLUX  991  3770.00        7.952056E+13   1.1826E-06   1.1879E-06   0.99554
FLUX  992  3790.00        7.910092E+13   1.1707E-06   1.1768E-06   0.99478
FLUX  993  3810.00        7.868570E+13   1.1619E-06   1.1660E-06   0.99653
FLUX  994  3830.00        7.827480E+13   1.1532E-06   1.1552E-06   0.99823
FLUX  995  3850.00        7.786818E+13   1.1429E-06   1.1446E-06   0.99854
FLUX  996  3870.00        7.746576E+13   1.1247E-06   1.1342E-06   0.99167
FLUX  997  3890.00        7.706748E+13   1.1196E-06   1.1239E-06   0.99625
FLUX  998  3910.00        7.667327E+13   1.1121E-06   1.1137E-06   0.99855
FLUX  999  3930.00        7.628308E+13   1.1019E-06   1.1036E-06   0.99841
FLUX 1000  3950.00        7.589684E+13   1.0859E-06   1.0937E-06   0.99280
FLUX 1001  3970.00        7.551448E+13   1.0788E-06   1.0840E-06   0.99525
FLUX 1002  3990.00        7.513596E+13   1.0620E-06   1.0743E-06   0.98851
FLUX 1003  4010.00        7.476122E+13   1.0581E-06   1.0648E-06   0.99370
FLUX 1004  4030.00        7.439020E+13   1.0533E-06   1.0554E-06   0.99799
FLUX 1005  4050.00        7.402284E+13   1.0405E-06   1.0462E-06   0.99454
FLUX 1006  4070.00        7.365909E+13   1.0338E-06   1.0370E-06   0.99694
FLUX 1007  4090.00        7.329890E+13   1.0256E-06   1.0280E-06   0.99769
FLUX 1008  4110.00        7.294221E+13   1.0167E-06   1.0191E-06   0.99764
FLUX 1009  4130.00        7.258898E+13   1.0093E-06   1.0103E-06   0.99903
FLUX 1010  4150.00        7.223916E+13   9.9957E-07   1.0016E-06   0.99798
FLUX 1011  4170.00        7.189269E+13   9.9089E-07   9.9302E-07   0.99785
FLUX 1012  4190.00        7.154952E+13   9.7834E-07   9.8456E-07   0.99369
FLUX 1013  4210.00        7.120962E+13   9.6822E-07   9.7620E-07   0.99182
FLUX 1014  4230.00        7.087293E+13   9.6755E-07   9.6795E-07   0.99959
FLUX 1015  4250.00        7.053941E+13   9.5630E-07   9.5980E-07   0.99635
FLUX 1016  4270.00        7.020902E+13   9.5099E-07   9.5176E-07   0.99920
FLUX 1017  4290.00        6.988170E+13   8.7387E-07   9.4381E-07   0.92590
FLUX 1018  4310.00        6.955742E+13   7.7141E-07   9.3596E-07   0.82419
FLUX 1019  4330.00        6.923614E+13   7.8430E-07   9.2821E-07   0.84496
FLUX 1020  4350.00        6.891782E+13   7.3218E-07   9.2056E-07   0.79536
FLUX 1021  4370.00        6.860240E+13   6.9986E-07   9.1299E-07   0.76656
FLUX 1022  4390.00        6.828986E+13   6.8306E-07   9.0552E-07   0.75432
FLUX 1023  4410.00        6.798016E+13   6.5367E-07   8.9814E-07   0.72780
FLUX 1024  4430.00        6.767325E+13   6.4193E-07   8.9085E-07   0.72059
FLUX 1025  4450.00        6.736910E+13   6.3512E-07   8.8364E-07   0.71875
FLUX 1026  4470.00        6.706767E+13   6.1174E-07   8.7652E-07   0.69791
FLUX 1027  4490.00        6.676893E+13   6.1758E-07   8.6949E-07   0.71028
FLUX 1028  4510.00        6.647284E+13   6.0183E-07   8.6254E-07   0.69775
FLUX 1029  4530.00        6.617936E+13   5.9275E-07   8.5567E-07   0.69273
FLUX 1030  4550.00        6.588846E+13   5.9693E-07   8.4888E-07   0.70319
FLUX 1031  4570.00        6.560011E+13   5.9521E-07   8.4217E-07   0.70676
FLUX 1032  4590.00        6.531427E+13   5.7964E-07   8.3554E-07   0.69374
FLUX 1033  4610.00        6.503091E+13   5.9100E-07   8.2898E-07   0.71293
FLUX 1034  4630.00        6.475000E+13   5.8336E-07   8.2250E-07   0.70925
FLUX 1035  4650.00        6.447151E+13   5.8671E-07   8.1610E-07   0.71892
FLUX 1036  4670.00        6.419540E+13   5.9689E-07   8.0977E-07   0.73711
FLUX 1037  4690.00        6.392164E+13   5.8418E-07   8.0351E-07   0.72703
FLUX 1038  4710.00        6.365021E+13   5.8063E-07   7.9733E-07   0.72822
FLUX 1039  4730.00        6.338108E+13   5.9652E-07   7.9121E-07   0.75393
FLUX 1040  4750.00        6.311421E+13   5.8121E-07   7.8517E-07   0.74024
FLUX 1041  4770.00        6.284958E+13   5.8026E-07   7.7920E-07   0.74470
FLUX 1042  4790.00        6.258716E+13   5.8936E-07   7.7329E-07   0.76214
FLUX 1043  4810.00        6.232692E+13   5.6897E-07   7.6745E-07   0.74138
FLUX 1044  4830.00        6.206884E+13   5.8645E-07   7.6168E-07   0.76995
FLUX 1045  4850.00        6.181289E+13   5.7956E-07   7.5597E-07   0.76665
FLUX 1046  4870.00        6.155903E+13   5.6990E-07   7.5032E-07   0.75954
FLUX 1047  4890.00        6.130726E+13   5.6336E-07   7.4474E-07   0.75645
FLUX 1048  4910.00        6.105754E+13   5.6680E-07   7.3922E-07   0.76676
FLUX 1049  4930.00        6.080984E+13   5.5977E-07   7.3376E-07   0.76288
FLUX 1050  4950.00        6.056414E+13   5.5258E-07   7.2836E-07   0.75867
FLUX 1051  4970.00        6.032042E+13   5.5974E-07   7.2302E-07   0.77418
FLUX 1052  4990.00        6.007866E+13   5.5806E-07   7.1773E-07   0.77753
FLUX 1053  5010.00        5.983882E+13   5.5209E-07   7.1251E-07   0.77486
FLUX 1054  5030.00        5.960089E+13   5.5004E-07   7.0734E-07   0.77761
FLUX 1055  5050.00        5.936485E+13   5.4118E-07   7.0223E-07   0.77066
FLUX 1056  5070.00        5.913067E+13   5.4803E-07   6.9717E-07   0.78608
FLUX 1057  5090.00        5.889833E+13   5.4254E-07   6.9217E-07   0.78382
FLUX 1058  5110.00        5.866781E+13   5.3739E-07   6.8722E-07   0.78197
FLUX 1059  5130.00        5.843908E+13   5.4701E-07   6.8232E-07   0.80170
FLUX 1060  5150.00        5.821214E+13   5.3694E-07   6.7747E-07   0.79256
FLUX 1061  5170.00        5.798694E+13   5.4117E-07   6.7268E-07   0.80450
FLUX 1062  5190.00        5.776349E+13   5.3592E-07   6.6794E-07   0.80235
FLUX 1063  5210.00        5.754175E+13   5.3977E-07   6.6324E-07   0.81383
FLUX 1064  5230.00        5.732170E+13   5.2930E-07   6.5860E-07   0.80368
FLUX 1065  5250.00        5.710333E+13   5.3294E-07   6.5400E-07   0.81489
FLUX 1066  5270.00        5.688662E+13   5.3915E-07   6.4945E-07   0.83016
FLUX 1067  5290.00        5.667155E+13   5.2837E-07   6.4495E-07   0.81925
FLUX 1068  5310.00        5.645810E+13   5.2618E-07   6.4049E-07   0.82153
FLUX 1069  5330.00        5.624625E+13   5.2938E-07   6.3608E-07   0.83226
FLUX 1070  5350.00        5.603598E+13   5.2756E-07   6.3172E-07   0.83513
FLUX 1071  5370.00        5.582728E+13   5.2938E-07   6.2740E-07   0.84378
FLUX 1072  5390.00        5.562013E+13   5.2721E-07   6.2312E-07   0.84608
FLUX 1073  5410.00        5.541451E+13   5.2735E-07   6.1889E-07   0.85209
FLUX 1074  5430.00        5.521041E+13   5.1891E-07   6.1470E-07   0.84417
FLUX 1075  5450.00        5.500780E+13   5.2551E-07   6.1055E-07   0.86072
FLUX 1076  5470.00        5.480667E+13   5.1858E-07   6.0645E-07   0.85511
FLUX 1077  5490.00        5.460701E+13   5.1966E-07   6.0238E-07   0.86268
FLUX 1078  5510.00        5.440880E+13   5.1704E-07   5.9836E-07   0.86411
FLUX 1079  5530.00        5.421203E+13   5.3279E-07   5.9437E-07   0.89639
FLUX 1080  5550.00        5.401667E+13   5.1308E-07   5.9043E-07   0.86899
FLUX 1081  5570.00        5.382271E+13   5.2243E-07   5.8653E-07   0.89071
FLUX 1082  5590.00        5.363014E+13   5.1680E-07   5.8266E-07   0.88696
FLUX 1083  5610.00        5.343895E+13   5.2020E-07   5.7883E-07   0.89870
FLUX 1084  5630.00        5.324911E+13   5.1095E-07   5.7504E-07   0.88854
FLUX 1085  5650.00        5.306062E+13   5.1669E-07   5.7129E-07   0.90442
FLUX 1086  5670.00        5.287346E+13   5.1611E-07   5.6757E-07   0.90933
FLUX 1087  5690.00        5.268761E+13   5.0836E-07   5.6389E-07   0.90153
FLUX 1088  5710.00        5.250306E+13   5.1553E-07   5.6025E-07   0.92018
FLUX 1089  5730.00        5.231981E+13   5.1196E-07   5.5663E-07   0.91975
FLUX 1090  5750.00        5.213783E+13   5.1098E-07   5.5306E-07   0.92392
FLUX 1091  5770.00        5.195711E+13   5.0720E-07   5.4952E-07   0.92300
FLUX 1092  5790.00        5.177763E+13   5.1142E-07   5.4601E-07   0.93666
FLUX 1093  5810.00        5.159940E+13   5.0440E-07   5.4254E-07   0.92971
FLUX 1094  5830.00        5.142238E+13   5.0431E-07   5.3910E-07   0.93547
FLUX 1095  5850.00        5.124658E+13   5.0315E-07   5.3569E-07   0.93926
FLUX 1096  5870.00        5.107198E+13   4.9759E-07   5.3231E-07   0.93477
FLUX 1097  5890.00        5.089856E+13   4.9718E-07   5.2897E-07   0.93991
FLUX 1098  5910.00        5.072631E+13   4.9619E-07   5.2565E-07   0.94395
FLUX 1099  5930.00        5.055523E+13   4.9523E-07   5.2237E-07   0.94804
FLUX 1100  5950.00        5.038529E+13   4.9147E-07   5.1912E-07   0.94675
FLUX 1101  5970.00        5.021650E+13   4.9232E-07   5.1590E-07   0.95431
FLUX 1102  5990.00        5.004883E+13   4.9039E-07   5.1270E-07   0.95648
FLUX 1103  6010.00        4.988228E+13   4.8823E-07   5.0954E-07   0.95818
FLUX 1104  6030.00        4.971683E+13   4.8622E-07   5.0641E-07   0.96013
FLUX 1105  6050.00        4.955248E+13   4.8087E-07   5.0330E-07   0.95542
FLUX 1106  6070.00        4.938921E+13   4.7937E-07   5.0023E-07   0.95831
FLUX 1107  6090.00        4.922701E+13   4.7777E-07   4.9718E-07   0.96097
FLUX 1108  6110.00        4.906588E+13   4.7407E-07   4.9416E-07   0.95935
FLUX 1109  6130.00        4.890579E+13   4.7392E-07   4.9116E-07   0.96490
FLUX 1110  6150.00        4.874675E+13   4.7259E-07   4.8820E-07   0.96804
FLUX 1111  6170.00        4.858874E+13   4.7159E-07   4.8526E-07   0.97184
FLUX 1112  6190.00        4.843174E+13   4.6926E-07   4.8234E-07   0.97287
FLUX 1113  6210.00        4.827576E+13   4.6784E-07   4.7945E-07   0.97577
FLUX 1114  6230.00        4.812079E+13   4.6466E-07   4.7659E-07   0.97496
FLUX 1115  6250.00        4.796680E+13   4.6056E-07   4.7376E-07   0.97215
FLUX 1116  6270.00        4.781380E+13   4.5795E-07   4.7095E-07   0.97240
FLUX 1117  6290.00        4.766176E+13   4.5696E-07   4.6816E-07   0.97607
FLUX 1118  6310.00        4.751070E+13   4.5418E-07   4.6540E-07   0.97589
FLUX 1119  6330.00        4.736058E+13   4.5447E-07   4.6266E-07   0.98230
FLUX 1120  6350.00        4.721142E+13   4.5066E-07   4.5995E-07   0.97980
FLUX 1121  6370.00        4.706319E+13   4.5091E-07   4.5726E-07   0.98612
FLUX 1122  6390.00        4.691588E+13   4.4681E-07   4.5459E-07   0.98288
FLUX 1123  6420.00        4.669665E+13   4.4387E-07   4.5064E-07   0.98497
FLUX 1124  6460.00        4.640751E+13   4.3897E-07   4.4544E-07   0.98547
FLUX 1125  6500.00        4.612192E+13   4.3491E-07   4.4034E-07   0.98767
FLUX 1126  6540.00        4.583983E+13   4.3039E-07   4.3532E-07   0.98866
FLUX 1127  6580.00        4.556117E+13   4.2669E-07   4.3039E-07   0.99140
FLUX 1128  6620.00        4.528588E+13   4.2194E-07   4.2554E-07   0.99155
FLUX 1129  6660.00        4.501389E+13   4.1768E-07   4.2077E-07   0.99266
FLUX 1130  6700.00        4.474515E+13   4.1372E-07   4.1608E-07   0.99433
FLUX 1131  6740.00        4.447960E+13   4.0910E-07   4.1147E-07   0.99423
FLUX 1132  6780.00        4.421718E+13   4.0490E-07   4.0694E-07   0.99499
FLUX 1133  6820.00        4.395784E+13   4.0054E-07   4.0248E-07   0.99517
FLUX 1134  6860.00        4.370153E+13   3.9677E-07   3.9809E-07   0.99667
FLUX 1135  6900.00        4.344819E+13   3.9253E-07   3.9378E-07   0.99684
FLUX 1136  6940.00        4.319777E+13   3.8849E-07   3.8953E-07   0.99734
FLUX 1137  6980.00        4.295021E+13   3.8455E-07   3.8535E-07   0.99793
FLUX 1138  7020.00        4.270548E+13   3.8033E-07   3.8124E-07   0.99762
FLUX 1139  7060.00        4.246353E+13   3.7659E-07   3.7719E-07   0.99840
FLUX 1140  7100.00        4.222430E+13   3.7270E-07   3.7321E-07   0.99864
FLUX 1141  7140.00        4.198775E+13   3.6892E-07   3.6929E-07   0.99902
FLUX 1142  7180.00        4.175383E+13   3.6503E-07   3.6543E-07   0.99890
FLUX 1143  7220.00        4.152251E+13   3.6138E-07   3.6163E-07   0.99931
FLUX 1144  7260.00        4.129373E+13   3.5764E-07   3.5789E-07   0.99930
FLUX 1145  7300.00        4.106747E+13   3.5401E-07   3.5421E-07   0.99945
FLUX 1146  7340.00        4.084366E+13   3.5024E-07   3.5058E-07   0.99902
FLUX 1147  7380.00        4.062229E+13   3.4683E-07   3.4701E-07   0.99950
FLUX 1148  7420.00        4.040330E+13   3.4275E-07   3.4349E-07   0.99783
FLUX 1149  7460.00        4.018666E+13   3.3941E-07   3.4003E-07   0.99819
FLUX 1150  7500.00        3.997233E+13   3.3610E-07   3.3662E-07   0.99847
FLUX 1151  7540.00        3.976028E+13   3.3255E-07   3.3326E-07   0.99786
FLUX 1152  7580.00        3.955046E+13   3.2988E-07   3.2995E-07   0.99980
FLUX 1153  7620.00        3.934285E+13   3.2663E-07   3.2669E-07   0.99984
FLUX 1154  7660.00        3.913740E+13   3.2344E-07   3.2347E-07   0.99988
FLUX 1155  7700.00        3.893409E+13   3.2017E-07   3.2031E-07   0.99957
FLUX 1156  7740.00        3.873288E+13   3.1714E-07   3.1719E-07   0.99985
FLUX 1157  7780.00        3.853374E+13   3.1409E-07   3.1411E-07   0.99993
FLUX 1158  7820.00        3.833664E+13   3.1105E-07   3.1108E-07   0.99990
FLUX 1159  7860.00        3.814154E+13   3.0806E-07   3.0809E-07   0.99989
FLUX 1160  7900.00        3.794842E+13   3.0508E-07   3.0515E-07   0.99978
FLUX 1161  7940.00        3.775724E+13   3.0222E-07   3.0225E-07   0.99990
FLUX 1162  7980.00        3.756798E+13   2.9938E-07   2.9939E-07   0.99998
FLUX 1163  8020.00        3.738061E+13   2.9625E-07   2.9657E-07   0.99892
FLUX 1164  8060.00        3.719510E+13   2.9362E-07   2.9379E-07   0.99944
FLUX 1165  8100.00        3.701142E+13   2.9094E-07   2.9104E-07   0.99964
FLUX 1166  8140.00        3.682955E+13   2.8823E-07   2.8834E-07   0.99962
FLUX 1167  8180.00        3.664945E+13   2.8566E-07   2.8567E-07   0.99994
FLUX 1168  8220.00        3.647111E+13   2.8302E-07   2.8304E-07   0.99992
FLUX 1169  8260.00        3.629449E+13   2.8041E-07   2.8045E-07   0.99987
FLUX 1170  8300.00        3.611958E+13   2.7784E-07   2.7789E-07   0.99983
FLUX 1171  8340.00        3.594634E+13   2.7510E-07   2.7536E-07   0.99904
FLUX 1172  8380.00        3.577476E+13   2.7252E-07   2.7287E-07   0.99870
FLUX 1173  8420.00        3.560481E+13   2.7031E-07   2.7042E-07   0.99961
FLUX 1174  8460.00        3.543647E+13   2.6776E-07   2.6800E-07   0.99914
FLUX 1175  8500.00        3.526971E+13   2.6546E-07   2.6560E-07   0.99946
FLUX 1176  8540.00        3.510451E+13   2.6317E-07   2.6325E-07   0.99969
FLUX 1177  8580.00        3.494085E+13   2.6088E-07   2.6092E-07   0.99987
FLUX 1178  8620.00        3.477871E+13   2.5860E-07   2.5862E-07   0.99991
FLUX 1179  8660.00        3.461807E+13   2.5635E-07   2.5635E-07   0.99998
FLUX 1180  8700.00        3.445891E+13   2.5407E-07   2.5412E-07   0.99983
FLUX 1181  8740.00        3.430120E+13   2.5190E-07   2.5191E-07   0.99998
FLUX 1182  8780.00        3.414493E+13   2.4970E-07   2.4973E-07   0.99988
FLUX 1183  8820.00        3.399008E+13   2.4751E-07   2.4758E-07   0.99972
FLUX 1184  8860.00        3.383663E+13   2.4539E-07   2.4545E-07   0.99975
FLUX 1185  8900.00        3.368455E+13   2.4326E-07   2.4336E-07   0.99960
FLUX 1186  8940.00        3.353384E+13   2.4125E-07   2.4129E-07   0.99985
FLUX 1187  8980.00        3.338447E+13   2.3897E-07   2.3924E-07   0.99887
FLUX 1188  9020.00        3.323642E+13   2.3719E-07   2.3723E-07   0.99984
FLUX 1189  9060.00        3.308968E+13   2.3521E-07   2.3523E-07   0.99990
FLUX 1190  9100.00        3.294423E+13   2.3287E-07   2.3327E-07   0.99829
FLUX 1191  9140.00        3.280005E+13   2.3120E-07   2.3133E-07   0.99945
FLUX 1192  9180.00        3.265714E+13   2.2924E-07   2.2941E-07   0.99924
FLUX 1193  9220.00        3.251546E+13   2.2752E-07   2.2752E-07   0.99999
FLUX 1194  9260.00        3.237500E+13   2.2563E-07   2.2565E-07   0.99993
FLUX 1195  9300.00        3.223575E+13   2.2380E-07   2.2380E-07   0.99999
FLUX 1196  9340.00        3.209770E+13   2.2196E-07   2.2198E-07   0.99991
FLUX 1197  9380.00        3.196082E+13   2.2018E-07   2.2018E-07   0.99999
FLUX 1198  9420.00        3.182511E+13   2.1840E-07   2.1840E-07   0.99999
FLUX 1199  9460.00        3.169054E+13   2.1661E-07   2.1664E-07   0.99986
FLUX 1200  9500.00        3.155711E+13   2.1489E-07   2.1491E-07   0.99991
FLUX 1201  9540.00        3.142479E+13   2.1317E-07   2.1319E-07   0.99991
FLUX 1202  9580.00        3.129358E+13   2.1149E-07   2.1150E-07   0.99999
FLUX 1203  9620.00        3.116346E+13   2.0981E-07   2.0982E-07   0.99997
FLUX 1204  9660.00        3.103442E+13   2.0815E-07   2.0816E-07   0.99995
FLUX 1205  9700.00        3.090644E+13   2.0653E-07   2.0653E-07   0.99999
FLUX 1206  9740.00        3.077952E+13   2.0468E-07   2.0491E-07   0.99888
FLUX 1207  9780.00        3.065363E+13   2.0327E-07   2.0331E-07   0.99981
FLUX 1208  9820.00        3.052877E+13   2.0172E-07   2.0173E-07   0.99995
FLUX 1209  9860.00        3.040492E+13   2.0016E-07   2.0017E-07   0.99997
FLUX 1210  9900.00        3.028207E+13   1.9863E-07   1.9863E-07   1.00000
FLUX 1211  9940.00        3.016021E+13   1.9709E-07   1.9710E-07   0.99994
FLUX 1212  9980.00        3.003933E+13   1.9559E-07   1.9559E-07   0.99999
FLUX 1213 10020.00        2.991941E+13   1.9410E-07   1.9410E-07   0.99999
FLUX 1214 20000.00        1.498963E+13   5.0667E-08   5.0667E-08   1.00000
FLUX 1215 40000.00        7.494813E+12   1.2828E-08   1.2828E-08   1.00000
FLUX 1216 60000.00        4.996542E+12   5.6984E-09   5.6984E-09   1.00000
FLUX 1217 80000.00        3.747406E+12   3.1963E-09   3.1963E-09   1.00000
FLUX 1218100000.00        2.997925E+12   2.0391E-09   2.0391E-09   1.00000
FLUX 1219120000.00        2.498271E+12   1.4115E-09   1.4115E-09   1.00000
FLUX 1220140000.00        2.141375E+12   1.0339E-09   1.0339E-09   1.00000
FLUX 1221160000.00        1.873703E+12   7.8929E-10   7.8929E-10   1.00000
FLUX
