TEFF   5750.  GRAVITY 0.00000 LTE 
TITLE TEST RUN WITH SDSC OPACITY  VTURB 2 KM/S    L/H 1.25                      
 OPACITY IFOP
FLUX  124    92.50        3.241000E+15   2.5486E-22   2.8082E-22   0.90756
FLUX  125    93.50        3.206337E+15   3.8593E-22   4.3145E-22   0.89449
FLUX  126    94.50        3.172407E+15   5.8328E-22   6.5701E-22   0.88778
FLUX  127    95.50        3.139188E+15   9.4137E-22   9.9195E-22   0.94901
FLUX  128    96.50        3.106658E+15   1.4315E-21   1.4853E-21   0.96379
FLUX  129    97.50        3.074795E+15   2.0665E-21   2.2062E-21   0.93669
FLUX  130    98.50        3.043579E+15   3.0766E-21   3.2518E-21   0.94611
FLUX  131    99.50        3.012990E+15   4.4003E-21   4.7574E-21   0.92494
FLUX  132   100.50        2.983010E+15   6.8410E-21   6.9099E-21   0.99002
FLUX  133   101.50        2.953621E+15   9.8701E-21   9.9665E-21   0.99033
FLUX  134   102.50        2.924805E+15   1.2415E-20   1.4280E-20   0.86937
FLUX  135   103.50        2.896546E+15   2.0029E-20   2.0325E-20   0.98539
FLUX  136   104.50        2.868828E+15   2.8545E-20   2.8749E-20   0.99293
FLUX  137   105.50        2.841635E+15   4.0235E-20   4.0414E-20   0.99558
FLUX  138   106.50        2.814953E+15   5.4735E-20   5.6479E-20   0.96913
FLUX  139   107.50        2.788767E+15   7.6974E-20   7.8479E-20   0.98083
FLUX  140   108.50        2.763065E+15   1.0684E-19   1.0845E-19   0.98515
FLUX  141   109.50        2.737831E+15   1.4385E-19   1.4906E-19   0.96505
FLUX  142   110.50        2.713054E+15   5.2203E-18   2.0671E-17   0.25254
FLUX  143   111.50        2.688722E+15   1.3978E-17   2.7544E-17   0.50748
FLUX  144   112.50        2.664822E+15   2.2170E-17   3.6516E-17   0.60714
FLUX  145   113.50        2.641344E+15   3.0131E-17   4.8180E-17   0.62539
FLUX  146   114.50        2.618275E+15   4.3859E-17   6.3252E-17   0.69341
FLUX  147   115.50        2.595606E+15   4.9274E-17   8.2651E-17   0.59617
FLUX  148   116.50        2.573326E+15   7.4937E-17   1.0751E-16   0.69703
FLUX  149   117.50        2.551426E+15   9.0445E-17   1.3922E-16   0.64965
FLUX  150   118.50        2.529895E+15   8.7071E-17   1.7951E-16   0.48505
FLUX  151   119.50        2.508724E+15   3.9951E-17   2.3049E-16   0.17333
FLUX  152   120.50        2.487905E+15   3.7794E-17   2.9472E-16   0.12823
FLUX  153   121.50        2.467428E+15   5.1571E-18   3.7536E-16   0.01374
FLUX  154   122.50        2.447286E+15   5.4706E-17   4.8490E-16   0.11282
FLUX  155   123.50        2.427470E+15   1.9554E-16   6.1356E-16   0.31870
FLUX  156   124.50        2.407972E+15   5.9836E-16   5.4632E-15   0.10952
FLUX  157   125.50        2.388785E+15   1.1830E-15   6.7134E-15   0.17621
FLUX  158   126.50        2.369901E+15   1.3274E-15   8.2179E-15   0.16153
FLUX  159   127.50        2.351314E+15   2.5417E-15   1.0022E-14   0.25362
FLUX  160   128.50        2.333016E+15   4.1113E-15   1.2177E-14   0.33761
FLUX  161   129.50        2.315000E+15   5.9661E-15   1.4744E-14   0.40463
FLUX  162   130.50        2.297261E+15   4.4298E-15   1.7792E-14   0.24899
FLUX  163   131.50        2.279791E+15   9.1358E-15   2.1397E-14   0.42697
FLUX  164   132.50        2.262585E+15   1.0889E-14   2.5648E-14   0.42454
FLUX  165   133.50        2.245637E+15   1.4337E-14   3.0648E-14   0.46778
FLUX  166   134.50        2.228941E+15   1.7699E-14   3.6510E-14   0.48478
FLUX  167   135.50        2.212491E+15   2.0546E-14   4.3362E-14   0.47383
FLUX  168   136.50        2.196282E+15   2.3097E-14   5.1349E-14   0.44980
FLUX  169   137.50        2.180309E+15   2.5969E-14   6.0637E-14   0.42828
FLUX  170   138.50        2.164567E+15   3.1220E-14   7.1411E-14   0.43718
FLUX  171   139.50        2.149050E+15   3.7496E-14   8.3884E-14   0.44700
FLUX  172   140.50        2.133754E+15   4.5727E-14   9.8989E-14   0.46194
FLUX  173   141.50        2.118675E+15   5.1901E-14   1.1735E-13   0.44229
FLUX  174   142.50        2.103807E+15   5.7679E-14   1.3879E-13   0.41557
FLUX  175   143.50        2.089146E+15   6.6450E-14   1.6373E-13   0.40586
FLUX  176   144.20        2.079005E+15   9.7927E-14   1.8354E-13   0.53355
FLUX  177   144.70        2.071821E+15   8.7510E-14   2.0188E-13   0.43347
FLUX  178   145.50        2.060430E+15   1.0902E-13   2.2947E-13   0.47510
FLUX  179   146.50        2.046365E+15   1.3664E-13   2.6876E-13   0.50839
FLUX  180   147.50        2.032492E+15   1.5581E-13   3.1404E-13   0.49615
FLUX  181   148.50        2.018805E+15   1.7730E-13   3.6611E-13   0.48429
FLUX  182   149.50        2.005301E+15   2.5181E-13   4.2586E-13   0.59131
FLUX  183   150.50        1.991977E+15   3.1840E-13   4.9426E-13   0.64420
FLUX  184   151.20        1.982755E+15   2.3496E-13   5.4786E-13   0.42886
FLUX  185   151.70        1.976220E+15   3.1253E-13   5.8930E-13   0.53034
FLUX  186   152.50        1.965852E+15   5.8478E-13   3.7561E-12   0.15569
FLUX  187   153.50        1.953046E+15   7.9758E-13   4.2735E-12   0.18664
FLUX  188   154.50        1.940405E+15   8.1611E-13   4.8531E-12   0.16816
FLUX  189   155.50        1.927926E+15   1.1517E-12   5.5042E-12   0.20923
FLUX  190   156.50        1.915607E+15   1.0049E-12   6.2363E-12   0.16113
FLUX  191   157.50        1.903444E+15   1.9460E-12   7.9936E-12   0.24345
FLUX  192   158.50        1.891435E+15   2.5891E-12   9.0016E-12   0.28763
FLUX  193   159.50        1.879577E+15   3.3876E-12   1.0117E-11   0.33483
FLUX  194   160.50        1.867866E+15   3.3990E-12   1.1349E-11   0.29950
FLUX  195   161.50        1.856300E+15   3.7142E-12   1.2705E-11   0.29234
FLUX  196   162.50        1.844877E+15   4.1703E-12   1.4522E-11   0.28717
FLUX  197   163.50        1.833593E+15   4.7443E-12   1.6221E-11   0.29248
FLUX  198   164.50        1.822447E+15   7.2887E-12   1.8087E-11   0.40297
FLUX  199   165.50        1.811435E+15   3.5152E-12   2.0135E-11   0.17458
FLUX  200   166.50        1.800556E+15   7.8725E-12   2.2379E-11   0.35178
FLUX  201   167.20        1.793017E+15   3.8606E-12   2.4075E-11   0.16036
FLUX  202   167.70        1.787671E+15   1.2283E-11   9.4389E-11   0.13014
FLUX  203   168.50        1.779184E+15   1.8333E-11   1.0379E-10   0.17663
FLUX  204   169.50        1.768687E+15   2.2059E-11   1.1642E-10   0.18948
FLUX  205   170.50        1.758314E+15   2.0264E-11   1.3051E-10   0.15527
FLUX  206   171.50        1.748061E+15   2.4025E-11   1.7914E-10   0.13411
FLUX  207   172.50        1.737928E+15   3.1241E-11   2.0039E-10   0.15590
FLUX  208   173.50        1.727911E+15   3.9876E-11   2.2317E-10   0.17868
FLUX  209   174.50        1.718009E+15   4.6283E-11   2.4847E-10   0.18627
FLUX  210   175.50        1.708219E+15   6.5638E-11   2.7561E-10   0.23816
FLUX  211   176.50        1.698541E+15   6.9697E-11   3.0515E-10   0.22840
FLUX  212   177.50        1.688972E+15   7.2728E-11   3.3726E-10   0.21564
FLUX  213   178.50        1.679510E+15   8.6001E-11   3.7213E-10   0.23111
FLUX  214   179.50        1.670153E+15   1.2104E-10   4.0994E-10   0.29526
FLUX  215   180.50        1.660900E+15   1.3326E-10   4.5109E-10   0.29541
FLUX  216   181.50        1.651749E+15   1.5942E-10   4.9536E-10   0.32182
FLUX  217   182.50        1.642699E+15   1.5716E-10   5.4320E-10   0.28933
FLUX  218   183.50        1.633747E+15   2.2892E-10   5.9475E-10   0.38490
FLUX  219   184.50        1.624892E+15   2.0825E-10   6.5030E-10   0.32023
FLUX  220   185.50        1.616132E+15   2.7841E-10   7.1058E-10   0.39180
FLUX  221   186.50        1.607466E+15   3.2568E-10   7.7482E-10   0.42034
FLUX  222   187.50        1.598893E+15   3.6046E-10   8.7903E-10   0.41007
FLUX  223   188.50        1.590411E+15   4.1648E-10   9.5413E-10   0.43650
FLUX  224   189.50        1.582018E+15   5.1392E-10   1.0340E-09   0.49702
FLUX  225   190.50        1.573714E+15   4.8559E-10   1.1189E-09   0.43400
FLUX  226   191.50        1.565496E+15   5.8215E-10   1.2091E-09   0.48147
FLUX  227   192.50        1.557364E+15   5.9483E-10   1.3047E-09   0.45591
FLUX  228   193.50        1.549315E+15   4.4097E-10   1.4059E-09   0.31365
FLUX  229   194.50        1.541350E+15   8.6063E-10   1.5132E-09   0.56873
FLUX  230   195.50        1.533465E+15   9.3968E-10   1.6269E-09   0.57760
FLUX  231   196.70        1.524110E+15   1.1720E-09   1.7718E-09   0.66148
FLUX  232   197.60        1.517169E+15   1.1776E-09   1.8875E-09   0.62392
FLUX  233   198.40        1.511051E+15   1.3541E-09   2.3072E-09   0.58689
FLUX  234   199.50        1.502719E+15   1.4052E-09   2.4796E-09   0.56672
FLUX  235   200.50        1.495224E+15   1.4133E-09   2.6463E-09   0.53407
FLUX  236   201.50        1.487804E+15   1.3855E-09   2.8227E-09   0.49084
FLUX  237   202.50        1.480457E+15   1.2440E-09   3.0078E-09   0.41357
FLUX  238   203.50        1.473182E+15   1.8255E-09   3.2023E-09   0.57007
FLUX  239   204.50        1.465978E+15   2.1364E-09   3.4069E-09   0.62707
FLUX  240   205.50        1.458844E+15   1.8309E-09   3.6205E-09   0.50570
FLUX  241   206.50        1.451780E+15   1.7482E-09   3.8432E-09   0.45487
FLUX  242   207.40        1.445480E+15   2.7480E-09   4.0517E-09   0.67824
FLUX  243   207.80        1.442697E+15   4.0196E-09   1.2827E-08   0.31338
FLUX  244   208.50        1.437854E+15   4.7598E-09   1.3392E-08   0.35541
FLUX  245   209.50        1.430990E+15   4.4593E-09   1.4222E-08   0.31356
FLUX  246   210.50        1.424192E+15   4.7651E-09   1.5073E-08   0.31614
FLUX  247   211.50        1.417459E+15   5.1221E-09   1.5948E-08   0.32116
FLUX  248   212.50        1.410788E+15   4.4159E-09   1.6860E-08   0.26191
FLUX  249   213.50        1.404180E+15   3.7923E-09   1.7812E-08   0.21290
FLUX  250   214.50        1.397634E+15   5.4439E-09   1.8795E-08   0.28965
FLUX  251   215.50        1.391148E+15   6.2883E-09   1.9819E-08   0.31728
FLUX  252   216.50        1.384723E+15   4.3843E-09   2.0894E-08   0.20983
FLUX  253   217.50        1.378356E+15   5.1900E-09   2.2025E-08   0.23564
FLUX  254   218.50        1.372048E+15   6.6151E-09   2.3219E-08   0.28490
FLUX  255   219.50        1.365797E+15   8.8655E-09   2.4477E-08   0.36220
FLUX  256   220.50        1.359603E+15   7.0098E-09   2.5803E-08   0.27166
FLUX  257   221.50        1.353465E+15   4.8356E-09   2.7207E-08   0.17773
FLUX  258   222.50        1.347382E+15   5.3707E-09   2.9172E-08   0.18411
FLUX  259   223.50        1.341353E+15   1.0212E-08   3.0734E-08   0.33227
FLUX  260   224.50        1.335379E+15   8.5660E-09   3.2373E-08   0.26460
FLUX  261   225.50        1.329457E+15   4.8222E-09   3.7957E-08   0.12705
FLUX  262   226.50        1.323587E+15   4.0751E-09   3.9692E-08   0.10267
FLUX  263   227.50        1.317769E+15   7.4622E-09   4.1485E-08   0.17987
FLUX  264   228.50        1.312002E+15   9.0275E-09   4.3335E-08   0.20832
FLUX  265   229.50        1.306285E+15   9.9548E-09   4.5244E-08   0.22003
FLUX  266   230.50        1.300618E+15   1.0641E-08   4.7211E-08   0.22540
FLUX  267   231.50        1.295000E+15   8.7823E-09   4.9238E-08   0.17836
FLUX  268   232.50        1.289430E+15   4.4615E-09   5.1329E-08   0.08692
FLUX  269   233.50        1.283908E+15   3.0939E-09   5.4564E-08   0.05670
FLUX  270   234.50        1.278433E+15   2.2692E-09   5.6758E-08   0.03998
FLUX  271   235.50        1.273004E+15   4.9628E-09   5.9014E-08   0.08409
FLUX  272   236.50        1.267622E+15   2.3949E-09   6.1337E-08   0.03904
FLUX  273   237.50        1.262284E+15   3.6423E-09   6.3727E-08   0.05716
FLUX  274   238.50        1.256992E+15   1.7950E-09   6.6206E-08   0.02711
FLUX  275   239.50        1.251743E+15   2.6595E-09   6.8737E-08   0.03869
FLUX  276   240.50        1.246538E+15   2.6190E-09   7.1342E-08   0.03671
FLUX  277   241.50        1.241377E+15   4.8998E-09   7.4020E-08   0.06620
FLUX  278   242.50        1.236258E+15   1.3490E-08   7.6773E-08   0.17571
FLUX  279   243.50        1.231181E+15   1.5991E-08   7.9604E-08   0.20088
FLUX  280   244.50        1.226145E+15   2.0298E-08   8.4451E-08   0.24035
FLUX  281   245.50        1.221151E+15   2.1931E-08   8.7372E-08   0.25101
FLUX  282   246.50        1.216197E+15   1.9266E-08   9.0359E-08   0.21322
FLUX  283   247.50        1.211283E+15   1.6708E-08   9.3413E-08   0.17886
FLUX  284   248.50        1.206408E+15   1.3717E-08   9.6535E-08   0.14209
FLUX  285   249.50        1.201573E+15   1.7467E-08   9.9723E-08   0.17515
FLUX  286   250.50        1.196776E+15   2.7396E-08   1.0464E-07   0.26182
FLUX  287   251.30        1.192967E+15   1.4068E-08   1.0724E-07   0.13118
FLUX  288   251.80        1.190598E+15   1.4039E-08   1.8433E-07   0.07617
FLUX  289   252.50        1.187297E+15   1.2782E-08   1.8827E-07   0.06789
FLUX  290   253.50        1.182613E+15   1.6689E-08   1.9400E-07   0.08602
FLUX  291   254.50        1.177967E+15   1.8098E-08   1.9984E-07   0.09056
FLUX  292   255.50        1.173356E+15   2.6618E-08   2.0580E-07   0.12934
FLUX  293   256.50        1.168782E+15   1.5230E-08   2.1188E-07   0.07188
FLUX  294   257.50        1.164243E+15   1.9397E-08   2.1807E-07   0.08895
FLUX  295   258.50        1.159739E+15   1.2189E-08   2.2439E-07   0.05432
FLUX  296   259.50        1.155270E+15   9.7379E-09   2.3084E-07   0.04219
FLUX  297   260.50        1.150835E+15   7.4375E-09   2.3740E-07   0.03133
FLUX  298   261.50        1.146434E+15   7.1860E-09   2.4407E-07   0.02944
FLUX  299   262.50        1.142067E+15   1.0109E-08   2.5086E-07   0.04030
FLUX  300   263.50        1.137732E+15   2.1541E-08   2.5939E-07   0.08305
FLUX  301   264.50        1.133431E+15   5.7645E-08   2.6636E-07   0.21642
FLUX  302   265.50        1.129162E+15   8.2835E-08   2.7345E-07   0.30293
FLUX  303   266.50        1.124925E+15   5.3905E-08   2.8065E-07   0.19207
FLUX  304   267.50        1.120720E+15   6.5471E-08   2.8798E-07   0.22735
FLUX  305   268.50        1.116546E+15   7.6754E-08   2.9542E-07   0.25982
FLUX  306   269.50        1.112403E+15   6.4609E-08   3.0297E-07   0.21325
FLUX  307   270.50        1.108290E+15   8.0101E-08   3.1253E-07   0.25630
FLUX  308   271.50        1.104208E+15   4.0759E-08   3.2025E-07   0.12727
FLUX  309   272.50        1.100156E+15   4.1824E-08   3.2807E-07   0.12748
FLUX  310   273.50        1.096133E+15   3.9131E-08   3.3600E-07   0.11646
FLUX  311   274.50        1.092140E+15   1.6301E-08   3.4404E-07   0.04738
FLUX  312   275.50        1.088176E+15   2.3552E-08   3.5219E-07   0.06687
FLUX  313   276.50        1.084241E+15   3.2388E-08   3.6045E-07   0.08985
FLUX  314   277.50        1.080333E+15   3.4553E-08   3.6881E-07   0.09369
FLUX  315   278.50        1.076454E+15   2.2464E-08   3.7728E-07   0.05954
FLUX  316   279.50        1.072603E+15   6.6858E-09   3.8585E-07   0.01733
FLUX  317   280.50        1.068779E+15   8.9713E-09   3.9454E-07   0.02274
FLUX  318   281.50        1.064982E+15   3.0980E-08   4.0333E-07   0.07681
FLUX  319   282.50        1.061212E+15   5.1009E-08   4.1223E-07   0.12374
FLUX  320   283.50        1.057469E+15   6.2428E-08   4.2125E-07   0.14820
FLUX  321   284.50        1.053752E+15   7.1605E-08   4.3036E-07   0.16638
FLUX  322   285.50        1.050061E+15   6.0949E-08   4.3959E-07   0.13865
FLUX  323   286.50        1.046396E+15   1.1356E-07   4.4892E-07   0.25296
FLUX  324   287.50        1.042757E+15   1.3745E-07   4.5836E-07   0.29989
FLUX  325   288.50        1.039142E+15   1.3939E-07   4.6790E-07   0.29791
FLUX  326   289.50        1.035553E+15   1.5182E-07   4.7754E-07   0.31792
FLUX  327   291.00        1.030215E+15   2.0618E-07   4.9355E-07   0.41775
FLUX  328   293.00        1.023183E+15   2.0082E-07   5.1329E-07   0.39124
FLUX  329   295.00        1.016246E+15   2.0123E-07   5.3368E-07   0.37707
FLUX  330   297.00        1.009402E+15   2.3428E-07   5.5417E-07   0.42275
FLUX  331   299.00        1.002651E+15   2.4781E-07   5.7504E-07   0.43095
FLUX  332   301.00        9.959884E+14   2.7846E-07   5.9628E-07   0.46699
FLUX  333   303.00        9.894142E+14   2.8069E-07   6.1789E-07   0.45427
FLUX  334   305.00        9.829262E+14   3.0270E-07   6.3985E-07   0.47308
FLUX  335   307.00        9.765228E+14   2.9509E-07   6.6216E-07   0.44565
FLUX  336   309.00        9.702023E+14   3.5198E-07   6.8601E-07   0.51308
FLUX  337   311.00        9.639630E+14   3.3560E-07   7.0882E-07   0.47347
FLUX  338   313.00        9.578035E+14   3.3676E-07   7.3231E-07   0.45986
FLUX  339   315.00        9.517222E+14   3.6845E-07   7.5570E-07   0.48756
FLUX  340   317.00        9.457177E+14   3.7846E-07   7.7940E-07   0.48558
FLUX  341   319.00        9.397884E+14   3.3851E-07   8.0340E-07   0.42135
FLUX  342   321.00        9.339330E+14   4.0511E-07   8.2768E-07   0.48945
FLUX  343   323.00        9.281502E+14   3.3116E-07   8.5260E-07   0.38841
FLUX  344   325.00        9.224385E+14   4.3144E-07   8.7736E-07   0.49175
FLUX  345   327.00        9.167966E+14   4.7982E-07   9.0237E-07   0.53174
FLUX  346   329.00        9.112234E+14   4.7377E-07   9.2781E-07   0.51063
FLUX  347   331.00        9.057175E+14   5.1516E-07   9.5328E-07   0.54041
FLUX  348   333.00        9.002778E+14   5.1165E-07   9.7898E-07   0.52263
FLUX  349   335.00        8.949030E+14   5.1888E-07   1.0049E-06   0.51635
FLUX  350   337.00        8.895920E+14   4.9538E-07   1.0310E-06   0.48047
FLUX  351   339.00        8.843437E+14   5.3980E-07   1.0575E-06   0.51043
FLUX  352   341.00        8.791569E+14   5.8625E-07   1.0841E-06   0.54079
FLUX  353   343.00        8.740306E+14   6.2153E-07   1.1108E-06   0.55954
FLUX  354   345.00        8.689638E+14   6.5138E-07   1.1378E-06   0.57249
FLUX  355   347.00        8.639553E+14   6.3672E-07   1.1649E-06   0.54658
FLUX  356   349.00        8.590043E+14   6.4595E-07   1.1922E-06   0.54181
FLUX  357   351.00        8.541097E+14   7.2135E-07   1.2197E-06   0.59143
FLUX  358   353.00        8.492705E+14   7.1476E-07   1.2473E-06   0.57305
FLUX  359   355.00        8.444859E+14   8.1734E-07   1.2751E-06   0.64101
FLUX  360   357.00        8.397549E+14   7.2314E-07   1.3031E-06   0.55494
FLUX  361   359.00        8.350766E+14   7.4141E-07   1.3313E-06   0.55692
FLUX  362   361.00        8.304501E+14   7.5847E-07   1.3596E-06   0.55787
FLUX  363   363.00        8.258747E+14   8.1615E-07   1.3880E-06   0.58801
FLUX  364   364.00        8.236058E+14   8.3335E-07   1.4023E-06   0.59426
FLUX  365   365.00        8.213493E+14   8.4594E-07   5.0281E-06   0.16824
FLUX  366   367.00        8.168733E+14   1.0492E-06   5.0801E-06   0.20653
FLUX  367   369.00        8.124458E+14   1.3573E-06   5.1317E-06   0.26449
FLUX  368   371.00        8.080660E+14   1.7055E-06   5.1835E-06   0.32903
FLUX  369   373.00        8.037332E+14   1.6327E-06   5.2339E-06   0.31195
FLUX  370   375.00        7.994467E+14   1.8701E-06   5.2838E-06   0.35392
FLUX  371   377.00        7.952056E+14   1.9696E-06   5.3571E-06   0.36766
FLUX  372   379.00        7.910092E+14   2.2404E-06   5.4066E-06   0.41438
FLUX  373   381.00        7.868570E+14   2.5604E-06   5.4553E-06   0.46933
FLUX  374   383.00        7.827480E+14   2.0309E-06   5.5034E-06   0.36903
FLUX  375   385.00        7.786818E+14   2.4097E-06   5.5510E-06   0.43409
FLUX  376   387.00        7.746576E+14   2.4944E-06   5.5982E-06   0.44557
FLUX  377   389.00        7.706748E+14   2.0975E-06   5.6452E-06   0.37155
FLUX  378   391.00        7.667327E+14   1.6464E-06   5.6917E-06   0.28927
FLUX  379   393.00        7.628308E+14   4.2074E-07   5.7378E-06   0.07333
FLUX  380   395.00        7.589684E+14   8.2308E-07   5.7834E-06   0.14232
FLUX  381   397.00        7.551448E+14   4.9566E-07   5.8285E-06   0.08504
FLUX  382   399.00        7.513596E+14   1.9892E-06   5.8732E-06   0.33870
FLUX  383   401.00        7.476122E+14   2.9185E-06   5.9176E-06   0.49320
FLUX  384   403.00        7.439020E+14   3.2609E-06   5.9616E-06   0.54699
FLUX  385   405.00        7.402284E+14   3.2393E-06   6.0050E-06   0.53943
FLUX  386   407.00        7.365909E+14   3.2495E-06   6.0480E-06   0.53728
FLUX  387   409.00        7.329890E+14   3.7639E-06   6.0906E-06   0.61798
FLUX  388   411.00        7.294221E+14   3.6303E-06   6.1329E-06   0.59194
FLUX  389   413.00        7.258898E+14   3.7315E-06   6.1748E-06   0.60431
FLUX  390   415.00        7.223916E+14   4.0489E-06   6.2164E-06   0.65132
FLUX  391   417.00        7.189269E+14   3.8330E-06   6.2581E-06   0.61249
FLUX  392   419.00        7.154952E+14   3.9464E-06   6.2985E-06   0.62657
FLUX  393   421.00        7.120962E+14   3.9423E-06   6.3383E-06   0.62198
FLUX  394   423.00        7.087293E+14   3.8930E-06   6.3777E-06   0.61041
FLUX  395   425.00        7.053941E+14   4.1028E-06   6.4167E-06   0.63940
FLUX  396   427.00        7.020902E+14   4.0865E-06   6.4552E-06   0.63306
FLUX  397   429.00        6.988170E+14   3.9877E-06   6.4933E-06   0.61413
FLUX  398   431.00        6.955742E+14   3.6020E-06   6.5310E-06   0.55153
FLUX  399   433.00        6.923614E+14   4.3888E-06   6.5682E-06   0.66819
FLUX  400   435.00        6.891782E+14   4.1620E-06   6.6055E-06   0.63008
FLUX  401   437.00        6.860240E+14   4.7734E-06   6.6418E-06   0.71869
FLUX  402   439.00        6.828986E+14   4.5811E-06   6.6778E-06   0.68601
FLUX  403   441.00        6.798016E+14   4.5623E-06   6.7133E-06   0.67959
FLUX  404   443.00        6.767325E+14   4.6131E-06   6.7484E-06   0.68359
FLUX  405   445.00        6.736910E+14   4.6997E-06   6.7831E-06   0.69286
FLUX  406   447.00        6.706767E+14   4.9846E-06   6.8175E-06   0.73114
FLUX  407   449.00        6.676893E+14   5.0786E-06   6.8515E-06   0.74124
FLUX  408   451.00        6.647284E+14   5.5960E-06   6.8848E-06   0.81280
FLUX  409   453.00        6.617936E+14   5.1109E-06   6.9174E-06   0.73885
FLUX  410   455.00        6.588846E+14   5.1275E-06   6.9497E-06   0.73781
FLUX  411   457.00        6.560011E+14   5.6175E-06   6.9813E-06   0.80464
FLUX  412   459.00        6.531427E+14   5.2598E-06   7.0127E-06   0.75004
FLUX  413   461.00        6.503091E+14   5.7053E-06   7.0438E-06   0.80997
FLUX  414   463.00        6.475000E+14   5.5961E-06   7.0744E-06   0.79103
FLUX  415   465.00        6.447151E+14   5.8331E-06   7.1045E-06   0.82104
FLUX  416   467.00        6.419540E+14   5.9198E-06   7.1344E-06   0.82976
FLUX  417   469.00        6.392164E+14   5.8082E-06   7.1640E-06   0.81074
FLUX  418   471.00        6.365021E+14   5.6452E-06   7.1935E-06   0.78476
FLUX  419   473.00        6.338108E+14   6.0226E-06   7.2228E-06   0.83383
FLUX  420   475.00        6.311421E+14   6.2228E-06   7.2520E-06   0.85808
FLUX  421   477.00        6.284958E+14   6.2410E-06   7.2812E-06   0.85714
FLUX  422   479.00        6.258716E+14   6.3200E-06   7.3099E-06   0.86458
FLUX  423   481.00        6.232692E+14   6.2295E-06   7.3380E-06   0.84894
FLUX  424   483.00        6.206884E+14   6.3956E-06   7.3658E-06   0.86829
FLUX  425   485.00        6.181289E+14   6.0052E-06   7.3933E-06   0.81224
FLUX  426   487.00        6.155903E+14   5.2653E-06   7.4207E-06   0.70954
FLUX  427   489.00        6.130726E+14   6.3426E-06   7.4478E-06   0.85162
FLUX  428   491.00        6.105754E+14   6.3796E-06   7.4746E-06   0.85351
FLUX  429   493.00        6.080984E+14   6.1566E-06   7.5011E-06   0.82076
FLUX  430   495.00        6.056414E+14   6.6158E-06   7.5274E-06   0.87890
FLUX  431   497.00        6.032042E+14   6.6866E-06   7.5534E-06   0.88525
FLUX  432   499.00        6.007866E+14   6.1714E-06   7.5787E-06   0.81431
FLUX  433   501.00        5.983882E+14   5.8949E-06   7.6035E-06   0.77528
FLUX  434   503.00        5.960089E+14   6.3039E-06   7.6280E-06   0.82641
FLUX  435   505.00        5.936485E+14   6.5191E-06   7.6523E-06   0.85192
FLUX  436   507.00        5.913067E+14   6.7704E-06   7.6762E-06   0.88199
FLUX  437   509.00        5.889833E+14   6.6424E-06   7.6999E-06   0.86265
FLUX  438   511.00        5.866781E+14   6.7192E-06   7.7234E-06   0.86998
FLUX  439   513.00        5.843908E+14   6.4256E-06   7.7466E-06   0.82947
FLUX  440   515.00        5.821214E+14   6.4321E-06   7.7694E-06   0.82788
FLUX  441   517.00        5.798694E+14   6.3346E-06   7.7920E-06   0.81296
FLUX  442   519.00        5.776349E+14   6.3374E-06   7.8144E-06   0.81099
FLUX  443   521.00        5.754175E+14   6.5351E-06   7.8365E-06   0.83393
FLUX  444   523.00        5.732170E+14   6.6492E-06   7.8583E-06   0.84613
FLUX  445   525.00        5.710333E+14   6.7577E-06   7.8799E-06   0.85759
FLUX  446   527.00        5.688662E+14   6.1999E-06   7.9013E-06   0.78467
FLUX  447   529.00        5.667155E+14   6.8532E-06   7.9224E-06   0.86504
FLUX  448   531.00        5.645810E+14   6.8349E-06   7.9433E-06   0.86046
FLUX  449   533.00        5.624625E+14   6.6332E-06   7.9640E-06   0.83290
FLUX  450   535.00        5.603598E+14   7.0710E-06   7.9844E-06   0.88560
FLUX  451   537.00        5.582728E+14   7.2298E-06   8.0046E-06   0.90321
FLUX  452   539.00        5.562013E+14   7.0800E-06   8.0302E-06   0.88168
FLUX  453   541.00        5.541451E+14   6.9531E-06   8.0496E-06   0.86378
FLUX  454   543.00        5.521041E+14   7.0948E-06   8.0687E-06   0.87929
FLUX  455   545.00        5.500780E+14   7.4364E-06   8.0876E-06   0.91949
FLUX  456   547.00        5.480667E+14   7.2463E-06   8.1062E-06   0.89392
FLUX  457   549.00        5.460701E+14   7.3356E-06   8.1246E-06   0.90288
FLUX  458   551.00        5.440880E+14   7.2881E-06   8.1429E-06   0.89502
FLUX  459   553.00        5.421203E+14   7.4119E-06   8.1610E-06   0.90822
FLUX  460   555.00        5.401667E+14   7.4842E-06   8.1789E-06   0.91507
FLUX  461   557.00        5.382271E+14   7.4900E-06   8.1965E-06   0.91380
FLUX  462   559.00        5.363014E+14   7.4209E-06   8.2140E-06   0.90345
FLUX  463   561.00        5.343895E+14   7.6614E-06   8.2312E-06   0.93077
FLUX  464   563.00        5.324911E+14   7.6454E-06   8.2550E-06   0.92615
FLUX  465   565.00        5.306062E+14   7.6614E-06   8.2719E-06   0.92619
FLUX  466   567.00        5.287346E+14   7.4765E-06   8.2884E-06   0.90204
FLUX  467   569.00        5.268761E+14   7.7163E-06   8.3046E-06   0.92915
FLUX  468   571.00        5.250306E+14   7.5859E-06   8.3209E-06   0.91167
FLUX  469   573.00        5.231981E+14   8.0503E-06   8.3369E-06   0.96562
FLUX  470   575.00        5.213783E+14   7.8538E-06   8.3528E-06   0.94026
FLUX  471   577.00        5.195711E+14   7.9902E-06   8.3684E-06   0.95480
FLUX  472   579.00        5.177763E+14   7.8247E-06   8.3839E-06   0.93330
FLUX  473   581.00        5.159940E+14   7.9385E-06   8.3992E-06   0.94515
FLUX  474   583.00        5.142238E+14   8.1044E-06   8.4143E-06   0.96316
FLUX  475   585.00        5.124658E+14   8.0596E-06   8.4293E-06   0.95614
FLUX  476   587.00        5.107198E+14   8.1189E-06   8.4440E-06   0.96150
FLUX  477   589.00        5.089856E+14   7.8760E-06   8.4586E-06   0.93112
FLUX  478   591.00        5.072631E+14   8.1237E-06   8.4727E-06   0.95880
FLUX  479   593.00        5.055523E+14   8.1277E-06   8.4866E-06   0.95770
FLUX  480   595.00        5.038529E+14   8.1676E-06   8.5003E-06   0.96086
FLUX  481   597.00        5.021650E+14   8.2725E-06   8.5138E-06   0.97165
FLUX  482   599.00        5.004883E+14   8.1790E-06   8.5272E-06   0.95916
FLUX  483   601.00        4.988228E+14   8.0810E-06   8.5403E-06   0.94622
FLUX  484   603.00        4.971683E+14   8.2066E-06   8.5532E-06   0.95947
FLUX  485   605.00        4.955248E+14   8.2911E-06   8.5660E-06   0.96791
FLUX  486   607.00        4.938921E+14   8.4010E-06   8.5787E-06   0.97929
FLUX  487   609.00        4.922701E+14   8.1823E-06   8.5912E-06   0.95240
FLUX  488   611.00        4.906588E+14   8.0829E-06   8.6035E-06   0.93949
FLUX  489   613.00        4.890579E+14   7.9592E-06   8.6155E-06   0.92382
FLUX  490   615.00        4.874675E+14   7.9722E-06   8.6275E-06   0.92405
FLUX  491   617.00        4.858874E+14   7.9468E-06   8.6392E-06   0.91986
FLUX  492   619.00        4.843174E+14   8.3203E-06   8.6508E-06   0.96179
FLUX  493   621.00        4.827576E+14   8.3813E-06   8.6622E-06   0.96757
FLUX  494   623.00        4.812079E+14   8.1206E-06   8.6734E-06   0.93626
FLUX  495   625.00        4.796680E+14   7.8135E-06   8.6845E-06   0.89971
FLUX  496   627.00        4.781380E+14   8.3579E-06   8.7074E-06   0.95986
FLUX  497   629.00        4.766176E+14   8.4251E-06   8.7181E-06   0.96639
FLUX  498   631.00        4.751070E+14   8.1264E-06   8.7286E-06   0.93101
FLUX  499   633.00        4.736058E+14   8.3254E-06   8.7390E-06   0.95268
FLUX  500   635.00        4.721142E+14   8.3920E-06   8.7503E-06   0.95905
FLUX  501   637.00        4.706319E+14   8.3619E-06   8.7603E-06   0.95452
FLUX  502   639.00        4.691588E+14   8.4187E-06   8.7701E-06   0.95993
FLUX  503   641.00        4.676950E+14   8.3055E-06   8.7798E-06   0.94598
FLUX  504   643.00        4.662403E+14   8.4161E-06   8.7894E-06   0.95754
FLUX  505   645.00        4.647946E+14   8.3781E-06   8.7987E-06   0.95219
FLUX  506   647.00        4.633578E+14   8.4745E-06   8.8078E-06   0.96216
FLUX  507   649.00        4.619299E+14   8.2752E-06   8.8167E-06   0.93858
FLUX  508   651.00        4.605108E+14   8.4836E-06   8.8273E-06   0.96106
FLUX  509   653.00        4.591003E+14   8.5751E-06   8.8359E-06   0.97048
FLUX  510   655.00        4.576985E+14   8.2867E-06   8.8510E-06   0.93624
FLUX  511   657.00        4.563052E+14   7.0305E-06   8.8592E-06   0.79357
FLUX  512   659.00        4.549203E+14   8.4713E-06   8.8674E-06   0.95534
FLUX  513   661.00        4.535439E+14   8.5481E-06   8.8754E-06   0.96313
FLUX  514   663.00        4.521757E+14   8.6685E-06   8.8833E-06   0.97583
FLUX  515   665.00        4.508158E+14   8.6317E-06   8.8910E-06   0.97084
FLUX  516   667.00        4.494640E+14   8.6029E-06   8.8985E-06   0.96678
FLUX  517   669.00        4.481203E+14   8.7379E-06   8.9059E-06   0.98113
FLUX  518   671.00        4.467846E+14   8.6353E-06   8.9132E-06   0.96882
FLUX  519   673.00        4.454569E+14   8.7427E-06   8.9203E-06   0.98008
FLUX  520   675.00        4.441370E+14   8.6250E-06   8.9273E-06   0.96614
FLUX  521   677.00        4.428250E+14   8.7551E-06   8.9341E-06   0.97996
FLUX  522   679.00        4.415206E+14   8.6691E-06   8.9408E-06   0.96961
FLUX  523   681.00        4.402239E+14   8.7364E-06   8.9474E-06   0.97642
FLUX  524   683.00        4.389348E+14   8.7217E-06   8.9538E-06   0.97408
FLUX  525   685.00        4.376533E+14   8.6462E-06   8.9601E-06   0.96496
FLUX  526   687.00        4.363792E+14   8.7775E-06   8.9662E-06   0.97895
FLUX  527   689.00        4.351125E+14   8.8262E-06   8.9722E-06   0.98372
FLUX  528   691.00        4.338531E+14   8.7924E-06   8.9781E-06   0.97931
FLUX  529   693.00        4.326010E+14   8.8024E-06   8.9838E-06   0.97981
FLUX  530   695.00        4.313561E+14   8.7798E-06   8.9894E-06   0.97668
FLUX  531   697.00        4.301184E+14   8.8155E-06   8.9948E-06   0.98007
FLUX  532   699.00        4.288877E+14   8.8340E-06   9.0000E-06   0.98155
FLUX  533   701.00        4.276641E+14   8.6039E-06   9.0052E-06   0.95544
FLUX  534   703.00        4.264474E+14   8.7659E-06   9.0101E-06   0.97290
FLUX  535   705.00        4.252376E+14   8.8360E-06   9.0150E-06   0.98015
FLUX  536   707.00        4.240347E+14   8.7929E-06   9.0197E-06   0.97485
FLUX  537   709.00        4.228385E+14   8.8182E-06   9.0243E-06   0.97717
FLUX  538   711.00        4.216491E+14   8.6729E-06   9.0287E-06   0.96060
FLUX  539   713.00        4.204663E+14   8.7346E-06   9.0330E-06   0.96697
FLUX  540   715.00        4.192902E+14   8.7835E-06   9.0371E-06   0.97194
FLUX  541   717.00        4.181206E+14   8.7849E-06   9.0412E-06   0.97166
FLUX  542   719.00        4.169576E+14   8.5734E-06   9.0451E-06   0.94786
FLUX  543   721.00        4.158010E+14   8.7522E-06   9.0488E-06   0.96722
FLUX  544   723.00        4.146508E+14   8.7291E-06   9.0525E-06   0.96428
FLUX  545   725.00        4.135069E+14   8.8140E-06   9.0598E-06   0.97287
FLUX  546   727.00        4.123693E+14   8.8406E-06   9.0633E-06   0.97543
FLUX  547   729.00        4.112380E+14   8.6587E-06   9.0666E-06   0.95501
FLUX  548   731.00        4.101129E+14   8.7078E-06   9.0779E-06   0.95923
FLUX  549   733.00        4.089939E+14   8.8100E-06   9.0810E-06   0.97016
FLUX  550   735.00        4.078810E+14   8.8168E-06   9.0839E-06   0.97059
FLUX  551   737.00        4.067741E+14   8.9090E-06   9.0868E-06   0.98044
FLUX  552   739.00        4.056732E+14   8.7499E-06   9.0895E-06   0.96264
FLUX  553   741.00        4.045783E+14   8.6539E-06   9.0921E-06   0.95180
FLUX  554   743.00        4.034892E+14   8.6683E-06   9.0946E-06   0.95312
FLUX  555   745.00        4.024060E+14   8.7519E-06   9.0970E-06   0.96206
FLUX  556   747.00        4.013286E+14   8.7946E-06   9.0992E-06   0.96652
FLUX  557   749.00        4.002570E+14   8.7875E-06   9.1014E-06   0.96551
FLUX  558   751.00        3.991911E+14   8.8318E-06   9.1035E-06   0.97016
FLUX  559   753.00        3.981308E+14   8.8681E-06   9.1054E-06   0.97394
FLUX  560   755.00        3.970762E+14   8.9912E-06   9.1073E-06   0.98725
FLUX  561   757.00        3.960271E+14   8.8998E-06   9.1091E-06   0.97703
FLUX  562   759.00        3.949835E+14   8.9362E-06   9.1107E-06   0.98084
FLUX  563   761.00        3.939455E+14   8.9383E-06   9.1122E-06   0.98091
FLUX  564   763.00        3.929128E+14   8.9826E-06   9.1137E-06   0.98562
FLUX  565   765.00        3.918856E+14   8.9220E-06   9.1150E-06   0.97882
FLUX  566   767.00        3.908638E+14   8.7738E-06   9.1163E-06   0.96243
FLUX  567   769.00        3.898472E+14   8.9448E-06   9.1174E-06   0.98107
FLUX  568   771.00        3.888359E+14   8.8303E-06   9.1185E-06   0.96839
FLUX  569   773.00        3.878299E+14   8.9079E-06   9.1194E-06   0.97680
FLUX  570   775.00        3.868290E+14   8.8816E-06   9.1203E-06   0.97383
FLUX  571   777.00        3.858333E+14   8.8282E-06   9.1210E-06   0.96789
FLUX  572   779.00        3.848427E+14   9.0159E-06   9.1217E-06   0.98841
FLUX  573   781.00        3.838572E+14   8.9933E-06   9.1223E-06   0.98587
FLUX  574   783.00        3.828768E+14   8.9080E-06   9.1227E-06   0.97646
FLUX  575   785.00        3.819013E+14   8.8397E-06   9.1231E-06   0.96893
FLUX  576   787.00        3.809307E+14   8.9801E-06   9.1234E-06   0.98430
FLUX  577   789.00        3.799651E+14   8.9311E-06   9.1236E-06   0.97890
FLUX  578   791.00        3.790044E+14   8.8575E-06   9.1237E-06   0.97082
FLUX  579   793.00        3.780485E+14   8.8465E-06   9.1238E-06   0.96961
FLUX  580   795.00        3.770975E+14   8.8350E-06   9.1237E-06   0.96836
FLUX  581   797.00        3.761512E+14   9.0296E-06   9.1235E-06   0.98970
FLUX  582   799.00        3.752096E+14   8.9845E-06   9.1233E-06   0.98479
FLUX  583   801.00        3.742728E+14   8.9546E-06   9.1230E-06   0.98154
FLUX  584   803.00        3.733406E+14   8.9183E-06   9.1226E-06   0.97761
FLUX  585   805.00        3.724130E+14   8.9520E-06   9.1221E-06   0.98136
FLUX  586   807.00        3.714901E+14   8.9698E-06   9.1215E-06   0.98337
FLUX  587   809.00        3.705717E+14   8.8995E-06   9.1208E-06   0.97574
FLUX  588   811.00        3.696578E+14   9.0256E-06   9.1200E-06   0.98966
FLUX  589   813.00        3.687485E+14   9.0547E-06   9.1191E-06   0.99294
FLUX  590   815.00        3.678436E+14   9.0273E-06   9.1182E-06   0.99003
FLUX  591   817.00        3.669431E+14   9.0312E-06   9.1172E-06   0.99057
FLUX  592   819.00        3.660470E+14   8.7891E-06   9.1161E-06   0.96414
FLUX  593   821.00        3.651553E+14   8.8306E-06   9.9461E-06   0.88785
FLUX  594   823.00        3.642679E+14   8.8578E-06   9.9433E-06   0.89083
FLUX  595   825.00        3.633848E+14   8.7994E-06   9.9404E-06   0.88521
FLUX  596   827.00        3.625060E+14   8.8784E-06   9.9375E-06   0.89342
FLUX  597   829.00        3.616315E+14   8.8518E-06   9.9345E-06   0.89101
FLUX  598   831.00        3.607611E+14   8.7062E-06   9.9315E-06   0.87663
FLUX  599   833.00        3.598950E+14   8.6624E-06   9.9284E-06   0.87249
FLUX  600   835.00        3.590329E+14   8.9991E-06   9.9252E-06   0.90669
FLUX  601   837.00        3.581750E+14   8.8453E-06   9.9220E-06   0.89148
FLUX  602   839.00        3.573212E+14   8.9856E-06   9.9187E-06   0.90593
FLUX  603   841.00        3.564715E+14   9.1140E-06   9.9154E-06   0.91918
FLUX  604   843.00        3.556257E+14   9.2268E-06   9.9120E-06   0.93087
FLUX  605   845.00        3.547840E+14   9.1311E-06   9.9085E-06   0.92154
FLUX  606   847.00        3.539463E+14   9.0333E-06   9.9050E-06   0.91200
FLUX  607   849.00        3.531125E+14   9.4629E-06   9.9015E-06   0.95570
FLUX  608   851.00        3.522826E+14   8.5877E-06   9.8978E-06   0.86764
FLUX  609   853.00        3.514566E+14   9.6291E-06   9.8942E-06   0.97320
FLUX  610   855.00        3.506345E+14   8.3740E-06   9.8905E-06   0.84667
FLUX  611   857.00        3.498162E+14   9.7405E-06   9.8867E-06   0.98521
FLUX  612   859.00        3.490017E+14   9.3660E-06   9.8829E-06   0.94770
FLUX  613   861.00        3.481911E+14   9.2064E-06   9.8790E-06   0.93191
FLUX  614   863.00        3.473841E+14   9.6564E-06   9.8751E-06   0.97785
FLUX  615   865.00        3.465809E+14   9.6561E-06   9.8712E-06   0.97822
FLUX  616   867.00        3.457814E+14   8.2469E-06   9.8672E-06   0.83579
FLUX  617   869.00        3.449856E+14   9.2873E-06   9.8631E-06   0.94162
FLUX  618   871.00        3.441935E+14   9.6014E-06   9.8590E-06   0.97388
FLUX  619   873.00        3.434049E+14   9.5671E-06   9.8548E-06   0.97081
FLUX  620   875.00        3.426200E+14   8.9618E-06   9.8506E-06   0.90977
FLUX  621   877.00        3.418387E+14   9.6499E-06   9.8464E-06   0.98004
FLUX  622   879.00        3.410609E+14   9.6363E-06   9.8421E-06   0.97909
FLUX  623   881.00        3.402866E+14   9.5303E-06   9.8378E-06   0.96875
FLUX  624   883.00        3.395159E+14   9.4420E-06   9.8334E-06   0.96020
FLUX  625   885.00        3.387486E+14   9.4352E-06   9.8289E-06   0.95994
FLUX  626   887.00        3.379848E+14   8.9020E-06   9.8245E-06   0.90611
FLUX  627   889.00        3.372244E+14   9.5737E-06   9.8199E-06   0.97493
FLUX  628   891.00        3.364675E+14   9.6398E-06   9.8153E-06   0.98212
FLUX  629   893.00        3.357139E+14   9.4982E-06   9.8107E-06   0.96814
FLUX  630   895.00        3.349637E+14   9.5610E-06   9.8061E-06   0.97501
FLUX  631   897.00        3.342168E+14   9.5696E-06   9.8013E-06   0.97635
FLUX  632   899.00        3.334733E+14   9.5565E-06   9.7966E-06   0.97550
FLUX  633   901.00        3.327331E+14   8.9052E-06   9.7918E-06   0.90946
FLUX  634   903.00        3.319961E+14   9.3981E-06   9.7869E-06   0.96028
FLUX  635   905.00        3.312624E+14   9.6941E-06   9.7820E-06   0.99102
FLUX  636   907.00        3.305320E+14   9.3734E-06   9.7770E-06   0.95872
FLUX  637   909.00        3.298047E+14   9.1769E-06   9.7720E-06   0.93911
FLUX  638   911.00        3.290807E+14   9.3813E-06   9.7669E-06   0.96052
FLUX  639   913.00        3.283598E+14   9.5879E-06   9.7619E-06   0.98218
FLUX  640   915.00        3.276421E+14   9.6313E-06   9.7567E-06   0.98715
FLUX  641   917.00        3.269275E+14   9.5780E-06   9.7515E-06   0.98221
FLUX  642   919.00        3.262160E+14   9.6176E-06   9.7463E-06   0.98679
FLUX  643   921.00        3.255076E+14   9.3972E-06   9.7411E-06   0.96470
FLUX  644   923.00        3.248023E+14   8.8036E-06   9.7358E-06   0.90425
FLUX  645   925.00        3.241000E+14   9.2524E-06   9.7304E-06   0.95087
FLUX  646   927.00        3.234008E+14   9.3890E-06   9.7251E-06   0.96544
FLUX  647   929.00        3.227045E+14   9.5774E-06   9.7194E-06   0.98538
FLUX  648   931.00        3.220113E+14   9.6037E-06   9.7137E-06   0.98867
FLUX  649   933.00        3.213210E+14   9.5573E-06   9.7080E-06   0.98447
FLUX  650   935.00        3.206337E+14   9.5721E-06   9.7023E-06   0.98657
FLUX  651   937.00        3.199493E+14   9.5717E-06   9.6967E-06   0.98711
FLUX  652   939.00        3.192678E+14   9.5458E-06   9.6911E-06   0.98500
FLUX  653   941.00        3.185893E+14   9.1198E-06   9.6855E-06   0.94160
FLUX  654   943.00        3.179136E+14   9.4553E-06   9.6799E-06   0.97680
FLUX  655   945.00        3.172407E+14   9.3949E-06   9.6744E-06   0.97111
FLUX  656   947.00        3.165707E+14   9.5540E-06   9.6688E-06   0.98813
FLUX  657   949.00        3.159036E+14   9.6168E-06   9.6633E-06   0.99518
FLUX  658   951.00        3.152392E+14   9.5366E-06   9.6578E-06   0.98745
FLUX  659   953.00        3.145776E+14   9.5011E-06   9.6521E-06   0.98436
FLUX  660   955.00        3.139188E+14   8.8495E-06   9.6462E-06   0.91741
FLUX  661   957.00        3.132628E+14   9.4246E-06   9.6403E-06   0.97762
FLUX  662   959.00        3.126095E+14   9.5551E-06   9.6344E-06   0.99177
FLUX  663   961.00        3.119589E+14   9.4196E-06   9.6285E-06   0.97830
FLUX  664   963.00        3.113110E+14   9.2908E-06   9.6225E-06   0.96553
FLUX  665   965.00        3.106658E+14   9.3853E-06   9.6165E-06   0.97596
FLUX  666   967.00        3.100233E+14   9.2830E-06   9.6104E-06   0.96593
FLUX  667   969.00        3.093834E+14   9.3284E-06   9.6044E-06   0.97127
FLUX  668   971.00        3.087461E+14   9.4965E-06   9.5983E-06   0.98939
FLUX  669   973.00        3.081115E+14   9.4781E-06   9.5921E-06   0.98811
FLUX  670   975.00        3.074795E+14   9.2999E-06   9.5860E-06   0.97016
FLUX  671   977.00        3.068501E+14   9.4561E-06   9.5798E-06   0.98709
FLUX  672   979.00        3.062232E+14   9.4100E-06   9.5736E-06   0.98292
FLUX  673   981.00        3.055989E+14   9.4642E-06   9.5673E-06   0.98923
FLUX  674   983.00        3.049771E+14   9.4689E-06   9.5610E-06   0.99036
FLUX  675   985.00        3.043579E+14   9.3535E-06   9.5548E-06   0.97894
FLUX  676   987.00        3.037411E+14   9.3637E-06   9.5484E-06   0.98065
FLUX  677   989.00        3.031269E+14   9.3368E-06   9.5421E-06   0.97849
FLUX  678   991.00        3.025151E+14   9.3364E-06   9.5357E-06   0.97909
FLUX  679   993.00        3.019058E+14   9.4109E-06   9.5293E-06   0.98757
FLUX  680   995.00        3.012990E+14   9.3905E-06   9.5229E-06   0.98609
FLUX  681   997.00        3.006946E+14   9.4324E-06   9.5165E-06   0.99117
FLUX  682   999.00        3.000926E+14   9.4203E-06   9.5100E-06   0.99056
FLUX  683  1002.50        2.990449E+14   9.3039E-06   9.4987E-06   0.97949
FLUX  684  1007.50        2.975608E+14   9.1371E-06   9.4824E-06   0.96359
FLUX  685  1012.50        2.960914E+14   9.2763E-06   9.4660E-06   0.97996
FLUX  686  1017.50        2.946364E+14   9.2727E-06   9.4500E-06   0.98124
FLUX  687  1022.50        2.931956E+14   9.3144E-06   9.4339E-06   0.98733
FLUX  688  1027.50        2.917689E+14   9.3737E-06   9.4177E-06   0.99533
FLUX  689  1032.50        2.903559E+14   9.2338E-06   9.4002E-06   0.98230
FLUX  690  1037.50        2.889566E+14   9.2513E-06   9.3821E-06   0.98607
FLUX  691  1042.50        2.875707E+14   9.2695E-06   9.3642E-06   0.98989
FLUX  692  1047.50        2.861981E+14   9.0996E-06   9.3465E-06   0.97358
FLUX  693  1052.50        2.848385E+14   9.1441E-06   9.3289E-06   0.98019
FLUX  694  1057.50        2.834917E+14   9.1725E-06   9.3113E-06   0.98510
FLUX  695  1062.50        2.821576E+14   9.1464E-06   9.2937E-06   0.98415
FLUX  696  1067.50        2.808361E+14   8.9623E-06   9.2760E-06   0.96618
FLUX  697  1072.50        2.795268E+14   9.0546E-06   9.2584E-06   0.97799
FLUX  698  1077.50        2.782297E+14   9.0251E-06   9.2407E-06   0.97666
FLUX  699  1082.50        2.769446E+14   8.9772E-06   9.2232E-06   0.97333
FLUX  700  1087.50        2.756713E+14   8.9915E-06   9.2056E-06   0.97675
FLUX  701  1092.50        2.744096E+14   8.7478E-06   9.1879E-06   0.95209
FLUX  702  1097.50        2.731595E+14   8.9354E-06   9.1702E-06   0.97439
FLUX  703  1102.50        2.719206E+14   9.0698E-06   9.1525E-06   0.99097
FLUX  704  1107.50        2.706930E+14   9.0672E-06   9.1346E-06   0.99262
FLUX  705  1112.50        2.694764E+14   8.9830E-06   9.1167E-06   0.98533
FLUX  706  1117.50        2.682707E+14   8.9566E-06   9.0988E-06   0.98438
FLUX  707  1122.50        2.670757E+14   9.0039E-06   9.0808E-06   0.99153
FLUX  708  1127.50        2.658914E+14   8.7786E-06   9.0628E-06   0.96863
FLUX  709  1132.50        2.647174E+14   8.7763E-06   9.0449E-06   0.97031
FLUX  710  1137.50        2.635538E+14   8.8551E-06   9.0269E-06   0.98097
FLUX  711  1142.50        2.624004E+14   8.7241E-06   9.0086E-06   0.96841
FLUX  712  1147.50        2.612571E+14   8.9267E-06   8.9902E-06   0.99293
FLUX  713  1152.50        2.601236E+14   8.9139E-06   8.9717E-06   0.99355
FLUX  714  1157.50        2.590000E+14   8.8350E-06   8.9532E-06   0.98680
FLUX  715  1162.50        2.578860E+14   8.6664E-06   8.9346E-06   0.96998
FLUX  716  1167.50        2.567816E+14   8.6255E-06   8.9159E-06   0.96743
FLUX  717  1172.50        2.556866E+14   8.8324E-06   8.8973E-06   0.99271
FLUX  718  1177.50        2.546008E+14   8.6084E-06   8.8786E-06   0.96957
FLUX  719  1182.50        2.535243E+14   8.6604E-06   8.8599E-06   0.97749
FLUX  720  1187.50        2.524568E+14   8.5411E-06   8.8412E-06   0.96606
FLUX  721  1192.50        2.513983E+14   8.7969E-06   8.8224E-06   0.99711
FLUX  722  1197.50        2.503486E+14   8.5688E-06   8.8036E-06   0.97333
FLUX  723  1202.50        2.493077E+14   8.6868E-06   8.7847E-06   0.98886
FLUX  724  1207.50        2.482754E+14   8.6186E-06   8.7658E-06   0.98321
FLUX  725  1212.50        2.472515E+14   8.6313E-06   8.7468E-06   0.98680
FLUX  726  1217.50        2.462361E+14   8.6660E-06   8.7278E-06   0.99292
FLUX  727  1222.50        2.452290E+14   8.6200E-06   8.7087E-06   0.98980
FLUX  728  1227.50        2.442301E+14   8.6108E-06   8.6897E-06   0.99092
FLUX  729  1232.50        2.432394E+14   8.5814E-06   8.6706E-06   0.98971
FLUX  730  1237.50        2.422566E+14   8.5745E-06   8.6515E-06   0.99110
FLUX  731  1242.50        2.412817E+14   8.5775E-06   8.6324E-06   0.99364
FLUX  732  1247.50        2.403146E+14   8.5537E-06   8.6133E-06   0.99308
FLUX  733  1252.50        2.393553E+14   8.4842E-06   8.5942E-06   0.98720
FLUX  734  1257.50        2.384036E+14   8.4274E-06   8.5750E-06   0.98278
FLUX  735  1262.50        2.374594E+14   8.4554E-06   8.5559E-06   0.98826
FLUX  736  1267.50        2.365227E+14   8.4487E-06   8.5367E-06   0.98969
FLUX  737  1272.50        2.355933E+14   8.4841E-06   8.5175E-06   0.99607
FLUX  738  1277.50        2.346712E+14   8.4715E-06   8.4984E-06   0.99684
FLUX  739  1282.50        2.337563E+14   8.0228E-06   8.4792E-06   0.94618
FLUX  740  1287.50        2.328485E+14   8.3933E-06   8.4596E-06   0.99215
FLUX  741  1292.50        2.319478E+14   8.3450E-06   8.4401E-06   0.98873
FLUX  742  1297.50        2.310539E+14   8.3570E-06   8.4211E-06   0.99239
FLUX  743  1302.50        2.301670E+14   8.3280E-06   8.4020E-06   0.99120
FLUX  744  1307.50        2.292868E+14   8.3460E-06   8.3826E-06   0.99563
FLUX  745  1312.50        2.284133E+14   8.2817E-06   8.3631E-06   0.99027
FLUX  746  1317.50        2.275465E+14   8.2260E-06   8.3435E-06   0.98591
FLUX  747  1322.50        2.266862E+14   8.2710E-06   8.3239E-06   0.99364
FLUX  748  1327.50        2.258324E+14   8.2022E-06   8.3043E-06   0.98771
FLUX  749  1332.50        2.249850E+14   8.2211E-06   8.2846E-06   0.99233
FLUX  750  1337.50        2.241439E+14   8.1908E-06   8.2649E-06   0.99104
FLUX  751  1342.50        2.233091E+14   8.1935E-06   8.2452E-06   0.99373
FLUX  752  1347.50        2.224805E+14   8.1741E-06   8.2254E-06   0.99377
FLUX  753  1352.50        2.216580E+14   8.1302E-06   8.2058E-06   0.99079
FLUX  754  1357.50        2.208416E+14   8.0444E-06   8.1863E-06   0.98268
FLUX  755  1362.50        2.200312E+14   8.0837E-06   8.1667E-06   0.98984
FLUX  756  1367.50        2.192267E+14   8.0504E-06   8.1470E-06   0.98814
FLUX  757  1372.50        2.184281E+14   7.9267E-06   8.1273E-06   0.97531
FLUX  758  1377.50        2.176352E+14   7.9887E-06   8.1076E-06   0.98534
FLUX  759  1382.50        2.168481E+14   7.9899E-06   8.0878E-06   0.98790
FLUX  760  1387.50        2.160667E+14   8.0128E-06   8.0680E-06   0.99316
FLUX  761  1392.50        2.152908E+14   7.9408E-06   8.0481E-06   0.98666
FLUX  762  1397.50        2.145206E+14   7.9554E-06   8.0282E-06   0.99093
FLUX  763  1402.50        2.137558E+14   7.9044E-06   8.0083E-06   0.98703
FLUX  764  1407.50        2.129964E+14   7.9386E-06   7.9883E-06   0.99378
FLUX  765  1412.50        2.122425E+14   7.8684E-06   7.9683E-06   0.98746
FLUX  766  1417.50        2.114938E+14   7.8818E-06   7.9483E-06   0.99164
FLUX  767  1422.50        2.107504E+14   7.8016E-06   7.9282E-06   0.98404
FLUX  768  1427.50        2.100123E+14   7.7645E-06   7.9080E-06   0.98185
FLUX  769  1432.50        2.092792E+14   7.8018E-06   7.8877E-06   0.98910
FLUX  770  1437.50        2.085513E+14   7.8351E-06   7.8674E-06   0.99590
FLUX  771  1442.50        2.078284E+14   7.5347E-06   7.8470E-06   0.96020
FLUX  772  1447.50        2.071105E+14   7.7481E-06   7.8265E-06   0.98998
FLUX  773  1452.50        2.063976E+14   7.5832E-06   7.8060E-06   0.97146
FLUX  774  1457.00        2.057601E+14   7.6996E-06   7.7874E-06   0.98872
FLUX  775  1462.00        2.050564E+14   7.7513E-06   8.1130E-06   0.95542
FLUX  776  1467.50        2.042879E+14   7.8372E-06   8.0912E-06   0.96861
FLUX  777  1472.50        2.035942E+14   7.6036E-06   8.0713E-06   0.94205
FLUX  778  1477.50        2.029052E+14   7.4807E-06   8.0512E-06   0.92914
FLUX  779  1482.50        2.022209E+14   7.4487E-06   8.0310E-06   0.92749
FLUX  780  1487.50        2.015412E+14   7.3540E-06   8.0107E-06   0.91802
FLUX  781  1492.50        2.008660E+14   7.4594E-06   7.9902E-06   0.93356
FLUX  782  1497.50        2.001953E+14   7.4536E-06   7.9696E-06   0.93525
FLUX  783  1502.50        1.995291E+14   7.3061E-06   7.9489E-06   0.91913
FLUX  784  1507.50        1.988673E+14   7.3340E-06   7.9281E-06   0.92506
FLUX  785  1512.50        1.982099E+14   7.4275E-06   7.9070E-06   0.93935
FLUX  786  1517.50        1.975568E+14   7.4656E-06   7.8859E-06   0.94671
FLUX  787  1522.50        1.969080E+14   7.5774E-06   7.8646E-06   0.96349
FLUX  788  1527.50        1.962635E+14   7.3817E-06   7.8431E-06   0.94117
FLUX  789  1532.50        1.956232E+14   7.4051E-06   7.8215E-06   0.94677
FLUX  790  1537.50        1.949870E+14   7.5795E-06   7.7996E-06   0.97178
FLUX  791  1542.50        1.943549E+14   7.2838E-06   7.7775E-06   0.93652
FLUX  792  1547.50        1.937270E+14   7.5361E-06   7.7553E-06   0.97173
FLUX  793  1552.50        1.931031E+14   7.5424E-06   7.7328E-06   0.97537
FLUX  794  1557.50        1.924831E+14   7.2121E-06   7.7101E-06   0.93541
FLUX  795  1562.50        1.918672E+14   7.5854E-06   7.6872E-06   0.98676
FLUX  796  1567.50        1.912552E+14   7.4106E-06   7.6639E-06   0.96694
FLUX  797  1572.50        1.906471E+14   7.1947E-06   7.6405E-06   0.94166
FLUX  798  1577.50        1.900428E+14   7.3655E-06   7.6168E-06   0.96702
FLUX  799  1582.50        1.894423E+14   7.4231E-06   7.5928E-06   0.97766
FLUX  800  1587.50        1.888457E+14   6.9335E-06   7.5684E-06   0.91610
FLUX  801  1592.50        1.882527E+14   7.3505E-06   7.5438E-06   0.97438
FLUX  802  1597.50        1.876635E+14   7.3989E-06   7.5189E-06   0.98404
FLUX  803  1605.00        1.867866E+14   7.3135E-06   7.4808E-06   0.97764
FLUX  804  1615.00        1.856300E+14   7.1203E-06   7.4284E-06   0.95853
FLUX  805  1625.00        1.844877E+14   7.2742E-06   7.3741E-06   0.98645
FLUX  806  1635.00        1.833593E+14   7.1677E-06   7.3166E-06   0.97965
FLUX  807  1645.00        1.822447E+14   6.9369E-06   7.2549E-06   0.95616
FLUX  808  1655.00        1.811435E+14   7.0875E-06   7.1906E-06   0.98566
FLUX  809  1665.00        1.800556E+14   7.0519E-06   7.1271E-06   0.98945
FLUX  810  1675.00        1.789806E+14   6.9623E-06   7.0644E-06   0.98555
FLUX  811  1685.00        1.779184E+14   6.7294E-06   7.0026E-06   0.96099
FLUX  812  1695.00        1.768687E+14   6.8989E-06   6.9415E-06   0.99387
FLUX  813  1705.00        1.758314E+14   6.7512E-06   6.8811E-06   0.98112
FLUX  814  1715.00        1.748061E+14   6.7690E-06   6.8215E-06   0.99230
FLUX  815  1725.00        1.737928E+14   6.6297E-06   6.7627E-06   0.98033
FLUX  816  1735.00        1.727911E+14   6.3932E-06   6.7046E-06   0.95356
FLUX  817  1745.00        1.718009E+14   6.4988E-06   6.6472E-06   0.97767
FLUX  818  1755.00        1.708219E+14   6.4802E-06   6.5905E-06   0.98327
FLUX  819  1765.00        1.698541E+14   6.4163E-06   6.5345E-06   0.98192
FLUX  820  1775.00        1.688972E+14   6.3805E-06   6.4792E-06   0.98477
FLUX  821  1785.00        1.679510E+14   6.3256E-06   6.4245E-06   0.98460
FLUX  822  1795.00        1.670153E+14   6.3224E-06   6.3706E-06   0.99243
FLUX  823  1805.00        1.660900E+14   6.2206E-06   6.3172E-06   0.98470
FLUX  824  1815.00        1.651749E+14   6.0463E-06   6.2646E-06   0.96515
FLUX  825  1825.00        1.642699E+14   6.1188E-06   6.2125E-06   0.98492
FLUX  826  1835.00        1.633747E+14   6.1046E-06   6.1610E-06   0.99086
FLUX  827  1845.00        1.624892E+14   6.0317E-06   6.1100E-06   0.98719
FLUX  828  1855.00        1.616132E+14   5.9787E-06   6.0596E-06   0.98664
FLUX  829  1865.00        1.607466E+14   5.9281E-06   6.0099E-06   0.98639
FLUX  830  1875.00        1.598893E+14   5.6769E-06   5.9607E-06   0.95238
FLUX  831  1885.00        1.590411E+14   5.8320E-06   5.9122E-06   0.98645
FLUX  832  1895.00        1.582018E+14   5.6941E-06   5.8642E-06   0.97100
FLUX  833  1905.00        1.573714E+14   5.7811E-06   5.8167E-06   0.99388
FLUX  834  1915.00        1.565496E+14   5.7209E-06   5.7699E-06   0.99151
FLUX  835  1925.00        1.557364E+14   5.6742E-06   5.7236E-06   0.99137
FLUX  836  1935.00        1.549315E+14   5.6064E-06   5.6778E-06   0.98741
FLUX  837  1945.00        1.541350E+14   5.4156E-06   5.6326E-06   0.96146
FLUX  838  1955.00        1.533465E+14   5.5380E-06   5.5879E-06   0.99106
FLUX  839  1965.00        1.525662E+14   5.4903E-06   5.5437E-06   0.99037
FLUX  840  1975.00        1.517937E+14   5.4327E-06   5.5000E-06   0.98776
FLUX  841  1985.00        1.510290E+14   5.4094E-06   5.4568E-06   0.99132
FLUX  842  1995.00        1.502719E+14   5.3722E-06   5.4141E-06   0.99227
FLUX  843  2005.00        1.495224E+14   5.3452E-06   5.3719E-06   0.99503
FLUX  844  2015.00        1.487804E+14   5.3189E-06   5.3301E-06   0.99788
FLUX  845  2025.00        1.480457E+14   5.2467E-06   5.2889E-06   0.99202
FLUX  846  2035.00        1.473182E+14   5.1873E-06   5.2481E-06   0.98842
FLUX  847  2045.00        1.465978E+14   5.1979E-06   5.2077E-06   0.99811
FLUX  848  2055.00        1.458844E+14   5.1480E-06   5.1678E-06   0.99616
FLUX  849  2065.00        1.451780E+14   5.0887E-06   5.1284E-06   0.99225
FLUX  850  2075.00        1.444783E+14   5.0541E-06   5.0894E-06   0.99305
FLUX  851  2085.00        1.437854E+14   5.0233E-06   5.0509E-06   0.99454
FLUX  852  2095.00        1.430990E+14   4.9732E-06   5.0127E-06   0.99212
FLUX  853  2105.00        1.424192E+14   4.9479E-06   4.9750E-06   0.99455
FLUX  854  2115.00        1.417459E+14   4.8948E-06   4.9377E-06   0.99130
FLUX  855  2125.00        1.410788E+14   4.8629E-06   4.9008E-06   0.99226
FLUX  856  2135.00        1.404180E+14   4.8295E-06   4.8644E-06   0.99283
FLUX  857  2145.00        1.397634E+14   4.8150E-06   4.8283E-06   0.99726
FLUX  858  2155.00        1.391148E+14   4.7820E-06   4.7926E-06   0.99778
FLUX  859  2165.00        1.384723E+14   4.6079E-06   4.7573E-06   0.96860
FLUX  860  2175.00        1.378356E+14   4.6932E-06   4.7224E-06   0.99382
FLUX  861  2185.00        1.372048E+14   4.6600E-06   4.6878E-06   0.99407
FLUX  862  2195.00        1.365797E+14   4.6469E-06   4.6536E-06   0.99855
FLUX  863  2205.00        1.359603E+14   4.5818E-06   4.6198E-06   0.99178
FLUX  864  2215.00        1.353465E+14   4.5539E-06   4.5863E-06   0.99294
FLUX  865  2225.00        1.347382E+14   4.5373E-06   4.5531E-06   0.99651
FLUX  866  2235.00        1.341353E+14   4.5054E-06   4.5204E-06   0.99670
FLUX  867  2245.00        1.335379E+14   4.4746E-06   4.4879E-06   0.99704
FLUX  868  2255.00        1.329457E+14   4.4050E-06   4.4558E-06   0.98861
FLUX  869  2265.00        1.323587E+14   4.3950E-06   4.4240E-06   0.99343
FLUX  870  2275.00        1.317769E+14   4.3757E-06   4.3926E-06   0.99615
FLUX  871  2285.00        1.312002E+14   4.3523E-06   4.4279E-06   0.98293
FLUX  872  2295.00        1.306285E+14   4.3312E-06   4.3963E-06   0.98518
FLUX  873  2305.00        1.300618E+14   4.3041E-06   4.3651E-06   0.98601
FLUX  874  2315.00        1.295000E+14   4.2450E-06   4.3342E-06   0.97940
FLUX  875  2325.00        1.289430E+14   4.1948E-06   4.3037E-06   0.97471
FLUX  876  2335.00        1.283908E+14   4.1628E-06   4.2734E-06   0.97412
FLUX  877  2345.00        1.278433E+14   4.1386E-06   4.2435E-06   0.97529
FLUX  878  2355.00        1.273004E+14   4.1002E-06   4.2138E-06   0.97304
FLUX  879  2365.00        1.267622E+14   4.0791E-06   4.1845E-06   0.97482
FLUX  880  2375.00        1.262284E+14   4.0666E-06   4.1554E-06   0.97863
FLUX  881  2385.00        1.256992E+14   4.0185E-06   4.1267E-06   0.97379
FLUX  882  2395.00        1.251743E+14   4.0049E-06   4.0982E-06   0.97723
FLUX  883  2405.00        1.246538E+14   3.9704E-06   4.0701E-06   0.97551
FLUX  884  2415.00        1.241377E+14   3.9365E-06   4.0422E-06   0.97385
FLUX  885  2425.00        1.236258E+14   3.9726E-06   4.0146E-06   0.98955
FLUX  886  2435.00        1.231181E+14   3.8786E-06   3.9873E-06   0.97276
FLUX  887  2445.00        1.226145E+14   3.8623E-06   3.9602E-06   0.97527
FLUX  888  2455.00        1.221151E+14   3.8766E-06   3.9334E-06   0.98554
FLUX  889  2465.00        1.216197E+14   3.8438E-06   3.9069E-06   0.98384
FLUX  890  2475.00        1.211283E+14   3.8149E-06   3.8807E-06   0.98305
FLUX  891  2485.00        1.206408E+14   3.8093E-06   3.8547E-06   0.98822
FLUX  892  2495.00        1.201573E+14   3.7090E-06   3.8290E-06   0.96868
FLUX  893  2505.00        1.196776E+14   3.7870E-06   3.8035E-06   0.99567
FLUX  894  2515.00        1.192018E+14   3.7466E-06   3.7783E-06   0.99163
FLUX  895  2525.00        1.187297E+14   3.6556E-06   3.7533E-06   0.97396
FLUX  896  2535.00        1.182613E+14   3.7048E-06   3.7286E-06   0.99361
FLUX  897  2545.00        1.177967E+14   3.6780E-06   3.7041E-06   0.99294
FLUX  898  2555.00        1.173356E+14   3.6429E-06   3.6797E-06   0.98998
FLUX  899  2565.00        1.168782E+14   3.5400E-06   3.6556E-06   0.96838
FLUX  900  2575.00        1.164243E+14   3.6074E-06   3.6316E-06   0.99333
FLUX  901  2585.00        1.159739E+14   3.5607E-06   3.6079E-06   0.98692
FLUX  902  2595.00        1.155270E+14   3.5666E-06   3.5844E-06   0.99503
FLUX  903  2605.00        1.150835E+14   3.5437E-06   3.5612E-06   0.99509
FLUX  904  2615.00        1.146434E+14   3.4487E-06   3.5382E-06   0.97470
FLUX  905  2625.00        1.142067E+14   3.3931E-06   3.5154E-06   0.96522
FLUX  906  2635.00        1.137732E+14   3.4730E-06   3.4928E-06   0.99434
FLUX  907  2645.00        1.133431E+14   3.4438E-06   3.4705E-06   0.99230
FLUX  908  2655.00        1.129162E+14   3.4214E-06   3.4484E-06   0.99219
FLUX  909  2665.00        1.124925E+14   3.3798E-06   3.4264E-06   0.98639
FLUX  910  2675.00        1.120720E+14   3.3213E-06   3.4047E-06   0.97548
FLUX  911  2685.00        1.116546E+14   3.3693E-06   3.3833E-06   0.99588
FLUX  912  2695.00        1.112403E+14   3.3521E-06   3.3620E-06   0.99705
FLUX  913  2705.00        1.108290E+14   3.3250E-06   3.3409E-06   0.99526
FLUX  914  2715.00        1.104208E+14   3.3092E-06   3.3200E-06   0.99675
FLUX  915  2725.00        1.100156E+14   3.2883E-06   3.2993E-06   0.99665
FLUX  916  2735.00        1.096133E+14   3.2707E-06   3.2788E-06   0.99752
FLUX  917  2745.00        1.092140E+14   3.2547E-06   3.2585E-06   0.99881
FLUX  918  2755.00        1.088176E+14   3.1682E-06   3.2384E-06   0.97830
FLUX  919  2765.00        1.084241E+14   3.1934E-06   3.2185E-06   0.99220
FLUX  920  2775.00        1.080333E+14   3.1885E-06   3.1988E-06   0.99679
FLUX  921  2785.00        1.076454E+14   3.1707E-06   3.1792E-06   0.99731
FLUX  922  2795.00        1.072603E+14   3.1559E-06   3.1598E-06   0.99877
FLUX  923  2805.00        1.068779E+14   3.1351E-06   3.1406E-06   0.99825
FLUX  924  2815.00        1.064982E+14   3.1164E-06   3.1216E-06   0.99835
FLUX  925  2825.00        1.061212E+14   3.0967E-06   3.1027E-06   0.99807
FLUX  926  2835.00        1.057469E+14   3.0820E-06   3.0840E-06   0.99936
FLUX  927  2845.00        1.053752E+14   3.0533E-06   3.0655E-06   0.99604
FLUX  928  2855.00        1.050061E+14   3.0430E-06   3.0471E-06   0.99863
FLUX  929  2865.00        1.046396E+14   3.0215E-06   3.0289E-06   0.99755
FLUX  930  2875.00        1.042757E+14   2.9457E-06   3.0109E-06   0.97835
FLUX  931  2885.00        1.039142E+14   2.9843E-06   2.9930E-06   0.99710
FLUX  932  2895.00        1.035553E+14   2.9685E-06   2.9753E-06   0.99769
FLUX  933  2905.00        1.031988E+14   2.9545E-06   2.9578E-06   0.99891
FLUX  934  2915.00        1.028448E+14   2.9283E-06   2.9404E-06   0.99588
FLUX  935  2925.00        1.024932E+14   2.9138E-06   2.9231E-06   0.99682
FLUX  936  2935.00        1.021440E+14   2.9026E-06   2.9060E-06   0.99883
FLUX  937  2945.00        1.017971E+14   2.8800E-06   2.8891E-06   0.99687
FLUX  938  2955.00        1.014526E+14   2.8682E-06   2.8723E-06   0.99861
FLUX  939  2965.00        1.011105E+14   2.8532E-06   2.8556E-06   0.99917
FLUX  940  2975.00        1.007706E+14   2.8354E-06   2.8391E-06   0.99870
FLUX  941  2985.00        1.004330E+14   2.8201E-06   2.8227E-06   0.99907
FLUX  942  2995.00        1.000977E+14   2.7999E-06   2.8065E-06   0.99764
FLUX  943  3005.00        9.976456E+13   2.7836E-06   2.7904E-06   0.99758
FLUX  944  3015.00        9.943367E+13   2.7682E-06   2.7744E-06   0.99775
FLUX  945  3025.00        9.910496E+13   2.7544E-06   2.7586E-06   0.99847
FLUX  946  3035.00        9.877842E+13   2.7015E-06   2.7429E-06   0.98489
FLUX  947  3045.00        9.845402E+13   2.7154E-06   2.7274E-06   0.99560
FLUX  948  3055.00        9.813175E+13   2.7051E-06   2.7120E-06   0.99749
FLUX  949  3065.00        9.781158E+13   2.6881E-06   2.6967E-06   0.99680
FLUX  950  3075.00        9.749350E+13   2.6779E-06   2.6815E-06   0.99865
FLUX  951  3085.00        9.717747E+13   2.6529E-06   2.6665E-06   0.99489
FLUX  952  3095.00        9.686349E+13   2.6416E-06   2.6516E-06   0.99623
FLUX  953  3105.00        9.655153E+13   2.6286E-06   2.6369E-06   0.99685
FLUX  954  3115.00        9.624157E+13   2.5981E-06   2.6222E-06   0.99080
FLUX  955  3125.00        9.593360E+13   2.5970E-06   2.6077E-06   0.99589
FLUX  956  3135.00        9.562759E+13   2.5827E-06   2.5934E-06   0.99588
FLUX  957  3145.00        9.532353E+13   2.5694E-06   2.5791E-06   0.99626
FLUX  958  3155.00        9.502139E+13   2.5565E-06   2.5650E-06   0.99669
FLUX  959  3165.00        9.472117E+13   2.5467E-06   2.5509E-06   0.99834
FLUX  960  3175.00        9.442283E+13   2.5285E-06   2.5370E-06   0.99666
FLUX  961  3185.00        9.412637E+13   2.5196E-06   2.5231E-06   0.99860
FLUX  962  3195.00        9.383177E+13   2.5062E-06   2.5093E-06   0.99874
FLUX  963  3210.00        9.339330E+13   2.4839E-06   2.4888E-06   0.99803
FLUX  964  3230.00        9.281502E+13   2.4594E-06   2.4619E-06   0.99898
FLUX  965  3250.00        9.224385E+13   2.4315E-06   2.4354E-06   0.99842
FLUX  966  3270.00        9.167966E+13   2.4041E-06   2.4093E-06   0.99783
FLUX  967  3290.00        9.112234E+13   2.3532E-06   2.3951E-06   0.98253
FLUX  968  3310.00        9.057175E+13   2.3529E-06   2.3696E-06   0.99295
FLUX  969  3330.00        9.002778E+13   2.3237E-06   2.3445E-06   0.99112
FLUX  970  3350.00        8.949030E+13   2.2998E-06   2.3198E-06   0.99139
FLUX  971  3370.00        8.895920E+13   2.2669E-06   2.2955E-06   0.98753
FLUX  972  3390.00        8.843437E+13   2.2418E-06   2.2715E-06   0.98691
FLUX  973  3410.00        8.791569E+13   2.2165E-06   2.2480E-06   0.98599
FLUX  974  3430.00        8.740306E+13   2.2017E-06   2.2247E-06   0.98962
FLUX  975  3450.00        8.689638E+13   2.1845E-06   2.2019E-06   0.99211
FLUX  976  3470.00        8.639553E+13   2.1626E-06   2.1794E-06   0.99231
FLUX  977  3490.00        8.590043E+13   2.1415E-06   2.1572E-06   0.99271
FLUX  978  3510.00        8.541097E+13   2.1226E-06   2.1354E-06   0.99403
FLUX  979  3530.00        8.492705E+13   2.0978E-06   2.1138E-06   0.99242
FLUX  980  3550.00        8.444859E+13   2.0760E-06   2.0927E-06   0.99205
FLUX  981  3570.00        8.397549E+13   2.0515E-06   2.0718E-06   0.99019
FLUX  982  3590.00        8.350766E+13   2.0449E-06   2.0512E-06   0.99694
FLUX  983  3610.00        8.304501E+13   2.0120E-06   2.0310E-06   0.99066
FLUX  984  3630.00        8.258747E+13   2.0082E-06   2.0110E-06   0.99860
FLUX  985  3650.00        8.213493E+13   1.9690E-06   1.9913E-06   0.98880
FLUX  986  3670.00        8.168733E+13   1.9643E-06   1.9719E-06   0.99614
FLUX  987  3690.00        8.124458E+13   1.9216E-06   1.9528E-06   0.98401
FLUX  988  3710.00        8.080660E+13   1.9184E-06   1.9340E-06   0.99192
FLUX  989  3730.00        8.037332E+13   1.8986E-06   1.9154E-06   0.99121
FLUX  990  3750.00        7.994467E+13   1.8584E-06   1.8971E-06   0.97960
FLUX  991  3770.00        7.952056E+13   1.8675E-06   1.8790E-06   0.99384
FLUX  992  3790.00        7.910092E+13   1.8507E-06   1.8613E-06   0.99432
FLUX  993  3810.00        7.868570E+13   1.8237E-06   1.8437E-06   0.98917
FLUX  994  3830.00        7.827480E+13   1.8180E-06   1.8264E-06   0.99537
FLUX  995  3850.00        7.786818E+13   1.8056E-06   1.8094E-06   0.99789
FLUX  996  3870.00        7.746576E+13   1.7837E-06   1.7926E-06   0.99508
FLUX  997  3890.00        7.706748E+13   1.7678E-06   1.7760E-06   0.99537
FLUX  998  3910.00        7.667327E+13   1.7404E-06   1.7596E-06   0.98906
FLUX  999  3930.00        7.628308E+13   1.7395E-06   1.7435E-06   0.99772
FLUX 1000  3950.00        7.589684E+13   1.7212E-06   1.7276E-06   0.99634
FLUX 1001  3970.00        7.551448E+13   1.7072E-06   1.7119E-06   0.99727
FLUX 1002  3990.00        7.513596E+13   1.6821E-06   1.6964E-06   0.99159
FLUX 1003  4010.00        7.476122E+13   1.6684E-06   1.6811E-06   0.99242
FLUX 1004  4030.00        7.439020E+13   1.6510E-06   1.6660E-06   0.99098
FLUX 1005  4050.00        7.402284E+13   1.6266E-06   1.6512E-06   0.98509
FLUX 1006  4070.00        7.365909E+13   1.6309E-06   1.6365E-06   0.99658
FLUX 1007  4090.00        7.329890E+13   1.6144E-06   1.6220E-06   0.99533
FLUX 1008  4110.00        7.294221E+13   1.6058E-06   1.6077E-06   0.99879
FLUX 1009  4130.00        7.258898E+13   1.5919E-06   1.5936E-06   0.99892
FLUX 1010  4150.00        7.223916E+13   1.5752E-06   1.5797E-06   0.99718
FLUX 1011  4170.00        7.189269E+13   1.5504E-06   1.5659E-06   0.99010
FLUX 1012  4190.00        7.154952E+13   1.5476E-06   1.5524E-06   0.99695
FLUX 1013  4210.00        7.120962E+13   1.5306E-06   1.5390E-06   0.99454
FLUX 1014  4230.00        7.087293E+13   1.5252E-06   1.5258E-06   0.99961
FLUX 1015  4250.00        7.053941E+13   1.5091E-06   1.5127E-06   0.99765
FLUX 1016  4270.00        7.020902E+13   1.4986E-06   1.4998E-06   0.99919
FLUX 1017  4290.00        6.988170E+13   1.4754E-06   1.4871E-06   0.99214
FLUX 1018  4310.00        6.955742E+13   1.4531E-06   1.4745E-06   0.98546
FLUX 1019  4330.00        6.923614E+13   1.4435E-06   1.4621E-06   0.98728
FLUX 1020  4350.00        6.891782E+13   1.4183E-06   1.4499E-06   0.97822
FLUX 1021  4370.00        6.860240E+13   1.3969E-06   1.4378E-06   0.97160
FLUX 1022  4390.00        6.828986E+13   1.3939E-06   1.4258E-06   0.97757
FLUX 1023  4410.00        6.798016E+13   1.3689E-06   1.4140E-06   0.96807
FLUX 1024  4430.00        6.767325E+13   1.3630E-06   1.4024E-06   0.97190
FLUX 1025  4450.00        6.736910E+13   1.3517E-06   1.3909E-06   0.97182
FLUX 1026  4470.00        6.706767E+13   1.3323E-06   1.3818E-06   0.96415
FLUX 1027  4490.00        6.676893E+13   1.3288E-06   1.3706E-06   0.96953
FLUX 1028  4510.00        6.647284E+13   1.3168E-06   1.3594E-06   0.96863
FLUX 1029  4530.00        6.617936E+13   1.2979E-06   1.3484E-06   0.96252
FLUX 1030  4550.00        6.588846E+13   1.2940E-06   1.3376E-06   0.96741
FLUX 1031  4570.00        6.560011E+13   1.2861E-06   1.3268E-06   0.96931
FLUX 1032  4590.00        6.531427E+13   1.2669E-06   1.3162E-06   0.96255
FLUX 1033  4610.00        6.503091E+13   1.2640E-06   1.3057E-06   0.96803
FLUX 1034  4630.00        6.475000E+13   1.2531E-06   1.2954E-06   0.96735
FLUX 1035  4650.00        6.447151E+13   1.2455E-06   1.2852E-06   0.96912
FLUX 1036  4670.00        6.419540E+13   1.2333E-06   1.2750E-06   0.96727
FLUX 1037  4690.00        6.392164E+13   1.2279E-06   1.2651E-06   0.97067
FLUX 1038  4710.00        6.365021E+13   1.2216E-06   1.2552E-06   0.97325
FLUX 1039  4730.00        6.338108E+13   1.2163E-06   1.2454E-06   0.97662
FLUX 1040  4750.00        6.311421E+13   1.2038E-06   1.2358E-06   0.97417
FLUX 1041  4770.00        6.284958E+13   1.1955E-06   1.2262E-06   0.97496
FLUX 1042  4790.00        6.258716E+13   1.1899E-06   1.2168E-06   0.97787
FLUX 1043  4810.00        6.232692E+13   1.1764E-06   1.2075E-06   0.97423
FLUX 1044  4830.00        6.206884E+13   1.1727E-06   1.1983E-06   0.97871
FLUX 1045  4850.00        6.181289E+13   1.1634E-06   1.1891E-06   0.97834
FLUX 1046  4870.00        6.155903E+13   1.1547E-06   1.1801E-06   0.97841
FLUX 1047  4890.00        6.130726E+13   1.1461E-06   1.1712E-06   0.97852
FLUX 1048  4910.00        6.105754E+13   1.1384E-06   1.1624E-06   0.97929
FLUX 1049  4930.00        6.080984E+13   1.1289E-06   1.1537E-06   0.97853
FLUX 1050  4950.00        6.056414E+13   1.1214E-06   1.1451E-06   0.97929
FLUX 1051  4970.00        6.032042E+13   1.1122E-06   1.1366E-06   0.97851
FLUX 1052  4990.00        6.007866E+13   1.1060E-06   1.1282E-06   0.98034
FLUX 1053  5010.00        5.983882E+13   1.0993E-06   1.1198E-06   0.98166
FLUX 1054  5030.00        5.960089E+13   1.0915E-06   1.1116E-06   0.98194
FLUX 1055  5050.00        5.936485E+13   1.0797E-06   1.1034E-06   0.97848
FLUX 1056  5070.00        5.913067E+13   1.0742E-06   1.0954E-06   0.98069
FLUX 1057  5090.00        5.889833E+13   1.0688E-06   1.0874E-06   0.98286
FLUX 1058  5110.00        5.866781E+13   1.0585E-06   1.0795E-06   0.98049
FLUX 1059  5130.00        5.843908E+13   1.0485E-06   1.0717E-06   0.97828
FLUX 1060  5150.00        5.821214E+13   1.0441E-06   1.0640E-06   0.98125
FLUX 1061  5170.00        5.798694E+13   1.0407E-06   1.0564E-06   0.98514
FLUX 1062  5190.00        5.776349E+13   1.0298E-06   1.0488E-06   0.98183
FLUX 1063  5210.00        5.754175E+13   1.0222E-06   1.0413E-06   0.98158
FLUX 1064  5230.00        5.732170E+13   1.0149E-06   1.0339E-06   0.98161
FLUX 1065  5250.00        5.710333E+13   1.0098E-06   1.0266E-06   0.98365
FLUX 1066  5270.00        5.688662E+13   1.0045E-06   1.0194E-06   0.98541
FLUX 1067  5290.00        5.667155E+13   9.9410E-07   1.0122E-06   0.98209
FLUX 1068  5310.00        5.645810E+13   9.9000E-07   1.0051E-06   0.98494
FLUX 1069  5330.00        5.624625E+13   9.8212E-07   9.9812E-07   0.98397
FLUX 1070  5350.00        5.603598E+13   9.7686E-07   9.9118E-07   0.98555
FLUX 1071  5370.00        5.582728E+13   9.6990E-07   9.8431E-07   0.98536
FLUX 1072  5390.00        5.562013E+13   9.6429E-07   9.7751E-07   0.98648
FLUX 1073  5410.00        5.541451E+13   9.5806E-07   9.7078E-07   0.98689
FLUX 1074  5430.00        5.521041E+13   9.4873E-07   9.6412E-07   0.98404
FLUX 1075  5450.00        5.500780E+13   9.4539E-07   9.5753E-07   0.98733
FLUX 1076  5470.00        5.480667E+13   9.3827E-07   9.5100E-07   0.98661
FLUX 1077  5490.00        5.460701E+13   9.3195E-07   9.4454E-07   0.98667
FLUX 1078  5510.00        5.440880E+13   9.2761E-07   9.3815E-07   0.98877
FLUX 1079  5530.00        5.421203E+13   9.2291E-07   9.3182E-07   0.99044
FLUX 1080  5550.00        5.401667E+13   9.1404E-07   9.2555E-07   0.98756
FLUX 1081  5570.00        5.382271E+13   9.1089E-07   9.1935E-07   0.99080
FLUX 1082  5590.00        5.363014E+13   9.0206E-07   9.1321E-07   0.98779
FLUX 1083  5610.00        5.343895E+13   8.9774E-07   9.0713E-07   0.98965
FLUX 1084  5630.00        5.324911E+13   8.9175E-07   9.0111E-07   0.98961
FLUX 1085  5650.00        5.306062E+13   8.8825E-07   8.9515E-07   0.99229
FLUX 1086  5670.00        5.287346E+13   8.8255E-07   8.8925E-07   0.99247
FLUX 1087  5690.00        5.268761E+13   8.7555E-07   8.8340E-07   0.99111
FLUX 1088  5710.00        5.250306E+13   8.7163E-07   8.7762E-07   0.99317
FLUX 1089  5730.00        5.231981E+13   8.6596E-07   8.7189E-07   0.99320
FLUX 1090  5750.00        5.213783E+13   8.6045E-07   8.6621E-07   0.99335
FLUX 1091  5770.00        5.195711E+13   8.5504E-07   8.6059E-07   0.99355
FLUX 1092  5790.00        5.177763E+13   8.4954E-07   8.5503E-07   0.99358
FLUX 1093  5810.00        5.159940E+13   8.4442E-07   8.4952E-07   0.99400
FLUX 1094  5830.00        5.142238E+13   8.3962E-07   8.4406E-07   0.99474
FLUX 1095  5850.00        5.124658E+13   8.3533E-07   8.3922E-07   0.99537
FLUX 1096  5870.00        5.107198E+13   8.2909E-07   8.3386E-07   0.99428
FLUX 1097  5890.00        5.089856E+13   8.2289E-07   8.2855E-07   0.99317
FLUX 1098  5910.00        5.072631E+13   8.1828E-07   8.2329E-07   0.99391
FLUX 1099  5930.00        5.055523E+13   8.1430E-07   8.1808E-07   0.99539
FLUX 1100  5950.00        5.038529E+13   8.0637E-07   8.1292E-07   0.99195
FLUX 1101  5970.00        5.021650E+13   8.0483E-07   8.0780E-07   0.99632
FLUX 1102  5990.00        5.004883E+13   7.9975E-07   8.0274E-07   0.99628
FLUX 1103  6010.00        4.988228E+13   7.9480E-07   7.9772E-07   0.99634
FLUX 1104  6030.00        4.971683E+13   7.9032E-07   7.9275E-07   0.99694
FLUX 1105  6050.00        4.955248E+13   7.8542E-07   7.8782E-07   0.99695
FLUX 1106  6070.00        4.938921E+13   7.8023E-07   7.8294E-07   0.99654
FLUX 1107  6090.00        4.922701E+13   7.7539E-07   7.7810E-07   0.99651
FLUX 1108  6110.00        4.906588E+13   7.6952E-07   7.7331E-07   0.99509
FLUX 1109  6130.00        4.890579E+13   7.6641E-07   7.6856E-07   0.99719
FLUX 1110  6150.00        4.874675E+13   7.6208E-07   7.6386E-07   0.99767
FLUX 1111  6170.00        4.858874E+13   7.5763E-07   7.5920E-07   0.99793
FLUX 1112  6190.00        4.843174E+13   7.5301E-07   7.5458E-07   0.99792
FLUX 1113  6210.00        4.827576E+13   7.4877E-07   7.5000E-07   0.99836
FLUX 1114  6230.00        4.812079E+13   7.4276E-07   7.4546E-07   0.99637
FLUX 1115  6250.00        4.796680E+13   7.3940E-07   7.4097E-07   0.99788
FLUX 1116  6270.00        4.781380E+13   7.3479E-07   7.3651E-07   0.99766
FLUX 1117  6290.00        4.766176E+13   7.3099E-07   7.3210E-07   0.99848
FLUX 1118  6310.00        4.751070E+13   7.2550E-07   7.2772E-07   0.99694
FLUX 1119  6330.00        4.736058E+13   7.2237E-07   7.2339E-07   0.99859
FLUX 1120  6350.00        4.721142E+13   7.1787E-07   7.1909E-07   0.99830
FLUX 1121  6370.00        4.706319E+13   7.1404E-07   7.1483E-07   0.99889
FLUX 1122  6390.00        4.691588E+13   7.0939E-07   7.1061E-07   0.99829
FLUX 1123  6420.00        4.669665E+13   7.0363E-07   7.0434E-07   0.99898
FLUX 1124  6460.00        4.640751E+13   6.9507E-07   6.9612E-07   0.99850
FLUX 1125  6500.00        4.612192E+13   6.8688E-07   6.8804E-07   0.99832
FLUX 1126  6540.00        4.583983E+13   6.7950E-07   6.8009E-07   0.99912
FLUX 1127  6580.00        4.556117E+13   6.7176E-07   6.7229E-07   0.99921
FLUX 1128  6620.00        4.528588E+13   6.6392E-07   6.6462E-07   0.99896
FLUX 1129  6660.00        4.501389E+13   6.5662E-07   6.5707E-07   0.99931
FLUX 1130  6700.00        4.474515E+13   6.4915E-07   6.4966E-07   0.99922
FLUX 1131  6740.00        4.447960E+13   6.4168E-07   6.4237E-07   0.99893
FLUX 1132  6780.00        4.421718E+13   6.3477E-07   6.3520E-07   0.99932
FLUX 1133  6820.00        4.395784E+13   6.2768E-07   6.2815E-07   0.99926
FLUX 1134  6860.00        4.370153E+13   6.2076E-07   6.2121E-07   0.99927
FLUX 1135  6900.00        4.344819E+13   6.1360E-07   6.1439E-07   0.99871
FLUX 1136  6940.00        4.319777E+13   6.0688E-07   6.0768E-07   0.99868
FLUX 1137  6980.00        4.295021E+13   6.0053E-07   6.0109E-07   0.99907
FLUX 1138  7020.00        4.270548E+13   5.9384E-07   5.9459E-07   0.99874
FLUX 1139  7060.00        4.246353E+13   5.8759E-07   5.8820E-07   0.99896
FLUX 1140  7100.00        4.222430E+13   5.8170E-07   5.8192E-07   0.99962
FLUX 1141  7140.00        4.198775E+13   5.7540E-07   5.7573E-07   0.99943
FLUX 1142  7180.00        4.175383E+13   5.6916E-07   5.6964E-07   0.99917
FLUX 1143  7220.00        4.152251E+13   5.6266E-07   5.6364E-07   0.99827
FLUX 1144  7260.00        4.129373E+13   5.5717E-07   5.5774E-07   0.99897
FLUX 1145  7300.00        4.106747E+13   5.5174E-07   5.5193E-07   0.99965
FLUX 1146  7340.00        4.084366E+13   5.4582E-07   5.4621E-07   0.99929
FLUX 1147  7380.00        4.062229E+13   5.4036E-07   5.4058E-07   0.99960
FLUX 1148  7420.00        4.040330E+13   5.3451E-07   5.3504E-07   0.99901
FLUX 1149  7460.00        4.018666E+13   5.2914E-07   5.2958E-07   0.99918
FLUX 1150  7500.00        3.997233E+13   5.2349E-07   5.2421E-07   0.99864
FLUX 1151  7540.00        3.976028E+13   5.1841E-07   5.1891E-07   0.99903
FLUX 1152  7580.00        3.955046E+13   5.1338E-07   5.1370E-07   0.99939
FLUX 1153  7620.00        3.934285E+13   5.0835E-07   5.0856E-07   0.99959
FLUX 1154  7660.00        3.913740E+13   5.0334E-07   5.0350E-07   0.99969
FLUX 1155  7700.00        3.893409E+13   4.9826E-07   4.9852E-07   0.99949
FLUX 1156  7740.00        3.873288E+13   4.9349E-07   4.9360E-07   0.99976
FLUX 1157  7780.00        3.853374E+13   4.8870E-07   4.8877E-07   0.99986
FLUX 1158  7820.00        3.833664E+13   4.8394E-07   4.8400E-07   0.99989
FLUX 1159  7860.00        3.814154E+13   4.7924E-07   4.7930E-07   0.99989
FLUX 1160  7900.00        3.794842E+13   4.7461E-07   4.7466E-07   0.99990
FLUX 1161  7940.00        3.775724E+13   4.7002E-07   4.7010E-07   0.99982
FLUX 1162  7980.00        3.756798E+13   4.6554E-07   4.6560E-07   0.99988
FLUX 1163  8020.00        3.738061E+13   4.6093E-07   4.6116E-07   0.99950
FLUX 1164  8060.00        3.719510E+13   4.5656E-07   4.5679E-07   0.99951
FLUX 1165  8100.00        3.701142E+13   4.5242E-07   4.5248E-07   0.99988
FLUX 1166  8140.00        3.682955E+13   4.4794E-07   4.4822E-07   0.99936
FLUX 1167  8180.00        3.664945E+13   4.4380E-07   4.4403E-07   0.99947
FLUX 1168  8220.00        3.647111E+13   4.3984E-07   4.3990E-07   0.99986
FLUX 1169  8260.00        3.629449E+13   4.3570E-07   4.3582E-07   0.99972
FLUX 1170  8300.00        3.611958E+13   4.3168E-07   4.3180E-07   0.99971
FLUX 1171  8340.00        3.594634E+13   4.2741E-07   4.2784E-07   0.99900
FLUX 1172  8380.00        3.577476E+13   4.2344E-07   4.2393E-07   0.99885
FLUX 1173  8420.00        3.560481E+13   4.1981E-07   4.2007E-07   0.99937
FLUX 1174  8460.00        3.543647E+13   4.1614E-07   4.1626E-07   0.99971
FLUX 1175  8500.00        3.526971E+13   4.1245E-07   4.1251E-07   0.99985
FLUX 1176  8540.00        3.510451E+13   4.0867E-07   4.0881E-07   0.99966
FLUX 1177  8580.00        3.494085E+13   4.0501E-07   4.0515E-07   0.99966
FLUX 1178  8620.00        3.477871E+13   4.0137E-07   4.0155E-07   0.99957
FLUX 1179  8660.00        3.461807E+13   3.9794E-07   3.9799E-07   0.99988
FLUX 1180  8700.00        3.445891E+13   3.9444E-07   3.9447E-07   0.99992
FLUX 1181  8740.00        3.430120E+13   3.9094E-07   3.9101E-07   0.99982
FLUX 1182  8780.00        3.414493E+13   3.8753E-07   3.8759E-07   0.99986
FLUX 1183  8820.00        3.399008E+13   3.8397E-07   3.8421E-07   0.99937
FLUX 1184  8860.00        3.383663E+13   3.8072E-07   3.8088E-07   0.99958
FLUX 1185  8900.00        3.368455E+13   3.7738E-07   3.7759E-07   0.99946
FLUX 1186  8940.00        3.353384E+13   3.7422E-07   3.7434E-07   0.99969
FLUX 1187  8980.00        3.338447E+13   3.7084E-07   3.7113E-07   0.99921
FLUX 1188  9020.00        3.323642E+13   3.6780E-07   3.6797E-07   0.99953
FLUX 1189  9060.00        3.308968E+13   3.6482E-07   3.6484E-07   0.99994
FLUX 1190  9100.00        3.294423E+13   3.6147E-07   3.6176E-07   0.99921
FLUX 1191  9140.00        3.280005E+13   3.5852E-07   3.5871E-07   0.99947
FLUX 1192  9180.00        3.265714E+13   3.5563E-07   3.5569E-07   0.99982
FLUX 1193  9220.00        3.251546E+13   3.5269E-07   3.5272E-07   0.99991
FLUX 1194  9260.00        3.237500E+13   3.4974E-07   3.4978E-07   0.99990
FLUX 1195  9300.00        3.223575E+13   3.4685E-07   3.4688E-07   0.99993
FLUX 1196  9340.00        3.209770E+13   3.4395E-07   3.4401E-07   0.99983
FLUX 1197  9380.00        3.196082E+13   3.4111E-07   3.4118E-07   0.99981
FLUX 1198  9420.00        3.182511E+13   3.3834E-07   3.3838E-07   0.99986
FLUX 1199  9460.00        3.169054E+13   3.3555E-07   3.3562E-07   0.99977
FLUX 1200  9500.00        3.155711E+13   3.3280E-07   3.3289E-07   0.99971
FLUX 1201  9540.00        3.142479E+13   3.3001E-07   3.3020E-07   0.99944
FLUX 1202  9580.00        3.129358E+13   3.2751E-07   3.2753E-07   0.99993
FLUX 1203  9620.00        3.116346E+13   3.2477E-07   3.2490E-07   0.99960
FLUX 1204  9660.00        3.103442E+13   3.2228E-07   3.2230E-07   0.99993
FLUX 1205  9700.00        3.090644E+13   3.1971E-07   3.1973E-07   0.99994
FLUX 1206  9740.00        3.077952E+13   3.1696E-07   3.1720E-07   0.99927
FLUX 1207  9780.00        3.065363E+13   3.1459E-07   3.1469E-07   0.99969
FLUX 1208  9820.00        3.052877E+13   3.1209E-07   3.1221E-07   0.99963
FLUX 1209  9860.00        3.040492E+13   3.0970E-07   3.0976E-07   0.99980
FLUX 1210  9900.00        3.028207E+13   3.0733E-07   3.0734E-07   0.99998
FLUX 1211  9940.00        3.016021E+13   3.0487E-07   3.0495E-07   0.99974
FLUX 1212  9980.00        3.003933E+13   3.0247E-07   3.0258E-07   0.99962
FLUX 1213 10020.00        2.991941E+13   3.0013E-07   3.0024E-07   0.99962
FLUX 1214 20000.00        1.498963E+13   7.7441E-08   7.7447E-08   0.99992
FLUX 1215 40000.00        7.494813E+12   1.9401E-08   1.9401E-08   0.99999
FLUX 1216 60000.00        4.996542E+12   8.5681E-09   8.5682E-09   0.99999
FLUX 1217 80000.00        3.747406E+12   4.7873E-09   4.7874E-09   1.00000
FLUX 1218100000.00        2.997925E+12   3.0452E-09   3.0452E-09   1.00000
FLUX 1219120000.00        2.498271E+12   2.1032E-09   2.1032E-09   1.00000
FLUX 1220140000.00        2.141375E+12   1.5377E-09   1.5377E-09   1.00000
FLUX 1221160000.00        1.873703E+12   1.1722E-09   1.1722E-09   1.00000
FLUX
