   826.360 8.189E+10
   826.873 8.189E+10
   827.387 8.189E+10
   827.900 8.189E+10
   828.413 8.189E+10
   828.927 8.189E+10
   829.440 8.189E+10
   829.953 8.189E+10
   830.467 8.189E+10
   830.980 8.189E+10
   831.494 8.189E+10
   832.007 8.189E+10
   832.520 8.189E+10
   833.034 8.189E+10
   833.547 8.189E+10
   834.060 8.189E+10
   834.574 8.189E+10
   835.087 8.189E+10
   835.600 8.189E+10
   836.114 8.189E+10
   836.627 8.189E+10
   837.141 8.189E+10
   837.654 8.189E+10
   838.167 8.189E+10
   838.681 8.189E+10
   839.194 8.189E+10
   839.707 8.189E+10
   840.221 8.189E+10
   840.734 8.189E+10
   841.247 8.189E+10
   841.761 8.189E+10
   842.274 8.189E+10
   842.787 8.189E+10
   843.301 8.189E+10
   843.814 8.189E+10
   844.328 8.189E+10
   844.841 8.189E+10
   845.354 8.189E+10
   845.868 8.189E+10
   846.381 8.189E+10
   846.894 8.189E+10
   847.408 8.189E+10
   847.921 8.189E+10
   848.434 8.189E+10
   848.948 8.189E+10
   849.461 8.189E+10
   849.975 8.189E+10
   850.488 8.189E+10
   851.001 8.189E+10
   851.515 8.189E+10
   852.028 8.189E+10
   852.541 8.189E+10
   853.055 8.189E+10
   853.568 8.189E+10
   854.081 8.189E+10
   854.595 8.189E+10
   855.108 8.189E+10
   855.622 8.189E+10
   856.135 8.189E+10
   856.648 8.189E+10
   857.162 8.189E+10
   857.675 8.189E+10
   858.188 8.189E+10
   858.702 8.189E+10
   859.215 8.189E+10
   859.728 8.189E+10
   860.242 8.189E+10
   860.755 8.189E+10
   861.268 8.189E+10
   861.782 8.189E+10
   862.295 8.189E+10
   862.809 8.189E+10
   863.322 8.189E+10
   863.835 8.189E+10
   864.349 8.189E+10
   864.862 8.189E+10
   865.375 8.189E+10
   865.889 8.189E+10
   866.402 8.189E+10
   866.915 8.189E+10
   867.429 8.189E+10
   867.942 8.189E+10
   868.456 8.189E+10
   868.969 8.189E+10
   869.482 8.189E+10
   869.996 8.189E+10
   870.509 8.189E+10
   871.022 8.189E+10
   871.536 8.189E+10
   872.049 8.189E+10
   872.562 8.189E+10
   873.076 8.189E+10
   873.589 8.189E+10
   874.102 8.189E+10
   874.616 8.189E+10
   875.129 8.189E+10
   875.643 8.189E+10
   876.156 8.189E+10
   876.669 8.189E+10
   877.183 8.189E+10
   877.696 8.189E+10
   878.209 8.189E+10
   878.723 8.189E+10
   879.236 8.189E+10
   879.749 8.189E+10
   880.263 8.189E+10
   880.776 8.189E+10
   881.289 8.189E+10
   881.803 8.189E+10
   882.316 8.189E+10
   882.830 8.189E+10
   883.343 8.189E+10
   883.856 8.189E+10
   884.370 8.189E+10
   884.883 8.189E+10
   885.396 8.189E+10
   885.910 8.189E+10
   886.423 8.189E+10
   886.936 8.189E+10
   887.450 8.189E+10
   887.963 8.189E+10
   888.477 8.189E+10
   888.990 8.189E+10
   889.503 8.189E+10
   890.017 8.189E+10
   890.530 8.189E+10
   891.043 8.189E+10
   891.557 8.189E+10
   892.070 8.189E+10
   892.583 8.189E+10
   893.097 8.189E+10
   893.610 8.189E+10
   894.124 8.189E+10
   894.637 8.189E+10
   895.150 8.189E+10
   895.664 8.189E+10
   896.177 8.189E+10
   896.690 8.189E+10
   897.204 8.189E+10
   897.717 8.187E+10
   898.230 8.184E+10
   898.744 8.177E+10
   899.257 8.166E+10
   899.770 8.151E+10
   900.284 8.132E+10
   900.797 8.110E+10
   901.311 8.088E+10
   901.824 8.066E+10
   902.337 8.048E+10
   902.851 8.033E+10
   903.364 8.021E+10
   903.877 8.009E+10
   904.391 7.994E+10
   904.904 7.975E+10
   905.417 7.953E+10
   905.931 7.937E+10
   906.444 7.928E+10
   906.958 7.924E+10
   907.471 7.923E+10
   907.984 7.921E+10
   908.498 7.918E+10
   909.011 7.914E+10
   909.524 7.910E+10
   910.038 7.903E+10
   910.551 7.894E+10
   911.064 7.882E+10
   911.578 7.867E+10
   912.091 7.851E+10
   912.604 7.834E+10
   913.118 7.817E+10
   913.631 7.800E+10
   914.145 7.783E+10
   914.658 7.766E+10
   915.171 7.749E+10
   915.685 7.733E+10
   916.198 7.717E+10
   916.711 7.702E+10
   917.225 7.688E+10
   917.738 7.672E+10
   918.251 7.656E+10
   918.765 7.637E+10
   919.278 7.609E+10
   919.792 7.565E+10
   920.305 7.496E+10
   920.818 7.395E+10
   921.332 7.267E+10
   921.845 7.126E+10
   922.358 7.002E+10
   922.872 6.925E+10
   923.385 6.916E+10
   923.898 6.975E+10
   924.412 7.079E+10
   924.925 7.195E+10
   925.438 7.299E+10
   925.952 7.377E+10
   926.465 7.430E+10
   926.979 7.464E+10
   927.492 7.482E+10
   928.005 7.483E+10
   928.519 7.466E+10
   929.032 7.433E+10
   929.545 7.392E+10
   930.059 7.353E+10
   930.572 7.330E+10
   931.085 7.330E+10
   931.599 7.355E+10
   932.112 7.399E+10
   932.625 7.450E+10
   933.139 7.497E+10
   933.652 7.529E+10
   934.166 7.531E+10
   934.679 7.496E+10
   935.192 7.415E+10
   935.706 7.293E+10
   936.219 7.146E+10
   936.732 6.998E+10
   937.246 6.886E+10
   937.759 6.838E+10
   938.272 6.868E+10
   938.786 6.972E+10
   939.299 7.123E+10
   939.813 7.296E+10
   940.326 7.462E+10
   940.839 7.603E+10
   941.353 7.711E+10
   941.866 7.787E+10
   942.379 7.839E+10
   942.893 7.873E+10
   943.406 7.892E+10
   943.919 7.892E+10
   944.433 7.865E+10
   944.946 7.805E+10
   945.460 7.701E+10
   945.973 7.550E+10
   946.486 7.347E+10
   947.000 7.096E+10
   947.513 6.810E+10
   948.026 6.517E+10
   948.540 6.253E+10
   949.053 6.061E+10
   949.566 5.972E+10
   950.080 6.002E+10
   950.593 6.144E+10
   951.106 6.368E+10
   951.620 6.636E+10
   952.133 6.909E+10
   952.647 7.158E+10
   953.160 7.363E+10
   953.673 7.517E+10
   954.187 7.625E+10
   954.700 7.701E+10
   955.213 7.764E+10
   955.727 7.821E+10
   956.240 7.872E+10
   956.753 7.905E+10
   957.267 7.911E+10
   957.780 7.899E+10
   958.294 7.884E+10
   958.807 7.891E+10
   959.320 7.930E+10
   959.834 8.000E+10
   960.347 8.090E+10
   960.860 8.183E+10
   961.374 8.267E+10
   961.887 8.333E+10
   962.400 8.378E+10
   962.914 8.399E+10
   963.427 8.392E+10
   963.940 8.352E+10
   964.454 8.279E+10
   964.967 8.180E+10
   965.481 8.065E+10
   965.994 7.950E+10
   966.507 7.840E+10
   967.021 7.726E+10
   967.534 7.595E+10
   968.047 7.434E+10
   968.561 7.232E+10
   969.074 6.992E+10
   969.587 6.716E+10
   970.101 6.416E+10
   970.614 6.105E+10
   971.128 5.808E+10
   971.641 5.562E+10
   972.154 5.407E+10
   972.668 5.371E+10
   973.181 5.460E+10
   973.694 5.651E+10
   974.208 5.907E+10
   974.721 6.185E+10
   975.234 6.451E+10
   975.748 6.687E+10
   976.261 6.896E+10
   976.774 7.094E+10
   977.288 7.286E+10
   977.801 7.477E+10
   978.315 7.660E+10
   978.828 7.821E+10
   979.341 7.955E+10
   979.855 8.065E+10
   980.368 8.159E+10
   980.881 8.237E+10
   981.395 8.302E+10
   981.908 8.350E+10
   982.421 8.380E+10
   982.935 8.393E+10
   983.448 8.390E+10
   983.962 8.374E+10
   984.475 8.346E+10
   984.988 8.304E+10
   985.502 8.241E+10
   986.015 8.141E+10
   986.528 7.991E+10
   987.042 7.780E+10
   987.555 7.523E+10
   988.068 7.248E+10
   988.582 7.000E+10
   989.095 6.805E+10
   989.608 6.661E+10
   990.122 6.543E+10
   990.635 6.426E+10
   991.149 6.306E+10
   991.662 6.209E+10
   992.175 6.169E+10
   992.689 6.210E+10
   993.202 6.333E+10
   993.715 6.516E+10
   994.229 6.732E+10
   994.742 6.956E+10
   995.255 7.170E+10
   995.769 7.366E+10
   996.282 7.538E+10
   996.796 7.682E+10
   997.309 7.799E+10
   997.822 7.891E+10
   998.336 7.962E+10
   998.849 8.013E+10
   999.362 8.050E+10
   999.876 8.071E+10
  1000.389 8.081E+10
  1000.902 8.087E+10
  1001.416 8.086E+10
  1001.929 8.086E+10
  1002.443 8.086E+10
  1002.956 8.087E+10
  1003.469 8.088E+10
  1003.983 8.091E+10
  1004.496 8.091E+10
  1005.009 8.086E+10
  1005.523 8.079E+10
  1006.036 8.069E+10
  1006.549 8.058E+10
  1007.063 8.042E+10
  1007.576 8.020E+10
  1008.089 7.988E+10
  1008.603 7.948E+10
  1009.116 7.903E+10
  1009.630 7.858E+10
  1010.143 7.818E+10
  1010.656 7.785E+10
  1011.170 7.755E+10
  1011.683 7.723E+10
  1012.196 7.689E+10
  1012.710 7.649E+10
  1013.223 7.609E+10
  1013.736 7.572E+10
  1014.250 7.539E+10
  1014.763 7.507E+10
  1015.276 7.474E+10
  1015.790 7.437E+10
  1016.303 7.389E+10
  1016.817 7.331E+10
  1017.330 7.261E+10
  1017.843 7.179E+10
  1018.357 7.085E+10
  1018.870 6.975E+10
  1019.383 6.851E+10
  1019.897 6.712E+10
  1020.410 6.554E+10
  1020.923 6.380E+10
  1021.437 6.188E+10
  1021.950 5.974E+10
  1022.464 5.734E+10
  1022.977 5.473E+10
  1023.490 5.198E+10
  1024.004 4.926E+10
  1024.517 4.684E+10
  1025.030 4.507E+10
  1025.544 4.421E+10
  1026.057 4.441E+10
  1026.570 4.561E+10
  1027.084 4.754E+10
  1027.597 4.985E+10
  1028.110 5.220E+10
  1028.624 5.426E+10
  1029.137 5.580E+10
  1029.651 5.661E+10
  1030.164 5.663E+10
  1030.677 5.603E+10
  1031.191 5.529E+10
  1031.704 5.503E+10
  1032.217 5.571E+10
  1032.731 5.736E+10
  1033.244 5.957E+10
  1033.757 6.172E+10
  1034.271 6.331E+10
  1034.784 6.401E+10
  1035.297 6.374E+10
  1035.811 6.261E+10
  1036.324 6.097E+10
  1036.838 5.939E+10
  1037.351 5.855E+10
  1037.864 5.891E+10
  1038.378 6.045E+10
  1038.891 6.273E+10
  1039.404 6.509E+10
  1039.918 6.708E+10
  1040.431 6.849E+10
  1040.944 6.937E+10
  1041.458 6.984E+10
  1041.971 7.006E+10
  1042.485 7.009E+10
  1042.998 6.998E+10
  1043.511 6.975E+10
  1044.025 6.939E+10
  1044.538 6.895E+10
  1045.051 6.852E+10
  1045.565 6.820E+10
  1046.078 6.809E+10
  1046.591 6.821E+10
  1047.105 6.848E+10
  1047.618 6.880E+10
  1048.131 6.910E+10
  1048.645 6.934E+10
  1049.158 6.950E+10
  1049.672 6.960E+10
  1050.185 6.963E+10
  1050.698 6.961E+10
  1051.212 6.956E+10
  1051.725 6.948E+10
  1052.238 6.940E+10
  1052.752 6.929E+10
  1053.265 6.909E+10
  1053.778 6.879E+10
  1054.292 6.839E+10
  1054.805 6.797E+10
  1055.319 6.761E+10
  1055.832 6.734E+10
  1056.345 6.711E+10
  1056.859 6.683E+10
  1057.372 6.645E+10
  1057.885 6.602E+10
  1058.399 6.559E+10
  1058.912 6.513E+10
  1059.425 6.458E+10
  1059.939 6.379E+10
  1060.452 6.268E+10
  1060.966 6.140E+10
  1061.479 6.025E+10
  1061.992 5.969E+10
  1062.506 5.998E+10
  1063.019 6.102E+10
  1063.532 6.243E+10
  1064.046 6.367E+10
  1064.559 6.432E+10
  1065.072 6.417E+10
  1065.586 6.328E+10
  1066.099 6.192E+10
  1066.612 6.049E+10
  1067.126 5.947E+10
  1067.639 5.923E+10
  1068.153 5.984E+10
  1068.666 6.106E+10
  1069.179 6.250E+10
  1069.693 6.377E+10
  1070.206 6.464E+10
  1070.719 6.511E+10
  1071.233 6.527E+10
  1071.746 6.523E+10
  1072.259 6.506E+10
  1072.773 6.479E+10
  1073.286 6.448E+10
  1073.800 6.418E+10
  1074.313 6.391E+10
  1074.826 6.371E+10
  1075.340 6.356E+10
  1075.853 6.339E+10
  1076.366 6.312E+10
  1076.880 6.268E+10
  1077.393 6.210E+10
  1077.906 6.135E+10
  1078.420 6.052E+10
  1078.933 5.956E+10
  1079.447 5.843E+10
  1079.960 5.711E+10
  1080.473 5.564E+10
  1080.987 5.409E+10
  1081.500 5.251E+10
  1082.013 5.080E+10
  1082.527 4.887E+10
  1083.040 4.673E+10
  1083.553 4.455E+10
  1084.067 4.269E+10
  1084.580 4.153E+10
  1085.094 4.135E+10
  1085.607 4.217E+10
  1086.120 4.382E+10
  1086.634 4.595E+10
  1087.147 4.822E+10
  1087.660 5.040E+10
  1088.174 5.235E+10
  1088.687 5.408E+10
  1089.200 5.558E+10
  1089.714 5.685E+10
  1090.227 5.787E+10
  1090.740 5.863E+10
  1091.254 5.912E+10
  1091.767 5.940E+10
  1092.281 5.952E+10
  1092.794 5.955E+10
  1093.307 5.952E+10
  1093.821 5.952E+10
  1094.334 5.957E+10
  1094.847 5.967E+10
  1095.361 5.983E+10
  1095.874 6.001E+10
  1096.387 6.018E+10
  1096.901 6.028E+10
  1097.414 6.030E+10
  1097.927 6.025E+10
  1098.441 6.014E+10
  1098.954 6.002E+10
  1099.468 5.992E+10
  1099.981 5.984E+10
  1100.494 5.978E+10
  1101.008 5.973E+10
  1101.521 5.965E+10
  1102.034 5.954E+10
  1102.548 5.938E+10
  1103.061 5.918E+10
  1103.574 5.893E+10
  1104.088 5.864E+10
  1104.601 5.823E+10
  1105.115 5.766E+10
  1105.628 5.683E+10
  1106.141 5.572E+10
  1106.655 5.446E+10
  1107.168 5.335E+10
  1107.681 5.274E+10
  1108.195 5.283E+10
  1108.708 5.357E+10
  1109.221 5.463E+10
  1109.735 5.568E+10
  1110.248 5.650E+10
  1110.761 5.701E+10
  1111.275 5.730E+10
  1111.788 5.740E+10
  1112.302 5.741E+10
  1112.815 5.733E+10
  1113.328 5.716E+10
  1113.842 5.694E+10
  1114.355 5.668E+10
  1114.868 5.639E+10
  1115.382 5.607E+10
  1115.895 5.567E+10
  1116.408 5.520E+10
  1116.922 5.468E+10
  1117.435 5.421E+10
  1117.948 5.396E+10
  1118.462 5.396E+10
  1118.975 5.416E+10
  1119.489 5.438E+10
  1120.002 5.451E+10
  1120.515 5.452E+10
  1121.029 5.440E+10
  1121.542 5.424E+10
  1122.055 5.408E+10
  1122.569 5.396E+10
  1123.082 5.388E+10
  1123.595 5.381E+10
  1124.109 5.378E+10
  1124.622 5.378E+10
  1125.135 5.372E+10
  1125.649 5.356E+10
  1126.162 5.319E+10
  1126.676 5.262E+10
  1127.189 5.198E+10
  1127.702 5.150E+10
  1128.216 5.136E+10
  1128.729 5.166E+10
  1129.242 5.224E+10
  1129.756 5.285E+10
  1130.269 5.331E+10
  1130.782 5.357E+10
  1131.296 5.365E+10
  1131.809 5.362E+10
  1132.323 5.352E+10
  1132.836 5.340E+10
  1133.349 5.324E+10
  1133.863 5.308E+10
  1134.376 5.291E+10
  1134.889 5.277E+10
  1135.403 5.268E+10
  1135.916 5.259E+10
  1136.429 5.254E+10
  1136.943 5.246E+10
  1137.456 5.235E+10
  1137.969 5.228E+10
  1138.483 5.224E+10
  1138.996 5.225E+10
  1139.510 5.228E+10
  1140.023 5.228E+10
  1140.536 5.221E+10
  1141.050 5.207E+10
  1141.563 5.189E+10
  1142.076 5.169E+10
  1142.590 5.146E+10
  1143.103 5.123E+10
  1143.616 5.104E+10
  1144.130 5.093E+10
  1144.643 5.093E+10
  1145.156 5.102E+10
  1145.670 5.116E+10
  1146.183 5.131E+10
  1146.697 5.141E+10
  1147.210 5.141E+10
  1147.723 5.132E+10
  1148.237 5.111E+10
  1148.750 5.079E+10
  1149.263 5.037E+10
  1149.777 4.992E+10
  1150.290 4.946E+10
  1150.803 4.906E+10
  1151.317 4.872E+10
  1151.830 4.849E+10
  1152.344 4.838E+10
  1152.857 4.838E+10
  1153.370 4.848E+10
  1153.884 4.862E+10
  1154.397 4.877E+10
  1154.910 4.891E+10
  1155.424 4.903E+10
  1155.937 4.913E+10
  1156.450 4.916E+10
  1156.964 4.909E+10
  1157.477 4.895E+10
  1157.991 4.878E+10
  1158.504 4.862E+10
  1159.017 4.852E+10
  1159.531 4.849E+10
  1160.044 4.854E+10
  1160.557 4.857E+10
  1161.071 4.852E+10
  1161.584 4.828E+10
  1162.097 4.775E+10
  1162.611 4.690E+10
  1163.124 4.581E+10
  1163.637 4.468E+10
  1164.151 4.379E+10
  1164.664 4.332E+10
  1165.178 4.324E+10
  1165.691 4.338E+10
  1166.204 4.347E+10
  1166.718 4.329E+10
  1167.231 4.276E+10
  1167.744 4.199E+10
  1168.258 4.127E+10
  1168.771 4.095E+10
  1169.284 4.123E+10
  1169.798 4.205E+10
  1170.311 4.312E+10
  1170.825 4.415E+10
  1171.338 4.497E+10
  1171.851 4.553E+10
  1172.365 4.589E+10
  1172.878 4.612E+10
  1173.391 4.622E+10
  1173.905 4.617E+10
  1174.418 4.600E+10
  1174.931 4.577E+10
  1175.445 4.553E+10
  1175.958 4.533E+10
  1176.472 4.520E+10
  1176.985 4.511E+10
  1177.498 4.503E+10
  1178.012 4.494E+10
  1178.525 4.483E+10
  1179.038 4.475E+10
  1179.552 4.473E+10
  1180.065 4.481E+10
  1180.578 4.491E+10
  1181.092 4.497E+10
  1181.605 4.499E+10
  1182.118 4.494E+10
  1182.632 4.487E+10
  1183.145 4.484E+10
  1183.659 4.481E+10
  1184.172 4.482E+10
  1184.685 4.480E+10
  1185.199 4.474E+10
  1185.712 4.464E+10
  1186.225 4.452E+10
  1186.739 4.438E+10
  1187.252 4.424E+10
  1187.765 4.414E+10
  1188.279 4.403E+10
  1188.792 4.390E+10
  1189.306 4.376E+10
  1189.819 4.364E+10
  1190.332 4.356E+10
  1190.846 4.352E+10
  1191.359 4.347E+10
  1191.872 4.333E+10
  1192.386 4.306E+10
  1192.899 4.264E+10
  1193.412 4.212E+10
  1193.926 4.161E+10
  1194.439 4.117E+10
  1194.953 4.091E+10
  1195.466 4.079E+10
  1195.979 4.073E+10
  1196.493 4.065E+10
  1197.006 4.046E+10
  1197.519 4.024E+10
  1198.033 4.005E+10
  1198.546 3.994E+10
  1199.059 3.996E+10
  1199.573 4.000E+10
  1200.086 3.994E+10
  1200.599 3.979E+10
  1201.113 3.954E+10
  1201.626 3.932E+10
  1202.140 3.919E+10
  1202.653 3.916E+10
  1203.166 3.918E+10
  1203.680 3.919E+10
  1204.193 3.914E+10
  1204.706 3.904E+10
  1205.220 3.891E+10
  1205.733 3.875E+10
  1206.246 3.857E+10
  1206.760 3.835E+10
  1207.273 3.805E+10
  1207.786 3.762E+10
  1208.300 3.709E+10
  1208.813 3.648E+10
  1209.327 3.584E+10
  1209.840 3.522E+10
  1210.353 3.458E+10
  1210.867 3.393E+10
  1211.380 3.323E+10
  1211.893 3.241E+10
  1212.407 3.144E+10
  1212.920 3.033E+10
  1213.433 2.913E+10
  1213.947 2.796E+10
  1214.460 2.694E+10
  1214.974 2.623E+10
  1215.487 2.596E+10
  1216.000 2.618E+10
  1216.514 2.683E+10
  1217.027 2.780E+10
  1217.540 2.892E+10
  1218.054 3.008E+10
  1218.567 3.116E+10
  1219.080 3.209E+10
  1219.594 3.284E+10
  1220.107 3.343E+10
  1220.620 3.390E+10
  1221.134 3.429E+10
  1221.647 3.465E+10
  1222.161 3.499E+10
  1222.674 3.529E+10
  1223.187 3.554E+10
  1223.701 3.576E+10
  1224.214 3.601E+10
  1224.727 3.631E+10
  1225.241 3.663E+10
  1225.754 3.694E+10
  1226.267 3.713E+10
  1226.781 3.712E+10
  1227.294 3.692E+10
  1227.807 3.654E+10
  1228.321 3.611E+10
  1228.834 3.564E+10
  1229.348 3.523E+10
  1229.861 3.494E+10
  1230.374 3.478E+10
  1230.888 3.473E+10
  1231.401 3.467E+10
  1231.914 3.453E+10
  1232.428 3.429E+10
  1232.941 3.403E+10
  1233.454 3.387E+10
  1233.968 3.392E+10
  1234.481 3.407E+10
  1234.995 3.416E+10
  1235.508 3.403E+10
  1236.021 3.353E+10
  1236.535 3.258E+10
  1237.048 3.128E+10
  1237.561 2.977E+10
  1238.075 2.838E+10
  1238.588 2.747E+10
  1239.101 2.720E+10
  1239.615 2.752E+10
  1240.128 2.804E+10
  1240.641 2.837E+10
  1241.155 2.826E+10
  1241.668 2.774E+10
  1242.182 2.718E+10
  1242.695 2.694E+10
  1243.208 2.724E+10
  1243.722 2.806E+10
  1244.235 2.917E+10
  1244.748 3.031E+10
  1245.262 3.133E+10
  1245.775 3.215E+10
  1246.288 3.277E+10
  1246.802 3.320E+10
  1247.315 3.342E+10
  1247.829 3.352E+10
  1248.342 3.352E+10
  1248.855 3.344E+10
  1249.369 3.328E+10
  1249.882 3.306E+10
  1250.395 3.278E+10
  1250.909 3.245E+10
  1251.422 3.206E+10
  1251.935 3.163E+10
  1252.449 3.130E+10
  1252.962 3.117E+10
  1253.476 3.129E+10
  1253.989 3.164E+10
  1254.502 3.208E+10
  1255.016 3.247E+10
  1255.529 3.270E+10
  1256.042 3.276E+10
  1256.556 3.273E+10
  1257.069 3.265E+10
  1257.582 3.251E+10
  1258.096 3.237E+10
  1258.609 3.222E+10
  1259.123 3.207E+10
  1259.636 3.198E+10
  1260.149 3.190E+10
  1260.663 3.188E+10
  1261.176 3.196E+10
  1261.689 3.210E+10
  1262.203 3.227E+10
  1262.716 3.241E+10
  1263.229 3.244E+10
  1263.743 3.238E+10
  1264.256 3.224E+10
  1264.769 3.204E+10
  1265.283 3.181E+10
  1265.796 3.159E+10
  1266.310 3.141E+10
  1266.823 3.132E+10
  1267.336 3.136E+10
  1267.850 3.150E+10
  1268.363 3.166E+10
  1268.876 3.179E+10
  1269.390 3.187E+10
  1269.903 3.189E+10
  1270.416 3.190E+10
  1270.930 3.186E+10
  1271.443 3.182E+10
  1271.957 3.179E+10
  1272.470 3.179E+10
  1272.983 3.185E+10
  1273.497 3.201E+10
  1274.010 3.224E+10
  1274.523 3.245E+10
  1275.037 3.251E+10
  1275.550 3.240E+10
  1276.063 3.218E+10
  1276.577 3.193E+10
  1277.090 3.178E+10
  1277.604 3.170E+10
  1278.117 3.166E+10
  1278.630 3.161E+10
  1279.144 3.153E+10
  1279.657 3.150E+10
  1280.170 3.154E+10
  1280.684 3.159E+10
  1281.197 3.161E+10
  1281.710 3.158E+10
  1282.224 3.151E+10
  1282.737 3.143E+10
  1283.250 3.139E+10
  1283.764 3.132E+10
  1284.277 3.124E+10
  1284.791 3.114E+10
  1285.304 3.102E+10
  1285.817 3.093E+10
  1286.331 3.086E+10
  1286.844 3.087E+10
  1287.357 3.096E+10
  1287.871 3.113E+10
  1288.384 3.135E+10
  1288.897 3.160E+10
  1289.411 3.180E+10
  1289.924 3.193E+10
  1290.438 3.201E+10
  1290.951 3.205E+10
  1291.464 3.207E+10
  1291.978 3.208E+10
  1292.491 3.209E+10
  1293.004 3.205E+10
  1293.518 3.191E+10
  1294.031 3.165E+10
  1294.544 3.128E+10
  1295.058 3.089E+10
  1295.571 3.057E+10
  1296.084 3.043E+10
  1296.598 3.045E+10
  1297.111 3.060E+10
  1297.625 3.084E+10
  1298.138 3.106E+10
  1298.651 3.125E+10
  1299.165 3.133E+10
  1299.678 3.129E+10
  1300.191 3.112E+10
  1300.705 3.085E+10
  1301.218 3.056E+10
  1301.731 3.035E+10
  1302.245 3.025E+10
  1302.758 3.021E+10
  1303.271 3.019E+10
  1303.785 3.007E+10
  1304.298 2.984E+10
  1304.812 2.954E+10
  1305.325 2.921E+10
  1305.838 2.894E+10
  1306.352 2.878E+10
  1306.865 2.873E+10
  1307.378 2.874E+10
  1307.892 2.872E+10
  1308.405 2.866E+10
  1308.918 2.854E+10
  1309.432 2.841E+10
  1309.945 2.830E+10
  1310.458 2.825E+10
  1310.972 2.828E+10
  1311.485 2.836E+10
  1311.999 2.848E+10
  1312.512 2.857E+10
  1313.025 2.860E+10
  1313.539 2.855E+10
  1314.052 2.846E+10
  1314.565 2.837E+10
  1315.079 2.832E+10
  1315.592 2.832E+10
  1316.105 2.830E+10
  1316.619 2.823E+10
  1317.132 2.810E+10
  1317.646 2.797E+10
  1318.159 2.792E+10
  1318.672 2.796E+10
  1319.186 2.808E+10
  1319.699 2.826E+10
  1320.212 2.843E+10
  1320.726 2.861E+10
  1321.239 2.878E+10
  1321.752 2.892E+10
  1322.266 2.896E+10
  1322.779 2.888E+10
  1323.292 2.871E+10
  1323.806 2.857E+10
  1324.319 2.856E+10
  1324.833 2.869E+10
  1325.346 2.889E+10
  1325.859 2.906E+10
  1326.373 2.912E+10
  1326.886 2.906E+10
  1327.399 2.893E+10
  1327.913 2.877E+10
  1328.426 2.865E+10
  1328.939 2.857E+10
  1329.453 2.851E+10
  1329.966 2.846E+10
  1330.479 2.839E+10
  1330.993 2.824E+10
  1331.506 2.804E+10
  1332.020 2.777E+10
  1332.533 2.751E+10
  1333.046 2.729E+10
  1333.560 2.719E+10
  1334.073 2.720E+10
  1334.586 2.728E+10
  1335.100 2.736E+10
  1335.613 2.741E+10
  1336.126 2.741E+10
  1336.640 2.742E+10
  1337.153 2.752E+10
  1337.667 2.770E+10
  1338.180 2.791E+10
  1338.693 2.810E+10
  1339.207 2.820E+10
  1339.720 2.820E+10
  1340.233 2.813E+10
  1340.747 2.802E+10
  1341.260 2.787E+10
  1341.773 2.774E+10
  1342.287 2.762E+10
  1342.800 2.752E+10
  1343.313 2.746E+10
  1343.827 2.743E+10
  1344.340 2.744E+10
  1344.854 2.749E+10
  1345.367 2.754E+10
  1345.880 2.759E+10
  1346.394 2.760E+10
  1346.907 2.758E+10
  1347.420 2.756E+10
  1347.934 2.757E+10
  1348.447 2.760E+10
  1348.960 2.763E+10
  1349.474 2.761E+10
  1349.987 2.754E+10
  1350.500 2.741E+10
  1351.014 2.728E+10
  1351.527 2.718E+10
  1352.041 2.710E+10
  1352.554 2.703E+10
  1353.067 2.696E+10
  1353.581 2.689E+10
  1354.094 2.682E+10
  1354.607 2.678E+10
  1355.121 2.681E+10
  1355.634 2.688E+10
  1356.147 2.696E+10
  1356.661 2.701E+10
  1357.174 2.701E+10
  1357.688 2.696E+10
  1358.201 2.689E+10
  1358.714 2.681E+10
  1359.228 2.674E+10
  1359.741 2.669E+10
  1360.254 2.663E+10
  1360.768 2.656E+10
  1361.281 2.651E+10
  1361.794 2.645E+10
  1362.308 2.644E+10
  1362.821 2.645E+10
  1363.335 2.647E+10
  1363.848 2.650E+10
  1364.361 2.653E+10
  1364.875 2.653E+10
  1365.388 2.653E+10
  1365.901 2.651E+10
  1366.415 2.648E+10
  1366.928 2.644E+10
  1367.441 2.635E+10
  1367.955 2.618E+10
  1368.468 2.589E+10
  1368.981 2.546E+10
  1369.495 2.486E+10
  1370.008 2.415E+10
  1370.522 2.348E+10
  1371.035 2.302E+10
  1371.548 2.292E+10
  1372.062 2.316E+10
  1372.575 2.362E+10
  1373.088 2.412E+10
  1373.602 2.453E+10
  1374.115 2.481E+10
  1374.628 2.497E+10
  1375.142 2.507E+10
  1375.655 2.514E+10
  1376.169 2.521E+10
  1376.682 2.529E+10
  1377.195 2.538E+10
  1377.709 2.545E+10
  1378.222 2.549E+10
  1378.735 2.550E+10
  1379.249 2.550E+10
  1379.762 2.548E+10
  1380.275 2.548E+10
  1380.789 2.549E+10
  1381.302 2.550E+10
  1381.816 2.550E+10
  1382.329 2.547E+10
  1382.842 2.541E+10
  1383.356 2.531E+10
  1383.869 2.519E+10
  1384.382 2.505E+10
  1384.896 2.494E+10
  1385.409 2.486E+10
  1385.922 2.481E+10
  1386.436 2.480E+10
  1386.949 2.479E+10
  1387.462 2.475E+10
  1387.976 2.470E+10
  1388.489 2.464E+10
  1389.003 2.461E+10
  1389.516 2.457E+10
  1390.029 2.454E+10
  1390.543 2.449E+10
  1391.056 2.438E+10
  1391.569 2.419E+10
  1392.083 2.392E+10
  1392.596 2.362E+10
  1393.109 2.337E+10
  1393.623 2.327E+10
  1394.136 2.339E+10
  1394.650 2.369E+10
  1395.163 2.405E+10
  1395.676 2.436E+10
  1396.190 2.454E+10
  1396.703 2.458E+10
  1397.216 2.455E+10
  1397.730 2.450E+10
  1398.243 2.448E+10
  1398.756 2.446E+10
  1399.270 2.443E+10
  1399.783 2.434E+10
  1400.297 2.417E+10
  1400.810 2.393E+10
  1401.323 2.364E+10
  1401.837 2.336E+10
  1402.350 2.318E+10
  1402.863 2.314E+10
  1403.377 2.327E+10
  1403.890 2.349E+10
  1404.403 2.369E+10
  1404.917 2.384E+10
  1405.430 2.389E+10
  1405.943 2.387E+10
  1406.457 2.380E+10
  1406.970 2.373E+10
  1407.484 2.367E+10
  1407.997 2.361E+10
  1408.510 2.358E+10
  1409.024 2.356E+10
  1409.537 2.359E+10
  1410.050 2.365E+10
  1410.564 2.372E+10
  1411.077 2.378E+10
  1411.590 2.383E+10
  1412.104 2.386E+10
  1412.617 2.387E+10
  1413.130 2.385E+10
  1413.644 2.380E+10
  1414.157 2.372E+10
  1414.671 2.363E+10
  1415.184 2.354E+10
  1415.697 2.347E+10
  1416.211 2.344E+10
  1416.724 2.343E+10
  1417.237 2.343E+10
  1417.751 2.342E+10
  1418.264 2.339E+10
  1418.777 2.335E+10
  1419.291 2.329E+10
  1419.804 2.324E+10
  1420.318 2.320E+10
  1420.831 2.320E+10
  1421.344 2.321E+10
  1421.858 2.324E+10
  1422.371 2.325E+10
  1422.884 2.324E+10
  1423.398 2.321E+10
  1423.911 2.316E+10
  1424.424 2.312E+10
  1424.938 2.307E+10
  1425.451 2.303E+10
  1425.964 2.298E+10
  1426.478 2.292E+10
  1426.991 2.287E+10
  1427.505 2.281E+10
  1428.018 2.275E+10
  1428.531 2.268E+10
  1429.045 2.258E+10
  1429.558 2.249E+10
  1430.071 2.240E+10
  1430.585 2.232E+10
  1431.098 2.227E+10
  1431.611 2.224E+10
  1432.125 2.224E+10
  1432.638 2.225E+10
  1433.152 2.228E+10
  1433.665 2.231E+10
  1434.178 2.233E+10
  1434.692 2.234E+10
  1435.205 2.234E+10
  1435.718 2.234E+10
  1436.232 2.233E+10
  1436.745 2.231E+10
  1437.258 2.227E+10
  1437.772 2.221E+10
  1438.285 2.214E+10
  1438.799 2.204E+10
  1439.312 2.195E+10
  1439.825 2.187E+10
  1440.339 2.183E+10
  1440.852 2.184E+10
  1441.365 2.188E+10
  1441.879 2.194E+10
  1442.392 2.200E+10
  1442.905 2.203E+10
  1443.419 2.203E+10
  1443.932 2.199E+10
  1444.445 2.191E+10
  1444.959 2.182E+10
  1445.472 2.173E+10
  1445.986 2.165E+10
  1446.499 2.160E+10
  1447.012 2.156E+10
  1447.526 2.154E+10
  1448.039 2.152E+10
  1448.552 2.151E+10
  1449.066 2.151E+10
  1449.579 2.153E+10
  1450.092 2.155E+10
  1450.606 2.156E+10
  1451.119 2.154E+10
  1451.633 2.149E+10
  1452.146 2.142E+10
  1452.659 2.133E+10
  1453.173 2.123E+10
  1453.686 2.115E+10
  1454.199 2.109E+10
  1454.713 2.105E+10
  1455.226 2.104E+10
  1455.739 2.105E+10
  1456.253 2.109E+10
  1456.766 2.113E+10
  1457.280 2.116E+10
  1457.793 2.117E+10
  1458.306 2.113E+10
  1458.820 2.108E+10
  1459.333 2.102E+10
  1459.846 2.097E+10
  1460.360 2.096E+10
  1460.873 2.096E+10
  1461.386 2.096E+10
  1461.900 2.095E+10
  1462.413 2.092E+10
  1462.926 2.087E+10
  1463.440 2.079E+10
  1463.953 2.072E+10
  1464.467 2.065E+10
  1464.980 2.059E+10
  1465.493 2.056E+10
  1466.007 2.054E+10
  1466.520 2.054E+10
  1467.033 2.055E+10
  1467.547 2.056E+10
  1468.060 2.057E+10
  1468.573 2.057E+10
  1469.087 2.059E+10
  1469.600 2.060E+10
  1470.114 2.060E+10
  1470.627 2.058E+10
  1471.140 2.052E+10
  1471.654 2.045E+10
  1472.167 2.036E+10
  1472.680 2.029E+10
  1473.194 2.023E+10
  1473.707 2.018E+10
  1474.220 2.014E+10
  1474.734 2.011E+10
  1475.247 2.010E+10
  1475.760 2.009E+10
  1476.274 2.010E+10
  1476.787 2.010E+10
  1477.301 2.009E+10
  1477.814 2.008E+10
  1478.327 2.006E+10
  1478.841 2.003E+10
  1479.354 2.000E+10
  1479.867 1.997E+10
  1480.381 1.995E+10
  1480.894 1.995E+10
  1481.407 1.995E+10
  1481.921 1.996E+10
  1482.434 1.996E+10
  1482.948 1.995E+10
  1483.461 1.993E+10
  1483.974 1.990E+10
  1484.488 1.987E+10
  1485.001 1.985E+10
  1485.514 1.983E+10
  1486.028 1.981E+10
  1486.541 1.979E+10
  1487.054 1.978E+10
  1487.568 1.975E+10
  1488.081 1.971E+10
  1488.594 1.966E+10
  1489.108 1.960E+10
  1489.621 1.955E+10
  1490.135 1.952E+10
  1490.648 1.952E+10
  1491.161 1.954E+10
  1491.675 1.956E+10
  1492.188 1.957E+10
  1492.701 1.956E+10
  1493.215 1.954E+10
  1493.728 1.951E+10
  1494.241 1.947E+10
  1494.755 1.943E+10
  1495.268 1.938E+10
  1495.781 1.934E+10
  1496.295 1.931E+10
  1496.808 1.928E+10
  1497.322 1.924E+10
  1497.835 1.920E+10
  1498.348 1.917E+10
  1498.862 1.914E+10
  1499.375 1.912E+10
  1499.888 1.910E+10
  1500.402 1.908E+10
  1500.915 1.907E+10
  1501.428 1.906E+10
  1501.942 1.904E+10
  1502.455 1.903E+10
  1502.969 1.900E+10
  1503.482 1.897E+10
  1503.995 1.892E+10
  1504.509 1.884E+10
  1505.022 1.873E+10
  1505.535 1.860E+10
  1506.049 1.848E+10
  1506.562 1.839E+10
  1507.075 1.837E+10
  1507.589 1.840E+10
  1508.102 1.848E+10
  1508.615 1.856E+10
  1509.129 1.862E+10
  1509.642 1.866E+10
  1510.156 1.867E+10
  1510.669 1.867E+10
  1511.182 1.867E+10
  1511.696 1.867E+10
  1512.209 1.866E+10
  1512.722 1.865E+10
  1513.236 1.863E+10
  1513.749 1.861E+10
  1514.262 1.859E+10
  1514.776 1.857E+10
  1515.289 1.855E+10
  1515.802 1.852E+10
  1516.316 1.849E+10
  1516.829 1.846E+10
  1517.343 1.843E+10
  1517.856 1.838E+10
  1518.369 1.833E+10
  1518.883 1.828E+10
  1519.396 1.822E+10
  1519.909 1.818E+10
  1520.423 1.816E+10
  1520.936 1.816E+10
  1521.449 1.818E+10
  1521.963 1.819E+10
  1522.476 1.820E+10
  1522.990 1.819E+10
  1523.503 1.815E+10
  1524.016 1.811E+10
  1524.530 1.806E+10
  1525.043 1.803E+10
  1525.556 1.800E+10
  1526.070 1.799E+10
  1526.583 1.799E+10
  1527.096 1.798E+10
  1527.610 1.797E+10
  1528.123 1.796E+10
  1528.636 1.795E+10
  1529.150 1.794E+10
  1529.663 1.792E+10
  1530.177 1.790E+10
  1530.690 1.787E+10
  1531.203 1.783E+10
  1531.717 1.779E+10
  1532.230 1.775E+10
  1532.743 1.771E+10
  1533.257 1.767E+10
  1533.770 1.764E+10
  1534.283 1.761E+10
  1534.797 1.760E+10
  1535.310 1.758E+10
  1535.823 1.756E+10
  1536.337 1.755E+10
  1536.850 1.753E+10
  1537.364 1.751E+10
  1537.877 1.749E+10
  1538.390 1.747E+10
  1538.904 1.745E+10
  1539.417 1.744E+10
  1539.930 1.742E+10
  1540.444 1.740E+10
  1540.957 1.737E+10
  1541.470 1.733E+10
  1541.984 1.728E+10
  1542.497 1.723E+10
  1543.010 1.718E+10
  1543.524 1.714E+10
  1544.037 1.710E+10
  1544.551 1.704E+10
  1545.064 1.693E+10
  1545.577 1.672E+10
  1546.091 1.636E+10
  1546.604 1.584E+10
  1547.117 1.524E+10
  1547.631 1.466E+10
  1548.144 1.425E+10
  1548.657 1.406E+10
  1549.171 1.403E+10
  1549.684 1.408E+10
  1550.198 1.419E+10
  1550.711 1.439E+10
  1551.224 1.474E+10
  1551.738 1.523E+10
  1552.251 1.575E+10
  1552.764 1.618E+10
  1553.278 1.648E+10
  1553.791 1.664E+10
  1554.304 1.670E+10
  1554.818 1.669E+10
  1555.331 1.665E+10
  1555.845 1.659E+10
  1556.358 1.654E+10
  1556.871 1.651E+10
  1557.385 1.652E+10
  1557.898 1.656E+10
  1558.411 1.661E+10
  1558.925 1.665E+10
  1559.438 1.667E+10
  1559.951 1.668E+10
  1560.465 1.667E+10
  1560.978 1.666E+10
  1561.491 1.665E+10
  1562.005 1.664E+10
  1562.518 1.662E+10
  1563.032 1.660E+10
  1563.545 1.657E+10
  1564.058 1.654E+10
  1564.572 1.652E+10
  1565.085 1.649E+10
  1565.598 1.647E+10
  1566.112 1.646E+10
  1566.625 1.644E+10
  1567.138 1.643E+10
  1567.652 1.641E+10
  1568.165 1.638E+10
  1568.679 1.635E+10
  1569.192 1.632E+10
  1569.705 1.629E+10
  1570.219 1.627E+10
  1570.732 1.625E+10
  1571.245 1.624E+10
  1571.759 1.623E+10
  1572.272 1.622E+10
  1572.785 1.621E+10
  1573.299 1.620E+10
  1573.812 1.618E+10
  1574.326 1.617E+10
  1574.839 1.615E+10
  1575.352 1.612E+10
  1575.866 1.610E+10
  1576.379 1.607E+10
  1576.892 1.605E+10
  1577.406 1.602E+10
  1577.919 1.600E+10
  1578.432 1.597E+10
  1578.946 1.594E+10
  1579.459 1.591E+10
  1579.972 1.588E+10
  1580.486 1.586E+10
  1580.999 1.583E+10
  1581.513 1.580E+10
  1582.026 1.576E+10
  1582.539 1.572E+10
  1583.053 1.569E+10
  1583.566 1.566E+10
  1584.079 1.561E+10
  1584.593 1.556E+10
  1585.106 1.550E+10
  1585.619 1.545E+10
  1586.133 1.543E+10
  1586.646 1.543E+10
  1587.160 1.545E+10
  1587.673 1.546E+10
  1588.186 1.547E+10
  1588.700 1.546E+10
  1589.213 1.544E+10
  1589.726 1.542E+10
  1590.240 1.540E+10
  1590.753 1.537E+10
  1591.266 1.535E+10
  1591.780 1.534E+10
  1592.293 1.534E+10
  1592.807 1.535E+10
  1593.320 1.535E+10
  1593.833 1.535E+10
  1594.347 1.534E+10
  1594.860 1.532E+10
  1595.373 1.530E+10
  1595.887 1.527E+10
  1596.400 1.525E+10
  1596.913 1.523E+10
  1597.427 1.521E+10
  1597.940 1.519E+10
  1598.453 1.517E+10
  1598.967 1.516E+10
  1599.480 1.515E+10
  1599.994 1.513E+10
  1600.507 1.511E+10
  1601.020 1.509E+10
  1601.534 1.506E+10
  1602.047 1.503E+10
  1602.560 1.498E+10
  1603.074 1.492E+10
  1603.587 1.485E+10
  1604.100 1.477E+10
  1604.614 1.472E+10
  1605.127 1.470E+10
  1605.641 1.472E+10
  1606.154 1.476E+10
  1606.667 1.481E+10
  1607.181 1.485E+10
  1607.694 1.487E+10
  1608.207 1.487E+10
  1608.721 1.487E+10
  1609.234 1.485E+10
  1609.747 1.484E+10
  1610.261 1.481E+10
  1610.774 1.479E+10
  1611.287 1.477E+10
  1611.801 1.475E+10
  1612.314 1.473E+10
  1612.828 1.472E+10
  1613.341 1.471E+10
  1613.854 1.470E+10
  1614.368 1.469E+10
  1614.881 1.468E+10
  1615.394 1.466E+10
  1615.908 1.465E+10
  1616.421 1.463E+10
  1616.934 1.460E+10
  1617.448 1.457E+10
  1617.961 1.454E+10
  1618.474 1.450E+10
  1618.988 1.446E+10
  1619.501 1.444E+10
  1620.015 1.442E+10
  1620.528 1.441E+10
  1621.041 1.440E+10
  1621.555 1.440E+10
  1622.068 1.439E+10
  1622.581 1.437E+10
  1623.095 1.435E+10
  1623.608 1.432E+10
  1624.121 1.428E+10
  1624.635 1.424E+10
  1625.148 1.421E+10
  1625.662 1.418E+10
  1626.175 1.417E+10
  1626.688 1.416E+10
  1627.202 1.415E+10
  1627.715 1.414E+10
  1628.228 1.411E+10
  1628.742 1.408E+10
  1629.255 1.404E+10
  1629.768 1.401E+10
  1630.282 1.398E+10
  1630.795 1.395E+10
  1631.308 1.392E+10
  1631.822 1.389E+10
  1632.335 1.384E+10
  1632.849 1.378E+10
  1633.362 1.370E+10
  1633.875 1.360E+10
  1634.389 1.350E+10
  1634.902 1.338E+10
  1635.415 1.324E+10
  1635.929 1.308E+10
  1636.442 1.288E+10
  1636.955 1.263E+10
  1637.469 1.232E+10
  1637.982 1.196E+10
  1638.496 1.157E+10
  1639.009 1.117E+10
  1639.522 1.083E+10
  1640.036 1.061E+10
  1640.549 1.054E+10
  1641.062 1.063E+10
  1641.576 1.086E+10
  1642.089 1.116E+10
  1642.602 1.148E+10
  1643.116 1.178E+10
  1643.629 1.206E+10
  1644.143 1.231E+10
  1644.656 1.254E+10
  1645.169 1.274E+10
  1645.683 1.291E+10
  1646.196 1.304E+10
  1646.709 1.314E+10
  1647.223 1.321E+10
  1647.736 1.326E+10
  1648.249 1.330E+10
  1648.763 1.332E+10
  1649.276 1.334E+10
  1649.790 1.335E+10
  1650.303 1.336E+10
  1650.816 1.336E+10
  1651.330 1.335E+10
  1651.843 1.334E+10
  1652.356 1.333E+10
  1652.870 1.331E+10
  1653.383 1.329E+10
  1653.896 1.327E+10
  1654.410 1.326E+10
  1654.923 1.325E+10
  1655.436 1.325E+10
  1655.950 1.324E+10
  1656.463 1.324E+10
  1656.977 1.324E+10
  1657.490 1.324E+10
  1658.003 1.324E+10
  1658.517 1.323E+10
  1659.030 1.323E+10
  1659.543 1.322E+10
  1660.057 1.322E+10
  1660.570 1.320E+10
  1661.083 1.319E+10
  1661.597 1.316E+10
  1662.110 1.314E+10
  1662.624 1.312E+10
  1663.137 1.311E+10
  1663.650 1.310E+10
  1664.164 1.309E+10
  1664.677 1.309E+10
  1665.190 1.309E+10
  1665.704 1.308E+10
  1666.217 1.307E+10
  1666.730 1.306E+10
  1667.244 1.305E+10
  1667.757 1.304E+10
  1668.271 1.302E+10
  1668.784 1.300E+10
  1669.297 1.299E+10
  1669.811 1.297E+10
  1670.324 1.295E+10
  1670.837 1.293E+10
  1671.351 1.291E+10
  1671.864 1.290E+10
  1672.377 1.289E+10
  1672.891 1.288E+10
  1673.404 1.287E+10
  1673.917 1.287E+10
  1674.431 1.285E+10
  1674.944 1.284E+10
  1675.458 1.282E+10
  1675.971 1.280E+10
  1676.484 1.279E+10
  1676.998 1.277E+10
  1677.511 1.276E+10
  1678.024 1.274E+10
  1678.538 1.272E+10
  1679.051 1.271E+10
  1679.564 1.269E+10
  1680.078 1.267E+10
  1680.591 1.265E+10
  1681.104 1.263E+10
  1681.618 1.261E+10
  1682.131 1.259E+10
  1682.645 1.257E+10
  1683.158 1.255E+10
  1683.671 1.254E+10
  1684.185 1.254E+10
  1684.698 1.254E+10
  1685.211 1.254E+10
  1685.725 1.252E+10
  1686.238 1.251E+10
  1686.751 1.249E+10
  1687.265 1.247E+10
  1687.778 1.246E+10
  1688.292 1.245E+10
  1688.805 1.244E+10
  1689.318 1.244E+10
  1689.832 1.242E+10
  1690.345 1.241E+10
  1690.858 1.240E+10
  1691.372 1.238E+10
  1691.885 1.237E+10
  1692.398 1.235E+10
  1692.912 1.233E+10
  1693.425 1.231E+10
  1693.938 1.229E+10
  1694.452 1.226E+10
  1694.965 1.224E+10
  1695.479 1.223E+10
  1695.992 1.221E+10
  1696.505 1.220E+10
  1697.019 1.218E+10
  1697.532 1.216E+10
  1698.045 1.214E+10
  1698.559 1.212E+10
  1699.072 1.211E+10
  1699.585 1.210E+10
  1700.099 1.210E+10
  1700.612 1.209E+10
  1701.125 1.208E+10
  1701.639 1.206E+10
  1702.152 1.204E+10
  1702.666 1.201E+10
  1703.179 1.199E+10
  1703.692 1.198E+10
  1704.206 1.198E+10
  1704.719 1.197E+10
  1705.232 1.197E+10
  1705.746 1.197E+10
  1706.259 1.197E+10
  1706.772 1.196E+10
  1707.286 1.195E+10
  1707.799 1.194E+10
  1708.312 1.192E+10
  1708.826 1.191E+10
  1709.339 1.189E+10
  1709.853 1.188E+10
  1710.366 1.186E+10
  1710.879 1.185E+10
  1711.393 1.184E+10
  1711.906 1.182E+10
  1712.419 1.181E+10
  1712.933 1.180E+10
  1713.446 1.179E+10
  1713.959 1.177E+10
  1714.473 1.175E+10
  1714.986 1.173E+10
  1715.500 1.170E+10
  1716.013 1.166E+10
  1716.526 1.160E+10
  1717.040 1.151E+10
  1717.553 1.141E+10
  1718.066 1.133E+10
  1718.580 1.129E+10
  1719.093 1.130E+10
  1719.606 1.135E+10
  1720.120 1.141E+10
  1720.633 1.145E+10
  1721.146 1.146E+10
  1721.660 1.146E+10
  1722.173 1.145E+10
  1722.687 1.144E+10
  1723.200 1.145E+10
  1723.713 1.146E+10
  1724.227 1.147E+10
  1724.740 1.147E+10
  1725.253 1.146E+10
  1725.767 1.144E+10
  1726.280 1.142E+10
  1726.793 1.140E+10
  1727.307 1.138E+10
  1727.820 1.138E+10
  1728.333 1.138E+10
  1728.847 1.137E+10
  1729.360 1.137E+10
  1729.874 1.135E+10
  1730.387 1.133E+10
  1730.900 1.131E+10
  1731.414 1.129E+10
  1731.927 1.127E+10
  1732.440 1.126E+10
  1732.954 1.125E+10
  1733.467 1.125E+10
  1733.980 1.125E+10
  1734.494 1.125E+10
  1735.007 1.124E+10
  1735.521 1.123E+10
  1736.034 1.121E+10
  1736.547 1.119E+10
  1737.061 1.118E+10
  1737.574 1.116E+10
  1738.087 1.114E+10
  1738.601 1.112E+10
  1739.114 1.111E+10
  1739.627 1.111E+10
  1740.141 1.111E+10
  1740.654 1.111E+10
  1741.167 1.110E+10
  1741.681 1.109E+10
  1742.194 1.107E+10
  1742.708 1.104E+10
  1743.221 1.102E+10
  1743.734 1.098E+10
  1744.248 1.095E+10
  1744.761 1.092E+10
  1745.274 1.089E+10
  1745.788 1.088E+10
  1746.301 1.087E+10
  1746.814 1.086E+10
  1747.328 1.087E+10
  1747.841 1.087E+10
  1748.355 1.087E+10
  1748.868 1.087E+10
  1749.381 1.088E+10
  1749.895 1.087E+10
  1750.408 1.087E+10
  1750.921 1.087E+10
  1751.435 1.086E+10
  1751.948 1.085E+10
  1752.461 1.084E+10
  1752.975 1.083E+10
  1753.488 1.082E+10
  1754.001 1.081E+10
  1754.515 1.079E+10
  1755.028 1.078E+10
  1755.542 1.077E+10
  1756.055 1.075E+10
  1756.568 1.073E+10
  1757.082 1.071E+10
  1757.595 1.069E+10
  1758.108 1.067E+10
  1758.622 1.065E+10
  1759.135 1.064E+10
  1759.648 1.063E+10
  1760.162 1.063E+10
  1760.675 1.062E+10
  1761.189 1.062E+10
  1761.702 1.061E+10
  1762.215 1.060E+10
  1762.729 1.059E+10
  1763.242 1.057E+10
  1763.755 1.056E+10
  1764.269 1.055E+10
  1764.782 1.054E+10
  1765.295 1.053E+10
  1765.809 1.052E+10
  1766.322 1.051E+10
  1766.836 1.050E+10
  1767.349 1.049E+10
  1767.862 1.048E+10
  1768.376 1.047E+10
  1768.889 1.046E+10
  1769.402 1.044E+10
  1769.916 1.043E+10
  1770.429 1.041E+10
  1770.942 1.040E+10
  1771.456 1.039E+10
  1771.969 1.038E+10
  1772.482 1.038E+10
  1772.996 1.037E+10
  1773.509 1.036E+10
  1774.023 1.035E+10
  1774.536 1.034E+10
  1775.049 1.033E+10
  1775.563 1.032E+10
  1776.076 1.031E+10
  1776.589 1.030E+10
  1777.103 1.028E+10
  1777.616 1.027E+10
  1778.129 1.026E+10
  1778.643 1.025E+10
  1779.156 1.024E+10
  1779.670 1.023E+10
  1780.183 1.021E+10
  1780.696 1.020E+10
  1781.210 1.018E+10
  1781.723 1.017E+10
  1782.236 1.015E+10
  1782.750 1.014E+10
  1783.263 1.013E+10
  1783.776 1.012E+10
  1784.290 1.012E+10
  1784.803 1.011E+10
  1785.317 1.011E+10
  1785.830 1.010E+10
  1786.343 1.009E+10
  1786.857 1.008E+10
  1787.370 1.006E+10
  1787.883 1.005E+10
  1788.397 1.004E+10
  1788.910 1.003E+10
  1789.423 1.002E+10
  1789.937 1.001E+10
  1790.450 9.998E+09
  1790.963 9.987E+09
  1791.477 9.977E+09
  1791.990 9.967E+09
  1792.504 9.957E+09
  1793.017 9.947E+09
  1793.530 9.936E+09
  1794.044 9.924E+09
  1794.557 9.911E+09
  1795.070 9.898E+09
  1795.584 9.885E+09
  1796.097 9.871E+09
  1796.610 9.857E+09
  1797.124 9.845E+09
  1797.637 9.834E+09
  1798.151 9.823E+09
  1798.664 9.812E+09
  1799.177 9.798E+09
  1799.691 9.783E+09
  1800.204 9.769E+09
  1800.717 9.758E+09
  1801.231 9.752E+09
  1801.744 9.750E+09
  1802.257 9.747E+09
  1802.771 9.742E+09
  1803.284 9.735E+09
  1803.797 9.725E+09
  1804.311 9.713E+09
  1804.824 9.700E+09
  1805.338 9.686E+09
  1805.851 9.672E+09
  1806.364 9.658E+09
  1806.878 9.644E+09
  1807.391 9.633E+09
  1807.904 9.623E+09
  1808.418 9.616E+09
  1808.931 9.609E+09
  1809.444 9.602E+09
  1809.958 9.593E+09
  1810.471 9.581E+09
  1810.984 9.566E+09
  1811.498 9.550E+09
  1812.011 9.534E+09
  1812.525 9.520E+09
  1813.038 9.507E+09
  1813.551 9.496E+09
  1814.065 9.484E+09
  1814.578 9.472E+09
  1815.091 9.461E+09
  1815.605 9.452E+09
  1816.118 9.447E+09
  1816.631 9.445E+09
  1817.145 9.442E+09
  1817.658 9.439E+09
  1818.172 9.433E+09
  1818.685 9.425E+09
  1819.198 9.415E+09
  1819.712 9.404E+09
  1820.225 9.392E+09
  1820.738 9.381E+09
  1821.252 9.370E+09
  1821.765 9.359E+09
  1822.278 9.350E+09
  1822.792 9.341E+09
  1823.305 9.334E+09
  1823.818 9.326E+09
  1824.332 9.318E+09
  1824.845 9.309E+09
  1825.359 9.298E+09
  1825.872 9.287E+09
  1826.385 9.276E+09
  1826.899 9.267E+09
  1827.412 9.258E+09
  1827.925 9.250E+09
  1828.439 9.241E+09
  1828.952 9.231E+09
  1829.465 9.219E+09
  1829.979 9.205E+09
  1830.492 9.191E+09
  1831.006 9.179E+09
  1831.519 9.169E+09
  1832.032 9.162E+09
  1832.546 9.157E+09
  1833.059 9.152E+09
  1833.572 9.146E+09
  1834.086 9.137E+09
  1834.599 9.126E+09
  1835.112 9.113E+09
  1835.626 9.098E+09
  1836.139 9.081E+09
  1836.653 9.065E+09
  1837.166 9.050E+09
  1837.679 9.039E+09
  1838.193 9.032E+09
  1838.706 9.028E+09
  1839.219 9.025E+09
  1839.733 9.022E+09
  1840.246 9.017E+09
  1840.759 9.010E+09
  1841.273 9.002E+09
  1841.786 8.992E+09
  1842.300 8.983E+09
  1842.813 8.974E+09
  1843.326 8.965E+09
  1843.840 8.957E+09
  1844.353 8.947E+09
  1844.866 8.937E+09
  1845.380 8.927E+09
  1845.893 8.917E+09
  1846.406 8.907E+09
  1846.920 8.897E+09
  1847.433 8.886E+09
  1847.946 8.872E+09
  1848.460 8.856E+09
  1848.973 8.838E+09
  1849.487 8.819E+09
  1850.000 8.803E+09
  1850.513 8.793E+09
  1851.027 8.788E+09
  1851.540 8.786E+09
  1852.053 8.781E+09
  1852.567 8.770E+09
  1853.080 8.751E+09
  1853.593 8.725E+09
  1854.107 8.699E+09
  1854.620 8.680E+09
  1855.133 8.670E+09
  1855.647 8.669E+09
  1856.160 8.670E+09
  1856.674 8.669E+09
  1857.187 8.662E+09
  1857.700 8.654E+09
  1858.214 8.648E+09
  1858.727 8.646E+09
  1859.240 8.647E+09
  1859.754 8.648E+09
  1860.267 8.644E+09
  1860.780 8.634E+09
  1861.294 8.618E+09
  1861.807 8.599E+09
  1862.321 8.582E+09
  1862.834 8.570E+09
  1863.347 8.564E+09
  1863.861 8.562E+09
  1864.374 8.560E+09
  1864.887 8.555E+09
  1865.401 8.546E+09
  1865.914 8.535E+09
  1866.427 8.525E+09
  1866.941 8.516E+09
  1867.454 8.510E+09
  1867.968 8.506E+09
  1868.481 8.502E+09
  1868.994 8.500E+09
  1869.508 8.496E+09
  1870.021 8.491E+09
  1870.534 8.485E+09
  1871.048 8.477E+09
  1871.561 8.467E+09
  1872.074 8.455E+09
  1872.588 8.441E+09
  1873.101 8.426E+09
  1873.614 8.411E+09
  1874.128 8.397E+09
  1874.641 8.387E+09
  1875.155 8.379E+09
  1875.668 8.374E+09
  1876.181 8.370E+09
  1876.695 8.362E+09
  1877.208 8.350E+09
  1877.721 8.335E+09
