   826.360 3.753E+08
   826.873 3.753E+08
   827.387 3.753E+08
   827.900 3.753E+08
   828.413 3.753E+08
   828.927 3.753E+08
   829.440 3.753E+08
   829.953 3.753E+08
   830.467 3.753E+08
   830.980 3.753E+08
   831.494 3.753E+08
   832.007 3.753E+08
   832.520 3.753E+08
   833.034 3.753E+08
   833.547 3.753E+08
   834.060 3.753E+08
   834.574 3.753E+08
   835.087 3.753E+08
   835.600 3.753E+08
   836.114 3.753E+08
   836.627 3.753E+08
   837.141 3.753E+08
   837.654 3.753E+08
   838.167 3.753E+08
   838.681 3.753E+08
   839.194 3.753E+08
   839.707 3.753E+08
   840.221 3.753E+08
   840.734 3.753E+08
   841.247 3.753E+08
   841.761 3.753E+08
   842.274 3.753E+08
   842.787 3.753E+08
   843.301 3.753E+08
   843.814 3.753E+08
   844.328 3.753E+08
   844.841 3.753E+08
   845.354 3.753E+08
   845.868 3.753E+08
   846.381 3.753E+08
   846.894 3.753E+08
   847.408 3.753E+08
   847.921 3.753E+08
   848.434 3.753E+08
   848.948 3.753E+08
   849.461 3.753E+08
   849.975 3.753E+08
   850.488 3.753E+08
   851.001 3.753E+08
   851.515 3.753E+08
   852.028 3.753E+08
   852.541 3.753E+08
   853.055 3.753E+08
   853.568 3.753E+08
   854.081 3.753E+08
   854.595 3.753E+08
   855.108 3.753E+08
   855.622 3.753E+08
   856.135 3.753E+08
   856.648 3.753E+08
   857.162 3.753E+08
   857.675 3.753E+08
   858.188 3.753E+08
   858.702 3.753E+08
   859.215 3.753E+08
   859.728 3.753E+08
   860.242 3.753E+08
   860.755 3.753E+08
   861.268 3.753E+08
   861.782 3.753E+08
   862.295 3.753E+08
   862.809 3.753E+08
   863.322 3.753E+08
   863.835 3.753E+08
   864.349 3.753E+08
   864.862 3.753E+08
   865.375 3.753E+08
   865.889 3.753E+08
   866.402 3.753E+08
   866.915 3.753E+08
   867.429 3.753E+08
   867.942 3.753E+08
   868.456 3.753E+08
   868.969 3.753E+08
   869.482 3.753E+08
   869.996 3.753E+08
   870.509 3.753E+08
   871.022 3.753E+08
   871.536 3.753E+08
   872.049 3.753E+08
   872.562 3.753E+08
   873.076 3.753E+08
   873.589 3.753E+08
   874.102 3.753E+08
   874.616 3.753E+08
   875.129 3.753E+08
   875.643 3.753E+08
   876.156 3.753E+08
   876.669 3.753E+08
   877.183 3.753E+08
   877.696 3.753E+08
   878.209 3.753E+08
   878.723 3.753E+08
   879.236 3.753E+08
   879.749 3.753E+08
   880.263 3.753E+08
   880.776 3.753E+08
   881.289 3.753E+08
   881.803 3.753E+08
   882.316 3.753E+08
   882.830 3.753E+08
   883.343 3.753E+08
   883.856 3.753E+08
   884.370 3.753E+08
   884.883 3.753E+08
   885.396 3.753E+08
   885.910 3.753E+08
   886.423 3.753E+08
   886.936 3.753E+08
   887.450 3.753E+08
   887.963 3.753E+08
   888.477 3.753E+08
   888.990 3.753E+08
   889.503 3.753E+08
   890.017 3.753E+08
   890.530 3.753E+08
   891.043 3.753E+08
   891.557 3.753E+08
   892.070 3.753E+08
   892.583 3.753E+08
   893.097 3.753E+08
   893.610 3.753E+08
   894.124 3.753E+08
   894.637 3.754E+08
   895.150 3.754E+08
   895.664 3.758E+08
   896.177 3.774E+08
   896.690 3.824E+08
   897.204 3.968E+08
   897.717 4.324E+08
   898.230 5.029E+08
   898.744 6.347E+08
   899.257 8.273E+08
   899.770 1.079E+09
   900.284 1.372E+09
   900.797 1.649E+09
   901.311 1.886E+09
   901.824 2.047E+09
   902.337 2.123E+09
   902.851 2.132E+09
   903.364 2.113E+09
   903.877 2.111E+09
   904.391 2.159E+09
   904.904 2.255E+09
   905.417 2.377E+09
   905.931 2.493E+09
   906.444 2.576E+09
   906.958 2.623E+09
   907.471 2.639E+09
   907.984 2.639E+09
   908.498 2.625E+09
   909.011 2.604E+09
   909.524 2.579E+09
   910.038 2.548E+09
   910.551 2.520E+09
   911.064 2.500E+09
   911.578 2.493E+09
   912.091 2.499E+09
   912.604 2.518E+09
   913.118 2.542E+09
   913.631 2.560E+09
   914.145 2.563E+09
   914.658 2.544E+09
   915.171 2.511E+09
   915.685 2.475E+09
   916.198 2.454E+09
   916.711 2.453E+09
   917.225 2.467E+09
   917.738 2.491E+09
   918.251 2.512E+09
   918.765 2.532E+09
   919.278 2.542E+09
   919.792 2.521E+09
   920.305 2.451E+09
   920.818 2.319E+09
   921.332 2.134E+09
   921.845 1.930E+09
   922.358 1.756E+09
   922.872 1.650E+09
   923.385 1.639E+09
   923.898 1.725E+09
   924.412 1.889E+09
   924.925 2.105E+09
   925.438 2.327E+09
   925.952 2.530E+09
   926.465 2.687E+09
   926.979 2.789E+09
   927.492 2.851E+09
   928.005 2.887E+09
   928.519 2.915E+09
   929.032 2.952E+09
   929.545 2.999E+09
   930.059 3.059E+09
   930.572 3.132E+09
   931.085 3.200E+09
   931.599 3.253E+09
   932.112 3.274E+09
   932.625 3.271E+09
   933.139 3.259E+09
   933.652 3.256E+09
   934.166 3.270E+09
   934.679 3.292E+09
   935.192 3.305E+09
   935.706 3.298E+09
   936.219 3.277E+09
   936.732 3.250E+09
   937.246 3.240E+09
   937.759 3.261E+09
   938.272 3.306E+09
   938.786 3.361E+09
   939.299 3.405E+09
   939.813 3.421E+09
   940.326 3.405E+09
   940.839 3.360E+09
   941.353 3.295E+09
   941.866 3.227E+09
   942.379 3.176E+09
   942.893 3.158E+09
   943.406 3.161E+09
   943.919 3.174E+09
   944.433 3.179E+09
   944.946 3.166E+09
   945.460 3.147E+09
   945.973 3.124E+09
   946.486 3.093E+09
   947.000 3.052E+09
   947.513 2.981E+09
   948.026 2.874E+09
   948.540 2.738E+09
   949.053 2.590E+09
   949.566 2.462E+09
   950.080 2.396E+09
   950.593 2.419E+09
   951.106 2.537E+09
   951.620 2.716E+09
   952.133 2.903E+09
   952.647 3.039E+09
   953.160 3.095E+09
   953.673 3.069E+09
   954.187 2.987E+09
   954.700 2.894E+09
   955.213 2.830E+09
   955.727 2.817E+09
   956.240 2.848E+09
   956.753 2.896E+09
   957.267 2.930E+09
   957.780 2.941E+09
   958.294 2.939E+09
   958.807 2.944E+09
   959.320 2.973E+09
   959.834 3.018E+09
   960.347 3.063E+09
   960.860 3.097E+09
   961.374 3.112E+09
   961.887 3.117E+09
   962.400 3.118E+09
   962.914 3.128E+09
   963.427 3.151E+09
   963.940 3.175E+09
   964.454 3.194E+09
   964.967 3.191E+09
   965.481 3.157E+09
   965.994 3.088E+09
   966.507 2.993E+09
   967.021 2.886E+09
   967.534 2.780E+09
   968.047 2.690E+09
   968.561 2.615E+09
   969.074 2.546E+09
   969.587 2.474E+09
   970.101 2.385E+09
   970.614 2.272E+09
   971.128 2.134E+09
   971.641 1.966E+09
   972.154 1.782E+09
   972.668 1.584E+09
   973.181 1.382E+09
   973.694 1.183E+09
   974.208 9.887E+08
   974.721 8.041E+08
   975.234 6.357E+08
   975.748 4.928E+08
   976.261 3.866E+08
   976.774 3.273E+08
   977.288 3.204E+08
   977.801 3.662E+08
   978.315 4.605E+08
   978.828 5.964E+08
   979.341 7.684E+08
   979.855 9.685E+08
   980.368 1.187E+09
   980.881 1.408E+09
   981.395 1.612E+09
   981.908 1.782E+09
   982.421 1.905E+09
   982.935 1.977E+09
   983.448 2.004E+09
   983.962 2.002E+09
   984.475 1.999E+09
   984.988 2.019E+09
   985.502 2.079E+09
   986.015 2.184E+09
   986.528 2.306E+09
   987.042 2.402E+09
   987.555 2.420E+09
   988.068 2.333E+09
   988.582 2.143E+09
   989.095 1.889E+09
   989.608 1.628E+09
   990.122 1.415E+09
   990.635 1.285E+09
   991.149 1.263E+09
   991.662 1.353E+09
   992.175 1.540E+09
   992.689 1.788E+09
   993.202 2.048E+09
   993.715 2.277E+09
   994.229 2.451E+09
   994.742 2.575E+09
   995.255 2.666E+09
   995.769 2.731E+09
   996.282 2.780E+09
   996.796 2.817E+09
   997.309 2.847E+09
   997.822 2.883E+09
   998.336 2.921E+09
   998.849 2.953E+09
   999.362 2.965E+09
   999.876 2.944E+09
  1000.389 2.886E+09
  1000.902 2.795E+09
  1001.416 2.688E+09
  1001.929 2.593E+09
  1002.443 2.541E+09
  1002.956 2.538E+09
  1003.469 2.572E+09
  1003.983 2.611E+09
  1004.496 2.629E+09
  1005.009 2.620E+09
  1005.523 2.600E+09
  1006.036 2.594E+09
  1006.549 2.600E+09
  1007.063 2.614E+09
  1007.576 2.619E+09
  1008.089 2.610E+09
  1008.603 2.600E+09
  1009.116 2.597E+09
  1009.630 2.612E+09
  1010.143 2.652E+09
  1010.656 2.714E+09
  1011.170 2.779E+09
  1011.683 2.834E+09
  1012.196 2.871E+09
  1012.710 2.886E+09
  1013.223 2.880E+09
  1013.736 2.851E+09
  1014.250 2.801E+09
  1014.763 2.747E+09
  1015.276 2.707E+09
  1015.790 2.694E+09
  1016.303 2.705E+09
  1016.817 2.730E+09
  1017.330 2.762E+09
  1017.843 2.783E+09
  1018.357 2.791E+09
  1018.870 2.786E+09
  1019.383 2.764E+09
  1019.897 2.731E+09
  1020.410 2.703E+09
  1020.923 2.698E+09
  1021.437 2.723E+09
  1021.950 2.777E+09
  1022.464 2.845E+09
  1022.977 2.905E+09
  1023.490 2.944E+09
  1024.004 2.954E+09
  1024.517 2.946E+09
  1025.030 2.932E+09
  1025.544 2.919E+09
  1026.057 2.909E+09
  1026.570 2.900E+09
  1027.084 2.877E+09
  1027.597 2.850E+09
  1028.110 2.825E+09
  1028.624 2.799E+09
  1029.137 2.770E+09
  1029.651 2.736E+09
  1030.164 2.695E+09
  1030.677 2.658E+09
  1031.191 2.627E+09
  1031.704 2.596E+09
  1032.217 2.564E+09
  1032.731 2.531E+09
  1033.244 2.501E+09
  1033.757 2.481E+09
  1034.271 2.460E+09
  1034.784 2.435E+09
  1035.297 2.403E+09
  1035.811 2.371E+09
  1036.324 2.360E+09
  1036.838 2.383E+09
  1037.351 2.438E+09
  1037.864 2.517E+09
  1038.378 2.604E+09
  1038.891 2.684E+09
  1039.404 2.751E+09
  1039.918 2.804E+09
  1040.431 2.848E+09
  1040.944 2.884E+09
  1041.458 2.914E+09
  1041.971 2.938E+09
  1042.485 2.955E+09
  1042.998 2.967E+09
  1043.511 2.971E+09
  1044.025 2.970E+09
  1044.538 2.966E+09
  1045.051 2.958E+09
  1045.565 2.948E+09
  1046.078 2.937E+09
  1046.591 2.925E+09
  1047.105 2.914E+09
  1047.618 2.902E+09
  1048.131 2.891E+09
  1048.645 2.880E+09
  1049.158 2.869E+09
  1049.672 2.866E+09
  1050.185 2.864E+09
  1050.698 2.869E+09
  1051.212 2.873E+09
  1051.725 2.872E+09
  1052.238 2.864E+09
  1052.752 2.848E+09
  1053.265 2.826E+09
  1053.778 2.801E+09
  1054.292 2.777E+09
  1054.805 2.756E+09
  1055.319 2.743E+09
  1055.832 2.740E+09
  1056.345 2.747E+09
  1056.859 2.764E+09
  1057.372 2.783E+09
  1057.885 2.795E+09
  1058.399 2.794E+09
  1058.912 2.776E+09
  1059.425 2.740E+09
  1059.939 2.687E+09
  1060.452 2.618E+09
  1060.966 2.547E+09
  1061.479 2.485E+09
  1061.992 2.437E+09
  1062.506 2.420E+09
  1063.019 2.428E+09
  1063.532 2.450E+09
  1064.046 2.466E+09
  1064.559 2.463E+09
  1065.072 2.433E+09
  1065.586 2.391E+09
  1066.099 2.363E+09
  1066.612 2.365E+09
  1067.126 2.402E+09
  1067.639 2.456E+09
  1068.153 2.512E+09
  1068.666 2.549E+09
  1069.179 2.569E+09
  1069.693 2.576E+09
  1070.206 2.574E+09
  1070.719 2.564E+09
  1071.233 2.539E+09
  1071.746 2.497E+09
  1072.259 2.447E+09
  1072.773 2.406E+09
  1073.286 2.400E+09
  1073.800 2.432E+09
  1074.313 2.496E+09
  1074.826 2.567E+09
  1075.340 2.625E+09
  1075.853 2.662E+09
  1076.366 2.680E+09
  1076.880 2.691E+09
  1077.393 2.703E+09
  1077.906 2.717E+09
  1078.420 2.733E+09
  1078.933 2.746E+09
  1079.447 2.754E+09
  1079.960 2.758E+09
  1080.473 2.754E+09
  1080.987 2.739E+09
  1081.500 2.706E+09
  1082.013 2.646E+09
  1082.527 2.561E+09
  1083.040 2.450E+09
  1083.553 2.327E+09
  1084.067 2.213E+09
  1084.580 2.137E+09
  1085.094 2.117E+09
  1085.607 2.158E+09
  1086.120 2.246E+09
  1086.634 2.348E+09
  1087.147 2.438E+09
  1087.660 2.497E+09
  1088.174 2.528E+09
  1088.687 2.543E+09
  1089.200 2.555E+09
  1089.714 2.573E+09
  1090.227 2.595E+09
  1090.740 2.617E+09
  1091.254 2.633E+09
  1091.767 2.644E+09
  1092.281 2.647E+09
  1092.794 2.651E+09
  1093.307 2.656E+09
  1093.821 2.657E+09
  1094.334 2.653E+09
  1094.847 2.640E+09
  1095.361 2.619E+09
  1095.874 2.598E+09
  1096.387 2.581E+09
  1096.901 2.574E+09
  1097.414 2.578E+09
  1097.927 2.590E+09
  1098.441 2.609E+09
  1098.954 2.628E+09
  1099.468 2.645E+09
  1099.981 2.657E+09
  1100.494 2.662E+09
  1101.008 2.663E+09
  1101.521 2.661E+09
  1102.034 2.657E+09
  1102.548 2.655E+09
  1103.061 2.652E+09
  1103.574 2.647E+09
  1104.088 2.638E+09
  1104.601 2.620E+09
  1105.115 2.596E+09
  1105.628 2.562E+09
  1106.141 2.523E+09
  1106.655 2.480E+09
  1107.168 2.438E+09
  1107.681 2.405E+09
  1108.195 2.386E+09
  1108.708 2.384E+09
  1109.221 2.398E+09
  1109.735 2.422E+09
  1110.248 2.452E+09
  1110.761 2.480E+09
  1111.275 2.498E+09
  1111.788 2.497E+09
  1112.302 2.484E+09
  1112.815 2.469E+09
  1113.328 2.465E+09
  1113.842 2.480E+09
  1114.355 2.506E+09
  1114.868 2.525E+09
  1115.382 2.523E+09
  1115.895 2.484E+09
  1116.408 2.412E+09
  1116.922 2.322E+09
  1117.435 2.241E+09
  1117.948 2.195E+09
  1118.462 2.193E+09
  1118.975 2.225E+09
  1119.489 2.257E+09
  1120.002 2.253E+09
  1120.515 2.197E+09
  1121.029 2.092E+09
  1121.542 1.964E+09
  1122.055 1.853E+09
  1122.569 1.796E+09
  1123.082 1.808E+09
  1123.595 1.877E+09
  1124.109 1.972E+09
  1124.622 2.059E+09
  1125.135 2.109E+09
  1125.649 2.105E+09
  1126.162 2.043E+09
  1126.676 1.929E+09
  1127.189 1.789E+09
  1127.702 1.668E+09
  1128.216 1.610E+09
  1128.729 1.643E+09
  1129.242 1.760E+09
  1129.756 1.920E+09
  1130.269 2.085E+09
  1130.782 2.221E+09
  1131.296 2.321E+09
  1131.809 2.387E+09
  1132.323 2.431E+09
  1132.836 2.463E+09
  1133.349 2.481E+09
  1133.863 2.492E+09
  1134.376 2.493E+09
  1134.889 2.488E+09
  1135.403 2.478E+09
  1135.916 2.464E+09
  1136.429 2.447E+09
  1136.943 2.421E+09
  1137.456 2.388E+09
  1137.969 2.351E+09
  1138.483 2.317E+09
  1138.996 2.296E+09
  1139.510 2.288E+09
  1140.023 2.290E+09
  1140.536 2.296E+09
  1141.050 2.299E+09
  1141.563 2.301E+09
  1142.076 2.295E+09
  1142.590 2.283E+09
  1143.103 2.272E+09
  1143.616 2.260E+09
  1144.130 2.257E+09
  1144.643 2.269E+09
  1145.156 2.297E+09
  1145.670 2.342E+09
  1146.183 2.387E+09
  1146.697 2.425E+09
  1147.210 2.449E+09
  1147.723 2.454E+09
  1148.237 2.446E+09
  1148.750 2.430E+09
  1149.263 2.412E+09
  1149.777 2.403E+09
  1150.290 2.402E+09
  1150.803 2.409E+09
  1151.317 2.421E+09
  1151.830 2.431E+09
  1152.344 2.437E+09
  1152.857 2.436E+09
  1153.370 2.429E+09
  1153.884 2.414E+09
  1154.397 2.396E+09
  1154.910 2.375E+09
  1155.424 2.356E+09
  1155.937 2.342E+09
  1156.450 2.335E+09
  1156.964 2.335E+09
  1157.477 2.340E+09
  1157.991 2.346E+09
  1158.504 2.352E+09
  1159.017 2.355E+09
  1159.531 2.352E+09
  1160.044 2.347E+09
  1160.557 2.342E+09
  1161.071 2.336E+09
  1161.584 2.335E+09
  1162.097 2.339E+09
  1162.611 2.344E+09
  1163.124 2.347E+09
  1163.637 2.343E+09
  1164.151 2.331E+09
  1164.664 2.308E+09
  1165.178 2.282E+09
  1165.691 2.261E+09
  1166.204 2.249E+09
  1166.718 2.242E+09
  1167.231 2.232E+09
  1167.744 2.211E+09
  1168.258 2.183E+09
  1168.771 2.151E+09
  1169.284 2.121E+09
  1169.798 2.093E+09
  1170.311 2.061E+09
  1170.825 2.013E+09
  1171.338 1.941E+09
  1171.851 1.838E+09
  1172.365 1.700E+09
  1172.878 1.528E+09
  1173.391 1.333E+09
  1173.905 1.133E+09
  1174.418 9.524E+08
  1174.931 8.171E+08
  1175.445 7.465E+08
  1175.958 7.508E+08
  1176.472 8.294E+08
  1176.985 9.715E+08
  1177.498 1.157E+09
  1178.012 1.361E+09
  1178.525 1.558E+09
  1179.038 1.731E+09
  1179.552 1.868E+09
  1180.065 1.967E+09
  1180.578 2.032E+09
  1181.092 2.065E+09
  1181.605 2.069E+09
  1182.118 2.050E+09
  1182.632 2.021E+09
  1183.145 1.995E+09
  1183.659 1.985E+09
  1184.172 2.001E+09
  1184.685 2.042E+09
  1185.199 2.100E+09
  1185.712 2.160E+09
  1186.225 2.208E+09
  1186.739 2.242E+09
  1187.252 2.260E+09
  1187.765 2.268E+09
  1188.279 2.275E+09
  1188.792 2.276E+09
  1189.306 2.273E+09
  1189.819 2.269E+09
  1190.332 2.261E+09
  1190.846 2.251E+09
  1191.359 2.239E+09
  1191.872 2.221E+09
  1192.386 2.198E+09
  1192.899 2.171E+09
  1193.412 2.146E+09
  1193.926 2.131E+09
  1194.439 2.130E+09
  1194.953 2.145E+09
  1195.466 2.168E+09
  1195.979 2.191E+09
  1196.493 2.207E+09
  1197.006 2.216E+09
  1197.519 2.220E+09
  1198.033 2.225E+09
  1198.546 2.228E+09
  1199.059 2.226E+09
  1199.573 2.213E+09
  1200.086 2.190E+09
  1200.599 2.159E+09
  1201.113 2.134E+09
  1201.626 2.122E+09
  1202.140 2.124E+09
  1202.653 2.136E+09
  1203.166 2.139E+09
  1203.680 2.120E+09
  1204.193 2.070E+09
  1204.706 1.985E+09
  1205.220 1.877E+09
  1205.733 1.774E+09
  1206.246 1.708E+09
  1206.760 1.707E+09
  1207.273 1.771E+09
  1207.786 1.872E+09
  1208.300 1.978E+09
  1208.813 2.058E+09
  1209.327 2.105E+09
  1209.840 2.124E+09
  1210.353 2.129E+09
  1210.867 2.131E+09
  1211.380 2.139E+09
  1211.893 2.155E+09
  1212.407 2.176E+09
  1212.920 2.206E+09
  1213.433 2.245E+09
  1213.947 2.299E+09
  1214.460 2.373E+09
  1214.974 2.458E+09
  1215.487 2.533E+09
  1216.000 2.570E+09
  1216.514 2.558E+09
  1217.027 2.505E+09
  1217.540 2.429E+09
  1218.054 2.355E+09
  1218.567 2.297E+09
  1219.080 2.253E+09
  1219.594 2.223E+09
  1220.107 2.203E+09
  1220.620 2.191E+09
  1221.134 2.186E+09
  1221.647 2.185E+09
  1222.161 2.189E+09
  1222.674 2.194E+09
  1223.187 2.199E+09
  1223.701 2.202E+09
  1224.214 2.202E+09
  1224.727 2.199E+09
  1225.241 2.197E+09
  1225.754 2.193E+09
  1226.267 2.190E+09
  1226.781 2.186E+09
  1227.294 2.179E+09
  1227.807 2.168E+09
  1228.321 2.151E+09
  1228.834 2.134E+09
  1229.348 2.117E+09
  1229.861 2.106E+09
  1230.374 2.103E+09
  1230.888 2.108E+09
  1231.401 2.119E+09
  1231.914 2.132E+09
  1232.428 2.145E+09
  1232.941 2.153E+09
  1233.454 2.156E+09
  1233.968 2.154E+09
  1234.481 2.145E+09
  1234.995 2.132E+09
  1235.508 2.120E+09
  1236.021 2.112E+09
  1236.535 2.112E+09
  1237.048 2.115E+09
  1237.561 2.122E+09
  1238.075 2.127E+09
  1238.588 2.131E+09
  1239.101 2.133E+09
  1239.615 2.134E+09
  1240.128 2.134E+09
  1240.641 2.132E+09
  1241.155 2.129E+09
  1241.668 2.124E+09
  1242.182 2.119E+09
  1242.695 2.110E+09
  1243.208 2.094E+09
  1243.722 2.067E+09
  1244.235 2.023E+09
  1244.748 1.956E+09
  1245.262 1.861E+09
  1245.775 1.744E+09
  1246.288 1.621E+09
  1246.802 1.525E+09
  1247.315 1.487E+09
  1247.829 1.520E+09
  1248.342 1.615E+09
  1248.855 1.739E+09
  1249.369 1.858E+09
  1249.882 1.946E+09
  1250.395 1.998E+09
  1250.909 2.020E+09
  1251.422 2.021E+09
  1251.935 2.013E+09
  1252.449 2.003E+09
  1252.962 1.997E+09
  1253.476 1.994E+09
  1253.989 1.993E+09
  1254.502 1.993E+09
  1255.016 1.988E+09
  1255.529 1.981E+09
  1256.042 1.973E+09
  1256.556 1.971E+09
  1257.069 1.978E+09
  1257.582 1.988E+09
  1258.096 2.002E+09
  1258.609 2.014E+09
  1259.123 2.022E+09
  1259.636 2.029E+09
  1260.149 2.034E+09
  1260.663 2.040E+09
  1261.176 2.045E+09
  1261.689 2.046E+09
  1262.203 2.043E+09
  1262.716 2.035E+09
  1263.229 2.023E+09
  1263.743 2.009E+09
  1264.256 1.996E+09
  1264.769 1.988E+09
  1265.283 1.986E+09
  1265.796 1.989E+09
  1266.310 1.996E+09
  1266.823 2.004E+09
  1267.336 2.010E+09
  1267.850 2.013E+09
  1268.363 2.012E+09
  1268.876 2.007E+09
  1269.390 2.005E+09
  1269.903 2.007E+09
  1270.416 2.012E+09
  1270.930 2.021E+09
  1271.443 2.030E+09
  1271.957 2.036E+09
  1272.470 2.039E+09
  1272.983 2.039E+09
  1273.497 2.039E+09
  1274.010 2.039E+09
  1274.523 2.040E+09
  1275.037 2.041E+09
  1275.550 2.041E+09
  1276.063 2.038E+09
  1276.577 2.033E+09
  1277.090 2.025E+09
  1277.604 2.015E+09
  1278.117 2.005E+09
  1278.630 1.998E+09
  1279.144 1.994E+09
  1279.657 1.994E+09
  1280.170 1.996E+09
  1280.684 1.996E+09
  1281.197 1.994E+09
  1281.710 1.989E+09
  1282.224 1.981E+09
  1282.737 1.975E+09
  1283.250 1.970E+09
  1283.764 1.968E+09
  1284.277 1.970E+09
  1284.791 1.974E+09
  1285.304 1.975E+09
  1285.817 1.975E+09
  1286.331 1.972E+09
  1286.844 1.970E+09
  1287.357 1.971E+09
  1287.871 1.972E+09
  1288.384 1.973E+09
  1288.897 1.973E+09
  1289.411 1.970E+09
  1289.924 1.964E+09
  1290.438 1.956E+09
  1290.951 1.949E+09
  1291.464 1.941E+09
  1291.978 1.933E+09
  1292.491 1.919E+09
  1293.004 1.900E+09
  1293.518 1.873E+09
  1294.031 1.842E+09
  1294.544 1.811E+09
  1295.058 1.782E+09
  1295.571 1.757E+09
  1296.084 1.738E+09
  1296.598 1.725E+09
  1297.111 1.714E+09
  1297.625 1.705E+09
  1298.138 1.692E+09
  1298.651 1.680E+09
  1299.165 1.675E+09
  1299.678 1.677E+09
  1300.191 1.689E+09
  1300.705 1.706E+09
  1301.218 1.725E+09
  1301.731 1.744E+09
  1302.245 1.764E+09
  1302.758 1.780E+09
  1303.271 1.796E+09
  1303.785 1.813E+09
  1304.298 1.830E+09
  1304.812 1.845E+09
  1305.325 1.855E+09
  1305.838 1.860E+09
  1306.352 1.859E+09
  1306.865 1.851E+09
  1307.378 1.837E+09
  1307.892 1.820E+09
  1308.405 1.808E+09
  1308.918 1.805E+09
  1309.432 1.814E+09
  1309.945 1.828E+09
  1310.458 1.842E+09
  1310.972 1.848E+09
  1311.485 1.846E+09
  1311.999 1.839E+09
  1312.512 1.833E+09
  1313.025 1.830E+09
  1313.539 1.829E+09
  1314.052 1.829E+09
  1314.565 1.829E+09
  1315.079 1.832E+09
  1315.592 1.834E+09
  1316.105 1.836E+09
  1316.619 1.837E+09
  1317.132 1.833E+09
  1317.646 1.827E+09
  1318.159 1.818E+09
  1318.672 1.810E+09
  1319.186 1.807E+09
  1319.699 1.808E+09
  1320.212 1.810E+09
  1320.726 1.814E+09
  1321.239 1.811E+09
  1321.752 1.803E+09
  1322.266 1.786E+09
  1322.779 1.762E+09
  1323.292 1.736E+09
  1323.806 1.718E+09
  1324.319 1.717E+09
  1324.833 1.727E+09
  1325.346 1.747E+09
  1325.859 1.765E+09
  1326.373 1.773E+09
  1326.886 1.770E+09
  1327.399 1.758E+09
  1327.913 1.743E+09
  1328.426 1.732E+09
  1328.939 1.726E+09
  1329.453 1.727E+09
  1329.966 1.734E+09
  1330.479 1.745E+09
  1330.993 1.754E+09
  1331.506 1.757E+09
  1332.020 1.752E+09
  1332.533 1.733E+09
  1333.046 1.701E+09
  1333.560 1.659E+09
  1334.073 1.612E+09
  1334.586 1.573E+09
  1335.100 1.552E+09
  1335.613 1.556E+09
  1336.126 1.582E+09
  1336.640 1.619E+09
  1337.153 1.655E+09
  1337.667 1.683E+09
  1338.180 1.699E+09
  1338.693 1.708E+09
  1339.207 1.713E+09
  1339.720 1.715E+09
  1340.233 1.714E+09
  1340.747 1.706E+09
  1341.260 1.693E+09
  1341.773 1.678E+09
  1342.287 1.664E+09
  1342.800 1.657E+09
  1343.313 1.655E+09
  1343.827 1.657E+09
  1344.340 1.664E+09
  1344.854 1.675E+09
  1345.367 1.685E+09
  1345.880 1.693E+09
  1346.394 1.696E+09
  1346.907 1.695E+09
  1347.420 1.691E+09
  1347.934 1.687E+09
  1348.447 1.687E+09
  1348.960 1.691E+09
  1349.474 1.696E+09
  1349.987 1.697E+09
  1350.500 1.697E+09
  1351.014 1.696E+09
  1351.527 1.697E+09
  1352.041 1.700E+09
  1352.554 1.703E+09
  1353.067 1.707E+09
  1353.581 1.707E+09
  1354.094 1.702E+09
  1354.607 1.692E+09
  1355.121 1.678E+09
  1355.634 1.664E+09
  1356.147 1.652E+09
  1356.661 1.648E+09
  1357.174 1.652E+09
  1357.688 1.662E+09
  1358.201 1.675E+09
  1358.714 1.684E+09
  1359.228 1.690E+09
  1359.741 1.693E+09
  1360.254 1.692E+09
  1360.768 1.686E+09
  1361.281 1.674E+09
  1361.794 1.660E+09
  1362.308 1.645E+09
  1362.821 1.633E+09
  1363.335 1.627E+09
  1363.848 1.626E+09
  1364.361 1.628E+09
  1364.875 1.633E+09
  1365.388 1.640E+09
  1365.901 1.649E+09
  1366.415 1.660E+09
  1366.928 1.669E+09
  1367.441 1.679E+09
  1367.955 1.685E+09
  1368.468 1.688E+09
  1368.981 1.688E+09
  1369.495 1.683E+09
  1370.008 1.672E+09
  1370.522 1.656E+09
  1371.035 1.638E+09
  1371.548 1.620E+09
  1372.062 1.606E+09
  1372.575 1.597E+09
  1373.088 1.591E+09
  1373.602 1.589E+09
  1374.115 1.589E+09
  1374.628 1.594E+09
  1375.142 1.602E+09
  1375.655 1.606E+09
  1376.169 1.608E+09
  1376.682 1.605E+09
  1377.195 1.596E+09
  1377.709 1.586E+09
  1378.222 1.576E+09
  1378.735 1.571E+09
  1379.249 1.570E+09
  1379.762 1.570E+09
  1380.275 1.573E+09
  1380.789 1.572E+09
  1381.302 1.571E+09
  1381.816 1.569E+09
  1382.329 1.568E+09
  1382.842 1.567E+09
  1383.356 1.561E+09
  1383.869 1.551E+09
  1384.382 1.536E+09
  1384.896 1.518E+09
  1385.409 1.500E+09
  1385.922 1.484E+09
  1386.436 1.472E+09
  1386.949 1.469E+09
  1387.462 1.472E+09
  1387.976 1.479E+09
  1388.489 1.483E+09
  1389.003 1.478E+09
  1389.516 1.457E+09
  1390.029 1.412E+09
  1390.543 1.339E+09
  1391.056 1.234E+09
  1391.569 1.100E+09
  1392.083 9.493E+08
  1392.596 8.018E+08
  1393.109 6.849E+08
  1393.623 6.226E+08
  1394.136 6.270E+08
  1394.650 6.915E+08
  1395.163 7.964E+08
  1395.676 9.162E+08
  1396.190 1.030E+09
  1396.703 1.126E+09
  1397.216 1.200E+09
  1397.730 1.254E+09
  1398.243 1.288E+09
  1398.756 1.299E+09
  1399.270 1.285E+09
  1399.783 1.240E+09
  1400.297 1.163E+09
  1400.810 1.059E+09
  1401.323 9.381E+08
  1401.837 8.277E+08
  1402.350 7.537E+08
  1402.863 7.384E+08
  1403.377 7.878E+08
  1403.890 8.849E+08
  1404.403 1.004E+09
  1404.917 1.118E+09
  1405.430 1.213E+09
  1405.943 1.290E+09
  1406.457 1.348E+09
  1406.970 1.393E+09
  1407.484 1.425E+09
  1407.997 1.444E+09
  1408.510 1.451E+09
  1409.024 1.450E+09
  1409.537 1.447E+09
  1410.050 1.445E+09
  1410.564 1.446E+09
  1411.077 1.452E+09
  1411.590 1.463E+09
  1412.104 1.476E+09
  1412.617 1.487E+09
  1413.130 1.492E+09
  1413.644 1.489E+09
  1414.157 1.481E+09
  1414.671 1.471E+09
  1415.184 1.461E+09
  1415.697 1.447E+09
  1416.211 1.431E+09
  1416.724 1.415E+09
  1417.237 1.402E+09
  1417.751 1.396E+09
  1418.264 1.397E+09
  1418.777 1.401E+09
  1419.291 1.408E+09
  1419.804 1.416E+09
  1420.318 1.428E+09
  1420.831 1.439E+09
  1421.344 1.447E+09
  1421.858 1.447E+09
  1422.371 1.438E+09
  1422.884 1.421E+09
  1423.398 1.403E+09
  1423.911 1.385E+09
  1424.424 1.371E+09
  1424.938 1.356E+09
  1425.451 1.340E+09
  1425.964 1.318E+09
  1426.478 1.293E+09
  1426.991 1.273E+09
  1427.505 1.261E+09
  1428.018 1.260E+09
  1428.531 1.273E+09
  1429.045 1.295E+09
  1429.558 1.319E+09
  1430.071 1.342E+09
  1430.585 1.364E+09
  1431.098 1.386E+09
  1431.611 1.407E+09
  1432.125 1.421E+09
  1432.638 1.432E+09
  1433.152 1.436E+09
  1433.665 1.437E+09
  1434.178 1.437E+09
  1434.692 1.436E+09
  1435.205 1.435E+09
  1435.718 1.433E+09
  1436.232 1.426E+09
  1436.745 1.414E+09
  1437.258 1.401E+09
  1437.772 1.387E+09
  1438.285 1.378E+09
  1438.799 1.375E+09
  1439.312 1.376E+09
  1439.825 1.378E+09
  1440.339 1.379E+09
  1440.852 1.378E+09
  1441.365 1.376E+09
  1441.879 1.378E+09
  1442.392 1.383E+09
  1442.905 1.390E+09
  1443.419 1.395E+09
  1443.932 1.397E+09
  1444.445 1.398E+09
  1444.959 1.399E+09
  1445.472 1.404E+09
  1445.986 1.409E+09
  1446.499 1.410E+09
  1447.012 1.408E+09
  1447.526 1.401E+09
  1448.039 1.392E+09
  1448.552 1.386E+09
  1449.066 1.382E+09
  1449.579 1.381E+09
  1450.092 1.379E+09
  1450.606 1.371E+09
  1451.119 1.360E+09
  1451.633 1.346E+09
  1452.146 1.333E+09
  1452.659 1.325E+09
  1453.173 1.321E+09
  1453.686 1.321E+09
  1454.199 1.324E+09
  1454.713 1.325E+09
  1455.226 1.329E+09
  1455.739 1.333E+09
  1456.253 1.336E+09
  1456.766 1.336E+09
  1457.280 1.332E+09
  1457.793 1.327E+09
  1458.306 1.319E+09
  1458.820 1.310E+09
  1459.333 1.302E+09
  1459.846 1.293E+09
  1460.360 1.284E+09
  1460.873 1.280E+09
  1461.386 1.282E+09
  1461.900 1.292E+09
  1462.413 1.310E+09
  1462.926 1.328E+09
  1463.440 1.343E+09
  1463.953 1.352E+09
  1464.467 1.354E+09
  1464.980 1.348E+09
  1465.493 1.335E+09
  1466.007 1.314E+09
  1466.520 1.293E+09
  1467.033 1.277E+09
  1467.547 1.271E+09
  1468.060 1.276E+09
  1468.573 1.288E+09
  1469.087 1.303E+09
  1469.600 1.314E+09
  1470.114 1.324E+09
  1470.627 1.330E+09
  1471.140 1.336E+09
  1471.654 1.341E+09
  1472.167 1.345E+09
  1472.680 1.351E+09
  1473.194 1.358E+09
  1473.707 1.365E+09
  1474.220 1.370E+09
  1474.734 1.367E+09
  1475.247 1.356E+09
  1475.760 1.334E+09
  1476.274 1.305E+09
  1476.787 1.278E+09
  1477.301 1.259E+09
  1477.814 1.256E+09
  1478.327 1.267E+09
  1478.841 1.287E+09
  1479.354 1.309E+09
  1479.867 1.327E+09
  1480.381 1.338E+09
  1480.894 1.341E+09
  1481.407 1.336E+09
  1481.921 1.323E+09
  1482.434 1.306E+09
  1482.948 1.288E+09
  1483.461 1.272E+09
  1483.974 1.261E+09
  1484.488 1.257E+09
  1485.001 1.255E+09
  1485.514 1.258E+09
  1486.028 1.265E+09
  1486.541 1.276E+09
  1487.054 1.291E+09
  1487.568 1.307E+09
  1488.081 1.317E+09
  1488.594 1.321E+09
  1489.108 1.320E+09
  1489.621 1.316E+09
  1490.135 1.314E+09
  1490.648 1.314E+09
  1491.161 1.313E+09
  1491.675 1.313E+09
  1492.188 1.309E+09
  1492.701 1.303E+09
  1493.215 1.297E+09
  1493.728 1.295E+09
  1494.241 1.295E+09
  1494.755 1.296E+09
  1495.268 1.298E+09
  1495.781 1.298E+09
  1496.295 1.293E+09
  1496.808 1.282E+09
  1497.322 1.265E+09
  1497.835 1.245E+09
  1498.348 1.225E+09
  1498.862 1.211E+09
  1499.375 1.205E+09
  1499.888 1.207E+09
  1500.402 1.210E+09
  1500.915 1.215E+09
  1501.428 1.219E+09
  1501.942 1.220E+09
  1502.455 1.221E+09
  1502.969 1.221E+09
  1503.482 1.221E+09
  1503.995 1.223E+09
  1504.509 1.226E+09
  1505.022 1.233E+09
  1505.535 1.246E+09
  1506.049 1.260E+09
  1506.562 1.274E+09
  1507.075 1.288E+09
  1507.589 1.299E+09
  1508.102 1.306E+09
  1508.615 1.309E+09
  1509.129 1.306E+09
  1509.642 1.297E+09
  1510.156 1.280E+09
  1510.669 1.256E+09
  1511.182 1.229E+09
  1511.696 1.203E+09
  1512.209 1.184E+09
  1512.722 1.175E+09
  1513.236 1.179E+09
  1513.749 1.189E+09
  1514.262 1.203E+09
  1514.776 1.215E+09
  1515.289 1.223E+09
  1515.802 1.230E+09
  1516.316 1.239E+09
  1516.829 1.251E+09
  1517.343 1.265E+09
  1517.856 1.279E+09
  1518.369 1.289E+09
  1518.883 1.293E+09
  1519.396 1.292E+09
  1519.909 1.288E+09
  1520.423 1.281E+09
  1520.936 1.278E+09
  1521.449 1.278E+09
  1521.963 1.279E+09
  1522.476 1.275E+09
  1522.990 1.262E+09
  1523.503 1.241E+09
  1524.016 1.212E+09
  1524.530 1.183E+09
  1525.043 1.155E+09
  1525.556 1.134E+09
  1526.070 1.123E+09
  1526.583 1.118E+09
  1527.096 1.124E+09
  1527.610 1.136E+09
  1528.123 1.149E+09
  1528.636 1.157E+09
  1529.150 1.157E+09
  1529.663 1.147E+09
  1530.177 1.129E+09
  1530.690 1.111E+09
  1531.203 1.094E+09
  1531.717 1.080E+09
  1532.230 1.072E+09
  1532.743 1.071E+09
  1533.257 1.076E+09
  1533.770 1.088E+09
  1534.283 1.103E+09
  1534.797 1.119E+09
  1535.310 1.132E+09
  1535.823 1.139E+09
  1536.337 1.142E+09
  1536.850 1.137E+09
  1537.364 1.127E+09
  1537.877 1.114E+09
  1538.390 1.095E+09
  1538.904 1.077E+09
  1539.417 1.062E+09
  1539.930 1.047E+09
  1540.444 1.031E+09
  1540.957 1.013E+09
  1541.470 9.901E+08
  1541.984 9.642E+08
  1542.497 9.372E+08
  1543.010 9.109E+08
  1543.524 8.856E+08
  1544.037 8.590E+08
  1544.551 8.283E+08
  1545.064 7.893E+08
  1545.577 7.375E+08
  1546.091 6.724E+08
  1546.604 5.962E+08
  1547.117 5.184E+08
  1547.631 4.511E+08
  1548.144 4.049E+08
  1548.657 3.824E+08
  1549.171 3.783E+08
  1549.684 3.850E+08
  1550.198 4.002E+08
  1550.711 4.280E+08
  1551.224 4.737E+08
  1551.738 5.369E+08
  1552.251 6.104E+08
  1552.764 6.841E+08
  1553.278 7.500E+08
  1553.791 8.043E+08
  1554.304 8.450E+08
  1554.818 8.748E+08
  1555.331 8.954E+08
  1555.845 9.121E+08
  1556.358 9.289E+08
  1556.871 9.461E+08
  1557.385 9.655E+08
  1557.898 9.828E+08
  1558.411 9.950E+08
  1558.925 1.005E+09
  1559.438 1.013E+09
  1559.951 1.024E+09
  1560.465 1.041E+09
  1560.978 1.060E+09
  1561.491 1.076E+09
  1562.005 1.090E+09
  1562.518 1.097E+09
  1563.032 1.099E+09
  1563.545 1.100E+09
  1564.058 1.101E+09
  1564.572 1.100E+09
  1565.085 1.095E+09
  1565.598 1.089E+09
  1566.112 1.083E+09
  1566.625 1.081E+09
  1567.138 1.083E+09
  1567.652 1.087E+09
  1568.165 1.093E+09
  1568.679 1.099E+09
  1569.192 1.107E+09
  1569.705 1.118E+09
  1570.219 1.130E+09
  1570.732 1.143E+09
  1571.245 1.154E+09
  1571.759 1.162E+09
  1572.272 1.166E+09
  1572.785 1.164E+09
  1573.299 1.157E+09
  1573.812 1.144E+09
  1574.326 1.127E+09
  1574.839 1.109E+09
  1575.352 1.093E+09
  1575.866 1.080E+09
  1576.379 1.071E+09
  1576.892 1.065E+09
  1577.406 1.062E+09
  1577.919 1.065E+09
  1578.432 1.071E+09
  1578.946 1.079E+09
  1579.459 1.086E+09
  1579.972 1.089E+09
  1580.486 1.090E+09
  1580.999 1.090E+09
  1581.513 1.089E+09
  1582.026 1.087E+09
  1582.539 1.084E+09
  1583.053 1.082E+09
  1583.566 1.082E+09
  1584.079 1.085E+09
  1584.593 1.092E+09
  1585.106 1.106E+09
  1585.619 1.123E+09
  1586.133 1.139E+09
  1586.646 1.152E+09
  1587.160 1.160E+09
  1587.673 1.163E+09
  1588.186 1.160E+09
  1588.700 1.152E+09
  1589.213 1.138E+09
  1589.726 1.117E+09
  1590.240 1.092E+09
  1590.753 1.067E+09
  1591.266 1.049E+09
  1591.780 1.042E+09
  1592.293 1.046E+09
  1592.807 1.056E+09
  1593.320 1.068E+09
  1593.833 1.077E+09
  1594.347 1.085E+09
  1594.860 1.093E+09
  1595.373 1.102E+09
  1595.887 1.112E+09
  1596.400 1.120E+09
  1596.913 1.126E+09
  1597.427 1.130E+09
  1597.940 1.132E+09
  1598.453 1.133E+09
  1598.967 1.131E+09
  1599.480 1.122E+09
  1599.994 1.105E+09
  1600.507 1.082E+09
  1601.020 1.061E+09
  1601.534 1.049E+09
  1602.047 1.049E+09
  1602.560 1.055E+09
  1603.074 1.062E+09
  1603.587 1.062E+09
  1604.100 1.055E+09
  1604.614 1.044E+09
  1605.127 1.033E+09
  1605.641 1.026E+09
  1606.154 1.024E+09
  1606.667 1.024E+09
  1607.181 1.023E+09
  1607.694 1.019E+09
  1608.207 1.008E+09
  1608.721 9.939E+08
  1609.234 9.768E+08
  1609.747 9.591E+08
  1610.261 9.452E+08
  1610.774 9.372E+08
  1611.287 9.354E+08
  1611.801 9.419E+08
  1612.314 9.563E+08
  1612.828 9.750E+08
  1613.341 9.960E+08
  1613.854 1.014E+09
  1614.368 1.029E+09
  1614.881 1.042E+09
  1615.394 1.053E+09
  1615.908 1.063E+09
  1616.421 1.073E+09
  1616.934 1.078E+09
  1617.448 1.078E+09
  1617.961 1.069E+09
  1618.474 1.052E+09
  1618.988 1.027E+09
  1619.501 9.981E+08
  1620.015 9.731E+08
  1620.528 9.594E+08
  1621.041 9.616E+08
  1621.555 9.770E+08
  1622.068 9.965E+08
  1622.581 1.014E+09
  1623.095 1.022E+09
  1623.608 1.025E+09
  1624.121 1.026E+09
  1624.635 1.025E+09
  1625.148 1.023E+09
  1625.662 1.018E+09
  1626.175 1.009E+09
  1626.688 9.994E+08
  1627.202 9.893E+08
  1627.715 9.806E+08
  1628.228 9.749E+08
  1628.742 9.687E+08
  1629.255 9.641E+08
  1629.768 9.598E+08
  1630.282 9.559E+08
  1630.795 9.544E+08
  1631.308 9.565E+08
  1631.822 9.660E+08
  1632.335 9.807E+08
  1632.849 9.987E+08
  1633.362 1.016E+09
  1633.875 1.030E+09
  1634.389 1.041E+09
  1634.902 1.049E+09
  1635.415 1.057E+09
  1635.929 1.064E+09
  1636.442 1.067E+09
  1636.955 1.068E+09
  1637.469 1.062E+09
  1637.982 1.051E+09
  1638.496 1.034E+09
  1639.009 1.010E+09
  1639.522 9.864E+08
  1640.036 9.679E+08
  1640.549 9.619E+08
  1641.062 9.701E+08
  1641.576 9.882E+08
  1642.089 1.012E+09
  1642.602 1.033E+09
  1643.116 1.048E+09
  1643.629 1.058E+09
  1644.143 1.061E+09
  1644.656 1.062E+09
  1645.169 1.063E+09
  1645.683 1.067E+09
  1646.196 1.072E+09
  1646.709 1.077E+09
  1647.223 1.080E+09
  1647.736 1.080E+09
  1648.249 1.076E+09
  1648.763 1.069E+09
  1649.276 1.061E+09
  1649.790 1.053E+09
  1650.303 1.048E+09
  1650.816 1.042E+09
  1651.330 1.035E+09
  1651.843 1.026E+09
  1652.356 1.013E+09
  1652.870 1.003E+09
  1653.383 9.977E+08
  1653.896 1.001E+09
  1654.410 1.008E+09
  1654.923 1.014E+09
  1655.436 1.013E+09
  1655.950 1.004E+09
  1656.463 9.898E+08
  1656.977 9.793E+08
  1657.490 9.745E+08
  1658.003 9.766E+08
  1658.517 9.835E+08
  1659.030 9.891E+08
  1659.543 9.885E+08
  1660.057 9.820E+08
  1660.570 9.731E+08
  1661.083 9.674E+08
  1661.597 9.704E+08
  1662.110 9.817E+08
  1662.624 9.973E+08
  1663.137 1.012E+09
  1663.650 1.021E+09
  1664.164 1.023E+09
  1664.677 1.019E+09
  1665.190 1.009E+09
  1665.704 9.964E+08
  1666.217 9.852E+08
  1666.730 9.779E+08
  1667.244 9.759E+08
  1667.757 9.768E+08
  1668.271 9.785E+08
  1668.784 9.792E+08
  1669.297 9.774E+08
  1669.811 9.734E+08
  1670.324 9.677E+08
  1670.837 9.603E+08
  1671.351 9.532E+08
  1671.864 9.479E+08
  1672.377 9.475E+08
  1672.891 9.561E+08
  1673.404 9.720E+08
  1673.917 9.906E+08
  1674.431 1.007E+09
  1674.944 1.016E+09
  1675.458 1.019E+09
  1675.971 1.020E+09
  1676.484 1.023E+09
  1676.998 1.029E+09
  1677.511 1.039E+09
  1678.024 1.049E+09
  1678.538 1.056E+09
  1679.051 1.059E+09
  1679.564 1.056E+09
  1680.078 1.048E+09
  1680.591 1.037E+09
  1681.104 1.026E+09
  1681.618 1.018E+09
  1682.131 1.017E+09
  1682.645 1.023E+09
  1683.158 1.031E+09
  1683.671 1.039E+09
  1684.185 1.041E+09
  1684.698 1.036E+09
  1685.211 1.024E+09
  1685.725 1.005E+09
  1686.238 9.847E+08
  1686.751 9.692E+08
  1687.265 9.609E+08
  1687.778 9.627E+08
  1688.292 9.696E+08
  1688.805 9.740E+08
  1689.318 9.740E+08
  1689.832 9.688E+08
  1690.345 9.631E+08
  1690.858 9.617E+08
  1691.372 9.635E+08
  1691.885 9.685E+08
  1692.398 9.742E+08
  1692.912 9.784E+08
  1693.425 9.807E+08
  1693.938 9.819E+08
  1694.452 9.828E+08
  1694.965 9.837E+08
  1695.479 9.868E+08
  1695.992 9.903E+08
  1696.505 9.913E+08
  1697.019 9.893E+08
  1697.532 9.833E+08
  1698.045 9.740E+08
  1698.559 9.657E+08
  1699.072 9.592E+08
  1699.585 9.555E+08
  1700.099 9.555E+08
  1700.612 9.572E+08
  1701.125 9.616E+08
  1701.639 9.679E+08
  1702.152 9.753E+08
  1702.666 9.803E+08
  1703.179 9.824E+08
  1703.692 9.821E+08
  1704.206 9.794E+08
  1704.719 9.755E+08
  1705.232 9.706E+08
  1705.746 9.643E+08
  1706.259 9.578E+08
  1706.772 9.532E+08
  1707.286 9.528E+08
  1707.799 9.561E+08
  1708.312 9.604E+08
  1708.826 9.632E+08
  1709.339 9.626E+08
  1709.853 9.595E+08
  1710.366 9.566E+08
  1710.879 9.540E+08
  1711.393 9.540E+08
  1711.906 9.550E+08
  1712.419 9.557E+08
  1712.933 9.558E+08
  1713.446 9.528E+08
  1713.959 9.482E+08
  1714.473 9.420E+08
  1714.986 9.332E+08
  1715.500 9.226E+08
  1716.013 9.096E+08
  1716.526 8.928E+08
  1717.040 8.733E+08
  1717.553 8.548E+08
  1718.066 8.417E+08
  1718.580 8.387E+08
  1719.093 8.462E+08
  1719.606 8.596E+08
  1720.120 8.734E+08
  1720.633 8.833E+08
  1721.146 8.850E+08
  1721.660 8.808E+08
  1722.173 8.734E+08
  1722.687 8.654E+08
  1723.200 8.616E+08
  1723.713 8.627E+08
  1724.227 8.686E+08
  1724.740 8.790E+08
  1725.253 8.907E+08
  1725.767 9.024E+08
  1726.280 9.129E+08
  1726.793 9.198E+08
  1727.307 9.236E+08
  1727.820 9.252E+08
  1728.333 9.235E+08
  1728.847 9.185E+08
  1729.360 9.124E+08
  1729.874 9.056E+08
  1730.387 9.011E+08
  1730.900 8.994E+08
  1731.414 8.993E+08
  1731.927 9.015E+08
  1732.440 9.051E+08
  1732.954 9.090E+08
  1733.467 9.140E+08
  1733.980 9.206E+08
  1734.494 9.269E+08
  1735.007 9.322E+08
  1735.521 9.349E+08
  1736.034 9.346E+08
  1736.547 9.327E+08
  1737.061 9.279E+08
  1737.574 9.201E+08
  1738.087 9.110E+08
  1738.601 9.036E+08
  1739.114 8.983E+08
  1739.627 8.957E+08
  1740.141 8.946E+08
  1740.654 8.929E+08
  1741.167 8.931E+08
  1741.681 8.962E+08
  1742.194 9.032E+08
  1742.708 9.130E+08
  1743.221 9.230E+08
  1743.734 9.320E+08
  1744.248 9.363E+08
  1744.761 9.351E+08
  1745.274 9.279E+08
  1745.788 9.150E+08
  1746.301 8.977E+08
  1746.814 8.782E+08
  1747.328 8.597E+08
  1747.841 8.463E+08
  1748.355 8.406E+08
  1748.868 8.390E+08
  1749.381 8.405E+08
  1749.895 8.399E+08
  1750.408 8.339E+08
  1750.921 8.251E+08
  1751.435 8.152E+08
  1751.948 8.094E+08
  1752.461 8.100E+08
  1752.975 8.167E+08
  1753.488 8.314E+08
  1754.001 8.528E+08
  1754.515 8.767E+08
  1755.028 9.013E+08
  1755.542 9.219E+08
  1756.055 9.356E+08
  1756.568 9.417E+08
  1757.082 9.401E+08
  1757.595 9.330E+08
  1758.108 9.236E+08
  1758.622 9.141E+08
  1759.135 9.060E+08
  1759.648 9.000E+08
  1760.162 8.952E+08
  1760.675 8.937E+08
  1761.189 8.949E+08
  1761.702 8.980E+08
  1762.215 9.026E+08
  1762.729 9.049E+08
  1763.242 9.050E+08
  1763.755 9.043E+08
  1764.269 9.033E+08
  1764.782 9.041E+08
  1765.295 9.070E+08
  1765.809 9.107E+08
  1766.322 9.133E+08
  1766.836 9.141E+08
  1767.349 9.134E+08
  1767.862 9.110E+08
  1768.376 9.078E+08
  1768.889 9.031E+08
  1769.402 8.976E+08
  1769.916 8.929E+08
  1770.429 8.905E+08
  1770.942 8.900E+08
  1771.456 8.904E+08
  1771.969 8.910E+08
  1772.482 8.899E+08
  1772.996 8.880E+08
  1773.509 8.859E+08
  1774.023 8.830E+08
  1774.536 8.784E+08
  1775.049 8.733E+08
  1775.563 8.668E+08
  1776.076 8.611E+08
  1776.589 8.575E+08
  1777.103 8.550E+08
  1777.616 8.548E+08
  1778.129 8.547E+08
  1778.643 8.567E+08
  1779.156 8.604E+08
  1779.670 8.642E+08
  1780.183 8.679E+08
  1780.696 8.682E+08
  1781.210 8.657E+08
  1781.723 8.631E+08
  1782.236 8.605E+08
  1782.750 8.601E+08
  1783.263 8.632E+08
  1783.776 8.672E+08
  1784.290 8.703E+08
  1784.803 8.718E+08
  1785.317 8.707E+08
  1785.830 8.681E+08
  1786.343 8.638E+08
  1786.857 8.587E+08
  1787.370 8.547E+08
  1787.883 8.514E+08
  1788.397 8.499E+08
  1788.910 8.489E+08
  1789.423 8.467E+08
  1789.937 8.422E+08
  1790.450 8.366E+08
  1790.963 8.318E+08
  1791.477 8.296E+08
  1791.990 8.324E+08
  1792.504 8.371E+08
  1793.017 8.423E+08
  1793.530 8.480E+08
  1794.044 8.536E+08
  1794.557 8.590E+08
  1795.070 8.640E+08
  1795.584 8.688E+08
  1796.097 8.725E+08
  1796.610 8.744E+08
  1797.124 8.743E+08
  1797.637 8.713E+08
  1798.151 8.685E+08
  1798.664 8.666E+08
  1799.177 8.656E+08
  1799.691 8.661E+08
  1800.204 8.657E+08
  1800.717 8.646E+08
  1801.231 8.635E+08
  1801.744 8.626E+08
  1802.257 8.627E+08
  1802.771 8.632E+08
  1803.284 8.616E+08
  1803.797 8.579E+08
  1804.311 8.521E+08
  1804.824 8.461E+08
  1805.338 8.412E+08
  1805.851 8.389E+08
  1806.364 8.385E+08
  1806.878 8.386E+08
  1807.391 8.396E+08
  1807.904 8.398E+08
  1808.418 8.391E+08
  1808.931 8.374E+08
  1809.444 8.345E+08
  1809.958 8.307E+08
  1810.471 8.258E+08
  1810.984 8.202E+08
  1811.498 8.159E+08
  1812.011 8.150E+08
  1812.525 8.186E+08
  1813.038 8.261E+08
  1813.551 8.335E+08
  1814.065 8.378E+08
  1814.578 8.372E+08
  1815.091 8.328E+08
  1815.605 8.281E+08
  1816.118 8.252E+08
  1816.631 8.260E+08
  1817.145 8.285E+08
  1817.658 8.309E+08
  1818.172 8.317E+08
  1818.685 8.292E+08
  1819.198 8.250E+08
  1819.712 8.212E+08
  1820.225 8.197E+08
  1820.738 8.216E+08
  1821.252 8.252E+08
  1821.765 8.303E+08
  1822.278 8.355E+08
  1822.792 8.398E+08
  1823.305 8.437E+08
  1823.818 8.458E+08
  1824.332 8.455E+08
  1824.845 8.433E+08
  1825.359 8.389E+08
  1825.872 8.341E+08
  1826.385 8.301E+08
  1826.899 8.269E+08
  1827.412 8.255E+08
  1827.925 8.230E+08
  1828.439 8.192E+08
  1828.952 8.144E+08
  1829.465 8.091E+08
  1829.979 8.054E+08
  1830.492 8.059E+08
  1831.006 8.113E+08
  1831.519 8.191E+08
  1832.032 8.271E+08
  1832.546 8.323E+08
  1833.059 8.349E+08
  1833.572 8.367E+08
  1834.086 8.381E+08
  1834.599 8.405E+08
  1835.112 8.431E+08
  1835.626 8.438E+08
  1836.139 8.412E+08
  1836.653 8.357E+08
  1837.166 8.285E+08
  1837.679 8.226E+08
  1838.193 8.180E+08
  1838.706 8.157E+08
  1839.219 8.130E+08
  1839.733 8.100E+08
  1840.246 8.062E+08
  1840.759 7.999E+08
  1841.273 7.933E+08
  1841.786 7.849E+08
  1842.300 7.751E+08
  1842.813 7.676E+08
  1843.326 7.630E+08
  1843.840 7.620E+08
  1844.353 7.656E+08
  1844.866 7.718E+08
  1845.380 7.792E+08
  1845.893 7.867E+08
  1846.406 7.915E+08
  1846.920 7.927E+08
  1847.433 7.905E+08
  1847.946 7.850E+08
  1848.460 7.778E+08
  1848.973 7.712E+08
  1849.487 7.670E+08
  1850.000 7.667E+08
  1850.513 7.700E+08
  1851.027 7.744E+08
  1851.540 7.782E+08
  1852.053 7.807E+08
  1852.567 7.793E+08
  1853.080 7.734E+08
  1853.593 7.649E+08
  1854.107 7.567E+08
  1854.620 7.536E+08
  1855.133 7.589E+08
  1855.647 7.711E+08
  1856.160 7.853E+08
  1856.674 7.969E+08
  1857.187 8.023E+08
  1857.700 8.023E+08
  1858.214 7.985E+08
  1858.727 7.931E+08
  1859.240 7.877E+08
  1859.754 7.838E+08
  1860.267 7.817E+08
  1860.780 7.787E+08
  1861.294 7.751E+08
  1861.807 7.700E+08
  1862.321 7.651E+08
  1862.834 7.639E+08
  1863.347 7.666E+08
  1863.861 7.722E+08
  1864.374 7.781E+08
  1864.887 7.816E+08
  1865.401 7.835E+08
  1865.914 7.853E+08
  1866.427 7.875E+08
  1866.941 7.912E+08
  1867.454 7.944E+08
  1867.968 7.956E+08
  1868.481 7.933E+08
  1868.994 7.880E+08
  1869.508 7.804E+08
  1870.021 7.729E+08
  1870.534 7.670E+08
  1871.048 7.626E+08
  1871.561 7.598E+08
  1872.074 7.582E+08
  1872.588 7.579E+08
  1873.101 7.576E+08
  1873.614 7.585E+08
  1874.128 7.611E+08
  1874.641 7.641E+08
  1875.155 7.678E+08
  1875.668 7.713E+08
  1876.181 7.737E+08
  1876.695 7.743E+08
  1877.208 7.717E+08
  1877.721 7.662E+08
