   826.360 5.252E+09
   826.873 5.252E+09
   827.387 5.252E+09
   827.900 5.252E+09
   828.413 5.252E+09
   828.927 5.252E+09
   829.440 5.252E+09
   829.953 5.252E+09
   830.467 5.252E+09
   830.980 5.252E+09
   831.494 5.252E+09
   832.007 5.252E+09
   832.520 5.252E+09
   833.034 5.252E+09
   833.547 5.252E+09
   834.060 5.252E+09
   834.574 5.252E+09
   835.087 5.252E+09
   835.600 5.252E+09
   836.114 5.252E+09
   836.627 5.252E+09
   837.141 5.252E+09
   837.654 5.252E+09
   838.167 5.252E+09
   838.681 5.252E+09
   839.194 5.252E+09
   839.707 5.252E+09
   840.221 5.252E+09
   840.734 5.252E+09
   841.247 5.252E+09
   841.761 5.252E+09
   842.274 5.252E+09
   842.787 5.252E+09
   843.301 5.252E+09
   843.814 5.252E+09
   844.328 5.252E+09
   844.841 5.252E+09
   845.354 5.252E+09
   845.868 5.252E+09
   846.381 5.252E+09
   846.894 5.252E+09
   847.408 5.252E+09
   847.921 5.252E+09
   848.434 5.252E+09
   848.948 5.252E+09
   849.461 5.252E+09
   849.975 5.252E+09
   850.488 5.252E+09
   851.001 5.252E+09
   851.515 5.252E+09
   852.028 5.252E+09
   852.541 5.252E+09
   853.055 5.252E+09
   853.568 5.252E+09
   854.081 5.252E+09
   854.595 5.252E+09
   855.108 5.252E+09
   855.622 5.252E+09
   856.135 5.252E+09
   856.648 5.252E+09
   857.162 5.252E+09
   857.675 5.252E+09
   858.188 5.252E+09
   858.702 5.252E+09
   859.215 5.252E+09
   859.728 5.252E+09
   860.242 5.252E+09
   860.755 5.252E+09
   861.268 5.252E+09
   861.782 5.252E+09
   862.295 5.252E+09
   862.809 5.252E+09
   863.322 5.252E+09
   863.835 5.252E+09
   864.349 5.252E+09
   864.862 5.252E+09
   865.375 5.252E+09
   865.889 5.252E+09
   866.402 5.252E+09
   866.915 5.252E+09
   867.429 5.252E+09
   867.942 5.252E+09
   868.456 5.252E+09
   868.969 5.252E+09
   869.482 5.252E+09
   869.996 5.252E+09
   870.509 5.252E+09
   871.022 5.252E+09
   871.536 5.252E+09
   872.049 5.252E+09
   872.562 5.252E+09
   873.076 5.252E+09
   873.589 5.252E+09
   874.102 5.252E+09
   874.616 5.252E+09
   875.129 5.252E+09
   875.643 5.252E+09
   876.156 5.252E+09
   876.669 5.252E+09
   877.183 5.252E+09
   877.696 5.252E+09
   878.209 5.252E+09
   878.723 5.252E+09
   879.236 5.252E+09
   879.749 5.252E+09
   880.263 5.252E+09
   880.776 5.252E+09
   881.289 5.252E+09
   881.803 5.252E+09
   882.316 5.252E+09
   882.830 5.252E+09
   883.343 5.252E+09
   883.856 5.252E+09
   884.370 5.252E+09
   884.883 5.252E+09
   885.396 5.252E+09
   885.910 5.252E+09
   886.423 5.252E+09
   886.936 5.252E+09
   887.450 5.252E+09
   887.963 5.252E+09
   888.477 5.252E+09
   888.990 5.252E+09
   889.503 5.252E+09
   890.017 5.252E+09
   890.530 5.252E+09
   891.043 5.252E+09
   891.557 5.252E+09
   892.070 5.252E+09
   892.583 5.252E+09
   893.097 5.252E+09
   893.610 5.252E+09
   894.124 5.252E+09
   894.637 5.252E+09
   895.150 5.252E+09
   895.664 5.252E+09
   896.177 5.253E+09
   896.690 5.253E+09
   897.204 5.253E+09
   897.717 5.253E+09
   898.230 5.253E+09
   898.744 5.254E+09
   899.257 5.254E+09
   899.770 5.256E+09
   900.284 5.265E+09
   900.797 5.277E+09
   901.311 5.292E+09
   901.824 5.298E+09
   902.337 5.284E+09
   902.851 5.250E+09
   903.364 5.215E+09
   903.877 5.207E+09
   904.391 5.243E+09
   904.904 5.315E+09
   905.417 5.412E+09
   905.931 5.509E+09
   906.444 5.585E+09
   906.958 5.635E+09
   907.471 5.663E+09
   907.984 5.676E+09
   908.498 5.678E+09
   909.011 5.675E+09
   909.524 5.667E+09
   910.038 5.655E+09
   910.551 5.642E+09
   911.064 5.631E+09
   911.578 5.628E+09
   912.091 5.632E+09
   912.604 5.641E+09
   913.118 5.643E+09
   913.631 5.624E+09
   914.145 5.581E+09
   914.658 5.512E+09
   915.171 5.445E+09
   915.685 5.405E+09
   916.198 5.416E+09
   916.711 5.493E+09
   917.225 5.614E+09
   917.738 5.775E+09
   918.251 5.942E+09
   918.765 6.096E+09
   919.278 6.212E+09
   919.792 6.237E+09
   920.305 6.138E+09
   920.818 5.899E+09
   921.332 5.555E+09
   921.845 5.186E+09
   922.358 4.899E+09
   922.872 4.795E+09
   923.385 4.936E+09
   923.898 5.305E+09
   924.412 5.820E+09
   924.925 6.371E+09
   925.438 6.874E+09
   925.952 7.318E+09
   926.465 7.732E+09
   926.979 8.149E+09
   927.492 8.561E+09
   928.005 8.907E+09
   928.519 9.112E+09
   929.032 9.132E+09
   929.545 8.995E+09
   930.059 8.817E+09
   930.572 8.751E+09
   931.085 8.879E+09
   931.599 9.168E+09
   932.112 9.505E+09
   932.625 9.805E+09
   933.139 1.006E+10
   933.652 1.032E+10
   934.166 1.059E+10
   934.679 1.081E+10
   935.192 1.087E+10
   935.706 1.068E+10
   936.219 1.023E+10
   936.732 9.666E+09
   937.246 9.197E+09
   937.759 9.015E+09
   938.272 9.192E+09
   938.786 9.657E+09
   939.299 1.023E+10
   939.813 1.073E+10
   940.326 1.103E+10
   940.839 1.108E+10
   941.353 1.096E+10
   941.866 1.078E+10
   942.379 1.069E+10
   942.893 1.076E+10
   943.406 1.100E+10
   943.919 1.131E+10
   944.433 1.158E+10
   944.946 1.174E+10
   945.460 1.176E+10
   945.973 1.162E+10
   946.486 1.131E+10
   947.000 1.081E+10
   947.513 1.014E+10
   948.026 9.362E+09
   948.540 8.606E+09
   949.053 8.045E+09
   949.566 7.821E+09
   950.080 8.012E+09
   950.593 8.562E+09
   951.106 9.321E+09
   951.620 1.010E+10
   952.133 1.071E+10
   952.647 1.107E+10
   953.160 1.114E+10
   953.673 1.096E+10
   954.187 1.065E+10
   954.700 1.034E+10
   955.213 1.016E+10
   955.727 1.016E+10
   956.240 1.029E+10
   956.753 1.044E+10
   957.267 1.048E+10
   957.780 1.042E+10
   958.294 1.034E+10
   958.807 1.034E+10
   959.320 1.048E+10
   959.834 1.074E+10
   960.347 1.102E+10
   960.860 1.125E+10
   961.374 1.140E+10
   961.887 1.149E+10
   962.400 1.153E+10
   962.914 1.156E+10
   963.427 1.161E+10
   963.940 1.165E+10
   964.454 1.168E+10
   964.967 1.169E+10
   965.481 1.168E+10
   965.994 1.164E+10
   966.507 1.157E+10
   967.021 1.151E+10
   967.534 1.144E+10
   968.047 1.137E+10
   968.561 1.129E+10
   969.074 1.115E+10
   969.587 1.091E+10
   970.101 1.053E+10
   970.614 9.980E+09
   971.128 9.305E+09
   971.641 8.631E+09
   972.154 8.137E+09
   972.668 7.960E+09
   973.181 8.109E+09
   973.694 8.452E+09
   974.208 8.759E+09
   974.721 8.806E+09
   975.234 8.492E+09
   975.748 7.873E+09
   976.261 7.165E+09
   976.774 6.649E+09
   977.288 6.528E+09
   977.801 6.839E+09
   978.315 7.444E+09
   978.828 8.131E+09
   979.341 8.757E+09
   979.855 9.280E+09
   980.368 9.724E+09
   980.881 1.011E+10
   981.395 1.042E+10
   981.908 1.063E+10
   982.421 1.072E+10
   982.935 1.070E+10
   983.448 1.059E+10
   983.962 1.043E+10
   984.475 1.026E+10
   984.988 1.014E+10
   985.502 1.010E+10
   986.015 1.016E+10
   986.528 1.026E+10
   987.042 1.032E+10
   987.555 1.027E+10
   988.068 1.006E+10
   988.582 9.717E+09
   989.095 9.295E+09
   989.608 8.845E+09
   990.122 8.419E+09
   990.635 8.051E+09
   991.149 7.795E+09
   991.662 7.734E+09
   992.175 7.914E+09
   992.689 8.322E+09
   993.202 8.858E+09
   993.715 9.395E+09
   994.229 9.834E+09
   994.742 1.014E+10
   995.255 1.032E+10
   995.769 1.040E+10
   996.282 1.042E+10
   996.796 1.040E+10
   997.309 1.039E+10
   997.822 1.040E+10
   998.336 1.043E+10
   998.849 1.046E+10
   999.362 1.044E+10
   999.876 1.035E+10
  1000.389 1.016E+10
  1000.902 9.890E+09
  1001.416 9.579E+09
  1001.929 9.318E+09
  1002.443 9.187E+09
  1002.956 9.214E+09
  1003.469 9.365E+09
  1003.983 9.556E+09
  1004.496 9.695E+09
  1005.009 9.750E+09
  1005.523 9.740E+09
  1006.036 9.704E+09
  1006.549 9.657E+09
  1007.063 9.608E+09
  1007.576 9.550E+09
  1008.089 9.504E+09
  1008.603 9.496E+09
  1009.116 9.526E+09
  1009.630 9.588E+09
  1010.143 9.685E+09
  1010.656 9.805E+09
  1011.170 9.924E+09
  1011.683 1.004E+10
  1012.196 1.012E+10
  1012.710 1.016E+10
  1013.223 1.018E+10
  1013.736 1.015E+10
  1014.250 1.009E+10
  1014.763 1.001E+10
  1015.276 9.946E+09
  1015.790 9.915E+09
  1016.303 9.897E+09
  1016.817 9.915E+09
  1017.330 9.943E+09
  1017.843 9.966E+09
  1018.357 9.981E+09
  1018.870 9.965E+09
  1019.383 9.916E+09
  1019.897 9.840E+09
  1020.410 9.757E+09
  1020.923 9.691E+09
  1021.437 9.662E+09
  1021.950 9.637E+09
  1022.464 9.569E+09
  1022.977 9.400E+09
  1023.490 9.081E+09
  1024.004 8.621E+09
  1024.517 8.093E+09
  1025.030 7.637E+09
  1025.544 7.393E+09
  1026.057 7.434E+09
  1026.570 7.733E+09
  1027.084 8.167E+09
  1027.597 8.615E+09
  1028.110 8.992E+09
  1028.624 9.250E+09
  1029.137 9.412E+09
  1029.651 9.500E+09
  1030.164 9.536E+09
  1030.677 9.553E+09
  1031.191 9.555E+09
  1031.704 9.539E+09
  1032.217 9.515E+09
  1032.731 9.489E+09
  1033.244 9.471E+09
  1033.757 9.456E+09
  1034.271 9.423E+09
  1034.784 9.339E+09
  1035.297 9.218E+09
  1035.811 9.085E+09
  1036.324 8.993E+09
  1036.838 8.973E+09
  1037.351 9.025E+09
  1037.864 9.139E+09
  1038.378 9.269E+09
  1038.891 9.401E+09
  1039.404 9.521E+09
  1039.918 9.621E+09
  1040.431 9.695E+09
  1040.944 9.740E+09
  1041.458 9.753E+09
  1041.971 9.744E+09
  1042.485 9.716E+09
  1042.998 9.677E+09
  1043.511 9.630E+09
  1044.025 9.577E+09
  1044.538 9.521E+09
  1045.051 9.463E+09
  1045.565 9.411E+09
  1046.078 9.373E+09
  1046.591 9.350E+09
  1047.105 9.348E+09
  1047.618 9.352E+09
  1048.131 9.368E+09
  1048.645 9.388E+09
  1049.158 9.408E+09
  1049.672 9.440E+09
  1050.185 9.470E+09
  1050.698 9.505E+09
  1051.212 9.537E+09
  1051.725 9.554E+09
  1052.238 9.557E+09
  1052.752 9.544E+09
  1053.265 9.518E+09
  1053.778 9.488E+09
  1054.292 9.461E+09
  1054.805 9.438E+09
  1055.319 9.420E+09
  1055.832 9.402E+09
  1056.345 9.382E+09
  1056.859 9.354E+09
  1057.372 9.318E+09
  1057.885 9.273E+09
  1058.399 9.220E+09
  1058.912 9.155E+09
  1059.425 9.077E+09
  1059.939 8.984E+09
  1060.452 8.862E+09
  1060.966 8.729E+09
  1061.479 8.600E+09
  1061.992 8.506E+09
  1062.506 8.488E+09
  1063.019 8.531E+09
  1063.532 8.619E+09
  1064.046 8.704E+09
  1064.559 8.741E+09
  1065.072 8.713E+09
  1065.586 8.631E+09
  1066.099 8.539E+09
  1066.612 8.475E+09
  1067.126 8.464E+09
  1067.639 8.506E+09
  1068.153 8.583E+09
  1068.666 8.659E+09
  1069.179 8.719E+09
  1069.693 8.766E+09
  1070.206 8.784E+09
  1070.719 8.773E+09
  1071.233 8.721E+09
  1071.746 8.616E+09
  1072.259 8.491E+09
  1072.773 8.376E+09
  1073.286 8.325E+09
  1073.800 8.361E+09
  1074.313 8.461E+09
  1074.826 8.592E+09
  1075.340 8.700E+09
  1075.853 8.765E+09
  1076.366 8.780E+09
  1076.880 8.765E+09
  1077.393 8.741E+09
  1077.906 8.708E+09
  1078.420 8.696E+09
  1078.933 8.698E+09
  1079.447 8.706E+09
  1079.960 8.722E+09
  1080.473 8.725E+09
  1080.987 8.713E+09
  1081.500 8.663E+09
  1082.013 8.541E+09
  1082.527 8.330E+09
  1083.040 8.018E+09
  1083.553 7.642E+09
  1084.067 7.271E+09
  1084.580 7.019E+09
  1085.094 6.968E+09
  1085.607 7.112E+09
  1086.120 7.424E+09
  1086.634 7.788E+09
  1087.147 8.106E+09
  1087.660 8.333E+09
  1088.174 8.458E+09
  1088.687 8.511E+09
  1089.200 8.526E+09
  1089.714 8.527E+09
  1090.227 8.528E+09
  1090.740 8.528E+09
  1091.254 8.529E+09
  1091.767 8.533E+09
  1092.281 8.536E+09
  1092.794 8.543E+09
  1093.307 8.550E+09
  1093.821 8.553E+09
  1094.334 8.554E+09
  1094.847 8.547E+09
  1095.361 8.533E+09
  1095.874 8.517E+09
  1096.387 8.508E+09
  1096.901 8.501E+09
  1097.414 8.499E+09
  1097.927 8.497E+09
  1098.441 8.486E+09
  1098.954 8.470E+09
  1099.468 8.453E+09
  1099.981 8.439E+09
  1100.494 8.431E+09
  1101.008 8.431E+09
  1101.521 8.435E+09
  1102.034 8.439E+09
  1102.548 8.439E+09
  1103.061 8.432E+09
  1103.574 8.409E+09
  1104.088 8.369E+09
  1104.601 8.305E+09
  1105.115 8.218E+09
  1105.628 8.107E+09
  1106.141 7.972E+09
  1106.655 7.831E+09
  1107.168 7.715E+09
  1107.681 7.653E+09
  1108.195 7.658E+09
  1108.708 7.724E+09
  1109.221 7.820E+09
  1109.735 7.910E+09
  1110.248 7.975E+09
  1110.761 8.010E+09
  1111.275 8.019E+09
  1111.788 7.994E+09
  1112.302 7.958E+09
  1112.815 7.927E+09
  1113.328 7.897E+09
  1113.842 7.890E+09
  1114.355 7.891E+09
  1114.868 7.876E+09
  1115.382 7.841E+09
  1115.895 7.745E+09
  1116.408 7.598E+09
  1116.922 7.421E+09
  1117.435 7.257E+09
  1117.948 7.173E+09
  1118.462 7.194E+09
  1118.975 7.315E+09
  1119.489 7.460E+09
  1120.002 7.563E+09
  1120.515 7.586E+09
  1121.029 7.514E+09
  1121.542 7.390E+09
  1122.055 7.256E+09
  1122.569 7.159E+09
  1123.082 7.125E+09
  1123.595 7.142E+09
  1124.109 7.190E+09
  1124.622 7.238E+09
  1125.135 7.251E+09
  1125.649 7.207E+09
  1126.162 7.088E+09
  1126.676 6.898E+09
  1127.189 6.678E+09
  1127.702 6.509E+09
  1128.216 6.464E+09
  1128.729 6.581E+09
  1129.242 6.823E+09
  1129.756 7.103E+09
  1130.269 7.346E+09
  1130.782 7.506E+09
  1131.296 7.592E+09
  1131.809 7.625E+09
  1132.323 7.632E+09
  1132.836 7.633E+09
  1133.349 7.630E+09
  1133.863 7.630E+09
  1134.376 7.623E+09
  1134.889 7.612E+09
  1135.403 7.599E+09
  1135.916 7.581E+09
  1136.429 7.557E+09
  1136.943 7.518E+09
  1137.456 7.469E+09
  1137.969 7.425E+09
  1138.483 7.402E+09
  1138.996 7.413E+09
  1139.510 7.454E+09
  1140.023 7.509E+09
  1140.536 7.557E+09
  1141.050 7.590E+09
  1141.563 7.604E+09
  1142.076 7.598E+09
  1142.590 7.573E+09
  1143.103 7.542E+09
  1143.616 7.514E+09
  1144.130 7.503E+09
  1144.643 7.517E+09
  1145.156 7.554E+09
  1145.670 7.600E+09
  1146.183 7.644E+09
  1146.697 7.666E+09
  1147.210 7.655E+09
  1147.723 7.604E+09
  1148.237 7.513E+09
  1148.750 7.390E+09
  1149.263 7.254E+09
  1149.777 7.131E+09
  1150.290 7.045E+09
  1150.803 7.007E+09
  1151.317 7.002E+09
  1151.830 7.008E+09
  1152.344 7.007E+09
  1152.857 6.990E+09
  1153.370 6.981E+09
  1153.884 6.999E+09
  1154.397 7.051E+09
  1154.910 7.125E+09
  1155.424 7.196E+09
  1155.937 7.248E+09
  1156.450 7.275E+09
  1156.964 7.281E+09
  1157.477 7.284E+09
  1157.991 7.283E+09
  1158.504 7.288E+09
  1159.017 7.298E+09
  1159.531 7.306E+09
  1160.044 7.318E+09
  1160.557 7.326E+09
  1161.071 7.321E+09
  1161.584 7.305E+09
  1162.097 7.273E+09
  1162.611 7.228E+09
  1163.124 7.172E+09
  1163.637 7.104E+09
  1164.151 7.036E+09
  1164.664 6.967E+09
  1165.178 6.911E+09
  1165.691 6.875E+09
  1166.204 6.857E+09
  1166.718 6.842E+09
  1167.231 6.794E+09
  1167.744 6.711E+09
  1168.258 6.618E+09
  1168.771 6.560E+09
  1169.284 6.568E+09
  1169.798 6.640E+09
  1170.311 6.741E+09
  1170.825 6.825E+09
  1171.338 6.867E+09
  1171.851 6.851E+09
  1172.365 6.756E+09
  1172.878 6.558E+09
  1173.391 6.220E+09
  1173.905 5.746E+09
  1174.418 5.208E+09
  1174.931 4.729E+09
  1175.445 4.450E+09
  1175.958 4.458E+09
  1176.472 4.743E+09
  1176.985 5.205E+09
  1177.498 5.714E+09
  1178.012 6.162E+09
  1178.525 6.494E+09
  1179.038 6.711E+09
  1179.552 6.841E+09
  1180.065 6.911E+09
  1180.578 6.931E+09
  1181.092 6.896E+09
  1181.605 6.813E+09
  1182.118 6.690E+09
  1182.632 6.554E+09
  1183.145 6.450E+09
  1183.659 6.392E+09
  1184.172 6.406E+09
  1184.685 6.478E+09
  1185.199 6.579E+09
  1185.712 6.682E+09
  1186.225 6.754E+09
  1186.739 6.791E+09
  1187.252 6.800E+09
  1187.765 6.799E+09
  1188.279 6.800E+09
  1188.792 6.797E+09
  1189.306 6.788E+09
  1189.819 6.775E+09
  1190.332 6.753E+09
  1190.846 6.726E+09
  1191.359 6.690E+09
  1191.872 6.629E+09
  1192.386 6.549E+09
  1192.899 6.446E+09
  1193.412 6.334E+09
  1193.926 6.237E+09
  1194.439 6.173E+09
  1194.953 6.154E+09
  1195.466 6.169E+09
  1195.979 6.203E+09
  1196.493 6.231E+09
  1197.006 6.249E+09
  1197.519 6.253E+09
  1198.033 6.259E+09
  1198.546 6.275E+09
  1199.059 6.293E+09
  1199.573 6.306E+09
  1200.086 6.293E+09
  1200.599 6.261E+09
  1201.113 6.227E+09
  1201.626 6.210E+09
  1202.140 6.221E+09
  1202.653 6.255E+09
  1203.166 6.289E+09
  1203.680 6.307E+09
  1204.193 6.301E+09
  1204.706 6.272E+09
  1205.220 6.232E+09
  1205.733 6.193E+09
  1206.246 6.174E+09
  1206.760 6.184E+09
  1207.273 6.216E+09
  1207.786 6.246E+09
  1208.300 6.258E+09
  1208.813 6.242E+09
  1209.327 6.201E+09
  1209.840 6.160E+09
  1210.353 6.127E+09
  1210.867 6.109E+09
  1211.380 6.102E+09
  1211.893 6.077E+09
  1212.407 6.019E+09
  1212.920 5.915E+09
  1213.433 5.760E+09
  1213.947 5.571E+09
  1214.460 5.385E+09
  1214.974 5.252E+09
  1215.487 5.216E+09
  1216.000 5.287E+09
  1216.514 5.441E+09
  1217.027 5.636E+09
  1217.540 5.823E+09
  1218.054 5.984E+09
  1218.567 6.104E+09
  1219.080 6.182E+09
  1219.594 6.223E+09
  1220.107 6.233E+09
  1220.620 6.224E+09
  1221.134 6.204E+09
  1221.647 6.193E+09
  1222.161 6.192E+09
  1222.674 6.203E+09
  1223.187 6.215E+09
  1223.701 6.227E+09
  1224.214 6.237E+09
  1224.727 6.250E+09
  1225.241 6.268E+09
  1225.754 6.289E+09
  1226.267 6.301E+09
  1226.781 6.292E+09
  1227.294 6.263E+09
  1227.807 6.210E+09
  1228.321 6.142E+09
  1228.834 6.068E+09
  1229.348 5.991E+09
  1229.861 5.928E+09
  1230.374 5.885E+09
  1230.888 5.864E+09
  1231.401 5.854E+09
  1231.914 5.842E+09
  1232.428 5.823E+09
  1232.941 5.795E+09
  1233.454 5.772E+09
  1233.968 5.768E+09
  1234.481 5.771E+09
  1234.995 5.771E+09
  1235.508 5.755E+09
  1236.021 5.705E+09
  1236.535 5.613E+09
  1237.048 5.479E+09
  1237.561 5.319E+09
  1238.075 5.170E+09
  1238.588 5.074E+09
  1239.101 5.057E+09
  1239.615 5.105E+09
  1240.128 5.172E+09
  1240.641 5.201E+09
  1241.155 5.165E+09
  1241.668 5.074E+09
  1242.182 4.979E+09
  1242.695 4.928E+09
  1243.208 4.943E+09
  1243.722 5.016E+09
  1244.235 5.110E+09
  1244.748 5.181E+09
  1245.262 5.204E+09
  1245.775 5.178E+09
  1246.288 5.119E+09
  1246.802 5.069E+09
  1247.315 5.059E+09
  1247.829 5.113E+09
  1248.342 5.223E+09
  1248.855 5.344E+09
  1249.369 5.436E+09
  1249.882 5.480E+09
  1250.395 5.474E+09
  1250.909 5.437E+09
  1251.422 5.381E+09
  1251.935 5.320E+09
  1252.449 5.276E+09
  1252.962 5.258E+09
  1253.476 5.271E+09
  1253.989 5.312E+09
  1254.502 5.362E+09
  1255.016 5.394E+09
  1255.529 5.403E+09
  1256.042 5.394E+09
  1256.556 5.387E+09
  1257.069 5.398E+09
  1257.582 5.420E+09
  1258.096 5.458E+09
  1258.609 5.493E+09
  1259.123 5.523E+09
  1259.636 5.548E+09
  1260.149 5.561E+09
  1260.663 5.569E+09
  1261.176 5.575E+09
  1261.689 5.573E+09
  1262.203 5.563E+09
  1262.716 5.546E+09
  1263.229 5.517E+09
  1263.743 5.482E+09
  1264.256 5.442E+09
  1264.769 5.397E+09
  1265.283 5.354E+09
  1265.796 5.314E+09
  1266.310 5.284E+09
  1266.823 5.279E+09
  1267.336 5.294E+09
  1267.850 5.323E+09
  1268.363 5.349E+09
  1268.876 5.362E+09
  1269.390 5.369E+09
  1269.903 5.380E+09
  1270.416 5.398E+09
  1270.930 5.427E+09
  1271.443 5.455E+09
  1271.957 5.477E+09
  1272.470 5.492E+09
  1272.983 5.506E+09
  1273.497 5.527E+09
  1274.010 5.557E+09
  1274.523 5.582E+09
  1275.037 5.592E+09
  1275.550 5.582E+09
  1276.063 5.560E+09
  1276.577 5.535E+09
  1277.090 5.513E+09
  1277.604 5.493E+09
  1278.117 5.467E+09
  1278.630 5.428E+09
  1279.144 5.383E+09
  1279.657 5.340E+09
  1280.170 5.313E+09
  1280.684 5.302E+09
  1281.197 5.301E+09
  1281.710 5.302E+09
  1282.224 5.308E+09
  1282.737 5.313E+09
  1283.250 5.321E+09
  1283.764 5.325E+09
  1284.277 5.331E+09
  1284.791 5.340E+09
  1285.304 5.341E+09
  1285.817 5.338E+09
  1286.331 5.327E+09
  1286.844 5.316E+09
  1287.357 5.310E+09
  1287.871 5.318E+09
  1288.384 5.337E+09
  1288.897 5.366E+09
  1289.411 5.393E+09
  1289.924 5.417E+09
  1290.438 5.435E+09
  1290.951 5.448E+09
  1291.464 5.456E+09
  1291.978 5.455E+09
  1292.491 5.448E+09
  1293.004 5.434E+09
  1293.518 5.404E+09
  1294.031 5.358E+09
  1294.544 5.291E+09
  1295.058 5.210E+09
  1295.571 5.128E+09
  1296.084 5.070E+09
  1296.598 5.042E+09
  1297.111 5.043E+09
  1297.625 5.064E+09
  1298.138 5.082E+09
  1298.651 5.095E+09
  1299.165 5.094E+09
  1299.678 5.090E+09
  1300.191 5.083E+09
  1300.705 5.076E+09
  1301.218 5.072E+09
  1301.731 5.074E+09
  1302.245 5.078E+09
  1302.758 5.080E+09
  1303.271 5.083E+09
  1303.785 5.078E+09
  1304.298 5.067E+09
  1304.812 5.044E+09
  1305.325 5.008E+09
  1305.838 4.965E+09
  1306.352 4.923E+09
  1306.865 4.885E+09
  1307.378 4.851E+09
  1307.892 4.819E+09
  1308.405 4.797E+09
  1308.918 4.790E+09
  1309.432 4.803E+09
  1309.945 4.828E+09
  1310.458 4.855E+09
  1310.972 4.878E+09
  1311.485 4.890E+09
  1311.999 4.890E+09
  1312.512 4.887E+09
  1313.025 4.873E+09
  1313.539 4.848E+09
  1314.052 4.825E+09
  1314.565 4.809E+09
  1315.079 4.814E+09
  1315.592 4.828E+09
  1316.105 4.835E+09
  1316.619 4.826E+09
  1317.132 4.791E+09
  1317.646 4.747E+09
  1318.159 4.712E+09
  1318.672 4.700E+09
  1319.186 4.714E+09
  1319.699 4.745E+09
  1320.212 4.776E+09
  1320.726 4.808E+09
  1321.239 4.833E+09
  1321.752 4.851E+09
  1322.266 4.853E+09
  1322.779 4.837E+09
  1323.292 4.806E+09
  1323.806 4.780E+09
  1324.319 4.777E+09
  1324.833 4.797E+09
  1325.346 4.834E+09
  1325.859 4.868E+09
  1326.373 4.882E+09
  1326.886 4.876E+09
  1327.399 4.852E+09
  1327.913 4.823E+09
  1328.426 4.798E+09
  1328.939 4.781E+09
  1329.453 4.766E+09
  1329.966 4.760E+09
  1330.479 4.760E+09
  1330.993 4.755E+09
  1331.506 4.743E+09
  1332.020 4.719E+09
  1332.533 4.681E+09
  1333.046 4.627E+09
  1333.560 4.568E+09
  1334.073 4.504E+09
  1334.586 4.455E+09
  1335.100 4.426E+09
  1335.613 4.420E+09
  1336.126 4.449E+09
  1336.640 4.501E+09
  1337.153 4.564E+09
  1337.667 4.627E+09
  1338.180 4.675E+09
  1338.693 4.712E+09
  1339.207 4.746E+09
  1339.720 4.773E+09
  1340.233 4.798E+09
  1340.747 4.815E+09
  1341.260 4.815E+09
  1341.773 4.806E+09
  1342.287 4.787E+09
  1342.800 4.767E+09
  1343.313 4.747E+09
  1343.827 4.730E+09
  1344.340 4.718E+09
  1344.854 4.712E+09
  1345.367 4.708E+09
  1345.880 4.700E+09
  1346.394 4.687E+09
  1346.907 4.667E+09
  1347.420 4.645E+09
  1347.934 4.632E+09
  1348.447 4.627E+09
  1348.960 4.634E+09
  1349.474 4.634E+09
  1349.987 4.619E+09
  1350.500 4.599E+09
  1351.014 4.578E+09
  1351.527 4.575E+09
  1352.041 4.581E+09
  1352.554 4.586E+09
  1353.067 4.587E+09
  1353.581 4.568E+09
  1354.094 4.536E+09
  1354.607 4.496E+09
  1355.121 4.460E+09
  1355.634 4.432E+09
  1356.147 4.411E+09
  1356.661 4.402E+09
  1357.174 4.403E+09
  1357.688 4.411E+09
  1358.201 4.429E+09
  1358.714 4.447E+09
  1359.228 4.464E+09
  1359.741 4.482E+09
  1360.254 4.486E+09
  1360.768 4.472E+09
  1361.281 4.440E+09
  1361.794 4.401E+09
  1362.308 4.366E+09
  1362.821 4.345E+09
  1363.335 4.343E+09
  1363.848 4.351E+09
  1364.361 4.371E+09
  1364.875 4.399E+09
  1365.388 4.433E+09
  1365.901 4.476E+09
  1366.415 4.530E+09
  1366.928 4.582E+09
  1367.441 4.625E+09
  1367.955 4.650E+09
  1368.468 4.654E+09
  1368.981 4.631E+09
  1369.495 4.577E+09
  1370.008 4.500E+09
  1370.522 4.409E+09
  1371.035 4.328E+09
  1371.548 4.271E+09
  1372.062 4.243E+09
  1372.575 4.244E+09
  1373.088 4.249E+09
  1373.602 4.262E+09
  1374.115 4.282E+09
  1374.628 4.300E+09
  1375.142 4.326E+09
  1375.655 4.344E+09
  1376.169 4.346E+09
  1376.682 4.338E+09
  1377.195 4.312E+09
  1377.709 4.282E+09
  1378.222 4.250E+09
  1378.735 4.236E+09
  1379.249 4.242E+09
  1379.762 4.257E+09
  1380.275 4.280E+09
  1380.789 4.294E+09
  1381.302 4.299E+09
  1381.816 4.295E+09
  1382.329 4.285E+09
  1382.842 4.266E+09
  1383.356 4.235E+09
  1383.869 4.189E+09
  1384.382 4.139E+09
  1384.896 4.085E+09
  1385.409 4.042E+09
  1385.922 4.010E+09
  1386.436 3.989E+09
  1386.949 3.994E+09
  1387.462 4.017E+09
  1387.976 4.059E+09
  1388.489 4.116E+09
  1389.003 4.178E+09
  1389.516 4.229E+09
  1390.029 4.255E+09
  1390.543 4.245E+09
  1391.056 4.185E+09
  1391.569 4.068E+09
  1392.083 3.892E+09
  1392.596 3.683E+09
  1393.109 3.491E+09
  1393.623 3.369E+09
  1394.136 3.355E+09
  1394.650 3.439E+09
  1395.163 3.574E+09
  1395.676 3.707E+09
  1396.190 3.808E+09
  1396.703 3.874E+09
  1397.216 3.919E+09
  1397.730 3.959E+09
  1398.243 3.994E+09
  1398.756 4.013E+09
  1399.270 4.006E+09
  1399.783 3.962E+09
  1400.297 3.886E+09
  1400.810 3.786E+09
  1401.323 3.666E+09
  1401.837 3.558E+09
  1402.350 3.489E+09
  1402.863 3.483E+09
  1403.377 3.547E+09
  1403.890 3.651E+09
  1404.403 3.750E+09
  1404.917 3.818E+09
  1405.430 3.844E+09
  1405.943 3.846E+09
  1406.457 3.843E+09
  1406.970 3.846E+09
  1407.484 3.856E+09
  1407.997 3.859E+09
  1408.510 3.856E+09
  1409.024 3.853E+09
  1409.537 3.863E+09
  1410.050 3.890E+09
  1410.564 3.933E+09
  1411.077 3.983E+09
  1411.590 4.035E+09
  1412.104 4.083E+09
  1412.617 4.113E+09
  1413.130 4.114E+09
  1413.644 4.088E+09
  1414.157 4.042E+09
  1414.671 3.992E+09
  1415.184 3.953E+09
  1415.697 3.922E+09
  1416.211 3.898E+09
  1416.724 3.879E+09
  1417.237 3.858E+09
  1417.751 3.841E+09
  1418.264 3.825E+09
  1418.777 3.804E+09
  1419.291 3.785E+09
  1419.804 3.773E+09
  1420.318 3.780E+09
  1420.831 3.804E+09
  1421.344 3.838E+09
  1421.858 3.869E+09
  1422.371 3.884E+09
  1422.884 3.883E+09
  1423.398 3.873E+09
  1423.911 3.853E+09
  1424.424 3.826E+09
  1424.938 3.785E+09
  1425.451 3.728E+09
  1425.964 3.656E+09
  1426.478 3.579E+09
  1426.991 3.514E+09
  1427.505 3.468E+09
  1428.018 3.446E+09
  1428.531 3.455E+09
  1429.045 3.484E+09
  1429.558 3.521E+09
  1430.071 3.566E+09
  1430.585 3.613E+09
  1431.098 3.669E+09
  1431.611 3.723E+09
  1432.125 3.767E+09
  1432.638 3.804E+09
  1433.152 3.829E+09
  1433.665 3.849E+09
  1434.178 3.864E+09
  1434.692 3.872E+09
  1435.205 3.873E+09
  1435.718 3.860E+09
  1436.232 3.829E+09
  1436.745 3.783E+09
  1437.258 3.731E+09
  1437.772 3.681E+09
  1438.285 3.644E+09
  1438.799 3.618E+09
  1439.312 3.597E+09
  1439.825 3.581E+09
  1440.339 3.566E+09
  1440.852 3.560E+09
  1441.365 3.565E+09
  1441.879 3.588E+09
  1442.392 3.624E+09
  1442.905 3.661E+09
  1443.419 3.687E+09
  1443.932 3.699E+09
  1444.445 3.698E+09
  1444.959 3.688E+09
  1445.472 3.683E+09
  1445.986 3.682E+09
  1446.499 3.676E+09
  1447.012 3.668E+09
  1447.526 3.650E+09
  1448.039 3.627E+09
  1448.552 3.608E+09
  1449.066 3.595E+09
  1449.579 3.592E+09
  1450.092 3.592E+09
  1450.606 3.585E+09
  1451.119 3.566E+09
  1451.633 3.534E+09
  1452.146 3.499E+09
  1452.659 3.467E+09
  1453.173 3.443E+09
  1453.686 3.431E+09
  1454.199 3.432E+09
  1454.713 3.441E+09
  1455.226 3.457E+09
  1455.739 3.480E+09
  1456.253 3.506E+09
  1456.766 3.526E+09
  1457.280 3.536E+09
  1457.793 3.534E+09
  1458.306 3.516E+09
  1458.820 3.491E+09
  1459.333 3.459E+09
  1459.846 3.425E+09
  1460.360 3.397E+09
  1460.873 3.386E+09
  1461.386 3.396E+09
  1461.900 3.428E+09
  1462.413 3.476E+09
  1462.926 3.523E+09
  1463.440 3.558E+09
  1463.953 3.578E+09
  1464.467 3.584E+09
  1464.980 3.581E+09
  1465.493 3.568E+09
  1466.007 3.543E+09
  1466.520 3.521E+09
  1467.033 3.506E+09
  1467.547 3.502E+09
  1468.060 3.514E+09
  1468.573 3.531E+09
  1469.087 3.555E+09
  1469.600 3.573E+09
  1470.114 3.585E+09
  1470.627 3.587E+09
  1471.140 3.579E+09
  1471.654 3.566E+09
  1472.167 3.553E+09
  1472.680 3.552E+09
  1473.194 3.559E+09
  1473.707 3.570E+09
  1474.220 3.574E+09
  1474.734 3.555E+09
  1475.247 3.517E+09
  1475.760 3.453E+09
  1476.274 3.377E+09
  1476.787 3.308E+09
  1477.301 3.263E+09
  1477.814 3.261E+09
  1478.327 3.293E+09
  1478.841 3.352E+09
  1479.354 3.418E+09
  1479.867 3.471E+09
  1480.381 3.509E+09
  1480.894 3.527E+09
  1481.407 3.523E+09
  1481.921 3.495E+09
  1482.434 3.454E+09
  1482.948 3.405E+09
  1483.461 3.359E+09
  1483.974 3.328E+09
  1484.488 3.311E+09
  1485.001 3.308E+09
  1485.514 3.317E+09
  1486.028 3.339E+09
  1486.541 3.375E+09
  1487.054 3.418E+09
  1487.568 3.458E+09
  1488.081 3.485E+09
  1488.594 3.491E+09
  1489.108 3.484E+09
  1489.621 3.473E+09
  1490.135 3.471E+09
  1490.648 3.477E+09
  1491.161 3.484E+09
  1491.675 3.490E+09
  1492.188 3.485E+09
  1492.701 3.473E+09
  1493.215 3.458E+09
  1493.728 3.448E+09
  1494.241 3.444E+09
  1494.755 3.444E+09
  1495.268 3.444E+09
  1495.781 3.439E+09
  1496.295 3.423E+09
  1496.808 3.393E+09
  1497.322 3.348E+09
  1497.835 3.300E+09
  1498.348 3.260E+09
  1498.862 3.246E+09
  1499.375 3.261E+09
  1499.888 3.298E+09
  1500.402 3.340E+09
  1500.915 3.372E+09
  1501.428 3.386E+09
  1501.942 3.372E+09
  1502.455 3.344E+09
  1502.969 3.308E+09
  1503.482 3.275E+09
  1503.995 3.259E+09
  1504.509 3.260E+09
  1505.022 3.280E+09
  1505.535 3.319E+09
  1506.049 3.362E+09
  1506.562 3.403E+09
  1507.075 3.438E+09
  1507.589 3.461E+09
  1508.102 3.475E+09
  1508.615 3.475E+09
  1509.129 3.464E+09
  1509.642 3.446E+09
  1510.156 3.417E+09
  1510.669 3.383E+09
  1511.182 3.344E+09
  1511.696 3.306E+09
  1512.209 3.276E+09
  1512.722 3.258E+09
  1513.236 3.263E+09
  1513.749 3.281E+09
  1514.262 3.306E+09
  1514.776 3.330E+09
  1515.289 3.345E+09
  1515.802 3.355E+09
  1516.316 3.368E+09
  1516.829 3.386E+09
  1517.343 3.405E+09
  1517.856 3.418E+09
  1518.369 3.419E+09
  1518.883 3.403E+09
  1519.396 3.377E+09
  1519.909 3.350E+09
  1520.423 3.329E+09
  1520.936 3.324E+09
  1521.449 3.334E+09
  1521.963 3.349E+09
  1522.476 3.356E+09
  1522.990 3.348E+09
  1523.503 3.320E+09
  1524.016 3.275E+09
  1524.530 3.228E+09
  1525.043 3.180E+09
  1525.556 3.140E+09
  1526.070 3.113E+09
  1526.583 3.097E+09
  1527.096 3.098E+09
  1527.610 3.112E+09
  1528.123 3.129E+09
  1528.636 3.140E+09
  1529.150 3.137E+09
  1529.663 3.117E+09
  1530.177 3.082E+09
  1530.690 3.039E+09
  1531.203 2.995E+09
  1531.717 2.953E+09
  1532.230 2.927E+09
  1532.743 2.919E+09
  1533.257 2.929E+09
  1533.770 2.959E+09
  1534.283 2.998E+09
  1534.797 3.040E+09
  1535.310 3.074E+09
  1535.823 3.094E+09
  1536.337 3.102E+09
  1536.850 3.095E+09
  1537.364 3.077E+09
  1537.877 3.057E+09
  1538.390 3.034E+09
  1538.904 3.016E+09
  1539.417 3.002E+09
  1539.930 2.983E+09
  1540.444 2.954E+09
  1540.957 2.906E+09
  1541.470 2.837E+09
  1541.984 2.752E+09
  1542.497 2.662E+09
  1543.010 2.570E+09
  1543.524 2.481E+09
  1544.037 2.390E+09
  1544.551 2.290E+09
  1545.064 2.173E+09
  1545.577 2.030E+09
  1546.091 1.861E+09
  1546.604 1.675E+09
  1547.117 1.492E+09
  1547.631 1.337E+09
  1548.144 1.231E+09
  1548.657 1.178E+09
  1549.171 1.165E+09
  1549.684 1.176E+09
  1550.198 1.208E+09
  1550.711 1.272E+09
  1551.224 1.381E+09
  1551.738 1.536E+09
  1552.251 1.720E+09
  1552.764 1.908E+09
  1553.278 2.082E+09
  1553.791 2.233E+09
  1554.304 2.355E+09
  1554.818 2.454E+09
  1555.331 2.529E+09
  1555.845 2.587E+09
  1556.358 2.634E+09
  1556.871 2.672E+09
  1557.385 2.707E+09
  1557.898 2.736E+09
  1558.411 2.755E+09
  1558.925 2.769E+09
  1559.438 2.782E+09
  1559.951 2.795E+09
  1560.465 2.822E+09
  1560.978 2.853E+09
  1561.491 2.880E+09
  1562.005 2.903E+09
  1562.518 2.912E+09
  1563.032 2.912E+09
  1563.545 2.905E+09
  1564.058 2.898E+09
  1564.572 2.888E+09
  1565.085 2.875E+09
  1565.598 2.861E+09
  1566.112 2.850E+09
  1566.625 2.851E+09
  1567.138 2.860E+09
  1567.652 2.876E+09
  1568.165 2.892E+09
  1568.679 2.903E+09
  1569.192 2.915E+09
  1569.705 2.933E+09
  1570.219 2.958E+09
  1570.732 2.991E+09
  1571.245 3.024E+09
  1571.759 3.054E+09
  1572.272 3.072E+09
  1572.785 3.073E+09
  1573.299 3.057E+09
  1573.812 3.021E+09
  1574.326 2.972E+09
  1574.839 2.919E+09
  1575.352 2.870E+09
  1575.866 2.831E+09
  1576.379 2.808E+09
  1576.892 2.795E+09
  1577.406 2.792E+09
  1577.919 2.807E+09
  1578.432 2.829E+09
  1578.946 2.857E+09
  1579.459 2.883E+09
  1579.972 2.899E+09
  1580.486 2.904E+09
  1580.999 2.900E+09
  1581.513 2.888E+09
  1582.026 2.870E+09
  1582.539 2.852E+09
  1583.053 2.834E+09
  1583.566 2.817E+09
  1584.079 2.806E+09
  1584.593 2.805E+09
  1585.106 2.823E+09
  1585.619 2.851E+09
  1586.133 2.885E+09
  1586.646 2.916E+09
  1587.160 2.934E+09
  1587.673 2.939E+09
  1588.186 2.929E+09
  1588.700 2.904E+09
  1589.213 2.866E+09
  1589.726 2.816E+09
  1590.240 2.762E+09
  1590.753 2.714E+09
  1591.266 2.685E+09
  1591.780 2.686E+09
  1592.293 2.712E+09
  1592.807 2.751E+09
  1593.320 2.793E+09
  1593.833 2.830E+09
  1594.347 2.857E+09
  1594.860 2.877E+09
  1595.373 2.894E+09
  1595.887 2.902E+09
  1596.400 2.902E+09
  1596.913 2.895E+09
  1597.427 2.886E+09
  1597.940 2.878E+09
  1598.453 2.874E+09
  1598.967 2.872E+09
  1599.480 2.864E+09
  1599.994 2.843E+09
  1600.507 2.813E+09
  1601.020 2.784E+09
  1601.534 2.768E+09
  1602.047 2.770E+09
  1602.560 2.779E+09
  1603.074 2.787E+09
  1603.587 2.779E+09
  1604.100 2.756E+09
  1604.614 2.723E+09
  1605.127 2.690E+09
  1605.641 2.664E+09
  1606.154 2.647E+09
  1606.667 2.635E+09
  1607.181 2.627E+09
  1607.694 2.618E+09
  1608.207 2.602E+09
  1608.721 2.582E+09
  1609.234 2.559E+09
  1609.747 2.537E+09
  1610.261 2.524E+09
  1610.774 2.522E+09
  1611.287 2.530E+09
  1611.801 2.547E+09
  1612.314 2.569E+09
  1612.828 2.591E+09
  1613.341 2.614E+09
  1613.854 2.632E+09
  1614.368 2.651E+09
  1614.881 2.671E+09
  1615.394 2.692E+09
  1615.908 2.716E+09
  1616.421 2.737E+09
  1616.934 2.750E+09
  1617.448 2.752E+09
  1617.961 2.740E+09
  1618.474 2.710E+09
  1618.988 2.663E+09
  1619.501 2.606E+09
  1620.015 2.555E+09
  1620.528 2.528E+09
  1621.041 2.532E+09
  1621.555 2.564E+09
  1622.068 2.600E+09
  1622.581 2.627E+09
  1623.095 2.633E+09
  1623.608 2.626E+09
  1624.121 2.619E+09
  1624.635 2.613E+09
  1625.148 2.610E+09
  1625.662 2.606E+09
  1626.175 2.599E+09
  1626.688 2.591E+09
  1627.202 2.581E+09
  1627.715 2.569E+09
  1628.228 2.556E+09
  1628.742 2.539E+09
  1629.255 2.523E+09
  1629.768 2.509E+09
  1630.282 2.502E+09
  1630.795 2.505E+09
  1631.308 2.518E+09
  1631.822 2.547E+09
  1632.335 2.579E+09
  1632.849 2.612E+09
  1633.362 2.638E+09
  1633.875 2.654E+09
  1634.389 2.666E+09
  1634.902 2.674E+09
  1635.415 2.687E+09
  1635.929 2.696E+09
  1636.442 2.698E+09
  1636.955 2.691E+09
  1637.469 2.671E+09
  1637.982 2.641E+09
  1638.496 2.600E+09
  1639.009 2.552E+09
  1639.522 2.504E+09
  1640.036 2.466E+09
  1640.549 2.452E+09
  1641.062 2.465E+09
  1641.576 2.496E+09
  1642.089 2.539E+09
  1642.602 2.580E+09
  1643.116 2.612E+09
  1643.629 2.634E+09
  1644.143 2.646E+09
  1644.656 2.652E+09
  1645.169 2.661E+09
  1645.683 2.674E+09
  1646.196 2.690E+09
  1646.709 2.703E+09
  1647.223 2.709E+09
  1647.736 2.707E+09
  1648.249 2.697E+09
  1648.763 2.684E+09
  1649.276 2.668E+09
  1649.790 2.654E+09
  1650.303 2.645E+09
  1650.816 2.638E+09
  1651.330 2.632E+09
  1651.843 2.621E+09
  1652.356 2.604E+09
  1652.870 2.588E+09
  1653.383 2.575E+09
  1653.896 2.569E+09
  1654.410 2.570E+09
  1654.923 2.570E+09
  1655.436 2.561E+09
  1655.950 2.543E+09
  1656.463 2.517E+09
  1656.977 2.497E+09
  1657.490 2.486E+09
  1658.003 2.488E+09
  1658.517 2.500E+09
  1659.030 2.510E+09
  1659.543 2.507E+09
  1660.057 2.492E+09
  1660.570 2.471E+09
  1661.083 2.457E+09
  1661.597 2.461E+09
  1662.110 2.481E+09
  1662.624 2.511E+09
  1663.137 2.538E+09
  1663.650 2.554E+09
  1664.164 2.558E+09
  1664.677 2.553E+09
  1665.190 2.539E+09
  1665.704 2.522E+09
  1666.217 2.505E+09
  1666.730 2.491E+09
  1667.244 2.484E+09
  1667.757 2.480E+09
  1668.271 2.479E+09
  1668.784 2.479E+09
  1669.297 2.476E+09
  1669.811 2.469E+09
  1670.324 2.457E+09
  1670.837 2.440E+09
  1671.351 2.425E+09
  1671.864 2.415E+09
  1672.377 2.418E+09
  1672.891 2.440E+09
  1673.404 2.476E+09
  1673.917 2.515E+09
  1674.431 2.546E+09
  1674.944 2.561E+09
  1675.458 2.560E+09
  1675.971 2.554E+09
  1676.484 2.551E+09
  1676.998 2.556E+09
  1677.511 2.570E+09
  1678.024 2.584E+09
  1678.538 2.597E+09
  1679.051 2.603E+09
  1679.564 2.599E+09
  1680.078 2.588E+09
  1680.591 2.572E+09
  1681.104 2.557E+09
  1681.618 2.549E+09
  1682.131 2.555E+09
  1682.645 2.572E+09
  1683.158 2.591E+09
  1683.671 2.606E+09
  1684.185 2.610E+09
  1684.698 2.597E+09
  1685.211 2.569E+09
  1685.725 2.528E+09
  1686.238 2.482E+09
  1686.751 2.446E+09
  1687.265 2.428E+09
  1687.778 2.430E+09
  1688.292 2.444E+09
  1688.805 2.454E+09
  1689.318 2.456E+09
  1689.832 2.450E+09
  1690.345 2.443E+09
  1690.858 2.445E+09
  1691.372 2.452E+09
  1691.885 2.463E+09
  1692.398 2.474E+09
  1692.912 2.481E+09
  1693.425 2.485E+09
  1693.938 2.487E+09
  1694.452 2.490E+09
  1694.965 2.493E+09
  1695.479 2.498E+09
  1695.992 2.502E+09
  1696.505 2.502E+09
  1697.019 2.495E+09
  1697.532 2.483E+09
  1698.045 2.464E+09
  1698.559 2.447E+09
  1699.072 2.430E+09
  1699.585 2.416E+09
  1700.099 2.410E+09
  1700.612 2.409E+09
  1701.125 2.417E+09
  1701.639 2.432E+09
  1702.152 2.450E+09
  1702.666 2.464E+09
  1703.179 2.470E+09
  1703.692 2.471E+09
  1704.206 2.466E+09
  1704.719 2.457E+09
  1705.232 2.445E+09
  1705.746 2.428E+09
  1706.259 2.412E+09
  1706.772 2.400E+09
  1707.286 2.398E+09
  1707.799 2.404E+09
  1708.312 2.416E+09
  1708.826 2.426E+09
  1709.339 2.430E+09
  1709.853 2.429E+09
  1710.366 2.425E+09
  1710.879 2.422E+09
  1711.393 2.422E+09
  1711.906 2.423E+09
  1712.419 2.423E+09
  1712.933 2.423E+09
  1713.446 2.418E+09
  1713.959 2.410E+09
  1714.473 2.398E+09
  1714.986 2.378E+09
  1715.500 2.351E+09
  1716.013 2.315E+09
  1716.526 2.268E+09
  1717.040 2.212E+09
  1717.553 2.156E+09
  1718.066 2.117E+09
  1718.580 2.105E+09
  1719.093 2.126E+09
  1719.606 2.168E+09
  1720.120 2.215E+09
  1720.633 2.252E+09
  1721.146 2.270E+09
  1721.660 2.271E+09
  1722.173 2.260E+09
  1722.687 2.245E+09
  1723.200 2.233E+09
  1723.713 2.228E+09
  1724.227 2.228E+09
  1724.740 2.236E+09
  1725.253 2.247E+09
  1725.767 2.262E+09
  1726.280 2.279E+09
  1726.793 2.294E+09
  1727.307 2.307E+09
  1727.820 2.315E+09
  1728.333 2.315E+09
  1728.847 2.306E+09
  1729.360 2.291E+09
  1729.874 2.276E+09
  1730.387 2.266E+09
  1730.900 2.263E+09
  1731.414 2.265E+09
  1731.927 2.271E+09
  1732.440 2.280E+09
  1732.954 2.290E+09
  1733.467 2.301E+09
  1733.980 2.314E+09
  1734.494 2.325E+09
  1735.007 2.331E+09
  1735.521 2.332E+09
  1736.034 2.328E+09
  1736.547 2.322E+09
  1737.061 2.315E+09
  1737.574 2.308E+09
  1738.087 2.300E+09
  1738.601 2.295E+09
  1739.114 2.290E+09
  1739.627 2.287E+09
  1740.141 2.283E+09
  1740.654 2.277E+09
  1741.167 2.273E+09
  1741.681 2.273E+09
  1742.194 2.279E+09
  1742.708 2.291E+09
  1743.221 2.305E+09
  1743.734 2.317E+09
  1744.248 2.322E+09
  1744.761 2.319E+09
  1745.274 2.310E+09
  1745.788 2.296E+09
  1746.301 2.277E+09
  1746.814 2.257E+09
  1747.328 2.240E+09
  1747.841 2.230E+09
  1748.355 2.230E+09
  1748.868 2.231E+09
  1749.381 2.228E+09
  1749.895 2.213E+09
  1750.408 2.187E+09
  1750.921 2.159E+09
  1751.435 2.136E+09
  1751.948 2.128E+09
  1752.461 2.133E+09
  1752.975 2.150E+09
  1753.488 2.174E+09
  1754.001 2.205E+09
  1754.515 2.235E+09
  1755.028 2.265E+09
  1755.542 2.288E+09
  1756.055 2.303E+09
  1756.568 2.307E+09
  1757.082 2.299E+09
  1757.595 2.283E+09
  1758.108 2.263E+09
  1758.622 2.243E+09
  1759.135 2.226E+09
  1759.648 2.212E+09
  1760.162 2.200E+09
  1760.675 2.195E+09
  1761.189 2.197E+09
  1761.702 2.205E+09
  1762.215 2.216E+09
  1762.729 2.222E+09
  1763.242 2.221E+09
  1763.755 2.216E+09
  1764.269 2.208E+09
  1764.782 2.203E+09
  1765.295 2.204E+09
  1765.809 2.208E+09
  1766.322 2.213E+09
  1766.836 2.217E+09
  1767.349 2.220E+09
  1767.862 2.221E+09
  1768.376 2.221E+09
  1768.889 2.219E+09
  1769.402 2.216E+09
  1769.916 2.214E+09
  1770.429 2.213E+09
  1770.942 2.213E+09
  1771.456 2.213E+09
  1771.969 2.211E+09
  1772.482 2.208E+09
  1772.996 2.206E+09
  1773.509 2.207E+09
  1774.023 2.209E+09
  1774.536 2.210E+09
  1775.049 2.208E+09
  1775.563 2.201E+09
  1776.076 2.191E+09
  1776.589 2.179E+09
  1777.103 2.165E+09
  1777.616 2.155E+09
  1778.129 2.147E+09
  1778.643 2.144E+09
  1779.156 2.145E+09
  1779.670 2.148E+09
  1780.183 2.150E+09
  1780.696 2.148E+09
  1781.210 2.143E+09
  1781.723 2.139E+09
  1782.236 2.137E+09
  1782.750 2.138E+09
  1783.263 2.144E+09
  1783.776 2.150E+09
  1784.290 2.156E+09
  1784.803 2.160E+09
  1785.317 2.161E+09
  1785.830 2.161E+09
  1786.343 2.158E+09
  1786.857 2.150E+09
  1787.370 2.142E+09
  1787.883 2.133E+09
  1788.397 2.127E+09
  1788.910 2.122E+09
  1789.423 2.117E+09
  1789.937 2.110E+09
  1790.450 2.102E+09
  1790.963 2.094E+09
  1791.477 2.091E+09
  1791.990 2.091E+09
  1792.504 2.094E+09
  1793.017 2.097E+09
  1793.530 2.100E+09
  1794.044 2.106E+09
  1794.557 2.111E+09
  1795.070 2.115E+09
  1795.584 2.118E+09
  1796.097 2.118E+09
  1796.610 2.115E+09
  1797.124 2.111E+09
  1797.637 2.103E+09
  1798.151 2.096E+09
  1798.664 2.093E+09
  1799.177 2.092E+09
  1799.691 2.095E+09
  1800.204 2.097E+09
  1800.717 2.099E+09
  1801.231 2.100E+09
  1801.744 2.099E+09
  1802.257 2.098E+09
  1802.771 2.093E+09
  1803.284 2.082E+09
  1803.797 2.067E+09
  1804.311 2.049E+09
  1804.824 2.035E+09
  1805.338 2.028E+09
  1805.851 2.030E+09
  1806.364 2.036E+09
  1806.878 2.043E+09
  1807.391 2.049E+09
  1807.904 2.051E+09
  1808.418 2.051E+09
  1808.931 2.049E+09
  1809.444 2.046E+09
  1809.958 2.043E+09
  1810.471 2.039E+09
  1810.984 2.035E+09
  1811.498 2.033E+09
  1812.011 2.035E+09
  1812.525 2.042E+09
  1813.038 2.055E+09
  1813.551 2.069E+09
  1814.065 2.079E+09
  1814.578 2.083E+09
  1815.091 2.079E+09
  1815.605 2.073E+09
  1816.118 2.065E+09
  1816.631 2.059E+09
  1817.145 2.055E+09
  1817.658 2.051E+09
  1818.172 2.046E+09
  1818.685 2.039E+09
  1819.198 2.032E+09
  1819.712 2.025E+09
  1820.225 2.023E+09
  1820.738 2.027E+09
  1821.252 2.034E+09
  1821.765 2.044E+09
  1822.278 2.052E+09
  1822.792 2.057E+09
  1823.305 2.059E+09
  1823.818 2.057E+09
  1824.332 2.052E+09
  1824.845 2.044E+09
  1825.359 2.034E+09
  1825.872 2.023E+09
  1826.385 2.014E+09
  1826.899 2.007E+09
  1827.412 2.004E+09
  1827.925 2.003E+09
  1828.439 2.001E+09
  1828.952 1.998E+09
  1829.465 1.993E+09
  1829.979 1.990E+09
  1830.492 1.990E+09
  1831.006 1.998E+09
  1831.519 2.009E+09
  1832.032 2.021E+09
  1832.546 2.029E+09
  1833.059 2.034E+09
  1833.572 2.037E+09
  1834.086 2.038E+09
  1834.599 2.039E+09
  1835.112 2.040E+09
  1835.626 2.038E+09
  1836.139 2.032E+09
  1836.653 2.024E+09
  1837.166 2.014E+09
  1837.679 2.006E+09
  1838.193 1.998E+09
  1838.706 1.992E+09
  1839.219 1.985E+09
  1839.733 1.977E+09
  1840.246 1.971E+09
  1840.759 1.965E+09
  1841.273 1.961E+09
  1841.786 1.956E+09
  1842.300 1.951E+09
  1842.813 1.947E+09
  1843.326 1.944E+09
  1843.840 1.942E+09
  1844.353 1.940E+09
  1844.866 1.938E+09
  1845.380 1.938E+09
  1845.893 1.940E+09
  1846.406 1.946E+09
  1846.920 1.953E+09
  1847.433 1.959E+09
  1847.946 1.961E+09
  1848.460 1.959E+09
  1848.973 1.954E+09
  1849.487 1.948E+09
  1850.000 1.941E+09
  1850.513 1.935E+09
  1851.027 1.930E+09
  1851.540 1.926E+09
  1852.053 1.922E+09
  1852.567 1.917E+09
  1853.080 1.906E+09
  1853.593 1.892E+09
  1854.107 1.879E+09
  1854.620 1.874E+09
  1855.133 1.880E+09
  1855.647 1.897E+09
  1856.160 1.915E+09
  1856.674 1.928E+09
  1857.187 1.932E+09
  1857.700 1.930E+09
  1858.214 1.924E+09
  1858.727 1.916E+09
  1859.240 1.909E+09
  1859.754 1.902E+09
  1860.267 1.895E+09
  1860.780 1.886E+09
  1861.294 1.875E+09
  1861.807 1.865E+09
  1862.321 1.857E+09
  1862.834 1.858E+09
  1863.347 1.869E+09
  1863.861 1.886E+09
  1864.374 1.904E+09
  1864.887 1.918E+09
  1865.401 1.926E+09
  1865.914 1.929E+09
  1866.427 1.929E+09
  1866.941 1.927E+09
  1867.454 1.923E+09
  1867.968 1.918E+09
  1868.481 1.910E+09
  1868.994 1.902E+09
  1869.508 1.894E+09
  1870.021 1.888E+09
  1870.534 1.883E+09
  1871.048 1.879E+09
  1871.561 1.873E+09
  1872.074 1.864E+09
  1872.588 1.854E+09
  1873.101 1.843E+09
  1873.614 1.834E+09
  1874.128 1.830E+09
  1874.641 1.829E+09
  1875.155 1.831E+09
  1875.668 1.832E+09
  1876.181 1.831E+09
  1876.695 1.824E+09
  1877.208 1.807E+09
  1877.721 1.781E+09
