   826.360 8.887E+09
   826.873 8.887E+09
   827.387 8.887E+09
   827.900 8.887E+09
   828.413 8.887E+09
   828.927 8.887E+09
   829.440 8.887E+09
   829.953 8.887E+09
   830.467 8.887E+09
   830.980 8.887E+09
   831.494 8.887E+09
   832.007 8.887E+09
   832.520 8.887E+09
   833.034 8.887E+09
   833.547 8.887E+09
   834.060 8.887E+09
   834.574 8.887E+09
   835.087 8.887E+09
   835.600 8.887E+09
   836.114 8.887E+09
   836.627 8.887E+09
   837.141 8.887E+09
   837.654 8.887E+09
   838.167 8.887E+09
   838.681 8.887E+09
   839.194 8.887E+09
   839.707 8.887E+09
   840.221 8.887E+09
   840.734 8.887E+09
   841.247 8.887E+09
   841.761 8.887E+09
   842.274 8.887E+09
   842.787 8.887E+09
   843.301 8.887E+09
   843.814 8.887E+09
   844.328 8.887E+09
   844.841 8.887E+09
   845.354 8.887E+09
   845.868 8.887E+09
   846.381 8.887E+09
   846.894 8.887E+09
   847.408 8.887E+09
   847.921 8.887E+09
   848.434 8.887E+09
   848.948 8.887E+09
   849.461 8.887E+09
   849.975 8.887E+09
   850.488 8.887E+09
   851.001 8.887E+09
   851.515 8.887E+09
   852.028 8.887E+09
   852.541 8.887E+09
   853.055 8.887E+09
   853.568 8.887E+09
   854.081 8.887E+09
   854.595 8.887E+09
   855.108 8.887E+09
   855.622 8.887E+09
   856.135 8.887E+09
   856.648 8.887E+09
   857.162 8.887E+09
   857.675 8.887E+09
   858.188 8.887E+09
   858.702 8.887E+09
   859.215 8.887E+09
   859.728 8.887E+09
   860.242 8.887E+09
   860.755 8.887E+09
   861.268 8.887E+09
   861.782 8.887E+09
   862.295 8.887E+09
   862.809 8.887E+09
   863.322 8.887E+09
   863.835 8.887E+09
   864.349 8.887E+09
   864.862 8.887E+09
   865.375 8.887E+09
   865.889 8.887E+09
   866.402 8.887E+09
   866.915 8.887E+09
   867.429 8.887E+09
   867.942 8.887E+09
   868.456 8.887E+09
   868.969 8.887E+09
   869.482 8.887E+09
   869.996 8.887E+09
   870.509 8.887E+09
   871.022 8.887E+09
   871.536 8.887E+09
   872.049 8.887E+09
   872.562 8.887E+09
   873.076 8.887E+09
   873.589 8.887E+09
   874.102 8.887E+09
   874.616 8.887E+09
   875.129 8.887E+09
   875.643 8.887E+09
   876.156 8.887E+09
   876.669 8.887E+09
   877.183 8.887E+09
   877.696 8.887E+09
   878.209 8.887E+09
   878.723 8.887E+09
   879.236 8.887E+09
   879.749 8.887E+09
   880.263 8.887E+09
   880.776 8.887E+09
   881.289 8.887E+09
   881.803 8.887E+09
   882.316 8.887E+09
   882.830 8.887E+09
   883.343 8.887E+09
   883.856 8.887E+09
   884.370 8.887E+09
   884.883 8.887E+09
   885.396 8.887E+09
   885.910 8.887E+09
   886.423 8.887E+09
   886.936 8.887E+09
   887.450 8.887E+09
   887.963 8.887E+09
   888.477 8.887E+09
   888.990 8.887E+09
   889.503 8.887E+09
   890.017 8.887E+09
   890.530 8.887E+09
   891.043 8.887E+09
   891.557 8.887E+09
   892.070 8.887E+09
   892.583 8.887E+09
   893.097 8.887E+09
   893.610 8.887E+09
   894.124 8.887E+09
   894.637 8.887E+09
   895.150 8.887E+09
   895.664 8.887E+09
   896.177 8.887E+09
   896.690 8.886E+09
   897.204 8.885E+09
   897.717 8.881E+09
   898.230 8.873E+09
   898.744 8.860E+09
   899.257 8.838E+09
   899.770 8.811E+09
   900.284 8.780E+09
   900.797 8.745E+09
   901.311 8.702E+09
   901.824 8.635E+09
   902.337 8.534E+09
   902.851 8.405E+09
   903.364 8.287E+09
   903.877 8.226E+09
   904.391 8.251E+09
   904.904 8.350E+09
   905.417 8.494E+09
   905.931 8.639E+09
   906.444 8.746E+09
   906.958 8.810E+09
   907.471 8.840E+09
   907.984 8.849E+09
   908.498 8.846E+09
   909.011 8.837E+09
   909.524 8.824E+09
   910.038 8.807E+09
   910.551 8.786E+09
   911.064 8.766E+09
   911.578 8.748E+09
   912.091 8.733E+09
   912.604 8.720E+09
   913.118 8.698E+09
   913.631 8.658E+09
   914.145 8.594E+09
   914.658 8.501E+09
   915.171 8.403E+09
   915.685 8.323E+09
   916.198 8.285E+09
   916.711 8.311E+09
   917.225 8.373E+09
   917.738 8.467E+09
   918.251 8.556E+09
   918.765 8.623E+09
   919.278 8.663E+09
   919.792 8.663E+09
   920.305 8.620E+09
   920.818 8.529E+09
   921.332 8.400E+09
   921.845 8.255E+09
   922.358 8.137E+09
   922.872 8.088E+09
   923.385 8.127E+09
   923.898 8.245E+09
   924.412 8.389E+09
   924.925 8.514E+09
   925.438 8.620E+09
   925.952 8.746E+09
   926.465 8.938E+09
   926.979 9.199E+09
   927.492 9.469E+09
   928.005 9.650E+09
   928.519 9.657E+09
   929.032 9.474E+09
   929.545 9.169E+09
   930.059 8.875E+09
   930.572 8.745E+09
   931.085 8.881E+09
   931.599 9.298E+09
   932.112 9.917E+09
   932.625 1.061E+10
   933.139 1.124E+10
   933.652 1.169E+10
   934.166 1.190E+10
   934.679 1.184E+10
   935.192 1.150E+10
   935.706 1.092E+10
   936.219 1.019E+10
   936.732 9.481E+09
   937.246 8.944E+09
   937.759 8.734E+09
   938.272 8.922E+09
   938.786 9.479E+09
   939.299 1.029E+10
   939.813 1.119E+10
   940.326 1.205E+10
   940.839 1.277E+10
   941.353 1.332E+10
   941.866 1.374E+10
   942.379 1.408E+10
   942.893 1.439E+10
   943.406 1.468E+10
   943.919 1.491E+10
   944.433 1.502E+10
   944.946 1.497E+10
   945.460 1.470E+10
   945.973 1.420E+10
   946.486 1.349E+10
   947.000 1.258E+10
   947.513 1.153E+10
   948.026 1.044E+10
   948.540 9.427E+09
   949.053 8.643E+09
   949.566 8.229E+09
   950.080 8.266E+09
   950.593 8.765E+09
   951.106 9.637E+09
   951.620 1.075E+10
   952.133 1.194E+10
   952.647 1.306E+10
   953.160 1.403E+10
   953.673 1.479E+10
   954.187 1.533E+10
   954.700 1.566E+10
   955.213 1.583E+10
   955.727 1.585E+10
   956.240 1.571E+10
   956.753 1.540E+10
   957.267 1.495E+10
   957.780 1.449E+10
   958.294 1.416E+10
   958.807 1.414E+10
   959.320 1.448E+10
   959.834 1.513E+10
   960.347 1.597E+10
   960.860 1.686E+10
   961.374 1.767E+10
   961.887 1.836E+10
   962.400 1.889E+10
   962.914 1.927E+10
   963.427 1.951E+10
   963.940 1.962E+10
   964.454 1.960E+10
   964.967 1.946E+10
   965.481 1.920E+10
   965.994 1.882E+10
   966.507 1.834E+10
   967.021 1.774E+10
   967.534 1.704E+10
   968.047 1.624E+10
   968.561 1.532E+10
   969.074 1.430E+10
   969.587 1.318E+10
   970.101 1.199E+10
   970.614 1.078E+10
   971.128 9.664E+09
   971.641 8.751E+09
   972.154 8.171E+09
   972.668 8.018E+09
   973.181 8.296E+09
   973.694 8.926E+09
   974.208 9.739E+09
   974.721 1.053E+10
   975.234 1.114E+10
   975.748 1.151E+10
   976.261 1.175E+10
   976.774 1.205E+10
   977.288 1.257E+10
   977.801 1.335E+10
   978.315 1.428E+10
   978.828 1.519E+10
   979.341 1.602E+10
   979.855 1.677E+10
   980.368 1.752E+10
   980.881 1.827E+10
   981.395 1.895E+10
   981.908 1.950E+10
   982.421 1.985E+10
   982.935 2.003E+10
   983.448 2.004E+10
   983.962 1.994E+10
   984.475 1.980E+10
   984.988 1.968E+10
   985.502 1.964E+10
   986.015 1.967E+10
   986.528 1.971E+10
   987.042 1.964E+10
   987.555 1.935E+10
   988.068 1.877E+10
   988.582 1.789E+10
   989.095 1.677E+10
   989.608 1.549E+10
   990.122 1.417E+10
   990.635 1.290E+10
   991.149 1.183E+10
   991.662 1.111E+10
   992.175 1.090E+10
   992.689 1.125E+10
   993.202 1.210E+10
   993.715 1.328E+10
   994.229 1.460E+10
   994.742 1.588E+10
   995.255 1.702E+10
   995.769 1.796E+10
   996.282 1.869E+10
   996.796 1.925E+10
   997.309 1.968E+10
   997.822 2.004E+10
   998.336 2.033E+10
   998.849 2.054E+10
   999.362 2.064E+10
   999.876 2.058E+10
  1000.389 2.034E+10
  1000.902 1.995E+10
  1001.416 1.948E+10
  1001.929 1.906E+10
  1002.443 1.883E+10
  1002.956 1.885E+10
  1003.469 1.907E+10
  1003.983 1.934E+10
  1004.496 1.952E+10
  1005.009 1.957E+10
  1005.523 1.951E+10
  1006.036 1.941E+10
  1006.549 1.930E+10
  1007.063 1.918E+10
  1007.576 1.906E+10
  1008.089 1.893E+10
  1008.603 1.886E+10
  1009.116 1.884E+10
  1009.630 1.889E+10
  1010.143 1.903E+10
  1010.656 1.922E+10
  1011.170 1.943E+10
  1011.683 1.961E+10
  1012.196 1.971E+10
  1012.710 1.971E+10
  1013.223 1.962E+10
  1013.736 1.944E+10
  1014.250 1.922E+10
  1014.763 1.897E+10
  1015.276 1.873E+10
  1015.790 1.853E+10
  1016.303 1.833E+10
  1016.817 1.812E+10
  1017.330 1.788E+10
  1017.843 1.758E+10
  1018.357 1.721E+10
  1018.870 1.678E+10
  1019.383 1.626E+10
  1019.897 1.567E+10
  1020.410 1.500E+10
  1020.923 1.428E+10
  1021.437 1.353E+10
  1021.950 1.274E+10
  1022.464 1.189E+10
  1022.977 1.098E+10
  1023.490 1.002E+10
  1024.004 9.083E+09
  1024.517 8.244E+09
  1025.030 7.616E+09
  1025.544 7.297E+09
  1026.057 7.334E+09
  1026.570 7.716E+09
  1027.084 8.371E+09
  1027.597 9.202E+09
  1028.110 1.011E+10
  1028.624 1.102E+10
  1029.137 1.187E+10
  1029.651 1.266E+10
  1030.164 1.337E+10
  1030.677 1.400E+10
  1031.191 1.457E+10
  1031.704 1.507E+10
  1032.217 1.549E+10
  1032.731 1.586E+10
  1033.244 1.618E+10
  1033.757 1.645E+10
  1034.271 1.664E+10
  1034.784 1.670E+10
  1035.297 1.670E+10
  1035.811 1.667E+10
  1036.324 1.667E+10
  1036.838 1.678E+10
  1037.351 1.699E+10
  1037.864 1.728E+10
  1038.378 1.758E+10
  1038.891 1.787E+10
  1039.404 1.814E+10
  1039.918 1.839E+10
  1040.431 1.859E+10
  1040.944 1.874E+10
  1041.458 1.883E+10
  1041.971 1.889E+10
  1042.485 1.892E+10
  1042.998 1.893E+10
  1043.511 1.892E+10
  1044.025 1.889E+10
  1044.538 1.884E+10
  1045.051 1.879E+10
  1045.565 1.874E+10
  1046.078 1.871E+10
  1046.591 1.870E+10
  1047.105 1.871E+10
  1047.618 1.874E+10
  1048.131 1.875E+10
  1048.645 1.876E+10
  1049.158 1.875E+10
  1049.672 1.875E+10
  1050.185 1.875E+10
  1050.698 1.876E+10
  1051.212 1.879E+10
  1051.725 1.881E+10
  1052.238 1.883E+10
  1052.752 1.883E+10
  1053.265 1.882E+10
  1053.778 1.879E+10
  1054.292 1.876E+10
  1054.805 1.871E+10
  1055.319 1.867E+10
  1055.832 1.863E+10
  1056.345 1.860E+10
  1056.859 1.858E+10
  1057.372 1.856E+10
  1057.885 1.854E+10
  1058.399 1.850E+10
  1058.912 1.843E+10
  1059.425 1.833E+10
  1059.939 1.816E+10
  1060.452 1.792E+10
  1060.966 1.763E+10
  1061.479 1.732E+10
  1061.992 1.705E+10
  1062.506 1.692E+10
  1063.019 1.691E+10
  1063.532 1.696E+10
  1064.046 1.694E+10
  1064.559 1.674E+10
  1065.072 1.634E+10
  1065.586 1.582E+10
  1066.099 1.537E+10
  1066.612 1.516E+10
  1067.126 1.527E+10
  1067.639 1.567E+10
  1068.153 1.620E+10
  1068.666 1.673E+10
  1069.179 1.713E+10
  1069.693 1.739E+10
  1070.206 1.748E+10
  1070.719 1.743E+10
  1071.233 1.722E+10
  1071.746 1.691E+10
  1072.259 1.656E+10
  1072.773 1.629E+10
  1073.286 1.620E+10
  1073.800 1.632E+10
  1074.313 1.658E+10
  1074.826 1.687E+10
  1075.340 1.709E+10
  1075.853 1.720E+10
  1076.366 1.719E+10
  1076.880 1.710E+10
  1077.393 1.696E+10
  1077.906 1.678E+10
  1078.420 1.660E+10
  1078.933 1.642E+10
  1079.447 1.623E+10
  1079.960 1.602E+10
  1080.473 1.575E+10
  1080.987 1.537E+10
  1081.500 1.483E+10
  1082.013 1.409E+10
  1082.527 1.314E+10
  1083.040 1.202E+10
  1083.553 1.084E+10
  1084.067 9.791E+09
  1084.580 9.114E+09
  1085.094 8.971E+09
  1085.607 9.377E+09
  1086.120 1.024E+10
  1086.634 1.135E+10
  1087.147 1.247E+10
  1087.660 1.345E+10
  1088.174 1.424E+10
  1088.687 1.483E+10
  1089.200 1.526E+10
  1089.714 1.559E+10
  1090.227 1.585E+10
  1090.740 1.604E+10
  1091.254 1.619E+10
  1091.767 1.631E+10
  1092.281 1.640E+10
  1092.794 1.647E+10
  1093.307 1.652E+10
  1093.821 1.657E+10
  1094.334 1.660E+10
  1094.847 1.661E+10
  1095.361 1.661E+10
  1095.874 1.661E+10
  1096.387 1.660E+10
  1096.901 1.659E+10
  1097.414 1.658E+10
  1097.927 1.659E+10
  1098.441 1.659E+10
  1098.954 1.658E+10
  1099.468 1.658E+10
  1099.981 1.657E+10
  1100.494 1.655E+10
  1101.008 1.653E+10
  1101.521 1.651E+10
  1102.034 1.649E+10
  1102.548 1.647E+10
  1103.061 1.643E+10
  1103.574 1.637E+10
  1104.088 1.628E+10
  1104.601 1.615E+10
  1105.115 1.595E+10
  1105.628 1.567E+10
  1106.141 1.531E+10
  1106.655 1.491E+10
  1107.168 1.456E+10
  1107.681 1.436E+10
  1108.195 1.436E+10
  1108.708 1.455E+10
  1109.221 1.485E+10
  1109.735 1.516E+10
  1110.248 1.542E+10
  1110.761 1.559E+10
  1111.275 1.568E+10
  1111.788 1.568E+10
  1112.302 1.563E+10
  1112.815 1.557E+10
  1113.328 1.553E+10
  1113.842 1.554E+10
  1114.355 1.558E+10
  1114.868 1.560E+10
  1115.382 1.558E+10
  1115.895 1.547E+10
  1116.408 1.527E+10
  1116.922 1.502E+10
  1117.435 1.478E+10
  1117.948 1.465E+10
  1118.462 1.466E+10
  1118.975 1.478E+10
  1119.489 1.493E+10
  1120.002 1.497E+10
  1120.515 1.486E+10
  1121.029 1.459E+10
  1121.542 1.422E+10
  1122.055 1.389E+10
  1122.569 1.368E+10
  1123.082 1.364E+10
  1123.595 1.372E+10
  1124.109 1.382E+10
  1124.622 1.388E+10
  1125.135 1.385E+10
  1125.649 1.374E+10
  1126.162 1.355E+10
  1126.676 1.327E+10
  1127.189 1.293E+10
  1127.702 1.264E+10
  1128.216 1.254E+10
  1128.729 1.274E+10
  1129.242 1.318E+10
  1129.756 1.373E+10
  1130.269 1.424E+10
  1130.782 1.460E+10
  1131.296 1.481E+10
  1131.809 1.490E+10
  1132.323 1.494E+10
  1132.836 1.496E+10
  1133.349 1.496E+10
  1133.863 1.496E+10
  1134.376 1.495E+10
  1134.889 1.492E+10
  1135.403 1.487E+10
  1135.916 1.482E+10
  1136.429 1.475E+10
  1136.943 1.464E+10
  1137.456 1.451E+10
  1137.969 1.437E+10
  1138.483 1.427E+10
  1138.996 1.422E+10
  1139.510 1.423E+10
  1140.023 1.428E+10
  1140.536 1.434E+10
  1141.050 1.439E+10
  1141.563 1.443E+10
  1142.076 1.445E+10
  1142.590 1.444E+10
  1143.103 1.442E+10
  1143.616 1.438E+10
  1144.130 1.434E+10
  1144.643 1.435E+10
  1145.156 1.439E+10
  1145.670 1.446E+10
  1146.183 1.454E+10
  1146.697 1.458E+10
  1147.210 1.456E+10
  1147.723 1.448E+10
  1148.237 1.434E+10
  1148.750 1.415E+10
  1149.263 1.393E+10
  1149.777 1.375E+10
  1150.290 1.363E+10
  1150.803 1.359E+10
  1151.317 1.360E+10
  1151.830 1.362E+10
  1152.344 1.360E+10
  1152.857 1.354E+10
  1153.370 1.348E+10
  1153.884 1.347E+10
  1154.397 1.354E+10
  1154.910 1.366E+10
  1155.424 1.379E+10
  1155.937 1.389E+10
  1156.450 1.394E+10
  1156.964 1.396E+10
  1157.477 1.398E+10
  1157.991 1.399E+10
  1158.504 1.399E+10
  1159.017 1.399E+10
  1159.531 1.397E+10
  1160.044 1.395E+10
  1160.557 1.393E+10
  1161.071 1.392E+10
  1161.584 1.390E+10
  1162.097 1.388E+10
  1162.611 1.383E+10
  1163.124 1.374E+10
  1163.637 1.359E+10
  1164.151 1.338E+10
  1164.664 1.315E+10
  1165.178 1.295E+10
  1165.691 1.280E+10
  1166.204 1.271E+10
  1166.718 1.264E+10
  1167.231 1.251E+10
  1167.744 1.232E+10
  1168.258 1.210E+10
  1168.771 1.197E+10
  1169.284 1.200E+10
  1169.798 1.219E+10
  1170.311 1.245E+10
  1170.825 1.270E+10
  1171.338 1.285E+10
  1171.851 1.285E+10
  1172.365 1.265E+10
  1172.878 1.222E+10
  1173.391 1.153E+10
  1173.905 1.060E+10
  1174.418 9.577E+09
  1174.931 8.692E+09
  1175.445 8.196E+09
  1175.958 8.245E+09
  1176.472 8.817E+09
  1176.985 9.729E+09
  1177.498 1.073E+10
  1178.012 1.162E+10
  1178.525 1.228E+10
  1179.038 1.271E+10
  1179.552 1.296E+10
  1180.065 1.308E+10
  1180.578 1.309E+10
  1181.092 1.302E+10
  1181.605 1.288E+10
  1182.118 1.268E+10
  1182.632 1.247E+10
  1183.145 1.229E+10
  1183.659 1.219E+10
  1184.172 1.219E+10
  1184.685 1.228E+10
  1185.199 1.244E+10
  1185.712 1.261E+10
  1186.225 1.274E+10
  1186.739 1.282E+10
  1187.252 1.285E+10
  1187.765 1.285E+10
  1188.279 1.285E+10
  1188.792 1.285E+10
  1189.306 1.284E+10
  1189.819 1.282E+10
  1190.332 1.279E+10
  1190.846 1.275E+10
  1191.359 1.268E+10
  1191.872 1.259E+10
  1192.386 1.246E+10
  1192.899 1.231E+10
  1193.412 1.216E+10
  1193.926 1.204E+10
  1194.439 1.198E+10
  1194.953 1.199E+10
  1195.466 1.204E+10
  1195.979 1.210E+10
  1196.493 1.214E+10
  1197.006 1.214E+10
  1197.519 1.212E+10
  1198.033 1.209E+10
  1198.546 1.206E+10
  1199.059 1.204E+10
  1199.573 1.201E+10
  1200.086 1.196E+10
  1200.599 1.189E+10
  1201.113 1.183E+10
  1201.626 1.179E+10
  1202.140 1.176E+10
  1202.653 1.175E+10
  1203.166 1.173E+10
  1203.680 1.169E+10
  1204.193 1.160E+10
  1204.706 1.146E+10
  1205.220 1.127E+10
  1205.733 1.107E+10
  1206.246 1.087E+10
  1206.760 1.073E+10
  1207.273 1.064E+10
  1207.786 1.056E+10
  1208.300 1.046E+10
  1208.813 1.030E+10
  1209.327 1.008E+10
  1209.840 9.805E+09
  1210.353 9.495E+09
  1210.867 9.157E+09
  1211.380 8.789E+09
  1211.893 8.379E+09
  1212.407 7.917E+09
  1212.920 7.409E+09
  1213.433 6.869E+09
  1213.947 6.333E+09
  1214.460 5.856E+09
  1214.974 5.502E+09
  1215.487 5.330E+09
  1216.000 5.368E+09
  1216.514 5.604E+09
  1217.027 5.995E+09
  1217.540 6.480E+09
  1218.054 7.000E+09
  1218.567 7.514E+09
  1219.080 7.996E+09
  1219.594 8.433E+09
  1220.107 8.824E+09
  1220.620 9.170E+09
  1221.134 9.473E+09
  1221.647 9.739E+09
  1222.161 9.971E+09
  1222.674 1.017E+10
  1223.187 1.035E+10
  1223.701 1.050E+10
  1224.214 1.063E+10
  1224.727 1.075E+10
  1225.241 1.085E+10
  1225.754 1.094E+10
  1226.267 1.101E+10
  1226.781 1.105E+10
  1227.294 1.107E+10
  1227.807 1.107E+10
  1228.321 1.103E+10
  1228.834 1.096E+10
  1229.348 1.088E+10
  1229.861 1.082E+10
  1230.374 1.080E+10
  1230.888 1.083E+10
  1231.401 1.091E+10
  1231.914 1.100E+10
  1232.428 1.107E+10
  1232.941 1.111E+10
  1233.454 1.114E+10
  1233.968 1.115E+10
  1234.481 1.115E+10
  1234.995 1.114E+10
  1235.508 1.111E+10
  1236.021 1.105E+10
  1236.535 1.094E+10
  1237.048 1.079E+10
  1237.561 1.061E+10
  1238.075 1.043E+10
  1238.588 1.032E+10
  1239.101 1.031E+10
  1239.615 1.039E+10
  1240.128 1.050E+10
  1240.641 1.056E+10
  1241.155 1.053E+10
  1241.668 1.042E+10
  1242.182 1.029E+10
  1242.695 1.021E+10
  1243.208 1.021E+10
  1243.722 1.028E+10
  1244.235 1.037E+10
  1244.748 1.042E+10
  1245.262 1.037E+10
  1245.775 1.023E+10
  1246.288 1.004E+10
  1246.802 9.868E+09
  1247.315 9.800E+09
  1247.829 9.871E+09
  1248.342 1.006E+10
  1248.855 1.030E+10
  1249.369 1.050E+10
  1249.882 1.063E+10
  1250.395 1.069E+10
  1250.909 1.070E+10
  1251.422 1.067E+10
  1251.935 1.063E+10
  1252.449 1.059E+10
  1252.962 1.056E+10
  1253.476 1.055E+10
  1253.989 1.055E+10
  1254.502 1.056E+10
  1255.016 1.054E+10
  1255.529 1.052E+10
  1256.042 1.048E+10
  1256.556 1.046E+10
  1257.069 1.048E+10
  1257.582 1.052E+10
  1258.096 1.058E+10
  1258.609 1.062E+10
  1259.123 1.065E+10
  1259.636 1.066E+10
  1260.149 1.066E+10
  1260.663 1.065E+10
  1261.176 1.064E+10
  1261.689 1.064E+10
  1262.203 1.062E+10
  1262.716 1.060E+10
  1263.229 1.057E+10
  1263.743 1.052E+10
  1264.256 1.045E+10
  1264.769 1.036E+10
  1265.283 1.028E+10
  1265.796 1.020E+10
  1266.310 1.015E+10
  1266.823 1.015E+10
  1267.336 1.017E+10
  1267.850 1.022E+10
  1268.363 1.027E+10
  1268.876 1.029E+10
  1269.390 1.031E+10
  1269.903 1.031E+10
  1270.416 1.032E+10
  1270.930 1.033E+10
  1271.443 1.034E+10
  1271.957 1.035E+10
  1272.470 1.035E+10
  1272.983 1.035E+10
  1273.497 1.035E+10
  1274.010 1.036E+10
  1274.523 1.037E+10
  1275.037 1.037E+10
  1275.550 1.036E+10
  1276.063 1.034E+10
  1276.577 1.030E+10
  1277.090 1.026E+10
  1277.604 1.022E+10
  1278.117 1.017E+10
  1278.630 1.013E+10
  1279.144 1.010E+10
  1279.657 1.008E+10
  1280.170 1.008E+10
  1280.684 1.008E+10
  1281.197 1.009E+10
  1281.710 1.009E+10
  1282.224 1.009E+10
  1282.737 1.008E+10
  1283.250 1.008E+10
  1283.764 1.008E+10
  1284.277 1.008E+10
  1284.791 1.008E+10
  1285.304 1.007E+10
  1285.817 1.006E+10
  1286.331 1.004E+10
  1286.844 1.002E+10
  1287.357 1.000E+10
  1287.871 9.998E+09
  1288.384 1.000E+10
  1288.897 1.001E+10
  1289.411 1.002E+10
  1289.924 1.002E+10
  1290.438 1.002E+10
  1290.951 1.001E+10
  1291.464 9.996E+09
  1291.978 9.967E+09
  1292.491 9.925E+09
  1293.004 9.864E+09
  1293.518 9.771E+09
  1294.031 9.640E+09
  1294.544 9.465E+09
  1295.058 9.263E+09
  1295.571 9.069E+09
  1296.084 8.938E+09
  1296.598 8.902E+09
  1297.111 8.960E+09
  1297.625 9.073E+09
  1298.138 9.188E+09
  1298.651 9.281E+09
  1299.165 9.344E+09
  1299.678 9.389E+09
  1300.191 9.422E+09
  1300.705 9.443E+09
  1301.218 9.456E+09
  1301.731 9.463E+09
  1302.245 9.464E+09
  1302.758 9.461E+09
  1303.271 9.460E+09
  1303.785 9.461E+09
  1304.298 9.461E+09
  1304.812 9.454E+09
  1305.325 9.432E+09
  1305.838 9.397E+09
  1306.352 9.354E+09
  1306.865 9.305E+09
  1307.378 9.256E+09
  1307.892 9.209E+09
  1308.405 9.177E+09
  1308.918 9.166E+09
  1309.432 9.184E+09
  1309.945 9.216E+09
  1310.458 9.242E+09
  1310.972 9.256E+09
  1311.485 9.252E+09
  1311.999 9.235E+09
  1312.512 9.217E+09
  1313.025 9.194E+09
  1313.539 9.168E+09
  1314.052 9.146E+09
  1314.565 9.132E+09
  1315.079 9.136E+09
  1315.592 9.148E+09
  1316.105 9.156E+09
  1316.619 9.150E+09
  1317.132 9.123E+09
  1317.646 9.086E+09
  1318.159 9.052E+09
  1318.672 9.035E+09
  1319.186 9.036E+09
  1319.699 9.046E+09
  1320.212 9.055E+09
  1320.726 9.060E+09
  1321.239 9.051E+09
  1321.752 9.025E+09
  1322.266 8.973E+09
  1322.779 8.895E+09
  1323.292 8.807E+09
  1323.806 8.743E+09
  1324.319 8.730E+09
  1324.833 8.771E+09
  1325.346 8.850E+09
  1325.859 8.932E+09
  1326.373 8.987E+09
  1326.886 9.006E+09
  1327.399 8.989E+09
  1327.913 8.954E+09
  1328.426 8.914E+09
  1328.939 8.880E+09
  1329.453 8.858E+09
  1329.966 8.853E+09
  1330.479 8.862E+09
  1330.993 8.866E+09
  1331.506 8.858E+09
  1332.020 8.829E+09
  1332.533 8.767E+09
  1333.046 8.668E+09
  1333.560 8.542E+09
  1334.073 8.396E+09
  1334.586 8.275E+09
  1335.100 8.201E+09
  1335.613 8.193E+09
  1336.126 8.262E+09
  1336.640 8.373E+09
  1337.153 8.492E+09
  1337.667 8.591E+09
  1338.180 8.652E+09
  1338.693 8.682E+09
  1339.207 8.701E+09
  1339.720 8.712E+09
  1340.233 8.723E+09
  1340.747 8.729E+09
  1341.260 8.724E+09
  1341.773 8.714E+09
  1342.287 8.698E+09
  1342.800 8.684E+09
  1343.313 8.670E+09
  1343.827 8.653E+09
  1344.340 8.632E+09
  1344.854 8.605E+09
  1345.367 8.573E+09
  1345.880 8.534E+09
  1346.394 8.490E+09
  1346.907 8.442E+09
  1347.420 8.397E+09
  1347.934 8.363E+09
  1348.447 8.349E+09
  1348.960 8.356E+09
  1349.474 8.371E+09
  1349.987 8.386E+09
  1350.500 8.399E+09
  1351.014 8.410E+09
  1351.527 8.425E+09
  1352.041 8.439E+09
  1352.554 8.448E+09
  1353.067 8.452E+09
  1353.581 8.440E+09
  1354.094 8.417E+09
  1354.607 8.383E+09
  1355.121 8.344E+09
  1355.634 8.304E+09
  1356.147 8.267E+09
  1356.661 8.243E+09
  1357.174 8.230E+09
  1357.688 8.226E+09
  1358.201 8.229E+09
  1358.714 8.235E+09
  1359.228 8.237E+09
  1359.741 8.239E+09
  1360.254 8.230E+09
  1360.768 8.204E+09
  1361.281 8.161E+09
  1361.794 8.116E+09
  1362.308 8.074E+09
  1362.821 8.046E+09
  1363.335 8.036E+09
  1363.848 8.035E+09
  1364.361 8.047E+09
  1364.875 8.070E+09
  1365.388 8.100E+09
  1365.901 8.139E+09
  1366.415 8.185E+09
  1366.928 8.227E+09
  1367.441 8.261E+09
  1367.955 8.279E+09
  1368.468 8.280E+09
  1368.981 8.259E+09
  1369.495 8.209E+09
  1370.008 8.135E+09
  1370.522 8.044E+09
  1371.035 7.960E+09
  1371.548 7.896E+09
  1372.062 7.861E+09
  1372.575 7.856E+09
  1373.088 7.858E+09
  1373.602 7.872E+09
  1374.115 7.892E+09
  1374.628 7.910E+09
  1375.142 7.931E+09
  1375.655 7.939E+09
  1376.169 7.932E+09
  1376.682 7.917E+09
  1377.195 7.890E+09
  1377.709 7.861E+09
  1378.222 7.825E+09
  1378.735 7.793E+09
  1379.249 7.756E+09
  1379.762 7.700E+09
  1380.275 7.630E+09
  1380.789 7.547E+09
  1381.302 7.484E+09
  1381.816 7.464E+09
  1382.329 7.492E+09
  1382.842 7.550E+09
  1383.356 7.605E+09
  1383.869 7.635E+09
  1384.382 7.633E+09
  1384.896 7.597E+09
  1385.409 7.542E+09
  1385.922 7.476E+09
  1386.436 7.412E+09
  1386.949 7.378E+09
  1387.462 7.378E+09
  1387.976 7.422E+09
  1388.489 7.494E+09
  1389.003 7.572E+09
  1389.516 7.628E+09
  1390.029 7.641E+09
  1390.543 7.592E+09
  1391.056 7.465E+09
  1391.569 7.247E+09
  1392.083 6.941E+09
  1392.596 6.594E+09
  1393.109 6.287E+09
  1393.623 6.110E+09
  1394.136 6.119E+09
  1394.650 6.295E+09
  1395.163 6.557E+09
  1395.676 6.815E+09
  1396.190 7.015E+09
  1396.703 7.141E+09
  1397.216 7.213E+09
  1397.730 7.254E+09
  1398.243 7.277E+09
  1398.756 7.276E+09
  1399.270 7.245E+09
  1399.783 7.170E+09
  1400.297 7.046E+09
  1400.810 6.873E+09
  1401.323 6.656E+09
  1401.837 6.443E+09
  1402.350 6.295E+09
  1402.863 6.269E+09
  1403.377 6.385E+09
  1403.890 6.592E+09
  1404.403 6.813E+09
  1404.917 6.984E+09
  1405.430 7.080E+09
  1405.943 7.115E+09
  1406.457 7.121E+09
  1406.970 7.121E+09
  1407.484 7.121E+09
  1407.997 7.115E+09
  1408.510 7.103E+09
  1409.024 7.093E+09
  1409.537 7.093E+09
  1410.050 7.108E+09
  1410.564 7.137E+09
  1411.077 7.173E+09
  1411.590 7.209E+09
  1412.104 7.245E+09
  1412.617 7.267E+09
  1413.130 7.265E+09
  1413.644 7.239E+09
  1414.157 7.193E+09
  1414.671 7.142E+09
  1415.184 7.096E+09
  1415.697 7.054E+09
  1416.211 7.016E+09
  1416.724 6.986E+09
  1417.237 6.957E+09
  1417.751 6.939E+09
  1418.264 6.924E+09
  1418.777 6.906E+09
  1419.291 6.891E+09
  1419.804 6.884E+09
  1420.318 6.894E+09
  1420.831 6.923E+09
  1421.344 6.962E+09
  1421.858 6.998E+09
  1422.371 7.016E+09
  1422.884 7.013E+09
  1423.398 6.989E+09
  1423.911 6.939E+09
  1424.424 6.869E+09
  1424.938 6.774E+09
  1425.451 6.654E+09
  1425.964 6.516E+09
  1426.478 6.373E+09
  1426.991 6.247E+09
  1427.505 6.158E+09
  1428.018 6.121E+09
  1428.531 6.148E+09
  1429.045 6.223E+09
  1429.558 6.321E+09
  1430.071 6.426E+09
  1430.585 6.528E+09
  1431.098 6.628E+09
  1431.611 6.717E+09
  1432.125 6.786E+09
  1432.638 6.839E+09
  1433.152 6.865E+09
  1433.665 6.873E+09
  1434.178 6.870E+09
  1434.692 6.860E+09
  1435.205 6.850E+09
  1435.718 6.836E+09
  1436.232 6.812E+09
  1436.745 6.776E+09
  1437.258 6.732E+09
  1437.772 6.683E+09
  1438.285 6.644E+09
  1438.799 6.614E+09
  1439.312 6.588E+09
  1439.825 6.569E+09
  1440.339 6.549E+09
  1440.852 6.537E+09
  1441.365 6.536E+09
  1441.879 6.552E+09
  1442.392 6.580E+09
  1442.905 6.611E+09
  1443.419 6.632E+09
  1443.932 6.640E+09
  1444.445 6.641E+09
  1444.959 6.639E+09
  1445.472 6.645E+09
  1445.986 6.656E+09
  1446.499 6.656E+09
  1447.012 6.644E+09
  1447.526 6.617E+09
  1448.039 6.577E+09
  1448.552 6.543E+09
  1449.066 6.519E+09
  1449.579 6.511E+09
  1450.092 6.510E+09
  1450.606 6.501E+09
  1451.119 6.476E+09
  1451.633 6.435E+09
  1452.146 6.391E+09
  1452.659 6.353E+09
  1453.173 6.326E+09
  1453.686 6.313E+09
  1454.199 6.309E+09
  1454.713 6.307E+09
  1455.226 6.312E+09
  1455.739 6.321E+09
  1456.253 6.337E+09
  1456.766 6.348E+09
  1457.280 6.353E+09
  1457.793 6.347E+09
  1458.306 6.327E+09
  1458.820 6.301E+09
  1459.333 6.268E+09
  1459.846 6.234E+09
  1460.360 6.207E+09
  1460.873 6.196E+09
  1461.386 6.204E+09
  1461.900 6.234E+09
  1462.413 6.281E+09
  1462.926 6.327E+09
  1463.440 6.362E+09
  1463.953 6.381E+09
  1464.467 6.386E+09
  1464.980 6.381E+09
  1465.493 6.367E+09
  1466.007 6.342E+09
  1466.520 6.320E+09
  1467.033 6.301E+09
  1467.547 6.290E+09
  1468.060 6.291E+09
  1468.573 6.297E+09
  1469.087 6.314E+09
  1469.600 6.328E+09
  1470.114 6.341E+09
  1470.627 6.345E+09
  1471.140 6.337E+09
  1471.654 6.323E+09
  1472.167 6.304E+09
  1472.680 6.299E+09
  1473.194 6.303E+09
  1473.707 6.312E+09
  1474.220 6.314E+09
  1474.734 6.285E+09
  1475.247 6.220E+09
  1475.760 6.111E+09
  1476.274 5.974E+09
  1476.787 5.839E+09
  1477.301 5.738E+09
  1477.814 5.708E+09
  1478.327 5.749E+09
  1478.841 5.849E+09
  1479.354 5.968E+09
  1479.867 6.072E+09
  1480.381 6.145E+09
  1480.894 6.178E+09
  1481.407 6.178E+09
  1481.921 6.149E+09
  1482.434 6.112E+09
  1482.948 6.075E+09
  1483.461 6.046E+09
  1483.974 6.034E+09
  1484.488 6.033E+09
  1485.001 6.041E+09
  1485.514 6.054E+09
  1486.028 6.071E+09
  1486.541 6.093E+09
  1487.054 6.114E+09
  1487.568 6.128E+09
  1488.081 6.132E+09
  1488.594 6.120E+09
  1489.108 6.105E+09
  1489.621 6.091E+09
  1490.135 6.090E+09
  1490.648 6.095E+09
  1491.161 6.096E+09
  1491.675 6.089E+09
  1492.188 6.067E+09
  1492.701 6.038E+09
  1493.215 6.011E+09
  1493.728 5.997E+09
  1494.241 5.997E+09
  1494.755 6.000E+09
  1495.268 6.004E+09
  1495.781 5.999E+09
  1496.295 5.980E+09
  1496.808 5.944E+09
  1497.322 5.891E+09
  1497.835 5.833E+09
  1498.348 5.779E+09
  1498.862 5.748E+09
  1499.375 5.742E+09
  1499.888 5.759E+09
  1500.402 5.784E+09
  1500.915 5.807E+09
  1501.428 5.822E+09
  1501.942 5.821E+09
  1502.455 5.812E+09
  1502.969 5.797E+09
  1503.482 5.784E+09
  1503.995 5.779E+09
  1504.509 5.785E+09
  1505.022 5.801E+09
  1505.535 5.832E+09
  1506.049 5.866E+09
  1506.562 5.899E+09
  1507.075 5.928E+09
  1507.589 5.945E+09
  1508.102 5.953E+09
  1508.615 5.949E+09
  1509.129 5.936E+09
  1509.642 5.917E+09
  1510.156 5.887E+09
  1510.669 5.848E+09
  1511.182 5.798E+09
  1511.696 5.744E+09
  1512.209 5.699E+09
  1512.722 5.671E+09
  1513.236 5.672E+09
  1513.749 5.693E+09
  1514.262 5.723E+09
  1514.776 5.748E+09
  1515.289 5.760E+09
  1515.802 5.764E+09
  1516.316 5.766E+09
  1516.829 5.776E+09
  1517.343 5.791E+09
  1517.856 5.805E+09
  1518.369 5.813E+09
  1518.883 5.807E+09
  1519.396 5.791E+09
  1519.909 5.773E+09
  1520.423 5.756E+09
  1520.936 5.753E+09
  1521.449 5.759E+09
  1521.963 5.766E+09
  1522.476 5.761E+09
  1522.990 5.738E+09
  1523.503 5.695E+09
  1524.016 5.636E+09
  1524.530 5.577E+09
  1525.043 5.518E+09
  1525.556 5.469E+09
  1526.070 5.437E+09
  1526.583 5.417E+09
  1527.096 5.416E+09
  1527.610 5.430E+09
  1528.123 5.447E+09
  1528.636 5.455E+09
  1529.150 5.440E+09
  1529.663 5.400E+09
  1530.177 5.338E+09
  1530.690 5.263E+09
  1531.203 5.186E+09
  1531.717 5.113E+09
  1532.230 5.066E+09
  1532.743 5.046E+09
  1533.257 5.062E+09
  1533.770 5.111E+09
  1534.283 5.172E+09
  1534.797 5.235E+09
  1535.310 5.281E+09
  1535.823 5.306E+09
  1536.337 5.318E+09
  1536.850 5.312E+09
  1537.364 5.301E+09
  1537.877 5.292E+09
  1538.390 5.278E+09
  1538.904 5.270E+09
  1539.417 5.263E+09
  1539.930 5.249E+09
  1540.444 5.222E+09
  1540.957 5.176E+09
  1541.470 5.112E+09
  1541.984 5.033E+09
  1542.497 4.955E+09
  1543.010 4.881E+09
  1543.524 4.811E+09
  1544.037 4.738E+09
  1544.551 4.644E+09
  1545.064 4.517E+09
  1545.577 4.338E+09
  1546.091 4.105E+09
  1546.604 3.830E+09
  1547.117 3.548E+09
  1547.631 3.303E+09
  1548.144 3.135E+09
  1548.657 3.053E+09
  1549.171 3.036E+09
  1549.684 3.058E+09
  1550.198 3.113E+09
  1550.711 3.214E+09
  1551.224 3.381E+09
  1551.738 3.612E+09
  1552.251 3.877E+09
  1552.764 4.136E+09
  1553.278 4.361E+09
  1553.791 4.542E+09
  1554.304 4.672E+09
  1554.818 4.765E+09
  1555.331 4.823E+09
  1555.845 4.860E+09
  1556.358 4.887E+09
  1556.871 4.906E+09
  1557.385 4.927E+09
  1557.898 4.941E+09
  1558.411 4.946E+09
  1558.925 4.944E+09
  1559.438 4.940E+09
  1559.951 4.938E+09
  1560.465 4.949E+09
  1560.978 4.966E+09
  1561.491 4.980E+09
  1562.005 4.991E+09
  1562.518 4.994E+09
  1563.032 4.990E+09
  1563.545 4.986E+09
  1564.058 4.983E+09
  1564.572 4.975E+09
  1565.085 4.960E+09
  1565.598 4.938E+09
  1566.112 4.919E+09
  1566.625 4.915E+09
  1567.138 4.921E+09
  1567.652 4.939E+09
  1568.165 4.958E+09
  1568.679 4.971E+09
  1569.192 4.987E+09
  1569.705 5.007E+09
  1570.219 5.032E+09
  1570.732 5.066E+09
  1571.245 5.098E+09
  1571.759 5.126E+09
  1572.272 5.139E+09
  1572.785 5.131E+09
  1573.299 5.101E+09
  1573.812 5.045E+09
  1574.326 4.970E+09
  1574.839 4.884E+09
  1575.352 4.792E+09
  1575.866 4.709E+09
  1576.379 4.647E+09
  1576.892 4.612E+09
  1577.406 4.614E+09
  1577.919 4.659E+09
  1578.432 4.729E+09
  1578.946 4.810E+09
  1579.459 4.881E+09
  1579.972 4.926E+09
  1580.486 4.947E+09
  1580.999 4.951E+09
  1581.513 4.941E+09
  1582.026 4.922E+09
  1582.539 4.900E+09
  1583.053 4.874E+09
  1583.566 4.846E+09
  1584.079 4.823E+09
  1584.593 4.809E+09
  1585.106 4.816E+09
  1585.619 4.835E+09
  1586.133 4.863E+09
  1586.646 4.891E+09
  1587.160 4.908E+09
  1587.673 4.913E+09
  1588.186 4.901E+09
  1588.700 4.866E+09
  1589.213 4.810E+09
  1589.726 4.734E+09
  1590.240 4.651E+09
  1590.753 4.584E+09
  1591.266 4.549E+09
  1591.780 4.562E+09
  1592.293 4.616E+09
  1592.807 4.689E+09
  1593.320 4.763E+09
  1593.833 4.823E+09
  1594.347 4.861E+09
  1594.860 4.885E+09
  1595.373 4.900E+09
  1595.887 4.906E+09
  1596.400 4.903E+09
  1596.913 4.894E+09
  1597.427 4.880E+09
  1597.940 4.866E+09
  1598.453 4.853E+09
  1598.967 4.838E+09
  1599.480 4.813E+09
  1599.994 4.769E+09
  1600.507 4.717E+09
  1601.020 4.666E+09
  1601.534 4.635E+09
  1602.047 4.630E+09
  1602.560 4.636E+09
  1603.074 4.647E+09
  1603.587 4.643E+09
  1604.100 4.625E+09
  1604.614 4.598E+09
  1605.127 4.574E+09
  1605.641 4.564E+09
  1606.154 4.566E+09
  1606.667 4.573E+09
  1607.181 4.575E+09
  1607.694 4.561E+09
  1608.207 4.524E+09
  1608.721 4.472E+09
  1609.234 4.413E+09
  1609.747 4.360E+09
  1610.261 4.330E+09
  1610.774 4.326E+09
  1611.287 4.341E+09
  1611.801 4.368E+09
  1612.314 4.403E+09
  1612.828 4.437E+09
  1613.341 4.466E+09
  1613.854 4.486E+09
  1614.368 4.502E+09
  1614.881 4.517E+09
  1615.394 4.532E+09
  1615.908 4.552E+09
  1616.421 4.572E+09
  1616.934 4.584E+09
  1617.448 4.578E+09
  1617.961 4.547E+09
  1618.474 4.478E+09
  1618.988 4.375E+09
  1619.501 4.256E+09
  1620.015 4.155E+09
  1620.528 4.107E+09
  1621.041 4.123E+09
  1621.555 4.189E+09
  1622.068 4.265E+09
  1622.581 4.323E+09
  1623.095 4.350E+09
  1623.608 4.356E+09
  1624.121 4.363E+09
  1624.635 4.371E+09
  1625.148 4.379E+09
  1625.662 4.379E+09
  1626.175 4.368E+09
  1626.688 4.352E+09
  1627.202 4.331E+09
  1627.715 4.309E+09
  1628.228 4.286E+09
  1628.742 4.258E+09
  1629.255 4.232E+09
  1629.768 4.209E+09
  1630.282 4.197E+09
  1630.795 4.196E+09
  1631.308 4.205E+09
  1631.822 4.229E+09
  1632.335 4.252E+09
  1632.849 4.268E+09
  1633.362 4.273E+09
  1633.875 4.262E+09
  1634.389 4.243E+09
  1634.902 4.221E+09
  1635.415 4.199E+09
  1635.929 4.168E+09
  1636.442 4.119E+09
  1636.955 4.040E+09
  1637.469 3.925E+09
  1637.982 3.774E+09
  1638.496 3.597E+09
  1639.009 3.411E+09
  1639.522 3.245E+09
  1640.036 3.133E+09
  1640.549 3.099E+09
  1641.062 3.151E+09
  1641.576 3.271E+09
  1642.089 3.434E+09
  1642.602 3.603E+09
  1643.116 3.755E+09
  1643.629 3.879E+09
  1644.143 3.973E+09
  1644.656 4.044E+09
  1645.169 4.106E+09
  1645.683 4.163E+09
  1646.196 4.218E+09
  1646.709 4.265E+09
  1647.223 4.302E+09
  1647.736 4.328E+09
  1648.249 4.341E+09
  1648.763 4.347E+09
  1649.276 4.346E+09
  1649.790 4.341E+09
  1650.303 4.336E+09
  1650.816 4.327E+09
  1651.330 4.316E+09
  1651.843 4.300E+09
  1652.356 4.282E+09
  1652.870 4.270E+09
  1653.383 4.266E+09
  1653.896 4.271E+09
  1654.410 4.282E+09
  1654.923 4.285E+09
  1655.436 4.273E+09
  1655.950 4.249E+09
  1656.463 4.214E+09
  1656.977 4.186E+09
  1657.490 4.168E+09
  1658.003 4.166E+09
  1658.517 4.177E+09
  1659.030 4.191E+09
  1659.543 4.197E+09
  1660.057 4.191E+09
  1660.570 4.177E+09
  1661.083 4.161E+09
  1661.597 4.153E+09
  1662.110 4.157E+09
  1662.624 4.171E+09
  1663.137 4.188E+09
  1663.650 4.202E+09
  1664.164 4.207E+09
  1664.677 4.206E+09
  1665.190 4.195E+09
  1665.704 4.177E+09
  1666.217 4.158E+09
  1666.730 4.142E+09
  1667.244 4.132E+09
  1667.757 4.129E+09
  1668.271 4.127E+09
  1668.784 4.127E+09
  1669.297 4.123E+09
  1669.811 4.112E+09
  1670.324 4.094E+09
  1670.837 4.070E+09
  1671.351 4.047E+09
  1671.864 4.029E+09
  1672.377 4.023E+09
  1672.891 4.037E+09
  1673.404 4.068E+09
  1673.917 4.106E+09
  1674.431 4.140E+09
  1674.944 4.158E+09
  1675.458 4.160E+09
  1675.971 4.157E+09
  1676.484 4.156E+09
  1676.998 4.163E+09
  1677.511 4.179E+09
  1678.024 4.194E+09
  1678.538 4.207E+09
  1679.051 4.211E+09
  1679.564 4.206E+09
  1680.078 4.192E+09
  1680.591 4.173E+09
  1681.104 4.156E+09
  1681.618 4.146E+09
  1682.131 4.150E+09
  1682.645 4.166E+09
  1683.158 4.184E+09
  1683.671 4.197E+09
  1684.185 4.198E+09
  1684.698 4.181E+09
  1685.211 4.147E+09
  1685.725 4.099E+09
  1686.238 4.045E+09
  1686.751 4.003E+09
  1687.265 3.980E+09
  1687.778 3.980E+09
  1688.292 3.993E+09
  1688.805 4.004E+09
  1689.318 4.009E+09
  1689.832 4.004E+09
  1690.345 4.000E+09
  1690.858 4.004E+09
  1691.372 4.012E+09
  1691.885 4.025E+09
  1692.398 4.037E+09
  1692.912 4.045E+09
  1693.425 4.050E+09
  1693.938 4.052E+09
  1694.452 4.053E+09
  1694.965 4.053E+09
  1695.479 4.056E+09
  1695.992 4.060E+09
  1696.505 4.059E+09
  1697.019 4.054E+09
  1697.532 4.041E+09
  1698.045 4.021E+09
  1698.559 3.998E+09
  1699.072 3.973E+09
  1699.585 3.949E+09
  1700.099 3.934E+09
  1700.612 3.926E+09
  1701.125 3.931E+09
  1701.639 3.947E+09
  1702.152 3.967E+09
  1702.666 3.985E+09
  1703.179 3.993E+09
  1703.692 3.994E+09
  1704.206 3.989E+09
  1704.719 3.979E+09
  1705.232 3.965E+09
  1705.746 3.947E+09
  1706.259 3.927E+09
  1706.772 3.911E+09
  1707.286 3.901E+09
  1707.799 3.900E+09
  1708.312 3.903E+09
  1708.826 3.907E+09
  1709.339 3.906E+09
  1709.853 3.901E+09
  1710.366 3.897E+09
  1710.879 3.893E+09
  1711.393 3.893E+09
  1711.906 3.895E+09
  1712.419 3.899E+09
  1712.933 3.903E+09
  1713.446 3.904E+09
  1713.959 3.902E+09
  1714.473 3.894E+09
  1714.986 3.877E+09
  1715.500 3.850E+09
  1716.013 3.809E+09
  1716.526 3.752E+09
  1717.040 3.683E+09
  1717.553 3.616E+09
  1718.066 3.569E+09
  1718.580 3.557E+09
  1719.093 3.583E+09
  1719.606 3.631E+09
  1720.120 3.677E+09
  1720.633 3.703E+09
  1721.146 3.700E+09
  1721.660 3.677E+09
  1722.173 3.645E+09
  1722.687 3.620E+09
  1723.200 3.609E+09
  1723.713 3.612E+09
  1724.227 3.621E+09
  1724.740 3.633E+09
  1725.253 3.643E+09
  1725.767 3.653E+09
  1726.280 3.661E+09
  1726.793 3.668E+09
  1727.307 3.673E+09
  1727.820 3.675E+09
  1728.333 3.671E+09
  1728.847 3.658E+09
  1729.360 3.641E+09
  1729.874 3.629E+09
  1730.387 3.630E+09
  1730.900 3.645E+09
  1731.414 3.667E+09
  1731.927 3.690E+09
  1732.440 3.711E+09
  1732.954 3.727E+09
  1733.467 3.740E+09
  1733.980 3.751E+09
  1734.494 3.757E+09
  1735.007 3.758E+09
  1735.521 3.754E+09
  1736.034 3.745E+09
  1736.547 3.736E+09
  1737.061 3.727E+09
  1737.574 3.719E+09
  1738.087 3.711E+09
  1738.601 3.707E+09
  1739.114 3.706E+09
  1739.627 3.706E+09
  1740.141 3.705E+09
  1740.654 3.701E+09
  1741.167 3.695E+09
  1741.681 3.692E+09
  1742.194 3.692E+09
  1742.708 3.697E+09
  1743.221 3.704E+09
  1743.734 3.709E+09
  1744.248 3.707E+09
  1744.761 3.699E+09
  1745.274 3.686E+09
  1745.788 3.668E+09
  1746.301 3.646E+09
  1746.814 3.623E+09
  1747.328 3.604E+09
  1747.841 3.594E+09
  1748.355 3.595E+09
  1748.868 3.599E+09
  1749.381 3.594E+09
  1749.895 3.572E+09
  1750.408 3.533E+09
  1750.921 3.492E+09
  1751.435 3.463E+09
  1751.948 3.456E+09
  1752.461 3.471E+09
  1752.975 3.500E+09
  1753.488 3.534E+09
  1754.001 3.569E+09
  1754.515 3.599E+09
  1755.028 3.624E+09
  1755.542 3.643E+09
  1756.055 3.653E+09
  1756.568 3.656E+09
  1757.082 3.651E+09
  1757.595 3.639E+09
  1758.108 3.625E+09
  1758.622 3.609E+09
  1759.135 3.592E+09
  1759.648 3.574E+09
  1760.162 3.557E+09
  1760.675 3.546E+09
  1761.189 3.541E+09
  1761.702 3.544E+09
  1762.215 3.550E+09
  1762.729 3.549E+09
  1763.242 3.540E+09
  1763.755 3.526E+09
  1764.269 3.511E+09
  1764.782 3.503E+09
  1765.295 3.505E+09
  1765.809 3.515E+09
  1766.322 3.526E+09
  1766.836 3.536E+09
  1767.349 3.541E+09
  1767.862 3.542E+09
  1768.376 3.539E+09
  1768.889 3.535E+09
  1769.402 3.530E+09
  1769.916 3.528E+09
  1770.429 3.527E+09
  1770.942 3.525E+09
  1771.456 3.522E+09
  1771.969 3.517E+09
  1772.482 3.511E+09
  1772.996 3.507E+09
  1773.509 3.505E+09
  1774.023 3.506E+09
  1774.536 3.506E+09
  1775.049 3.504E+09
  1775.563 3.498E+09
  1776.076 3.489E+09
  1776.589 3.476E+09
  1777.103 3.460E+09
  1777.616 3.442E+09
  1778.129 3.423E+09
  1778.643 3.410E+09
  1779.156 3.406E+09
  1779.670 3.409E+09
  1780.183 3.417E+09
  1780.696 3.422E+09
  1781.210 3.423E+09
  1781.723 3.423E+09
  1782.236 3.420E+09
  1782.750 3.419E+09
  1783.263 3.423E+09
  1783.776 3.428E+09
  1784.290 3.434E+09
  1784.803 3.438E+09
  1785.317 3.439E+09
  1785.830 3.437E+09
  1786.343 3.433E+09
  1786.857 3.425E+09
  1787.370 3.417E+09
  1787.883 3.409E+09
  1788.397 3.402E+09
  1788.910 3.397E+09
  1789.423 3.391E+09
  1789.937 3.384E+09
  1790.450 3.374E+09
  1790.963 3.363E+09
  1791.477 3.354E+09
  1791.990 3.347E+09
  1792.504 3.343E+09
  1793.017 3.342E+09
  1793.530 3.344E+09
  1794.044 3.349E+09
  1794.557 3.355E+09
  1795.070 3.358E+09
  1795.584 3.358E+09
  1796.097 3.355E+09
  1796.610 3.349E+09
  1797.124 3.343E+09
  1797.637 3.336E+09
  1798.151 3.332E+09
  1798.664 3.332E+09
  1799.177 3.333E+09
  1799.691 3.335E+09
  1800.204 3.336E+09
  1800.717 3.335E+09
  1801.231 3.333E+09
  1801.744 3.329E+09
  1802.257 3.323E+09
  1802.771 3.315E+09
  1803.284 3.301E+09
  1803.797 3.282E+09
  1804.311 3.261E+09
  1804.824 3.245E+09
  1805.338 3.238E+09
  1805.851 3.241E+09
  1806.364 3.250E+09
  1806.878 3.259E+09
  1807.391 3.266E+09
  1807.904 3.269E+09
  1808.418 3.265E+09
  1808.931 3.259E+09
  1809.444 3.251E+09
  1809.958 3.243E+09
  1810.471 3.237E+09
  1810.984 3.232E+09
  1811.498 3.232E+09
  1812.011 3.234E+09
  1812.525 3.242E+09
  1813.038 3.253E+09
  1813.551 3.265E+09
  1814.065 3.273E+09
  1814.578 3.277E+09
  1815.091 3.274E+09
  1815.605 3.268E+09
  1816.118 3.261E+09
  1816.631 3.254E+09
  1817.145 3.248E+09
  1817.658 3.241E+09
  1818.172 3.234E+09
  1818.685 3.224E+09
  1819.198 3.212E+09
  1819.712 3.202E+09
  1820.225 3.196E+09
  1820.738 3.197E+09
  1821.252 3.202E+09
  1821.765 3.210E+09
  1822.278 3.217E+09
  1822.792 3.221E+09
  1823.305 3.223E+09
  1823.818 3.221E+09
  1824.332 3.217E+09
  1824.845 3.210E+09
  1825.359 3.200E+09
  1825.872 3.188E+09
  1826.385 3.176E+09
  1826.899 3.166E+09
  1827.412 3.160E+09
  1827.925 3.156E+09
  1828.439 3.155E+09
  1828.952 3.154E+09
  1829.465 3.151E+09
  1829.979 3.148E+09
  1830.492 3.148E+09
  1831.006 3.151E+09
  1831.519 3.157E+09
  1832.032 3.165E+09
  1832.546 3.172E+09
  1833.059 3.175E+09
  1833.572 3.177E+09
  1834.086 3.177E+09
  1834.599 3.176E+09
  1835.112 3.175E+09
  1835.626 3.173E+09
  1836.139 3.168E+09
  1836.653 3.161E+09
  1837.166 3.153E+09
  1837.679 3.144E+09
  1838.193 3.134E+09
  1838.706 3.123E+09
  1839.219 3.111E+09
  1839.733 3.099E+09
  1840.246 3.089E+09
  1840.759 3.082E+09
  1841.273 3.077E+09
  1841.786 3.072E+09
  1842.300 3.065E+09
  1842.813 3.058E+09
  1843.326 3.049E+09
  1843.840 3.039E+09
  1844.353 3.027E+09
  1844.866 3.016E+09
  1845.380 3.010E+09
  1845.893 3.012E+09
  1846.406 3.022E+09
  1846.920 3.036E+09
  1847.433 3.048E+09
  1847.946 3.056E+09
  1848.460 3.057E+09
  1848.973 3.052E+09
  1849.487 3.044E+09
  1850.000 3.035E+09
  1850.513 3.028E+09
  1851.027 3.023E+09
  1851.540 3.019E+09
  1852.053 3.013E+09
  1852.567 3.003E+09
  1853.080 2.984E+09
  1853.593 2.959E+09
  1854.107 2.936E+09
  1854.620 2.926E+09
  1855.133 2.932E+09
  1855.647 2.952E+09
  1856.160 2.976E+09
  1856.674 2.995E+09
  1857.187 3.003E+09
  1857.700 3.003E+09
  1858.214 2.997E+09
  1858.727 2.988E+09
  1859.240 2.978E+09
  1859.754 2.967E+09
  1860.267 2.956E+09
  1860.780 2.943E+09
  1861.294 2.929E+09
  1861.807 2.915E+09
  1862.321 2.903E+09
  1862.834 2.903E+09
  1863.347 2.914E+09
  1863.861 2.933E+09
  1864.374 2.955E+09
  1864.887 2.972E+09
  1865.401 2.983E+09
  1865.914 2.988E+09
  1866.427 2.989E+09
  1866.941 2.987E+09
  1867.454 2.983E+09
  1867.968 2.976E+09
  1868.481 2.965E+09
  1868.994 2.953E+09
  1869.508 2.941E+09
  1870.021 2.931E+09
  1870.534 2.924E+09
  1871.048 2.919E+09
  1871.561 2.913E+09
  1872.074 2.906E+09
  1872.588 2.897E+09
  1873.101 2.886E+09
  1873.614 2.876E+09
  1874.128 2.872E+09
  1874.641 2.870E+09
  1875.155 2.872E+09
  1875.668 2.873E+09
  1876.181 2.871E+09
  1876.695 2.861E+09
  1877.208 2.840E+09
  1877.721 2.810E+09
