   826.360 2.581E+10
   826.873 2.581E+10
   827.387 2.581E+10
   827.900 2.581E+10
   828.413 2.581E+10
   828.927 2.581E+10
   829.440 2.581E+10
   829.953 2.581E+10
   830.467 2.581E+10
   830.980 2.581E+10
   831.494 2.581E+10
   832.007 2.581E+10
   832.520 2.581E+10
   833.034 2.581E+10
   833.547 2.581E+10
   834.060 2.581E+10
   834.574 2.581E+10
   835.087 2.581E+10
   835.600 2.581E+10
   836.114 2.581E+10
   836.627 2.581E+10
   837.141 2.581E+10
   837.654 2.581E+10
   838.167 2.581E+10
   838.681 2.581E+10
   839.194 2.581E+10
   839.707 2.581E+10
   840.221 2.581E+10
   840.734 2.581E+10
   841.247 2.581E+10
   841.761 2.581E+10
   842.274 2.581E+10
   842.787 2.581E+10
   843.301 2.581E+10
   843.814 2.581E+10
   844.328 2.581E+10
   844.841 2.581E+10
   845.354 2.581E+10
   845.868 2.581E+10
   846.381 2.581E+10
   846.894 2.581E+10
   847.408 2.581E+10
   847.921 2.581E+10
   848.434 2.581E+10
   848.948 2.581E+10
   849.461 2.581E+10
   849.975 2.581E+10
   850.488 2.581E+10
   851.001 2.581E+10
   851.515 2.581E+10
   852.028 2.581E+10
   852.541 2.581E+10
   853.055 2.581E+10
   853.568 2.581E+10
   854.081 2.581E+10
   854.595 2.581E+10
   855.108 2.581E+10
   855.622 2.581E+10
   856.135 2.581E+10
   856.648 2.581E+10
   857.162 2.581E+10
   857.675 2.581E+10
   858.188 2.581E+10
   858.702 2.581E+10
   859.215 2.581E+10
   859.728 2.581E+10
   860.242 2.581E+10
   860.755 2.581E+10
   861.268 2.581E+10
   861.782 2.581E+10
   862.295 2.581E+10
   862.809 2.581E+10
   863.322 2.581E+10
   863.835 2.581E+10
   864.349 2.581E+10
   864.862 2.581E+10
   865.375 2.581E+10
   865.889 2.581E+10
   866.402 2.581E+10
   866.915 2.581E+10
   867.429 2.581E+10
   867.942 2.581E+10
   868.456 2.581E+10
   868.969 2.581E+10
   869.482 2.581E+10
   869.996 2.581E+10
   870.509 2.581E+10
   871.022 2.581E+10
   871.536 2.581E+10
   872.049 2.581E+10
   872.562 2.581E+10
   873.076 2.581E+10
   873.589 2.581E+10
   874.102 2.581E+10
   874.616 2.581E+10
   875.129 2.581E+10
   875.643 2.581E+10
   876.156 2.581E+10
   876.669 2.581E+10
   877.183 2.581E+10
   877.696 2.581E+10
   878.209 2.581E+10
   878.723 2.581E+10
   879.236 2.581E+10
   879.749 2.581E+10
   880.263 2.581E+10
   880.776 2.581E+10
   881.289 2.581E+10
   881.803 2.581E+10
   882.316 2.581E+10
   882.830 2.581E+10
   883.343 2.581E+10
   883.856 2.581E+10
   884.370 2.581E+10
   884.883 2.581E+10
   885.396 2.581E+10
   885.910 2.581E+10
   886.423 2.581E+10
   886.936 2.581E+10
   887.450 2.581E+10
   887.963 2.581E+10
   888.477 2.581E+10
   888.990 2.581E+10
   889.503 2.581E+10
   890.017 2.581E+10
   890.530 2.581E+10
   891.043 2.581E+10
   891.557 2.581E+10
   892.070 2.581E+10
   892.583 2.581E+10
   893.097 2.581E+10
   893.610 2.581E+10
   894.124 2.581E+10
   894.637 2.581E+10
   895.150 2.581E+10
   895.664 2.581E+10
   896.177 2.581E+10
   896.690 2.581E+10
   897.204 2.580E+10
   897.717 2.579E+10
   898.230 2.575E+10
   898.744 2.568E+10
   899.257 2.558E+10
   899.770 2.545E+10
   900.284 2.532E+10
   900.797 2.520E+10
   901.311 2.513E+10
   901.824 2.510E+10
   902.337 2.511E+10
   902.851 2.514E+10
   903.364 2.517E+10
   903.877 2.519E+10
   904.391 2.517E+10
   904.904 2.514E+10
   905.417 2.508E+10
   905.931 2.505E+10
   906.444 2.503E+10
   906.958 2.503E+10
   907.471 2.504E+10
   907.984 2.505E+10
   908.498 2.504E+10
   909.011 2.502E+10
   909.524 2.499E+10
   910.038 2.493E+10
   910.551 2.485E+10
   911.064 2.477E+10
   911.578 2.471E+10
   912.091 2.469E+10
   912.604 2.471E+10
   913.118 2.475E+10
   913.631 2.479E+10
   914.145 2.483E+10
   914.658 2.485E+10
   915.171 2.485E+10
   915.685 2.485E+10
   916.198 2.485E+10
   916.711 2.484E+10
   917.225 2.483E+10
   917.738 2.481E+10
   918.251 2.480E+10
   918.765 2.477E+10
   919.278 2.468E+10
   919.792 2.449E+10
   920.305 2.414E+10
   920.818 2.359E+10
   921.332 2.289E+10
   921.845 2.216E+10
   922.358 2.159E+10
   922.872 2.139E+10
   923.385 2.168E+10
   923.898 2.242E+10
   924.412 2.338E+10
   924.925 2.431E+10
   925.438 2.510E+10
   925.952 2.580E+10
   926.465 2.658E+10
   926.979 2.753E+10
   927.492 2.855E+10
   928.005 2.939E+10
   928.519 2.977E+10
   929.032 2.957E+10
   929.545 2.889E+10
   930.059 2.811E+10
   930.572 2.762E+10
   931.085 2.769E+10
   931.599 2.826E+10
   932.112 2.909E+10
   932.625 2.996E+10
   933.139 3.078E+10
   933.652 3.160E+10
   934.166 3.237E+10
   934.679 3.287E+10
   935.192 3.284E+10
   935.706 3.208E+10
   936.219 3.070E+10
   936.732 2.907E+10
   937.246 2.776E+10
   937.759 2.722E+10
   938.272 2.764E+10
   938.786 2.885E+10
   939.299 3.040E+10
   939.813 3.184E+10
   940.326 3.278E+10
   940.839 3.305E+10
   941.353 3.278E+10
   941.866 3.233E+10
   942.379 3.212E+10
   942.893 3.244E+10
   943.406 3.329E+10
   943.919 3.441E+10
   944.433 3.544E+10
   944.946 3.612E+10
   945.460 3.628E+10
   945.973 3.589E+10
   946.486 3.490E+10
   947.000 3.328E+10
   947.513 3.117E+10
   948.026 2.884E+10
   948.540 2.671E+10
   949.053 2.528E+10
   949.566 2.489E+10
   950.080 2.562E+10
   950.593 2.729E+10
   951.106 2.947E+10
   951.620 3.167E+10
   952.133 3.349E+10
   952.647 3.467E+10
   953.160 3.516E+10
   953.673 3.505E+10
   954.187 3.454E+10
   954.700 3.396E+10
   955.213 3.356E+10
   955.727 3.340E+10
   956.240 3.337E+10
   956.753 3.316E+10
   957.267 3.261E+10
   957.780 3.183E+10
   958.294 3.118E+10
   958.807 3.106E+10
   959.320 3.161E+10
   959.834 3.267E+10
   960.347 3.387E+10
   960.860 3.488E+10
   961.374 3.553E+10
   961.887 3.587E+10
   962.400 3.599E+10
   962.914 3.602E+10
   963.427 3.604E+10
   963.940 3.598E+10
   964.454 3.584E+10
   964.967 3.562E+10
   965.481 3.536E+10
   965.994 3.513E+10
   966.507 3.501E+10
   967.021 3.498E+10
   967.534 3.498E+10
   968.047 3.491E+10
   968.561 3.468E+10
   969.074 3.419E+10
   969.587 3.334E+10
   970.101 3.205E+10
   970.614 3.030E+10
   971.128 2.829E+10
   971.641 2.642E+10
   972.154 2.518E+10
   972.668 2.494E+10
   973.181 2.572E+10
   973.694 2.723E+10
   974.208 2.898E+10
   974.721 3.050E+10
   975.234 3.151E+10
   975.748 3.197E+10
   976.261 3.202E+10
   976.774 3.194E+10
   977.288 3.191E+10
   977.801 3.204E+10
   978.315 3.230E+10
   978.828 3.261E+10
   979.341 3.289E+10
   979.855 3.317E+10
   980.368 3.353E+10
   980.881 3.392E+10
   981.395 3.429E+10
   981.908 3.452E+10
   982.421 3.458E+10
   982.935 3.449E+10
   983.448 3.428E+10
   983.962 3.403E+10
   984.475 3.379E+10
   984.988 3.364E+10
   985.502 3.357E+10
   986.015 3.349E+10
   986.528 3.327E+10
   987.042 3.278E+10
   987.555 3.202E+10
   988.068 3.102E+10
   988.582 3.002E+10
   989.095 2.913E+10
   989.608 2.840E+10
   990.122 2.774E+10
   990.635 2.703E+10
   991.149 2.634E+10
   991.662 2.588E+10
   992.175 2.590E+10
   992.689 2.655E+10
   993.202 2.769E+10
   993.715 2.902E+10
   994.229 3.025E+10
   994.742 3.120E+10
   995.255 3.181E+10
   995.769 3.215E+10
   996.282 3.231E+10
   996.796 3.232E+10
   997.309 3.229E+10
   997.822 3.226E+10
   998.336 3.223E+10
   998.849 3.220E+10
   999.362 3.217E+10
   999.876 3.206E+10
  1000.389 3.194E+10
  1000.902 3.179E+10
  1001.416 3.159E+10
  1001.929 3.143E+10
  1002.443 3.129E+10
  1002.956 3.124E+10
  1003.469 3.127E+10
  1003.983 3.134E+10
  1004.496 3.143E+10
  1005.009 3.146E+10
  1005.523 3.147E+10
  1006.036 3.146E+10
  1006.549 3.146E+10
  1007.063 3.144E+10
  1007.576 3.139E+10
  1008.089 3.130E+10
  1008.603 3.117E+10
  1009.116 3.100E+10
  1009.630 3.083E+10
  1010.143 3.066E+10
  1010.656 3.052E+10
  1011.170 3.040E+10
  1011.683 3.028E+10
  1012.196 3.020E+10
  1012.710 3.013E+10
  1013.223 3.013E+10
  1013.736 3.018E+10
  1014.250 3.026E+10
  1014.763 3.032E+10
  1015.276 3.032E+10
  1015.790 3.028E+10
  1016.303 3.018E+10
  1016.817 3.010E+10
  1017.330 3.004E+10
  1017.843 3.002E+10
  1018.357 3.004E+10
  1018.870 3.002E+10
  1019.383 2.997E+10
  1019.897 2.987E+10
  1020.410 2.974E+10
  1020.923 2.957E+10
  1021.437 2.936E+10
  1021.950 2.903E+10
  1022.464 2.843E+10
  1022.977 2.750E+10
  1023.490 2.620E+10
  1024.004 2.462E+10
  1024.517 2.300E+10
  1025.030 2.170E+10
  1025.544 2.106E+10
  1026.057 2.124E+10
  1026.570 2.215E+10
  1027.084 2.349E+10
  1027.597 2.489E+10
  1028.110 2.611E+10
  1028.624 2.702E+10
  1029.137 2.766E+10
  1029.651 2.808E+10
  1030.164 2.835E+10
  1030.677 2.855E+10
  1031.191 2.863E+10
  1031.704 2.860E+10
  1032.217 2.851E+10
  1032.731 2.836E+10
  1033.244 2.824E+10
  1033.757 2.815E+10
  1034.271 2.809E+10
  1034.784 2.803E+10
  1035.297 2.795E+10
  1035.811 2.790E+10
  1036.324 2.793E+10
  1036.838 2.805E+10
  1037.351 2.824E+10
  1037.864 2.847E+10
  1038.378 2.866E+10
  1038.891 2.879E+10
  1039.404 2.885E+10
  1039.918 2.886E+10
  1040.431 2.885E+10
  1040.944 2.882E+10
  1041.458 2.875E+10
  1041.971 2.864E+10
  1042.485 2.846E+10
  1042.998 2.822E+10
  1043.511 2.793E+10
  1044.025 2.762E+10
  1044.538 2.732E+10
  1045.051 2.707E+10
  1045.565 2.690E+10
  1046.078 2.684E+10
  1046.591 2.686E+10
  1047.105 2.693E+10
  1047.618 2.699E+10
  1048.131 2.709E+10
  1048.645 2.719E+10
  1049.158 2.732E+10
  1049.672 2.747E+10
  1050.185 2.760E+10
  1050.698 2.771E+10
  1051.212 2.778E+10
  1051.725 2.780E+10
  1052.238 2.781E+10
  1052.752 2.778E+10
  1053.265 2.773E+10
  1053.778 2.766E+10
  1054.292 2.758E+10
  1054.805 2.750E+10
  1055.319 2.744E+10
  1055.832 2.736E+10
  1056.345 2.725E+10
  1056.859 2.707E+10
  1057.372 2.681E+10
  1057.885 2.653E+10
  1058.399 2.627E+10
  1058.912 2.604E+10
  1059.425 2.581E+10
  1059.939 2.554E+10
  1060.452 2.515E+10
  1060.966 2.469E+10
  1061.479 2.424E+10
  1061.992 2.400E+10
  1062.506 2.411E+10
  1063.019 2.451E+10
  1063.532 2.514E+10
  1064.046 2.577E+10
  1064.559 2.621E+10
  1065.072 2.637E+10
  1065.586 2.624E+10
  1066.099 2.591E+10
  1066.612 2.549E+10
  1067.126 2.512E+10
  1067.639 2.490E+10
  1068.153 2.490E+10
  1068.666 2.505E+10
  1069.179 2.528E+10
  1069.693 2.553E+10
  1070.206 2.571E+10
  1070.719 2.580E+10
  1071.233 2.578E+10
  1071.746 2.563E+10
  1072.259 2.543E+10
  1072.773 2.518E+10
  1073.286 2.501E+10
  1073.800 2.495E+10
  1074.313 2.499E+10
  1074.826 2.514E+10
  1075.340 2.529E+10
  1075.853 2.540E+10
  1076.366 2.542E+10
  1076.880 2.537E+10
  1077.393 2.528E+10
  1077.906 2.516E+10
  1078.420 2.508E+10
  1078.933 2.502E+10
  1079.447 2.494E+10
  1079.960 2.482E+10
  1080.473 2.464E+10
  1080.987 2.442E+10
  1081.500 2.414E+10
  1082.013 2.375E+10
  1082.527 2.319E+10
  1083.040 2.244E+10
  1083.553 2.159E+10
  1084.067 2.082E+10
  1084.580 2.036E+10
  1085.094 2.037E+10
  1085.607 2.083E+10
  1086.120 2.163E+10
  1086.634 2.251E+10
  1087.147 2.327E+10
  1087.660 2.382E+10
  1088.174 2.414E+10
  1088.687 2.430E+10
  1089.200 2.437E+10
  1089.714 2.437E+10
  1090.227 2.436E+10
  1090.740 2.433E+10
  1091.254 2.427E+10
  1091.767 2.421E+10
  1092.281 2.416E+10
  1092.794 2.411E+10
  1093.307 2.410E+10
  1093.821 2.413E+10
  1094.334 2.421E+10
  1094.847 2.432E+10
  1095.361 2.443E+10
  1095.874 2.452E+10
  1096.387 2.457E+10
  1096.901 2.456E+10
  1097.414 2.449E+10
  1097.927 2.437E+10
  1098.441 2.419E+10
  1098.954 2.401E+10
  1099.468 2.386E+10
  1099.981 2.378E+10
  1100.494 2.376E+10
  1101.008 2.379E+10
  1101.521 2.384E+10
  1102.034 2.387E+10
  1102.548 2.388E+10
  1103.061 2.385E+10
  1103.574 2.379E+10
  1104.088 2.370E+10
  1104.601 2.358E+10
  1105.115 2.342E+10
  1105.628 2.319E+10
  1106.141 2.286E+10
  1106.655 2.248E+10
  1107.168 2.213E+10
  1107.681 2.193E+10
  1108.195 2.193E+10
  1108.708 2.212E+10
  1109.221 2.239E+10
  1109.735 2.263E+10
  1110.248 2.279E+10
  1110.761 2.284E+10
  1111.275 2.283E+10
  1111.788 2.275E+10
  1112.302 2.268E+10
  1112.815 2.259E+10
  1113.328 2.247E+10
  1113.842 2.234E+10
  1114.355 2.220E+10
  1114.868 2.204E+10
  1115.382 2.190E+10
  1115.895 2.173E+10
  1116.408 2.154E+10
  1116.922 2.135E+10
  1117.435 2.118E+10
  1117.948 2.111E+10
  1118.462 2.118E+10
  1118.975 2.141E+10
  1119.489 2.167E+10
  1120.002 2.192E+10
  1120.515 2.211E+10
  1121.029 2.219E+10
  1121.542 2.219E+10
  1122.055 2.212E+10
  1122.569 2.199E+10
  1123.082 2.184E+10
  1123.595 2.170E+10
  1124.109 2.159E+10
  1124.622 2.154E+10
  1125.135 2.147E+10
  1125.649 2.134E+10
  1126.162 2.110E+10
  1126.676 2.079E+10
  1127.189 2.048E+10
  1127.702 2.030E+10
  1128.216 2.034E+10
  1128.729 2.058E+10
  1129.242 2.092E+10
  1129.756 2.122E+10
  1130.269 2.140E+10
  1130.782 2.147E+10
  1131.296 2.145E+10
  1131.809 2.140E+10
  1132.323 2.134E+10
  1132.836 2.128E+10
  1133.349 2.124E+10
  1133.863 2.119E+10
  1134.376 2.115E+10
  1134.889 2.112E+10
  1135.403 2.114E+10
  1135.916 2.115E+10
  1136.429 2.118E+10
  1136.943 2.117E+10
  1137.456 2.113E+10
  1137.969 2.112E+10
  1138.483 2.115E+10
  1138.996 2.124E+10
  1139.510 2.137E+10
  1140.023 2.150E+10
  1140.536 2.158E+10
  1141.050 2.157E+10
  1141.563 2.149E+10
  1142.076 2.135E+10
  1142.590 2.118E+10
  1143.103 2.101E+10
  1143.616 2.087E+10
  1144.130 2.079E+10
  1144.643 2.079E+10
  1145.156 2.086E+10
  1145.670 2.096E+10
  1146.183 2.110E+10
  1146.697 2.118E+10
  1147.210 2.120E+10
  1147.723 2.112E+10
  1148.237 2.094E+10
  1148.750 2.067E+10
  1149.263 2.035E+10
  1149.777 2.004E+10
  1150.290 1.980E+10
  1150.803 1.964E+10
  1151.317 1.956E+10
  1151.830 1.953E+10
  1152.344 1.955E+10
  1152.857 1.957E+10
  1153.370 1.963E+10
  1153.884 1.971E+10
  1154.397 1.982E+10
  1154.910 1.994E+10
  1155.424 2.006E+10
  1155.937 2.015E+10
  1156.450 2.019E+10
  1156.964 2.016E+10
  1157.477 2.011E+10
  1157.991 2.004E+10
  1158.504 2.001E+10
  1159.017 2.002E+10
  1159.531 2.008E+10
  1160.044 2.017E+10
  1160.557 2.023E+10
  1161.071 2.024E+10
  1161.584 2.016E+10
  1162.097 1.997E+10
  1162.611 1.969E+10
  1163.124 1.934E+10
  1163.637 1.899E+10
  1164.151 1.871E+10
  1164.664 1.854E+10
  1165.178 1.847E+10
  1165.691 1.846E+10
  1166.204 1.844E+10
  1166.718 1.838E+10
  1167.231 1.820E+10
  1167.744 1.796E+10
  1168.258 1.772E+10
  1168.771 1.764E+10
  1169.284 1.776E+10
  1169.798 1.806E+10
  1170.311 1.840E+10
  1170.825 1.868E+10
  1171.338 1.884E+10
  1171.851 1.891E+10
  1172.365 1.892E+10
  1172.878 1.890E+10
  1173.391 1.879E+10
  1173.905 1.855E+10
  1174.418 1.818E+10
  1174.931 1.780E+10
  1175.445 1.749E+10
  1175.958 1.735E+10
  1176.472 1.742E+10
  1176.985 1.759E+10
  1177.498 1.781E+10
  1178.012 1.800E+10
  1178.525 1.813E+10
  1179.038 1.824E+10
  1179.552 1.834E+10
  1180.065 1.849E+10
  1180.578 1.860E+10
  1181.092 1.863E+10
  1181.605 1.857E+10
  1182.118 1.843E+10
  1182.632 1.826E+10
  1183.145 1.815E+10
  1183.659 1.811E+10
  1184.172 1.815E+10
  1184.685 1.824E+10
  1185.199 1.834E+10
  1185.712 1.842E+10
  1186.225 1.845E+10
  1186.739 1.844E+10
  1187.252 1.839E+10
  1187.765 1.836E+10
  1188.279 1.833E+10
  1188.792 1.830E+10
  1189.306 1.825E+10
  1189.819 1.820E+10
  1190.332 1.817E+10
  1190.846 1.815E+10
  1191.359 1.812E+10
  1191.872 1.801E+10
  1192.386 1.781E+10
  1192.899 1.751E+10
  1193.412 1.712E+10
  1193.926 1.672E+10
  1194.439 1.636E+10
  1194.953 1.612E+10
  1195.466 1.603E+10
  1195.979 1.605E+10
  1196.493 1.613E+10
  1197.006 1.622E+10
  1197.519 1.628E+10
  1198.033 1.632E+10
  1198.546 1.635E+10
  1199.059 1.638E+10
  1199.573 1.640E+10
  1200.086 1.636E+10
  1200.599 1.626E+10
  1201.113 1.614E+10
  1201.626 1.608E+10
  1202.140 1.610E+10
  1202.653 1.621E+10
  1203.166 1.635E+10
  1203.680 1.648E+10
  1204.193 1.656E+10
  1204.706 1.662E+10
  1205.220 1.666E+10
  1205.733 1.669E+10
  1206.246 1.673E+10
  1206.760 1.673E+10
  1207.273 1.669E+10
  1207.786 1.657E+10
  1208.300 1.638E+10
  1208.813 1.616E+10
  1209.327 1.594E+10
  1209.840 1.577E+10
  1210.353 1.565E+10
  1210.867 1.559E+10
  1211.380 1.552E+10
  1211.893 1.535E+10
  1212.407 1.505E+10
  1212.920 1.460E+10
  1213.433 1.403E+10
  1213.947 1.341E+10
  1214.460 1.282E+10
  1214.974 1.240E+10
  1215.487 1.226E+10
  1216.000 1.243E+10
  1216.514 1.287E+10
  1217.027 1.346E+10
  1217.540 1.407E+10
  1218.054 1.466E+10
  1218.567 1.515E+10
  1219.080 1.552E+10
  1219.594 1.575E+10
  1220.107 1.584E+10
  1220.620 1.583E+10
  1221.134 1.576E+10
  1221.647 1.572E+10
  1222.161 1.574E+10
  1222.674 1.579E+10
  1223.187 1.584E+10
  1223.701 1.587E+10
  1224.214 1.590E+10
  1224.727 1.594E+10
  1225.241 1.603E+10
  1225.754 1.614E+10
  1226.267 1.622E+10
  1226.781 1.622E+10
  1227.294 1.615E+10
  1227.807 1.598E+10
  1228.321 1.577E+10
  1228.834 1.553E+10
  1229.348 1.528E+10
  1229.861 1.506E+10
  1230.374 1.489E+10
  1230.888 1.476E+10
  1231.401 1.462E+10
  1231.914 1.445E+10
  1232.428 1.424E+10
  1232.941 1.402E+10
  1233.454 1.387E+10
  1233.968 1.385E+10
  1234.481 1.390E+10
  1234.995 1.394E+10
  1235.508 1.388E+10
  1236.021 1.361E+10
  1236.535 1.310E+10
  1237.048 1.237E+10
  1237.561 1.154E+10
  1238.075 1.077E+10
  1238.588 1.028E+10
  1239.101 1.015E+10
  1239.615 1.034E+10
  1240.128 1.064E+10
  1240.641 1.084E+10
  1241.155 1.079E+10
  1241.668 1.053E+10
  1242.182 1.025E+10
  1242.695 1.015E+10
  1243.208 1.034E+10
  1243.722 1.081E+10
  1244.235 1.142E+10
  1244.748 1.204E+10
  1245.262 1.255E+10
  1245.775 1.293E+10
  1246.288 1.320E+10
  1246.802 1.337E+10
  1247.315 1.347E+10
  1247.829 1.354E+10
  1248.342 1.358E+10
  1248.855 1.360E+10
  1249.369 1.355E+10
  1249.882 1.345E+10
  1250.395 1.330E+10
  1250.909 1.313E+10
  1251.422 1.295E+10
  1251.935 1.278E+10
  1252.449 1.268E+10
  1252.962 1.268E+10
  1253.476 1.281E+10
  1253.989 1.304E+10
  1254.502 1.329E+10
  1255.016 1.350E+10
  1255.529 1.361E+10
  1256.042 1.362E+10
  1256.556 1.358E+10
  1257.069 1.354E+10
  1257.582 1.349E+10
  1258.096 1.348E+10
  1258.609 1.348E+10
  1259.123 1.351E+10
  1259.636 1.357E+10
  1260.149 1.361E+10
  1260.663 1.364E+10
  1261.176 1.366E+10
  1261.689 1.365E+10
  1262.203 1.363E+10
  1262.716 1.361E+10
  1263.229 1.356E+10
  1263.743 1.351E+10
  1264.256 1.346E+10
  1264.769 1.341E+10
  1265.283 1.334E+10
  1265.796 1.324E+10
  1266.310 1.314E+10
  1266.823 1.306E+10
  1267.336 1.304E+10
  1267.850 1.307E+10
  1268.363 1.312E+10
  1268.876 1.316E+10
  1269.390 1.320E+10
  1269.903 1.324E+10
  1270.416 1.330E+10
  1270.930 1.337E+10
  1271.443 1.342E+10
  1271.957 1.347E+10
  1272.470 1.350E+10
  1272.983 1.354E+10
  1273.497 1.363E+10
  1274.010 1.374E+10
  1274.523 1.385E+10
  1275.037 1.390E+10
  1275.550 1.388E+10
  1276.063 1.381E+10
  1276.577 1.374E+10
  1277.090 1.370E+10
  1277.604 1.365E+10
  1278.117 1.357E+10
  1278.630 1.342E+10
  1279.144 1.324E+10
  1279.657 1.308E+10
  1280.170 1.299E+10
  1280.684 1.299E+10
  1281.197 1.303E+10
  1281.710 1.307E+10
  1282.224 1.312E+10
  1282.737 1.315E+10
  1283.250 1.318E+10
  1283.764 1.318E+10
  1284.277 1.317E+10
  1284.791 1.316E+10
  1285.304 1.312E+10
  1285.817 1.306E+10
  1286.331 1.301E+10
  1286.844 1.297E+10
  1287.357 1.299E+10
  1287.871 1.306E+10
  1288.384 1.319E+10
  1288.897 1.335E+10
  1289.411 1.349E+10
  1289.924 1.361E+10
  1290.438 1.370E+10
  1290.951 1.376E+10
  1291.464 1.381E+10
  1291.978 1.382E+10
  1292.491 1.382E+10
  1293.004 1.379E+10
  1293.518 1.373E+10
  1294.031 1.362E+10
  1294.544 1.349E+10
  1295.058 1.334E+10
  1295.571 1.322E+10
  1296.084 1.315E+10
  1296.598 1.316E+10
  1297.111 1.322E+10
  1297.625 1.332E+10
  1298.138 1.342E+10
  1298.651 1.351E+10
  1299.165 1.354E+10
  1299.678 1.351E+10
  1300.191 1.340E+10
  1300.705 1.324E+10
  1301.218 1.307E+10
  1301.731 1.292E+10
  1302.245 1.282E+10
  1302.758 1.274E+10
  1303.271 1.271E+10
  1303.785 1.265E+10
  1304.298 1.257E+10
  1304.812 1.247E+10
  1305.325 1.232E+10
  1305.838 1.218E+10
  1306.352 1.208E+10
  1306.865 1.202E+10
  1307.378 1.200E+10
  1307.892 1.198E+10
  1308.405 1.197E+10
  1308.918 1.196E+10
  1309.432 1.195E+10
  1309.945 1.194E+10
  1310.458 1.194E+10
  1310.972 1.196E+10
  1311.485 1.200E+10
  1311.999 1.205E+10
  1312.512 1.210E+10
  1313.025 1.212E+10
  1313.539 1.210E+10
  1314.052 1.205E+10
  1314.565 1.200E+10
  1315.079 1.198E+10
  1315.592 1.199E+10
  1316.105 1.200E+10
  1316.619 1.197E+10
  1317.132 1.188E+10
  1317.646 1.177E+10
  1318.159 1.169E+10
  1318.672 1.165E+10
  1319.186 1.166E+10
  1319.699 1.171E+10
  1320.212 1.176E+10
  1320.726 1.184E+10
  1321.239 1.194E+10
  1321.752 1.204E+10
  1322.266 1.212E+10
  1322.779 1.214E+10
  1323.292 1.210E+10
  1323.806 1.207E+10
  1324.319 1.209E+10
  1324.833 1.216E+10
  1325.346 1.228E+10
  1325.859 1.237E+10
  1326.373 1.241E+10
  1326.886 1.239E+10
  1327.399 1.234E+10
  1327.913 1.229E+10
  1328.426 1.225E+10
  1328.939 1.222E+10
  1329.453 1.216E+10
  1329.966 1.210E+10
  1330.479 1.203E+10
  1330.993 1.196E+10
  1331.506 1.189E+10
  1332.020 1.182E+10
  1332.533 1.176E+10
  1333.046 1.170E+10
  1333.560 1.169E+10
  1334.073 1.171E+10
  1334.586 1.175E+10
  1335.100 1.179E+10
  1335.613 1.182E+10
  1336.126 1.183E+10
  1336.640 1.186E+10
  1337.153 1.194E+10
  1337.667 1.204E+10
  1338.180 1.213E+10
  1338.693 1.220E+10
  1339.207 1.223E+10
  1339.720 1.222E+10
  1340.233 1.220E+10
  1340.747 1.217E+10
  1341.260 1.213E+10
  1341.773 1.207E+10
  1342.287 1.200E+10
  1342.800 1.194E+10
  1343.313 1.188E+10
  1343.827 1.184E+10
  1344.340 1.183E+10
  1344.854 1.185E+10
  1345.367 1.188E+10
  1345.880 1.192E+10
  1346.394 1.195E+10
  1346.907 1.196E+10
  1347.420 1.195E+10
  1347.934 1.194E+10
  1348.447 1.194E+10
  1348.960 1.193E+10
  1349.474 1.188E+10
  1349.987 1.179E+10
  1350.500 1.169E+10
  1351.014 1.160E+10
  1351.527 1.155E+10
  1352.041 1.153E+10
  1352.554 1.151E+10
  1353.067 1.147E+10
  1353.581 1.139E+10
  1354.094 1.131E+10
  1354.607 1.125E+10
  1355.121 1.125E+10
  1355.634 1.128E+10
  1356.147 1.133E+10
  1356.661 1.136E+10
  1357.174 1.134E+10
  1357.688 1.131E+10
  1358.201 1.128E+10
  1358.714 1.126E+10
  1359.228 1.126E+10
  1359.741 1.126E+10
  1360.254 1.124E+10
  1360.768 1.116E+10
  1361.281 1.106E+10
  1361.794 1.096E+10
  1362.308 1.088E+10
  1362.821 1.085E+10
  1363.335 1.085E+10
  1363.848 1.087E+10
  1364.361 1.093E+10
  1364.875 1.099E+10
  1365.388 1.106E+10
  1365.901 1.116E+10
  1366.415 1.130E+10
  1366.928 1.142E+10
  1367.441 1.151E+10
  1367.955 1.153E+10
  1368.468 1.146E+10
  1368.981 1.129E+10
  1369.495 1.101E+10
  1370.008 1.066E+10
  1370.522 1.032E+10
  1371.035 1.005E+10
  1371.548 9.927E+09
  1372.062 9.938E+09
  1372.575 1.005E+10
  1373.088 1.019E+10
  1373.602 1.032E+10
  1374.115 1.043E+10
  1374.628 1.051E+10
  1375.142 1.060E+10
  1375.655 1.066E+10
  1376.169 1.070E+10
  1376.682 1.075E+10
  1377.195 1.077E+10
  1377.709 1.078E+10
  1378.222 1.079E+10
  1378.735 1.081E+10
  1379.249 1.085E+10
  1379.762 1.091E+10
  1380.275 1.098E+10
  1380.789 1.103E+10
  1381.302 1.106E+10
  1381.816 1.104E+10
  1382.329 1.097E+10
  1382.842 1.087E+10
  1383.356 1.076E+10
  1383.869 1.063E+10
  1384.382 1.052E+10
  1384.896 1.044E+10
  1385.409 1.040E+10
  1385.922 1.039E+10
  1386.436 1.038E+10
  1386.949 1.038E+10
  1387.462 1.038E+10
  1387.976 1.039E+10
  1388.489 1.042E+10
  1389.003 1.048E+10
  1389.516 1.053E+10
  1390.029 1.056E+10
  1390.543 1.056E+10
  1391.056 1.050E+10
  1391.569 1.040E+10
  1392.083 1.025E+10
  1392.596 1.009E+10
  1393.109 9.955E+09
  1393.623 9.899E+09
  1394.136 9.956E+09
  1394.650 1.010E+10
  1395.163 1.028E+10
  1395.676 1.042E+10
  1396.190 1.049E+10
  1396.703 1.050E+10
  1397.216 1.047E+10
  1397.730 1.047E+10
  1398.243 1.050E+10
  1398.756 1.054E+10
  1399.270 1.055E+10
  1399.783 1.051E+10
  1400.297 1.042E+10
  1400.810 1.029E+10
  1401.323 1.015E+10
  1401.837 1.002E+10
  1402.350 9.938E+09
  1402.863 9.926E+09
  1403.377 9.994E+09
  1403.890 1.011E+10
  1404.403 1.020E+10
  1404.917 1.025E+10
  1405.430 1.022E+10
  1405.943 1.012E+10
  1406.457 1.000E+10
  1406.970 9.896E+09
  1407.484 9.816E+09
  1407.997 9.760E+09
  1408.510 9.736E+09
  1409.024 9.751E+09
  1409.537 9.826E+09
  1410.050 9.957E+09
  1410.564 1.012E+10
  1411.077 1.027E+10
  1411.590 1.041E+10
  1412.104 1.053E+10
  1412.617 1.060E+10
  1413.130 1.061E+10
  1413.644 1.055E+10
  1414.157 1.043E+10
  1414.671 1.029E+10
  1415.184 1.016E+10
  1415.697 1.008E+10
  1416.211 1.005E+10
  1416.724 1.006E+10
  1417.237 1.008E+10
  1417.751 1.010E+10
  1418.264 1.008E+10
  1418.777 1.002E+10
  1419.291 9.944E+09
  1419.804 9.872E+09
  1420.318 9.844E+09
  1420.831 9.882E+09
  1421.344 9.980E+09
  1421.858 1.011E+10
  1422.371 1.022E+10
  1422.884 1.030E+10
  1423.398 1.034E+10
  1423.911 1.034E+10
  1424.424 1.031E+10
  1424.938 1.025E+10
  1425.451 1.019E+10
  1425.964 1.012E+10
  1426.478 1.004E+10
  1426.991 9.964E+09
  1427.505 9.887E+09
  1428.018 9.800E+09
  1428.531 9.721E+09
  1429.045 9.637E+09
  1429.558 9.567E+09
  1430.071 9.535E+09
  1430.585 9.535E+09
  1431.098 9.583E+09
  1431.611 9.644E+09
  1432.125 9.703E+09
  1432.638 9.762E+09
  1433.152 9.807E+09
  1433.665 9.846E+09
  1434.178 9.862E+09
  1434.692 9.863E+09
  1435.205 9.846E+09
  1435.718 9.811E+09
  1436.232 9.768E+09
  1436.745 9.721E+09
  1437.258 9.676E+09
  1437.772 9.631E+09
  1438.285 9.586E+09
  1438.799 9.529E+09
  1439.312 9.461E+09
  1439.825 9.389E+09
  1440.339 9.337E+09
  1440.852 9.328E+09
  1441.365 9.365E+09
  1441.879 9.440E+09
  1442.392 9.530E+09
  1442.905 9.610E+09
  1443.419 9.649E+09
  1443.932 9.639E+09
  1444.445 9.580E+09
  1444.959 9.487E+09
  1445.472 9.404E+09
  1445.986 9.353E+09
  1446.499 9.336E+09
  1447.012 9.341E+09
  1447.526 9.342E+09
  1448.039 9.333E+09
  1448.552 9.315E+09
  1449.066 9.295E+09
  1449.579 9.289E+09
  1450.092 9.294E+09
  1450.606 9.295E+09
  1451.119 9.281E+09
  1451.633 9.243E+09
  1452.146 9.188E+09
  1452.659 9.115E+09
  1453.173 9.042E+09
  1453.686 8.991E+09
  1454.199 8.966E+09
  1454.713 8.974E+09
  1455.226 9.004E+09
  1455.739 9.059E+09
  1456.253 9.136E+09
  1456.766 9.212E+09
  1457.280 9.273E+09
  1457.793 9.302E+09
  1458.306 9.284E+09
  1458.820 9.235E+09
  1459.333 9.173E+09
  1459.846 9.120E+09
  1460.360 9.099E+09
  1460.873 9.110E+09
  1461.386 9.144E+09
  1461.900 9.180E+09
  1462.413 9.205E+09
  1462.926 9.201E+09
  1463.440 9.164E+09
  1463.953 9.106E+09
  1464.467 9.050E+09
  1464.980 9.017E+09
  1465.493 9.008E+09
  1466.007 9.025E+09
  1466.520 9.064E+09
  1467.033 9.104E+09
  1467.547 9.138E+09
  1468.060 9.160E+09
  1468.573 9.178E+09
  1469.087 9.202E+09
  1469.600 9.219E+09
  1470.114 9.217E+09
  1470.627 9.183E+09
  1471.140 9.118E+09
  1471.654 9.039E+09
  1472.167 8.970E+09
  1472.680 8.936E+09
  1473.194 8.929E+09
  1473.707 8.929E+09
  1474.220 8.927E+09
  1474.734 8.909E+09
  1475.247 8.885E+09
  1475.760 8.849E+09
  1476.274 8.813E+09
  1476.787 8.775E+09
  1477.301 8.745E+09
  1477.814 8.737E+09
  1478.327 8.745E+09
  1478.841 8.775E+09
  1479.354 8.818E+09
  1479.867 8.859E+09
  1480.381 8.897E+09
  1480.894 8.927E+09
  1481.407 8.931E+09
  1481.921 8.912E+09
  1482.434 8.881E+09
  1482.948 8.826E+09
  1483.461 8.770E+09
  1483.974 8.722E+09
  1484.488 8.685E+09
  1485.001 8.676E+09
  1485.514 8.691E+09
  1486.028 8.728E+09
  1486.541 8.785E+09
  1487.054 8.835E+09
  1487.568 8.861E+09
  1488.081 8.858E+09
  1488.594 8.818E+09
  1489.108 8.774E+09
  1489.621 8.746E+09
  1490.135 8.755E+09
  1490.648 8.803E+09
  1491.161 8.864E+09
  1491.675 8.924E+09
  1492.188 8.959E+09
  1492.701 8.964E+09
  1493.215 8.940E+09
  1493.728 8.896E+09
  1494.241 8.841E+09
  1494.755 8.782E+09
  1495.268 8.732E+09
  1495.781 8.693E+09
  1496.295 8.668E+09
  1496.808 8.648E+09
  1497.322 8.624E+09
  1497.835 8.595E+09
  1498.348 8.571E+09
  1498.862 8.567E+09
  1499.375 8.583E+09
  1499.888 8.621E+09
  1500.402 8.662E+09
  1500.915 8.699E+09
  1501.428 8.717E+09
  1501.942 8.704E+09
  1502.455 8.671E+09
  1502.969 8.616E+09
  1503.482 8.567E+09
  1503.995 8.544E+09
  1504.509 8.541E+09
  1505.022 8.560E+09
  1505.535 8.586E+09
  1506.049 8.609E+09
  1506.562 8.625E+09
  1507.075 8.635E+09
  1507.589 8.641E+09
  1508.102 8.647E+09
  1508.615 8.647E+09
  1509.129 8.636E+09
  1509.642 8.622E+09
  1510.156 8.602E+09
  1510.669 8.583E+09
  1511.182 8.566E+09
  1511.696 8.550E+09
  1512.209 8.537E+09
  1512.722 8.520E+09
  1513.236 8.508E+09
  1513.749 8.500E+09
  1514.262 8.493E+09
  1514.776 8.488E+09
  1515.289 8.476E+09
  1515.802 8.466E+09
  1516.316 8.457E+09
  1516.829 8.455E+09
  1517.343 8.452E+09
  1517.856 8.437E+09
  1518.369 8.408E+09
  1518.883 8.363E+09
  1519.396 8.320E+09
  1519.909 8.302E+09
  1520.423 8.310E+09
  1520.936 8.350E+09
  1521.449 8.408E+09
  1521.963 8.458E+09
  1522.476 8.490E+09
  1522.990 8.492E+09
  1523.503 8.461E+09
  1524.016 8.407E+09
  1524.530 8.347E+09
  1525.043 8.289E+09
  1525.556 8.245E+09
  1526.070 8.217E+09
  1526.583 8.201E+09
  1527.096 8.197E+09
  1527.610 8.201E+09
  1528.123 8.209E+09
  1528.636 8.214E+09
  1529.150 8.210E+09
  1529.663 8.196E+09
  1530.177 8.172E+09
  1530.690 8.139E+09
  1531.203 8.098E+09
  1531.717 8.046E+09
  1532.230 7.995E+09
  1532.743 7.956E+09
  1533.257 7.937E+09
  1533.770 7.950E+09
  1534.283 7.985E+09
  1534.797 8.028E+09
  1535.310 8.064E+09
  1535.823 8.089E+09
  1536.337 8.105E+09
  1536.850 8.114E+09
  1537.364 8.121E+09
  1537.877 8.126E+09
  1538.390 8.129E+09
  1538.904 8.134E+09
  1539.417 8.136E+09
  1539.930 8.126E+09
  1540.444 8.096E+09
  1540.957 8.038E+09
  1541.470 7.949E+09
  1541.984 7.841E+09
  1542.497 7.746E+09
  1543.010 7.674E+09
  1543.524 7.642E+09
  1544.037 7.642E+09
  1544.551 7.640E+09
  1545.064 7.608E+09
  1545.577 7.495E+09
  1546.091 7.267E+09
  1546.604 6.930E+09
  1547.117 6.531E+09
  1547.631 6.158E+09
  1548.144 5.896E+09
  1548.657 5.775E+09
  1549.171 5.763E+09
  1549.684 5.808E+09
  1550.198 5.894E+09
  1550.711 6.045E+09
  1551.224 6.290E+09
  1551.738 6.616E+09
  1552.251 6.959E+09
  1552.764 7.248E+09
  1553.278 7.448E+09
  1553.791 7.563E+09
  1554.304 7.613E+09
  1554.818 7.627E+09
  1555.331 7.614E+09
  1555.845 7.587E+09
  1556.358 7.558E+09
  1556.871 7.541E+09
  1557.385 7.553E+09
  1557.898 7.592E+09
  1558.411 7.643E+09
  1558.925 7.690E+09
  1559.438 7.722E+09
  1559.951 7.737E+09
  1560.465 7.747E+09
  1560.978 7.755E+09
  1561.491 7.757E+09
  1562.005 7.753E+09
  1562.518 7.742E+09
  1563.032 7.721E+09
  1563.545 7.702E+09
  1564.058 7.691E+09
  1564.572 7.687E+09
  1565.085 7.684E+09
  1565.598 7.676E+09
  1566.112 7.664E+09
  1566.625 7.651E+09
  1567.138 7.633E+09
  1567.652 7.616E+09
  1568.165 7.593E+09
  1568.679 7.563E+09
  1569.192 7.540E+09
  1569.705 7.526E+09
  1570.219 7.530E+09
  1570.732 7.558E+09
  1571.245 7.595E+09
  1571.759 7.637E+09
  1572.272 7.672E+09
  1572.785 7.693E+09
  1573.299 7.699E+09
  1573.812 7.687E+09
  1574.326 7.659E+09
  1574.839 7.622E+09
  1575.352 7.584E+09
  1575.866 7.554E+09
  1576.379 7.538E+09
  1576.892 7.535E+09
  1577.406 7.537E+09
  1577.919 7.542E+09
  1578.432 7.541E+09
  1578.946 7.539E+09
  1579.459 7.533E+09
  1579.972 7.525E+09
  1580.486 7.511E+09
  1580.999 7.485E+09
  1581.513 7.450E+09
  1582.026 7.404E+09
  1582.539 7.359E+09
  1583.053 7.318E+09
  1583.566 7.279E+09
  1584.079 7.244E+09
  1584.593 7.219E+09
  1585.106 7.207E+09
  1585.619 7.210E+09
  1586.133 7.228E+09
  1586.646 7.247E+09
  1587.160 7.251E+09
  1587.673 7.231E+09
  1588.186 7.187E+09
  1588.700 7.136E+09
  1589.213 7.090E+09
  1589.726 7.055E+09
  1590.240 7.035E+09
  1590.753 7.026E+09
  1591.266 7.032E+09
  1591.780 7.053E+09
  1592.293 7.089E+09
  1592.807 7.131E+09
  1593.320 7.172E+09
  1593.833 7.205E+09
  1594.347 7.225E+09
  1594.860 7.233E+09
  1595.373 7.227E+09
  1595.887 7.208E+09
  1596.400 7.176E+09
  1596.913 7.140E+09
  1597.427 7.106E+09
  1597.940 7.084E+09
  1598.453 7.074E+09
  1598.967 7.083E+09
  1599.480 7.100E+09
  1599.994 7.110E+09
  1600.507 7.114E+09
  1601.020 7.108E+09
  1601.534 7.100E+09
  1602.047 7.093E+09
  1602.560 7.079E+09
  1603.074 7.058E+09
  1603.587 7.020E+09
  1604.100 6.973E+09
  1604.614 6.923E+09
  1605.127 6.881E+09
  1605.641 6.858E+09
  1606.154 6.847E+09
  1606.667 6.848E+09
  1607.181 6.857E+09
  1607.694 6.863E+09
  1608.207 6.865E+09
  1608.721 6.859E+09
  1609.234 6.851E+09
  1609.747 6.845E+09
  1610.261 6.847E+09
  1610.774 6.857E+09
  1611.287 6.866E+09
  1611.801 6.871E+09
  1612.314 6.868E+09
  1612.828 6.860E+09
  1613.341 6.848E+09
  1613.854 6.841E+09
  1614.368 6.845E+09
  1614.881 6.854E+09
  1615.394 6.866E+09
  1615.908 6.872E+09
  1616.421 6.867E+09
  1616.934 6.853E+09
  1617.448 6.838E+09
  1617.961 6.828E+09
  1618.474 6.824E+09
  1618.988 6.824E+09
  1619.501 6.821E+09
  1620.015 6.819E+09
  1620.528 6.821E+09
  1621.041 6.825E+09
  1621.555 6.833E+09
  1622.068 6.834E+09
  1622.581 6.823E+09
  1623.095 6.795E+09
  1623.608 6.753E+09
  1624.121 6.709E+09
  1624.635 6.670E+09
  1625.148 6.642E+09
  1625.662 6.632E+09
  1626.175 6.640E+09
  1626.688 6.662E+09
  1627.202 6.688E+09
  1627.715 6.704E+09
  1628.228 6.706E+09
  1628.742 6.690E+09
  1629.255 6.663E+09
  1629.768 6.637E+09
  1630.282 6.622E+09
  1630.795 6.622E+09
  1631.308 6.638E+09
  1631.822 6.670E+09
  1632.335 6.703E+09
  1632.849 6.729E+09
  1633.362 6.744E+09
  1633.875 6.745E+09
  1634.389 6.739E+09
  1634.902 6.731E+09
  1635.415 6.724E+09
  1635.929 6.713E+09
  1636.442 6.690E+09
  1636.955 6.641E+09
  1637.469 6.555E+09
  1637.982 6.426E+09
  1638.496 6.256E+09
  1639.009 6.063E+09
  1639.522 5.883E+09
  1640.036 5.761E+09
  1640.549 5.730E+09
  1641.062 5.796E+09
  1641.576 5.925E+09
  1642.089 6.073E+09
  1642.602 6.200E+09
  1643.116 6.292E+09
  1643.629 6.356E+09
  1644.143 6.405E+09
  1644.656 6.449E+09
  1645.169 6.489E+09
  1645.683 6.525E+09
  1646.196 6.553E+09
  1646.709 6.572E+09
  1647.223 6.583E+09
  1647.736 6.585E+09
  1648.249 6.581E+09
  1648.763 6.573E+09
  1649.276 6.560E+09
  1649.790 6.546E+09
  1650.303 6.527E+09
  1650.816 6.501E+09
  1651.330 6.470E+09
  1651.843 6.436E+09
  1652.356 6.403E+09
  1652.870 6.376E+09
  1653.383 6.356E+09
  1653.896 6.341E+09
  1654.410 6.335E+09
  1654.923 6.334E+09
  1655.436 6.336E+09
  1655.950 6.340E+09
  1656.463 6.343E+09
  1656.977 6.345E+09
  1657.490 6.345E+09
  1658.003 6.348E+09
  1658.517 6.349E+09
  1659.030 6.346E+09
  1659.543 6.335E+09
  1660.057 6.315E+09
  1660.570 6.291E+09
  1661.083 6.268E+09
  1661.597 6.254E+09
  1662.110 6.255E+09
  1662.624 6.271E+09
  1663.137 6.298E+09
  1663.650 6.327E+09
  1664.164 6.351E+09
  1664.677 6.367E+09
  1665.190 6.376E+09
  1665.704 6.378E+09
  1666.217 6.376E+09
  1666.730 6.371E+09
  1667.244 6.362E+09
  1667.757 6.350E+09
  1668.271 6.336E+09
  1668.784 6.322E+09
  1669.297 6.307E+09
  1669.811 6.290E+09
  1670.324 6.269E+09
  1670.837 6.246E+09
  1671.351 6.226E+09
  1671.864 6.213E+09
  1672.377 6.210E+09
  1672.891 6.219E+09
  1673.404 6.233E+09
  1673.917 6.244E+09
  1674.431 6.249E+09
  1674.944 6.240E+09
  1675.458 6.221E+09
  1675.971 6.199E+09
  1676.484 6.183E+09
  1676.998 6.176E+09
  1677.511 6.177E+09
  1678.024 6.184E+09
  1678.538 6.190E+09
  1679.051 6.195E+09
  1679.564 6.197E+09
  1680.078 6.196E+09
  1680.591 6.195E+09
  1681.104 6.194E+09
  1681.618 6.195E+09
  1682.131 6.196E+09
  1682.645 6.199E+09
  1683.158 6.201E+09
  1683.671 6.201E+09
  1684.185 6.196E+09
  1684.698 6.186E+09
  1685.211 6.167E+09
  1685.725 6.141E+09
  1686.238 6.111E+09
  1686.751 6.085E+09
  1687.265 6.070E+09
  1687.778 6.067E+09
  1688.292 6.075E+09
  1688.805 6.084E+09
  1689.318 6.089E+09
  1689.832 6.090E+09
  1690.345 6.089E+09
  1690.858 6.089E+09
  1691.372 6.088E+09
  1691.885 6.086E+09
  1692.398 6.080E+09
  1692.912 6.067E+09
  1693.425 6.051E+09
  1693.938 6.030E+09
  1694.452 6.012E+09
  1694.965 5.998E+09
  1695.479 5.992E+09
  1695.992 5.993E+09
  1696.505 5.994E+09
  1697.019 5.991E+09
  1697.532 5.980E+09
  1698.045 5.958E+09
  1698.559 5.931E+09
  1699.072 5.903E+09
  1699.585 5.880E+09
  1700.099 5.867E+09
  1700.612 5.863E+09
  1701.125 5.865E+09
  1701.639 5.869E+09
  1702.152 5.873E+09
  1702.666 5.872E+09
  1703.179 5.866E+09
  1703.692 5.859E+09
  1704.206 5.852E+09
  1704.719 5.846E+09
  1705.232 5.842E+09
  1705.746 5.838E+09
  1706.259 5.834E+09
  1706.772 5.833E+09
  1707.286 5.833E+09
  1707.799 5.835E+09
  1708.312 5.838E+09
  1708.826 5.838E+09
  1709.339 5.833E+09
  1709.853 5.821E+09
  1710.366 5.807E+09
  1710.879 5.793E+09
  1711.393 5.780E+09
  1711.906 5.775E+09
  1712.419 5.776E+09
  1712.933 5.783E+09
  1713.446 5.791E+09
  1713.959 5.795E+09
  1714.473 5.791E+09
  1714.986 5.775E+09
  1715.500 5.745E+09
  1716.013 5.693E+09
  1716.526 5.617E+09
  1717.040 5.518E+09
  1717.553 5.413E+09
  1718.066 5.330E+09
  1718.580 5.295E+09
  1719.093 5.319E+09
  1719.606 5.386E+09
  1720.120 5.465E+09
  1720.633 5.533E+09
  1721.146 5.574E+09
  1721.660 5.589E+09
  1722.173 5.590E+09
  1722.687 5.585E+09
  1723.200 5.584E+09
  1723.713 5.587E+09
  1724.227 5.590E+09
  1724.740 5.595E+09
  1725.253 5.598E+09
  1725.767 5.600E+09
  1726.280 5.602E+09
  1726.793 5.605E+09
  1727.307 5.610E+09
  1727.820 5.615E+09
  1728.333 5.616E+09
  1728.847 5.612E+09
  1729.360 5.600E+09
  1729.874 5.583E+09
  1730.387 5.567E+09
  1730.900 5.554E+09
  1731.414 5.547E+09
  1731.927 5.545E+09
  1732.440 5.550E+09
  1732.954 5.559E+09
  1733.467 5.569E+09
  1733.980 5.579E+09
  1734.494 5.583E+09
  1735.007 5.579E+09
  1735.521 5.569E+09
  1736.034 5.555E+09
  1736.547 5.542E+09
  1737.061 5.532E+09
  1737.574 5.526E+09
  1738.087 5.523E+09
  1738.601 5.523E+09
  1739.114 5.527E+09
  1739.627 5.532E+09
  1740.141 5.535E+09
  1740.654 5.536E+09
  1741.167 5.532E+09
  1741.681 5.523E+09
  1742.194 5.510E+09
  1742.708 5.492E+09
  1743.221 5.469E+09
  1743.734 5.445E+09
  1744.248 5.420E+09
  1744.761 5.398E+09
  1745.274 5.382E+09
  1745.788 5.371E+09
  1746.301 5.363E+09
  1746.814 5.357E+09
  1747.328 5.355E+09
  1747.841 5.356E+09
  1748.355 5.364E+09
  1748.868 5.374E+09
  1749.381 5.382E+09
  1749.895 5.383E+09
  1750.408 5.375E+09
  1750.921 5.362E+09
  1751.435 5.352E+09
  1751.948 5.348E+09
  1752.461 5.354E+09
  1752.975 5.364E+09
  1753.488 5.375E+09
  1754.001 5.383E+09
  1754.515 5.386E+09
  1755.028 5.385E+09
  1755.542 5.382E+09
  1756.055 5.375E+09
  1756.568 5.366E+09
  1757.082 5.352E+09
  1757.595 5.335E+09
  1758.108 5.317E+09
  1758.622 5.300E+09
  1759.135 5.287E+09
  1759.648 5.279E+09
  1760.162 5.274E+09
  1760.675 5.271E+09
  1761.189 5.272E+09
  1761.702 5.275E+09
  1762.215 5.277E+09
  1762.729 5.276E+09
  1763.242 5.269E+09
  1763.755 5.260E+09
  1764.269 5.249E+09
  1764.782 5.241E+09
  1765.295 5.239E+09
  1765.809 5.240E+09
  1766.322 5.242E+09
  1766.836 5.246E+09
  1767.349 5.247E+09
  1767.862 5.246E+09
  1768.376 5.242E+09
  1768.889 5.234E+09
  1769.402 5.223E+09
  1769.916 5.211E+09
  1770.429 5.201E+09
  1770.942 5.194E+09
  1771.456 5.190E+09
  1771.969 5.189E+09
  1772.482 5.190E+09
  1772.996 5.191E+09
  1773.509 5.193E+09
  1774.023 5.193E+09
  1774.536 5.192E+09
  1775.049 5.187E+09
  1775.563 5.178E+09
  1776.076 5.167E+09
  1776.589 5.154E+09
  1777.103 5.142E+09
  1777.616 5.131E+09
  1778.129 5.123E+09
  1778.643 5.119E+09
  1779.156 5.116E+09
  1779.670 5.115E+09
  1780.183 5.112E+09
  1780.696 5.106E+09
  1781.210 5.098E+09
  1781.723 5.090E+09
  1782.236 5.082E+09
  1782.750 5.077E+09
  1783.263 5.076E+09
  1783.776 5.077E+09
  1784.290 5.079E+09
  1784.803 5.081E+09
  1785.317 5.080E+09
  1785.830 5.077E+09
  1786.343 5.072E+09
  1786.857 5.065E+09
  1787.370 5.057E+09
  1787.883 5.049E+09
  1788.397 5.041E+09
  1788.910 5.035E+09
  1789.423 5.029E+09
  1789.937 5.024E+09
  1790.450 5.017E+09
  1790.963 5.010E+09
  1791.477 5.003E+09
  1791.990 4.997E+09
  1792.504 4.994E+09
  1793.017 4.990E+09
  1793.530 4.987E+09
  1794.044 4.983E+09
  1794.557 4.978E+09
  1795.070 4.970E+09
  1795.584 4.959E+09
  1796.097 4.945E+09
  1796.610 4.930E+09
  1797.124 4.916E+09
  1797.637 4.903E+09
  1798.151 4.892E+09
  1798.664 4.883E+09
  1799.177 4.876E+09
  1799.691 4.873E+09
  1800.204 4.873E+09
  1800.717 4.877E+09
  1801.231 4.887E+09
  1801.744 4.896E+09
  1802.257 4.902E+09
  1802.771 4.903E+09
  1803.284 4.898E+09
  1803.797 4.887E+09
  1804.311 4.875E+09
  1804.824 4.862E+09
  1805.338 4.850E+09
  1805.851 4.839E+09
  1806.364 4.827E+09
  1806.878 4.817E+09
  1807.391 4.811E+09
  1807.904 4.810E+09
  1808.418 4.814E+09
  1808.931 4.820E+09
  1809.444 4.825E+09
  1809.958 4.827E+09
  1810.471 4.825E+09
  1810.984 4.818E+09
  1811.498 4.808E+09
  1812.011 4.795E+09
  1812.525 4.785E+09
  1813.038 4.776E+09
  1813.551 4.768E+09
  1814.065 4.760E+09
  1814.578 4.751E+09
  1815.091 4.741E+09
  1815.605 4.735E+09
  1816.118 4.732E+09
  1816.631 4.733E+09
  1817.145 4.736E+09
  1817.658 4.737E+09
  1818.172 4.736E+09
  1818.685 4.732E+09
  1819.198 4.728E+09
  1819.712 4.724E+09
  1820.225 4.719E+09
  1820.738 4.715E+09
  1821.252 4.712E+09
  1821.765 4.710E+09
  1822.278 4.710E+09
  1822.792 4.710E+09
  1823.305 4.712E+09
  1823.818 4.711E+09
  1824.332 4.709E+09
  1824.845 4.704E+09
  1825.359 4.696E+09
  1825.872 4.686E+09
  1826.385 4.676E+09
  1826.899 4.666E+09
  1827.412 4.658E+09
  1827.925 4.651E+09
  1828.439 4.645E+09
  1828.952 4.640E+09
  1829.465 4.634E+09
  1829.979 4.629E+09
  1830.492 4.625E+09
  1831.006 4.624E+09
  1831.519 4.627E+09
  1832.032 4.633E+09
  1832.546 4.639E+09
  1833.059 4.644E+09
  1833.572 4.645E+09
  1834.086 4.642E+09
  1834.599 4.634E+09
  1835.112 4.622E+09
  1835.626 4.604E+09
  1836.139 4.584E+09
  1836.653 4.562E+09
  1837.166 4.544E+09
  1837.679 4.535E+09
  1838.193 4.534E+09
  1838.706 4.541E+09
  1839.219 4.551E+09
  1839.733 4.559E+09
  1840.246 4.565E+09
  1840.759 4.568E+09
  1841.273 4.569E+09
  1841.786 4.567E+09
  1842.300 4.564E+09
  1842.813 4.560E+09
  1843.326 4.556E+09
  1843.840 4.549E+09
  1844.353 4.540E+09
  1844.866 4.529E+09
  1845.380 4.519E+09
  1845.893 4.510E+09
  1846.406 4.505E+09
  1846.920 4.504E+09
  1847.433 4.502E+09
  1847.946 4.498E+09
  1848.460 4.488E+09
  1848.973 4.473E+09
  1849.487 4.458E+09
  1850.000 4.445E+09
  1850.513 4.437E+09
  1851.027 4.436E+09
  1851.540 4.437E+09
  1852.053 4.435E+09
  1852.567 4.427E+09
  1853.080 4.409E+09
  1853.593 4.382E+09
  1854.107 4.355E+09
  1854.620 4.336E+09
  1855.133 4.330E+09
  1855.647 4.338E+09
  1856.160 4.349E+09
  1856.674 4.356E+09
  1857.187 4.355E+09
  1857.700 4.349E+09
  1858.214 4.344E+09
  1858.727 4.344E+09
  1859.240 4.349E+09
  1859.754 4.353E+09
  1860.267 4.352E+09
  1860.780 4.342E+09
  1861.294 4.325E+09
  1861.807 4.305E+09
  1862.321 4.289E+09
  1862.834 4.286E+09
  1863.347 4.295E+09
  1863.861 4.310E+09
  1864.374 4.324E+09
  1864.887 4.330E+09
  1865.401 4.328E+09
  1865.914 4.321E+09
  1866.427 4.314E+09
  1866.941 4.309E+09
  1867.454 4.307E+09
  1867.968 4.308E+09
  1868.481 4.309E+09
  1868.994 4.312E+09
  1869.508 4.315E+09
  1870.021 4.317E+09
  1870.534 4.318E+09
  1871.048 4.315E+09
  1871.561 4.309E+09
  1872.074 4.299E+09
  1872.588 4.287E+09
  1873.101 4.275E+09
  1873.614 4.266E+09
  1874.128 4.261E+09
  1874.641 4.259E+09
  1875.155 4.260E+09
  1875.668 4.258E+09
  1876.181 4.251E+09
  1876.695 4.236E+09
  1877.208 4.210E+09
  1877.721 4.177E+09
